#labels: ptz__-2p75__-2p5_lower[1] ptz__-2p75__-2p5_center[2] ptz__-2p75__-2p5_upper[3] tot_scale01[4] tot_scale01_Err[5] tot_scale02[6] tot_scale02_Err[7] tot_scale03[8] tot_scale03_Err[9] tot_scale04[10] tot_scale04_Err[11] tot_scale05[12] tot_scale05_Err[13] tot_scale06[14] tot_scale06_Err[15] tot_scale07[16] tot_scale07_Err[17]
#neval: 28693349658
#overflow:lower center upper 7.93438816708E+02 1.42750459526E+01 8.06272968967E+02 1.94146431573E+01 7.71203120692E+02 1.10725979727E+01 7.87698362155E+02 1.53557407895E+01 7.95248620705E+02 1.34901460306E+01 7.93534675161E+02 2.07916680698E+01 7.69568676548E+02 1.04324553600E+01 
0.00000000000E+00 5.00000000000E-01 1.00000000000E+00 0.00000000000E+00 0.00000000000E+00 0.00000000000E+00 0.00000000000E+00 0.00000000000E+00 0.00000000000E+00 0.00000000000E+00 0.00000000000E+00 0.00000000000E+00 0.00000000000E+00 0.00000000000E+00 0.00000000000E+00 0.00000000000E+00 0.00000000000E+00 
1.00000000000E+00 1.50000000000E+00 2.00000000000E+00 4.53624711546E+03 6.22119249996E+03 3.44523532331E+03 7.81071800967E+03 6.10841384764E+03 5.21575823908E+03 5.40554433922E+03 6.15695737796E+03 2.23688483908E+03 6.53746640099E+03 4.33426087743E+03 7.98733621981E+03 4.36410167988E+03 5.60873248979E+03 
2.00000000000E+00 2.50000000000E+00 3.00000000000E+00 1.40128653069E+03 4.30811650548E+03 -1.47151917745E+03 5.43534120044E+03 3.62654296578E+03 3.61179835396E+03 7.78522410694E+02 3.76070898280E+03 2.84891089268E+03 5.42638603301E+03 -2.22065419487E+03 4.98203915296E+03 4.73261680189E+03 4.65317252550E+03 
3.00000000000E+00 3.50000000000E+00 4.00000000000E+00 3.21184538890E+03 6.10574188881E+03 1.50847700031E+03 8.21480168383E+03 4.34833651132E+03 4.71376965902E+03 3.17128192924E+03 5.49289531037E+03 3.83184310986E+03 6.85672562688E+03 1.42167729867E+03 7.44644860701E+03 4.82927650198E+03 5.32528926351E+03 
4.00000000000E+00 4.50000000000E+00 5.00000000000E+00 8.93378756420E+03 5.36197804260E+03 9.94433368167E+03 6.99160477022E+03 8.20823067895E+03 4.23974033064E+03 8.84435103120E+03 5.10578792296E+03 9.03794437785E+03 5.57326215696E+03 9.87378173270E+03 6.64483481744E+03 8.28802341879E+03 4.39837516513E+03 
5.00000000000E+00 5.50000000000E+00 6.00000000000E+00 -2.20471129735E+03 5.51497368173E+03 -4.09728335554E+03 7.19414738813E+03 -8.40710896849E+02 4.35897408845E+03 -1.90398056042E+03 5.26067315640E+03 -2.32964457739E+03 5.72397302536E+03 -3.66612866294E+03 6.85017178558E+03 -9.00008264082E+02 4.51616742731E+03 
6.00000000000E+00 6.50000000000E+00 7.00000000000E+00 2.73488356947E+03 5.07729482792E+02 2.45517047358E+03 7.06957855696E+02 2.93773788726E+03 3.78332697933E+02 2.84354393325E+03 4.77739758846E+02 2.70292284168E+03 5.32455272616E+02 2.61231379275E+03 6.64562264715E+02 2.94490525514E+03 3.96657402624E+02 
7.00000000000E+00 7.50000000000E+00 8.00000000000E+00 2.98258981824E+03 2.92994585531E+02 2.95446068009E+03 4.03284462638E+02 2.99349092445E+03 2.21282916987E+02 2.71448598653E+03 2.87199371867E+02 2.89168474497E+03 3.04751700305E+02 2.82393713982E+03 3.90193031476E+02 2.95433555043E+03 2.30298011166E+02 
8.00000000000E+00 8.50000000000E+00 9.00000000000E+00 2.46442146223E+03 3.39845808520E+02 2.32400252197E+03 4.70484714676E+02 2.54483596644E+03 2.54324247716E+02 2.46327037274E+03 3.52149410336E+02 2.43126697901E+03 3.40402167868E+02 2.41386451102E+03 4.87485236493E+02 2.51780671220E+03 2.54541549798E+02 
9.00000000000E+00 9.50000000000E+00 1.00000000000E+01 2.89917459413E+03 5.14366422869E+02 3.13008240727E+03 7.15492978016E+02 2.74134530831E+03 3.82669176665E+02 3.00958540812E+03 5.52638750186E+02 2.77630701834E+03 5.02485013881E+02 3.29203167361E+03 7.69892278529E+02 2.65746819304E+03 3.73991654103E+02 
1.00000000000E+01 1.05000000000E+01 1.10000000000E+01 1.58191733799E+03 2.02850344391E+03 1.77767939082E+03 2.52175588996E+03 1.56405649006E+03 1.67233206198E+03 1.63366912496E+03 1.82141047197E+03 1.47909776864E+03 2.22794292438E+03 1.71124620757E+03 2.25135050600E+03 1.48758854997E+03 1.82656700775E+03 
1.10000000000E+01 1.15000000000E+01 1.20000000000E+01 2.16303887110E+03 1.13116980886E+03 2.35381735194E+03 1.54882685091E+03 2.04387138121E+03 8.56096202944E+02 2.32827594543E+03 1.11410977084E+03 2.04589842485E+03 1.14783893676E+03 2.60835527177E+03 1.52994622681E+03 1.99402299333E+03 8.70893318370E+02 
1.20000000000E+01 1.25000000000E+01 1.30000000000E+01 -3.67584108178E+03 5.79008989247E+03 -5.85783185465E+03 8.06313440317E+03 -2.25706180810E+03 4.30401150400E+03 -3.43734925015E+03 5.53418860489E+03 -3.84471537780E+03 5.97692118678E+03 -5.53114220023E+03 7.70669143523E+03 -2.40541181819E+03 4.44285246225E+03 
1.30000000000E+01 1.35000000000E+01 1.40000000000E+01 -3.29023573085E+03 6.72725493988E+03 -5.10417020647E+03 9.37168337920E+03 -2.09607198798E+03 4.99895324951E+03 -3.01179881480E+03 6.45448457928E+03 -3.45038616484E+03 6.91975091151E+03 -4.73316653183E+03 8.99172962456E+03 -2.21495563363E+03 5.14202157169E+03 
1.40000000000E+01 1.45000000000E+01 1.50000000000E+01 1.39044327682E+04 1.79172237845E+04 1.87996967225E+04 2.49683036096E+04 1.06861192312E+04 1.33091168452E+04 1.31569222251E+04 1.71372352974E+04 1.45255695586E+04 1.84821589783E+04 1.77640395397E+04 2.38814400948E+04 1.11496803711E+04 1.37287849774E+04 
1.50000000000E+01 1.55000000000E+01 1.60000000000E+01 1.07328748644E+03 1.74879370751E+03 9.90912976072E+02 2.44058738656E+03 1.07950176367E+03 1.29758574096E+03 1.02425715314E+03 1.71616327413E+03 1.05178531058E+03 1.75550978064E+03 9.59009361576E+02 2.39503783658E+03 1.07016540171E+03 1.30254261517E+03 
1.60000000000E+01 1.65000000000E+01 1.70000000000E+01 8.17571667849E+02 2.05241335099E+02 7.08910279649E+02 2.85685064804E+02 8.84344058428E+02 1.53001399054E+02 7.94013054288E+02 2.18868340947E+02 8.59341998096E+02 1.97962567998E+02 6.67056615965E+02 3.05644308634E+02 9.17870792520E+02 1.47806757714E+02 
1.70000000000E+01 1.75000000000E+01 1.80000000000E+01 1.22871366682E+03 9.30173848627E+01 1.30607309372E+03 1.30065171907E+02 1.18940850339E+03 6.98808977801E+01 1.26198997736E+03 1.29407858429E+02 1.20183516252E+03 6.73538144048E+01 1.36639791766E+03 1.82081054127E+02 1.17735921875E+03 5.15981141252E+01 
1.80000000000E+01 1.85000000000E+01 1.90000000000E+01 9.16929136036E+02 6.10190289465E+01 8.99015089479E+02 8.08839596083E+01 9.31432334262E+02 4.67512937851E+01 9.94474535846E+02 5.72654837496E+01 9.19121238932E+02 6.31011342410E+01 9.73787733671E+02 7.58141155389E+01 9.37505264393E+02 4.90222159890E+01 
1.90000000000E+01 1.95000000000E+01 2.00000000000E+01 1.02386079645E+03 7.23248726696E+01 1.07237119797E+03 9.97267914473E+01 9.79643851394E+02 5.50366727161E+01 1.00210670277E+03 7.20592329050E+01 1.03732255007E+03 7.53693644467E+01 1.06697029063E+03 9.84354772702E+01 1.00337821571E+03 5.74258634331E+01 
2.00000000000E+01 2.05000000000E+01 2.10000000000E+01 2.61976482928E+02 5.85409456262E+02 1.12511527443E+02 7.03141066689E+02 3.40900872371E+02 4.94973108938E+02 3.26769824509E+02 5.16311937370E+02 2.35709091420E+02 6.52427903252E+02 2.52524316916E+02 6.11947132010E+02 3.42957516002E+02 5.46402497470E+02 
2.10000000000E+01 2.15000000000E+01 2.20000000000E+01 2.86923992288E+03 1.96917547016E+03 3.31407735924E+03 2.38427791343E+03 2.51579692332E+03 1.65454831482E+03 2.64499365078E+03 1.75031556494E+03 3.06711290622E+03 2.17857921955E+03 3.02068806728E+03 2.09552585196E+03 2.66969367380E+03 1.81550566225E+03 
2.20000000000E+01 2.25000000000E+01 2.30000000000E+01 7.54402947084E+02 4.15256302175E+01 7.91842221562E+02 5.50944640556E+01 7.33837360729E+02 3.26475272462E+01 7.38127738966E+02 4.72758996643E+01 7.62386258894E+02 4.26096672753E+01 7.67426120410E+02 6.39097336774E+01 7.41009925362E+02 3.33291545168E+01 
2.30000000000E+01 2.35000000000E+01 2.40000000000E+01 6.61646619050E+02 4.22563388986E+01 6.48488458025E+02 5.63508252322E+01 6.31264525674E+02 3.40590610989E+01 6.28992864970E+02 5.15181602990E+01 6.48397358152E+02 4.14761917573E+01 6.15793950784E+02 6.83134480499E+01 6.48298482577E+02 3.27827858683E+01 
2.40000000000E+01 2.45000000000E+01 2.50000000000E+01 6.43130923732E+02 5.38116036837E+01 6.61423815577E+02 7.41260885845E+01 6.29090825948E+02 4.13882236066E+01 6.70189358025E+02 7.50441321892E+01 6.72130236404E+02 4.06638331402E+01 6.89118392450E+02 1.02485999229E+02 6.40005715453E+02 3.22689945359E+01 
2.50000000000E+01 2.55000000000E+01 2.60000000000E+01 -5.42440456206E+02 1.15254800397E+03 -1.00116743928E+03 1.60824886295E+03 -2.63350843585E+02 8.55233648079E+02 -5.40153393388E+02 1.12977174790E+03 -5.70587101405E+02 1.16032520464E+03 -9.81921198860E+02 1.57646493808E+03 -2.85322341928E+02 8.61012619031E+02 
2.60000000000E+01 2.65000000000E+01 2.70000000000E+01 1.24193060255E+03 5.01536643424E+02 1.49353699918E+03 6.99774475377E+02 1.05061468132E+03 3.72288005423E+02 1.24581858815E+03 4.94710541715E+02 1.23717691828E+03 5.03669453121E+02 1.53768485422E+03 6.90243400428E+02 1.06718667436E+03 3.73836421198E+02 
2.70000000000E+01 2.75000000000E+01 2.80000000000E+01 1.20416839004E+03 7.21000318060E+02 1.46369908311E+03 1.00564238836E+03 1.02470487203E+03 5.35295155293E+02 1.19483674822E+03 7.08982587585E+02 1.20027320938E+03 7.24954619523E+02 1.45670638073E+03 9.88876008254E+02 1.02257047219E+03 5.38223568509E+02 
2.80000000000E+01 2.85000000000E+01 2.90000000000E+01 4.62592002720E+02 6.65814671559E+01 4.51462969753E+02 8.72367131138E+01 4.58447666230E+02 5.26694521513E+01 4.57587206319E+02 6.54816735471E+01 4.63053457688E+02 6.82587357394E+01 4.44512912555E+02 8.44923033148E+01 4.67258591011E+02 5.40692427052E+01 
2.90000000000E+01 2.95000000000E+01 3.00000000000E+01 4.05828732482E+02 9.03643392818E+01 3.99801930674E+02 1.24532976874E+02 4.21544742682E+02 6.79354825176E+01 4.14861725742E+02 8.84896045384E+01 4.23148536371E+02 9.17846332703E+01 3.87320533266E+02 1.22327597563E+02 4.38034107449E+02 6.89289028670E+01 
3.00000000000E+01 3.05000000000E+01 3.10000000000E+01 5.41655529731E+02 5.72745440421E+01 5.61422940408E+02 7.93648598043E+01 5.12215178715E+02 4.35343632296E+01 5.76766399045E+02 8.58239798003E+01 5.17306583972E+02 3.47988887128E+01 6.24200765181E+02 1.19362374806E+02 4.99076764665E+02 2.66612513649E+01 
3.10000000000E+01 3.15000000000E+01 3.20000000000E+01 3.78729402522E+02 5.53799068553E+01 3.84008456277E+02 7.68796542990E+01 3.81841718303E+02 4.18197858358E+01 3.45681317680E+02 8.51070326425E+01 4.16779154585E+02 2.89259397242E+01 3.29751904976E+02 1.18602594627E+02 4.09487359601E+02 2.27777158814E+01 
3.20000000000E+01 3.25000000000E+01 3.30000000000E+01 4.11142337188E+02 4.24431944966E+01 4.28609385458E+02 5.75319491361E+01 3.96542758424E+02 3.21229986469E+01 4.23905290410E+02 4.33312355679E+01 4.23437239857E+02 4.29966897391E+01 4.42315293723E+02 5.91593122116E+01 4.13550335850E+02 3.28677582793E+01 
3.30000000000E+01 3.35000000000E+01 3.40000000000E+01 4.48802545950E+02 2.89013138735E+01 4.85963490308E+02 3.77399497892E+01 4.27252632697E+02 2.36576060220E+01 4.75855755153E+02 3.76078964679E+01 4.61060572324E+02 2.26939446249E+01 5.13714946735E+02 4.95516941136E+01 4.35166683224E+02 1.85240252976E+01 
3.40000000000E+01 3.45000000000E+01 3.50000000000E+01 4.16026267452E+02 3.40737065740E+01 4.25754321311E+02 4.33792019762E+01 3.94109129083E+02 2.73263924657E+01 4.17793471097E+02 3.20413489837E+01 4.15279966481E+02 3.52174380631E+01 4.48311493772E+02 4.17906712155E+01 3.96451295585E+02 2.85007610061E+01 
3.50000000000E+01 3.55000000000E+01 3.60000000000E+01 3.19207621104E+02 3.31966977047E+01 3.07572234881E+02 4.26027812870E+01 3.05267595569E+02 2.67777715884E+01 2.99947222253E+02 3.24054948371E+01 3.03706045217E+02 3.51069110046E+01 3.03411963958E+02 4.12020705947E+01 3.08138094341E+02 2.81327610594E+01 
3.60000000000E+01 3.65000000000E+01 3.70000000000E+01 4.33685212908E+02 1.80382485280E+02 4.72436658569E+02 2.49702637797E+02 3.93664568373E+02 1.34736282825E+02 4.37497299125E+02 1.91637136437E+02 4.18572427167E+02 1.69974864108E+02 5.01189568349E+02 2.65349710591E+02 3.83900996136E+02 1.26937882820E+02 
3.70000000000E+01 3.75000000000E+01 3.80000000000E+01 2.21397691598E+02 1.50508724849E+02 2.00764279092E+02 2.08136897691E+02 2.31179639596E+02 1.12556145662E+02 1.88681458669E+02 1.59454144020E+02 2.33302069649E+02 1.42446393252E+02 1.82585803318E+02 2.20549009033E+02 2.50240621846E+02 1.06620417335E+02 
3.80000000000E+01 3.85000000000E+01 3.90000000000E+01 3.51592136717E+02 4.79150045073E+01 3.72125850385E+02 6.35762979499E+01 3.32290722975E+02 3.74070946076E+01 3.34998997420E+02 4.76116527741E+01 3.65585725479E+02 4.82186990506E+01 3.54104270436E+02 6.35815525529E+01 3.39075278225E+02 3.76235414511E+01 
3.90000000000E+01 3.95000000000E+01 4.00000000000E+01 1.37831000582E+02 9.54267516256E+01 8.31087511614E+01 1.32597300259E+02 1.62479709545E+02 7.12091412378E+01 1.33991798937E+02 9.32635375234E+01 1.32177898541E+02 9.69441961783E+01 8.66306362227E+01 1.29606780446E+02 1.66831120300E+02 7.24393021053E+01 
4.00000000000E+01 4.05000000000E+01 4.10000000000E+01 -5.19429790501E+02 8.38897231174E+02 -8.16331405779E+02 1.17026316509E+03 -3.18604122995E+02 6.22639035043E+02 -5.56228768757E+02 8.74510994107E+02 -4.64577517709E+02 7.96055061770E+02 -8.73308885695E+02 1.21994469554E+03 -2.87424802507E+02 5.90835566286E+02 
4.10000000000E+01 4.15000000000E+01 4.20000000000E+01 -5.63263387621E+02 1.54767505864E+03 -8.80360110102E+02 2.15746466026E+03 -3.60180158715E+02 1.14932725319E+03 -5.07620044231E+02 1.52914530349E+03 -6.18315870101E+02 1.55245196155E+03 -8.06345351236E+02 2.13165857552E+03 -3.93982814225E+02 1.15288697277E+03 
4.20000000000E+01 4.25000000000E+01 4.30000000000E+01 1.70319082507E+03 1.44417804672E+03 2.28407690835E+03 2.01291443895E+03 1.31815966013E+03 1.07259019751E+03 1.66568948347E+03 1.41326387168E+03 1.70974545333E+03 1.46138554751E+03 2.23530347947E+03 1.96982805961E+03 1.32256117672E+03 1.08537403100E+03 
4.30000000000E+01 4.35000000000E+01 4.40000000000E+01 2.30465996280E+02 3.83007698152E+01 2.29090696889E+02 4.80149561175E+01 2.29574400565E+02 3.14446390357E+01 2.44504802214E+02 3.61868171532E+01 2.45641014203E+02 4.00326767374E+01 2.48870556756E+02 4.54440220603E+01 2.40514959385E+02 3.27872722191E+01 
4.40000000000E+01 4.45000000000E+01 4.50000000000E+01 2.01467074901E+02 3.29376745196E+01 2.32467052042E+02 4.38392236497E+01 2.17621903921E+02 2.67841172943E+01 2.09396708900E+02 3.26398428945E+01 2.33197143127E+02 3.42874842163E+01 2.02645236447E+02 4.18028697902E+01 2.26973687468E+02 2.73667611519E+01 
4.50000000000E+01 4.55000000000E+01 4.60000000000E+01 1.93270743087E+02 1.58607802956E+01 1.87040732340E+02 2.07049265213E+01 1.95419960745E+02 1.21797312548E+01 1.88528106283E+02 1.86378646162E+01 2.02398992624E+02 1.41042492634E+01 1.87265716246E+02 2.54749568003E+01 1.99320780192E+02 1.11918578964E+01 
4.60000000000E+01 4.65000000000E+01 4.70000000000E+01 -4.19647055076E+01 1.88657615417E+02 -2.24269213455E+01 1.65298041954E+02 -1.18373182106E+01 1.61830213850E+02 6.28581294073E+01 9.14865367464E+01 -2.25204658770E+02 3.50525821785E+02 9.12082325404E+01 7.59589497757E+01 -1.66633208422E+02 3.04327230242E+02 
4.70000000000E+01 4.75000000000E+01 4.80000000000E+01 2.58634905447E+02 3.93891850991E+01 2.83212245157E+02 5.14044593007E+01 2.34206471770E+02 3.13149965263E+01 2.60655364786E+02 4.40453410005E+01 2.48529316705E+02 3.65284666098E+01 2.89526149035E+02 5.86472169163E+01 2.29955175886E+02 2.94247852416E+01 
4.80000000000E+01 4.85000000000E+01 4.90000000000E+01 9.80650649892E+01 7.08381779214E+01 7.28824294719E+01 9.86427781197E+01 1.13821174930E+02 5.27115042647E+01 9.00965655589E+01 6.90673453072E+01 1.06596602407E+02 7.28310893446E+01 5.80990727113E+01 9.63092293803E+01 1.20775300874E+02 5.42055261880E+01 
4.90000000000E+01 4.95000000000E+01 5.00000000000E+01 2.24387395332E+02 4.84781794458E+01 2.45989056278E+02 6.68780931711E+01 2.11576292945E+02 3.65863809352E+01 2.26007609676E+02 4.60969280993E+01 2.20181538311E+02 5.07505200153E+01 2.43956694965E+02 6.33352384730E+01 2.04770066116E+02 3.80612236640E+01 
5.00000000000E+01 5.05000000000E+01 5.10000000000E+01 1.71988094786E+02 1.29546444218E+01 1.80383948533E+02 1.71244426008E+01 1.66029835161E+02 1.05551150036E+01 1.68056660746E+02 1.31969375930E+01 1.76880477555E+02 1.36720793633E+01 1.75084953371E+02 1.72362523943E+01 1.68840985840E+02 1.10287920641E+01 
5.10000000000E+01 5.15000000000E+01 5.20000000000E+01 1.48212671057E+02 1.13074413721E+01 1.51077957357E+02 1.53212724647E+01 1.46127307185E+02 9.13950334974E+00 1.47572947283E+02 1.14639936940E+01 1.51656633328E+02 1.20492788215E+01 1.43594845769E+02 1.56412941894E+01 1.47645829003E+02 9.52904214550E+00 
5.20000000000E+01 5.25000000000E+01 5.30000000000E+01 1.52037279490E+02 1.01299257774E+01 1.57901644356E+02 1.29068087320E+01 1.50241876580E+02 8.00140065643E+00 1.52084268271E+02 9.89555810745E+00 1.56421933343E+02 1.13356826383E+01 1.60518197608E+02 1.25849596481E+01 1.52726553182E+02 8.93616575951E+00 
5.30000000000E+01 5.35000000000E+01 5.40000000000E+01 1.55143317883E+02 1.01737233923E+01 1.62258945210E+02 1.31456909780E+01 1.42002163348E+02 7.92580286735E+00 1.64594740128E+02 1.21681105700E+01 1.53783176607E+02 9.13068350160E+00 1.80643279257E+02 1.59534674316E+01 1.46308923162E+02 7.29173990204E+00 
5.40000000000E+01 5.45000000000E+01 5.50000000000E+01 1.25882015478E+02 1.16771459259E+01 1.21421903722E+02 1.57545625341E+01 1.28235335392E+02 9.25336271321E+00 1.20169943679E+02 1.36744984905E+01 1.36223965705E+02 1.09187771136E+01 1.14797026485E+02 1.85538602783E+01 1.32799399014E+02 8.64700551268E+00 
5.50000000000E+01 5.55000000000E+01 5.60000000000E+01 1.13027075846E+02 8.28844926394E+00 1.13764694947E+02 1.15726700471E+01 1.16234367997E+02 6.62997292680E+00 1.03275753122E+02 8.29344601436E+00 1.12245130953E+02 8.98099952709E+00 1.01367088020E+02 1.12168920668E+01 1.14887739854E+02 7.24825043948E+00 
5.60000000000E+01 5.65000000000E+01 5.70000000000E+01 1.65195970963E+02 1.95038397434E+01 1.81396750906E+02 2.65082746839E+01 1.51749558604E+02 1.48720016592E+01 1.72583470493E+02 2.63900229924E+01 1.57096761353E+02 1.54372298495E+01 1.90694927064E+02 3.63171422830E+01 1.48751944301E+02 1.19742860072E+01 
5.70000000000E+01 5.75000000000E+01 5.80000000000E+01 1.03738746337E+02 1.70939404331E+01 1.00424365410E+02 2.36380240714E+01 1.09843891635E+02 1.33273962540E+01 1.08834316616E+02 1.88827327547E+01 1.04843691919E+02 1.69141785302E+01 1.05269232983E+02 2.55272884036E+01 1.05000995192E+02 1.29530809210E+01 
5.80000000000E+01 5.85000000000E+01 5.90000000000E+01 1.34338053159E+02 1.98609676300E+01 1.46184848864E+02 2.66072621730E+01 1.23965791733E+02 1.53108241275E+01 1.35133928162E+02 2.14962295520E+01 1.27703555101E+02 1.93753268695E+01 1.48432114550E+02 2.91505387183E+01 1.20252002874E+02 1.47100890896E+01 
5.90000000000E+01 5.95000000000E+01 6.00000000000E+01 1.14363780401E+02 9.45985659047E+00 1.11857480203E+02 1.17701375397E+01 1.07596856140E+02 7.28581522372E+00 1.11217343115E+02 9.83256128096E+00 1.13403709745E+02 9.54415924237E+00 1.18271293303E+02 1.28665441690E+01 1.04728284498E+02 7.26446098620E+00 
6.00000000000E+01 6.05000000000E+01 6.10000000000E+01 1.08365482380E+02 9.41397399242E+00 1.10996892139E+02 1.28075763858E+01 1.04637404814E+02 7.52667885272E+00 1.11465898470E+02 1.03909420584E+01 1.05345946165E+02 9.99759493081E+00 1.08757383065E+02 1.37808152070E+01 1.05079021180E+02 7.87858142868E+00 
6.10000000000E+01 6.15000000000E+01 6.20000000000E+01 1.02337969082E+02 6.49971078483E+00 1.02740019657E+02 9.68901968048E+00 9.56995820648E+01 5.47563681126E+00 9.73383006405E+01 7.44306795849E+00 9.52117630597E+01 7.31701479274E+00 9.95895536840E+01 9.79805473269E+00 9.42593902930E+01 5.72194125399E+00 
6.20000000000E+01 6.25000000000E+01 6.30000000000E+01 8.96572491611E+01 1.05193087301E+01 8.43682928135E+01 1.46178721657E+01 8.73875135783E+01 8.06461732392E+00 8.56527564430E+01 1.17997389649E+01 8.65852411894E+01 1.00462209287E+01 9.18629766570E+01 1.64929255654E+01 8.75631166811E+01 7.90759564742E+00 
6.30000000000E+01 6.35000000000E+01 6.40000000000E+01 9.17904804829E+01 7.19744746956E+00 9.19149618532E+01 1.00883534911E+01 8.86863724434E+01 5.68093353970E+00 9.93775448332E+01 7.46620650767E+00 9.39829446295E+01 7.43975584108E+00 9.78247526637E+01 1.00172386251E+01 9.12551095255E+01 5.77913868988E+00 
6.40000000000E+01 6.45000000000E+01 6.50000000000E+01 7.60413955610E+01 1.27751420368E+01 7.99107751676E+01 1.68183797925E+01 7.30153387845E+01 1.00567991785E+01 7.28150394617E+01 1.33608517798E+01 8.04951479984E+01 1.20712578762E+01 7.90037157749E+01 1.76330006860E+01 7.64113061624E+01 9.61568790900E+00 
6.50000000000E+01 6.55000000000E+01 6.60000000000E+01 1.01463244501E+02 1.24485511075E+01 1.01993045799E+02 1.59884337345E+01 9.81452581628E+01 9.96193376237E+00 9.85753582185E+01 1.30348531792E+01 9.84867982688E+01 1.24634202753E+01 9.55569001644E+01 1.68227496883E+01 9.27975396931E+01 9.83392891066E+00 
6.60000000000E+01 6.65000000000E+01 6.70000000000E+01 8.37394922280E+01 6.06081628022E+00 8.92885296421E+01 8.21568648362E+00 7.99263232071E+01 4.57525088235E+00 7.98451728706E+01 6.08237105914E+00 9.01555652898E+01 6.27623728105E+00 7.89667395420E+01 7.63920162489E+00 8.10262380125E+01 4.72230318699E+00 
6.70000000000E+01 6.75000000000E+01 6.80000000000E+01 8.22883944528E+01 8.34634574871E+00 8.30627320475E+01 1.02925433527E+01 7.87914869745E+01 6.73617401999E+00 8.31722005605E+01 9.10872478399E+00 8.29114462556E+01 8.14042386443E+00 7.95362762418E+01 1.10104465667E+01 8.03539332899E+01 6.73059271899E+00 
6.80000000000E+01 6.85000000000E+01 6.90000000000E+01 7.65882660391E+01 9.25110249514E+00 8.50098509904E+01 1.28714880452E+01 7.13608737841E+01 7.14509302236E+00 7.42780605341E+01 9.53826347296E+00 7.47892935152E+01 9.27066045383E+00 7.84764879293E+01 1.28105020794E+01 7.30081957132E+01 7.19251575505E+00 
6.90000000000E+01 6.95000000000E+01 7.00000000000E+01 8.81432377963E+01 1.35435566351E+01 9.24451285365E+01 1.79102581433E+01 8.32701463386E+01 1.06104299354E+01 8.59990377393E+01 1.54388968167E+01 9.15055590853E+01 1.24178884916E+01 8.86804787851E+01 2.04410633132E+01 8.56436802461E+01 9.71143707846E+00 
7.00000000000E+01 7.05000000000E+01 7.10000000000E+01 2.15466068246E+01 5.51725486815E+01 1.16029548845E+01 6.85473791907E+01 2.67045235123E+01 4.54415029521E+01 1.76835488090E+01 5.36918469791E+01 2.27659621487E+01 5.68763933342E+01 5.41942619195E+00 6.65177302942E+01 2.72242155507E+01 4.66596189309E+01 
7.10000000000E+01 7.15000000000E+01 7.20000000000E+01 6.51037610747E+01 6.53588387214E+00 7.08018824108E+01 8.35205617083E+00 6.37952109701E+01 5.10554850304E+00 6.85658377088E+01 9.33274160887E+00 5.97738140692E+01 6.07154371703E+00 6.73949888220E+01 1.28477896903E+01 6.05637501166E+01 4.73102092751E+00 
7.20000000000E+01 7.25000000000E+01 7.30000000000E+01 1.67044861653E+02 1.00718726672E+02 1.92757146519E+02 1.24871363847E+02 1.47497276848E+02 8.30839033463E+01 1.66790666215E+02 9.72518231870E+01 1.73510501241E+02 1.03853151678E+02 1.93639780642E+02 1.20009751464E+02 1.51254058816E+02 8.53418464816E+01 
7.30000000000E+01 7.35000000000E+01 7.40000000000E+01 6.59885200836E+01 4.32497560620E+00 6.42663495449E+01 5.75437710315E+00 6.06965420252E+01 3.46267967152E+00 6.59523820208E+01 4.61214693966E+00 5.88952254828E+01 4.23062959816E+00 7.16002390533E+01 6.50696089361E+00 5.81726836083E+01 3.31438030965E+00 
7.40000000000E+01 7.45000000000E+01 7.50000000000E+01 7.08207211843E+01 8.89521406305E+00 8.28188103884E+01 1.22008569180E+01 7.18156023323E+01 7.12259212880E+00 7.01832042968E+01 9.57141121841E+00 7.65397892229E+01 8.35669074560E+00 7.47818523010E+01 1.27178206759E+01 7.45265803173E+01 6.76493850444E+00 
7.50000000000E+01 7.55000000000E+01 7.60000000000E+01 5.25878420107E+01 8.48996977057E+00 5.12326558616E+01 1.14174773731E+01 5.11573995395E+01 6.69591413552E+00 5.44671615819E+01 9.13731030461E+00 5.08147301732E+01 8.34675765221E+00 5.30312877819E+01 1.22630146218E+01 5.14679983221E+01 6.55464954209E+00 
7.60000000000E+01 7.65000000000E+01 7.70000000000E+01 4.11904991650E+00 4.51447433292E+01 -8.10454888894E+00 5.62145984807E+01 1.10349223814E+01 3.71243092346E+01 -2.18959943742E+00 4.36555581027E+01 -1.15372617753E+00 4.64851329968E+01 -1.03952379871E+01 5.41742639036E+01 7.94671955227E+00 3.80920267532E+01 
7.70000000000E+01 7.75000000000E+01 7.80000000000E+01 5.35263495298E+01 4.55970370819E+00 5.71743902551E+01 5.92325147278E+00 5.19995475530E+01 3.53636531528E+00 5.70919961736E+01 5.42265827671E+00 5.38434063098E+01 4.15628173291E+00 6.02829181808E+01 7.30929451415E+00 5.23283514473E+01 3.26072379710E+00 
7.80000000000E+01 7.85000000000E+01 7.90000000000E+01 6.48935691724E+01 1.05361351251E+01 6.76066161712E+01 1.45581656283E+01 6.24054047063E+01 7.98474126361E+00 6.09932431318E+01 1.09803447331E+01 6.74279427912E+01 1.02126639229E+01 6.30486182366E+01 1.51576398515E+01 6.38518668834E+01 7.72828817508E+00 
7.90000000000E+01 7.95000000000E+01 8.00000000000E+01 5.32201485513E+01 6.50100917089E+00 5.47194214556E+01 8.95127873454E+00 4.73406697618E+01 4.91756210093E+00 5.59163364418E+01 8.17035566509E+00 4.66335600032E+01 5.57171908557E+00 5.84726212766E+01 1.12005412530E+01 4.69391146698E+01 4.38114549343E+00 
8.00000000000E+01 8.05000000000E+01 8.10000000000E+01 4.07144024556E+01 7.61407777100E+00 4.01455296148E+01 1.00831879495E+01 4.49873290642E+01 6.08775104769E+00 3.83343911529E+01 9.56184686423E+00 4.39558546037E+01 6.41596467886E+00 3.87903620017E+01 1.28753590422E+01 4.55274798358E+01 5.15704936740E+00 
8.10000000000E+01 8.15000000000E+01 8.20000000000E+01 4.15427897438E+01 4.28302111424E+00 4.02102369067E+01 5.48364005014E+00 4.07447417083E+01 3.48429573694E+00 4.22111254393E+01 4.37764628867E+00 4.08503557768E+01 4.06335352693E+00 4.14058154902E+01 5.33996109982E+00 4.09117171884E+01 3.43504459713E+00 
8.20000000000E+01 8.25000000000E+01 8.30000000000E+01 4.47563362913E+01 3.57962219403E+00 4.56760517119E+01 5.14988961009E+00 4.26857930547E+01 2.85759564188E+00 4.29500376811E+01 4.67125847553E+00 4.80333960324E+01 3.13215904957E+00 4.84013735769E+01 6.54970114638E+00 4.63104232431E+01 2.55004262082E+00 
8.30000000000E+01 8.35000000000E+01 8.40000000000E+01 4.68058254573E+01 6.40174908578E+00 5.22975049766E+01 7.23830196305E+00 4.52270947695E+01 5.83044749680E+00 4.94758592067E+01 6.76921187348E+00 4.88709691682E+01 6.52333397110E+00 5.49457157683E+01 7.46281696395E+00 4.68689873472E+01 6.04073767397E+00 
8.40000000000E+01 8.45000000000E+01 8.50000000000E+01 4.64502375722E+01 3.14444588025E+00 4.99023295121E+01 4.41838882277E+00 4.54070730768E+01 2.59852334249E+00 4.91039473101E+01 3.45373879226E+00 4.77395741445E+01 3.63709444330E+00 5.18051630188E+01 4.85226033925E+00 4.38043605871E+01 2.81922487576E+00 
8.50000000000E+01 8.55000000000E+01 8.60000000000E+01 3.63378947286E+01 3.37515114751E+00 3.69425433517E+01 4.45725698485E+00 3.79173632423E+01 2.76887443214E+00 3.49745552648E+01 3.75062597207E+00 3.88301860548E+01 3.73543472174E+00 3.57950318342E+01 4.95611082986E+00 3.85131530812E+01 2.92320577410E+00 
8.60000000000E+01 8.65000000000E+01 8.70000000000E+01 3.75305571787E+01 4.13806795183E+00 3.60118780417E+01 4.79974247101E+00 3.60046293330E+01 3.33864621552E+00 3.62230005271E+01 4.24582667674E+00 4.07581705780E+01 4.27408026817E+00 3.39205342719E+01 5.03478935474E+00 3.59836143846E+01 3.44633705729E+00 
8.70000000000E+01 8.75000000000E+01 8.80000000000E+01 4.64268336757E+01 6.35348680532E+00 4.70851469811E+01 7.60347184329E+00 4.21681084260E+01 5.29537857398E+00 4.66503425461E+01 6.58452183069E+00 4.40049206450E+01 6.16299564814E+00 4.62788846331E+01 7.78580996126E+00 4.21008508387E+01 5.12598593352E+00 
8.80000000000E+01 8.85000000000E+01 8.90000000000E+01 4.44907082257E+01 5.07348270018E+00 4.33929296921E+01 6.09030195190E+00 4.14436968259E+01 3.87996177029E+00 4.29701935526E+01 5.18126758796E+00 4.15529549667E+01 4.47583423308E+00 4.27187719432E+01 6.48500635933E+00 4.17964185631E+01 3.78128496388E+00 
8.90000000000E+01 8.95000000000E+01 9.00000000000E+01 3.20737084937E+01 2.75416910112E+00 3.23989162062E+01 3.83677477506E+00 3.19291518007E+01 2.29329991812E+00 3.41947933202E+01 2.87238185170E+00 3.41155797159E+01 2.56811689799E+00 3.44690501687E+01 3.84466446297E+00 3.40372589430E+01 2.16965648149E+00 
9.00000000000E+01 9.05000000000E+01 9.10000000000E+01 3.43501649003E+01 3.94077895982E+00 4.14820232317E+01 5.11147199687E+00 3.26496853786E+01 3.11962484411E+00 3.78419874058E+01 4.01909756331E+00 3.77374463746E+01 4.13299204959E+00 3.70840713740E+01 5.16928816262E+00 3.60796863676E+01 3.34545209055E+00 
9.10000000000E+01 9.15000000000E+01 9.20000000000E+01 2.81237057618E+01 4.68691151604E+00 3.10003789353E+01 6.00330020902E+00 2.82240435905E+01 3.69278940995E+00 2.97836081549E+01 5.35284908933E+00 2.70148764918E+01 4.59346484622E+00 3.07469272341E+01 6.95465955969E+00 2.61574230989E+01 3.54781576538E+00 
9.20000000000E+01 9.25000000000E+01 9.30000000000E+01 3.31204902116E+01 3.34225727884E+00 3.40270606561E+01 4.23372558344E+00 3.16688918211E+01 2.66793470263E+00 3.30752273184E+01 3.52589314132E+00 3.05034962553E+01 3.41429981202E+00 3.35910576352E+01 4.52752673946E+00 2.97740421421E+01 2.86717383851E+00 
9.30000000000E+01 9.35000000000E+01 9.40000000000E+01 2.95151072426E+01 2.93210431355E+00 3.07043694259E+01 3.67031925941E+00 2.74400081026E+01 2.35904793520E+00 2.45497702279E+01 2.75380057210E+00 3.47481642956E+01 3.31648989839E+00 3.12070202881E+01 3.97958396996E+00 3.33830394035E+01 2.73705316857E+00 
9.40000000000E+01 9.45000000000E+01 9.50000000000E+01 2.46778280919E+01 2.68610351967E+00 2.57595324267E+01 3.55462170423E+00 2.56527644592E+01 2.11696712243E+00 2.71497603124E+01 2.75662032883E+00 3.02847192865E+01 2.49779564522E+00 2.76407411047E+01 3.59092853085E+00 2.81633992972E+01 2.02800229657E+00 
9.50000000000E+01 9.55000000000E+01 9.60000000000E+01 3.17711863773E+01 3.47545704555E+00 3.63775257051E+01 4.46361334798E+00 2.77665371346E+01 2.75786534806E+00 3.06608300166E+01 3.46185774595E+00 2.96248835506E+01 3.55511994988E+00 3.52542560915E+01 4.53287015111E+00 2.77110145437E+01 2.78868613318E+00 
9.60000000000E+01 9.65000000000E+01 9.70000000000E+01 1.59372785181E+01 1.14517463905E+01 6.46137167455E+00 1.49115306160E+01 1.78858562530E+01 9.09548684761E+00 1.08045902963E+01 1.37062756570E+01 1.50982708293E+01 9.85543740003E+00 8.75578003920E+00 1.76417780908E+01 1.72479878659E+01 7.86156442798E+00 
9.70000000000E+01 9.75000000000E+01 9.80000000000E+01 3.39449295398E+01 5.71104537336E+00 3.73910802856E+01 7.25693268199E+00 3.36436023545E+01 4.69856174152E+00 3.26343939611E+01 5.88040738584E+00 3.51251873379E+01 5.63433216153E+00 3.67312096080E+01 7.54083020426E+00 3.04213677818E+01 4.54183736515E+00 
9.80000000000E+01 9.85000000000E+01 9.90000000000E+01 2.09467926634E+01 1.76916557523E+00 2.09383177525E+01 2.41045062327E+00 2.36326720898E+01 1.68145779641E+00 2.01861196833E+01 1.85699817212E+00 2.45460963020E+01 2.23222051657E+00 1.98633353688E+01 2.29114876977E+00 2.34349032020E+01 1.72932451919E+00 
9.90000000000E+01 9.95000000000E+01 1.00000000000E+02 4.19650248659E+01 1.96730756997E+01 4.74195721449E+01 2.55905663847E+01 3.91475663825E+01 1.56437013450E+01 4.79755552168E+01 2.35108668840E+01 4.04618814707E+01 1.68955332942E+01 5.35323010755E+01 3.04048311900E+01 3.64556618197E+01 1.33917287772E+01 
#nx: 3
