#labels: ptz__-0p5__-0p25_lower[1] ptz__-0p5__-0p25_center[2] ptz__-0p5__-0p25_upper[3] tot_scale01[4] tot_scale01_Err[5] tot_scale02[6] tot_scale02_Err[7] tot_scale03[8] tot_scale03_Err[9] tot_scale04[10] tot_scale04_Err[11] tot_scale05[12] tot_scale05_Err[13] tot_scale06[14] tot_scale06_Err[15] tot_scale07[16] tot_scale07_Err[17]
#neval: 28693349658
#overflow:lower center upper 1.52495171158E+03 6.84767456633E+01 1.53571033926E+03 9.55969650954E+01 1.49265059029E+03 5.08556383661E+01 1.52995626069E+03 6.87161706540E+01 1.53197866848E+03 6.81060802242E+01 1.54247319379E+03 9.59307363606E+01 1.50115845487E+03 5.06064145172E+01 
0.00000000000E+00 5.00000000000E-01 1.00000000000E+00 0.00000000000E+00 0.00000000000E+00 0.00000000000E+00 0.00000000000E+00 0.00000000000E+00 0.00000000000E+00 0.00000000000E+00 0.00000000000E+00 0.00000000000E+00 0.00000000000E+00 0.00000000000E+00 0.00000000000E+00 0.00000000000E+00 0.00000000000E+00 
1.00000000000E+00 1.50000000000E+00 2.00000000000E+00 -1.03899820114E+04 1.74831152804E+04 -1.68138765841E+04 2.41042737662E+04 -4.84825441160E+03 1.31792391811E+04 -1.00930003684E+04 1.59686038250E+04 -9.90623573544E+03 1.90399251173E+04 -1.70454622639E+04 2.21137124960E+04 -4.52939125884E+03 1.44426501252E+04 
2.00000000000E+00 2.50000000000E+00 3.00000000000E+00 -1.24679414441E+04 1.83886645917E+04 -2.06127553174E+04 2.56894630540E+04 -6.71116997781E+03 1.36326031479E+04 -9.56470755017E+03 1.67185702161E+04 -1.47877460858E+04 1.97533939795E+04 -1.66625429291E+04 2.33557010320E+04 -8.29859346612E+03 1.46441697647E+04 
3.00000000000E+00 3.50000000000E+00 4.00000000000E+00 1.67652479792E+04 1.20622735690E+04 1.94838609263E+04 1.66164090383E+04 1.53160104247E+04 9.18597632373E+03 1.47897199275E+04 1.07467137984E+04 1.90149251300E+04 1.33705304286E+04 1.67395640162E+04 1.48222663941E+04 1.70126064987E+04 1.01937486572E+04 
4.00000000000E+00 4.50000000000E+00 5.00000000000E+00 3.32606217980E+04 2.16797398667E+04 4.23019427251E+04 3.00372176744E+04 2.72613541596E+04 1.62334350335E+04 3.18959886491E+04 2.06794022118E+04 3.42675881085E+04 2.24502674231E+04 4.08114020001E+04 2.86879638656E+04 2.82776891793E+04 1.68544358821E+04 
5.00000000000E+00 5.50000000000E+00 6.00000000000E+00 3.89064480113E+03 6.70833829871E+02 3.06750449860E+03 9.32094469396E+02 4.31534193179E+03 5.00291692305E+02 3.92665499634E+03 6.24974854630E+02 3.63809822402E+03 7.14472478066E+02 3.24989928197E+03 8.68231499610E+02 4.27720687761E+03 5.32765247380E+02 
6.00000000000E+00 6.50000000000E+00 7.00000000000E+00 -3.90624907174E+04 4.34748572905E+04 -5.63105231335E+04 6.04504534810E+04 -2.78283614872E+04 3.23507571710E+04 -3.74274307273E+04 4.18705795690E+04 -4.03305068690E+04 4.45786848912E+04 -5.38313501710E+04 5.82197224867E+04 -2.87618917170E+04 3.31721293564E+04 
7.00000000000E+00 7.50000000000E+00 8.00000000000E+00 4.31071792220E+03 9.71112551556E+02 4.18149512671E+03 1.33614702716E+03 4.30725699760E+03 7.32212943767E+02 4.19835068362E+03 8.97920743571E+02 4.31502144747E+03 1.03322664387E+03 4.18017868578E+03 1.23747132623E+03 4.34119496848E+03 7.80021193719E+02 
8.00000000000E+00 8.50000000000E+00 9.00000000000E+00 8.48648565208E+03 3.70220601042E+03 1.03289568594E+04 5.14777491580E+03 7.22876032192E+03 2.75497883385E+03 8.15556607672E+03 3.57338781007E+03 8.74572002209E+03 3.79063307454E+03 1.00073959471E+04 4.96867488565E+03 7.47009127287E+03 2.82079462254E+03 
9.00000000000E+00 9.50000000000E+00 1.00000000000E+01 2.47970017460E+04 2.31116047447E+04 3.34353548253E+04 3.21334386589E+04 1.91301319317E+04 1.72000170007E+04 2.40976469342E+04 2.22604241704E+04 2.51596015657E+04 2.36978880844E+04 3.24593680840E+04 3.09508445292E+04 1.94528645563E+04 1.76370658349E+04 
1.00000000000E+01 1.05000000000E+01 1.10000000000E+01 1.35308784187E+04 6.91545983822E+03 1.77041051132E+04 9.62752535824E+03 1.07391913381E+04 5.14112655481E+03 1.31770935436E+04 6.70703855001E+03 1.36918766176E+04 7.05393547514E+03 1.72415963689E+04 9.33813390993E+03 1.09100694251E+04 5.24437266092E+03 
1.10000000000E+01 1.15000000000E+01 1.20000000000E+01 2.56457760295E+03 3.23314959411E+02 2.52994632394E+03 4.46990961711E+02 2.54441279335E+03 2.42454188547E+02 2.52437377488E+03 2.97731341139E+02 2.54712076258E+03 3.46390323895E+02 2.56013774915E+03 4.11867077990E+02 2.54313260547E+03 2.59493015499E+02 
1.20000000000E+01 1.25000000000E+01 1.30000000000E+01 -5.20454441693E+02 2.50624837495E+03 -1.67686546354E+03 3.50159566564E+03 2.07769542177E+02 1.85810962789E+03 -5.47277419520E+02 2.53337770069E+03 -4.64669384688E+02 2.46262141801E+03 -1.62873757112E+03 3.53976248353E+03 2.57015839030E+02 1.82592539748E+03 
1.30000000000E+01 1.35000000000E+01 1.40000000000E+01 1.84732817112E+03 6.12512569746E+02 1.73897285569E+03 8.53361083744E+02 1.86604234017E+03 4.55321505925E+02 1.86633790833E+03 5.74714003352E+02 1.84024307325E+03 6.44255362851E+02 1.77817579941E+03 8.00781541402E+02 1.90382242681E+03 4.79007287014E+02 
1.40000000000E+01 1.45000000000E+01 1.50000000000E+01 4.57603964029E+03 3.09784648035E+03 5.01165081675E+03 3.73889378941E+03 4.25869943210E+03 2.64090555045E+03 3.54256168706E+03 2.12736826260E+03 5.86653512051E+03 4.34783412278E+03 3.71808306321E+03 2.51741470867E+03 5.27314277332E+03 3.64556505514E+03 
1.50000000000E+01 1.55000000000E+01 1.60000000000E+01 1.74113257786E+03 2.61652795370E+02 1.73289828521E+03 3.63561709206E+02 1.75525743712E+03 1.95349966648E+02 1.66132051567E+03 2.51564961517E+02 1.82204453863E+03 2.77309864894E+02 1.64108071001E+03 3.49488407044E+02 1.81147076210E+03 2.06973132221E+02 
1.60000000000E+01 1.65000000000E+01 1.70000000000E+01 1.68541135255E+03 2.99526311737E+02 1.68606000785E+03 4.14759126677E+02 1.64459594801E+03 2.24071878312E+02 1.74463116479E+03 2.70452942027E+02 1.53436084117E+03 3.43006043134E+02 1.80875140218E+03 3.73657791332E+02 1.55646680420E+03 2.55814145200E+02 
1.70000000000E+01 1.75000000000E+01 1.80000000000E+01 3.37519562830E+03 1.35555150529E+03 4.16764180084E+03 1.89095276136E+03 2.88380137881E+03 1.00624751649E+03 3.37181409028E+03 1.33839336759E+03 3.38441064813E+03 1.36198835895E+03 4.10206655751E+03 1.86703005235E+03 2.90921038123E+03 1.01100182386E+03 
1.80000000000E+01 1.85000000000E+01 1.90000000000E+01 1.65806042016E+02 7.43509361752E+02 -2.91587691374E+02 1.03659894416E+03 4.67111134499E+02 5.52277730368E+02 1.35440195096E+02 7.38496857485E+02 1.82536395689E+02 7.43163948398E+02 -3.25819472849E+02 1.02962105872E+03 4.92069528262E+02 5.52042531589E+02 
1.90000000000E+01 1.95000000000E+01 2.00000000000E+01 1.94489274590E+03 4.61235208748E+02 2.21676791471E+03 6.42858491277E+02 1.75739856742E+03 3.42762932862E+02 1.92590055949E+03 4.58498702137E+02 1.95257949212E+03 4.60786940043E+02 2.20452935113E+03 6.39161708395E+02 1.75383743962E+03 3.42438771241E+02 
2.00000000000E+01 2.05000000000E+01 2.10000000000E+01 1.23999949349E+03 1.44146347406E+03 1.25655222439E+03 2.01031329251E+03 1.20037799433E+03 1.07010816255E+03 1.09074845979E+03 1.36612084557E+03 1.33836070272E+03 1.50247731333E+03 1.08042778806E+03 1.90530713655E+03 1.29255050338E+03 1.11544433913E+03 
2.10000000000E+01 2.15000000000E+01 2.20000000000E+01 -8.39897949068E+03 6.43553069817E+03 -1.21639825991E+04 8.98218560263E+03 -5.96624820385E+03 4.77444175383E+03 -7.48640481461E+03 5.81152174545E+03 -9.17984591592E+03 6.95861147408E+03 -1.08596037651E+04 8.11123758884E+03 -6.51093962002E+03 5.16251302399E+03 
2.20000000000E+01 2.25000000000E+01 2.30000000000E+01 4.88151676507E+04 4.71444553135E+04 6.77821309890E+04 6.58860538745E+04 3.64310368920E+04 3.49395436247E+04 4.41594448652E+04 4.25519539205E+04 5.26216846311E+04 5.09091894954E+04 6.13043776290E+04 5.94678690764E+04 3.92604707236E+04 3.77296509429E+04 
2.30000000000E+01 2.35000000000E+01 2.40000000000E+01 -3.72526555773E+04 3.79995821119E+04 -5.24475465878E+04 5.31057782513E+04 -2.73672600233E+04 2.81621216455E+04 -3.35440412961E+04 3.42978973869E+04 -4.02910485531E+04 4.10340575722E+04 -4.72575803096E+04 4.79325402043E+04 -2.96172547900E+04 3.04110215109E+04 
2.40000000000E+01 2.45000000000E+01 2.50000000000E+01 -3.19974262480E+03 3.99621032549E+03 -4.79942521321E+03 5.58482099989E+03 -2.15549782673E+03 2.96167503249E+03 -2.78874583155E+03 3.60704075392E+03 -3.53364895730E+03 4.31535847395E+03 -4.23728242337E+03 5.04094806277E+03 -2.40431353639E+03 3.19820520367E+03 
2.50000000000E+01 2.55000000000E+01 2.60000000000E+01 2.24266699636E+03 1.26384448346E+03 2.77301047199E+03 1.76253067490E+03 1.86402467954E+03 9.38263296781E+02 2.12770804412E+03 1.16452659609E+03 2.35847177602E+03 1.34369670013E+03 2.65127246563E+03 1.62403426561E+03 1.95489474389E+03 9.97547393987E+02 
2.60000000000E+01 2.65000000000E+01 2.70000000000E+01 7.91393052958E+02 7.08781612999E+01 8.13837730383E+02 9.75560660185E+01 7.67763231727E+02 5.33880184368E+01 7.90642543253E+02 6.99781107491E+01 7.86869565985E+02 7.22216841469E+01 8.16926794227E+02 9.64106221239E+01 7.73439255674E+02 5.47544844638E+01 
2.70000000000E+01 2.75000000000E+01 2.80000000000E+01 1.27737954517E+03 5.28375446074E+02 1.49108438510E+03 7.35055838883E+02 1.12498761121E+03 3.93093462550E+02 1.26212918566E+03 5.21621802171E+02 1.29179847479E+03 5.29929975927E+02 1.43452698280E+03 7.25690036734E+02 1.13929339787E+03 3.94268370229E+02 
2.80000000000E+01 2.85000000000E+01 2.90000000000E+01 6.43371785824E+02 1.23233229984E+02 6.14628574696E+02 1.69022649723E+02 6.67127338454E+02 9.31628390581E+01 6.57335314078E+02 1.23431944762E+02 6.51847675735E+02 1.22935408176E+02 6.45213358438E+02 1.69406577698E+02 6.64052623035E+02 9.31702907149E+01 
2.90000000000E+01 2.95000000000E+01 3.00000000000E+01 7.47041780357E+02 6.37900588761E+01 7.51523810678E+02 8.58609086919E+01 7.11022003108E+02 4.93576479345E+01 7.36421506114E+02 6.75407870942E+01 7.66203357216E+02 6.25001642505E+01 7.70476451073E+02 9.12951577855E+01 7.08653098574E+02 4.83057027333E+01 
3.00000000000E+01 3.05000000000E+01 3.10000000000E+01 6.71870360134E+02 5.94010593198E+01 6.96596469757E+02 8.12434408164E+01 6.43837731240E+02 4.52889329653E+01 6.46457187980E+02 5.64700616512E+01 6.81082185690E+02 6.26235383047E+01 6.75545464166E+02 7.70253328366E+01 6.57114318498E+02 4.77914630877E+01 
3.10000000000E+01 3.15000000000E+01 3.20000000000E+01 5.78456907097E+02 3.22039389295E+01 5.79433542443E+02 4.27155412305E+01 5.87407877901E+02 2.58304323601E+01 5.72284535506E+02 3.18690964700E+01 5.79845395995E+02 3.41748177576E+01 5.64253895009E+02 4.23441526711E+01 5.88698486964E+02 2.73397020599E+01 
3.20000000000E+01 3.25000000000E+01 3.30000000000E+01 6.38170044783E+02 9.19257096520E+01 6.58687575063E+02 1.25370915045E+02 6.17231558480E+02 7.02700716297E+01 6.19164816853E+02 8.26060526444E+01 6.72480421106E+02 1.00996935549E+02 6.44574518808E+02 1.13134192354E+02 6.45413507419E+02 7.73145763422E+01 
3.30000000000E+01 3.35000000000E+01 3.40000000000E+01 5.83037304270E+02 5.51168327268E+01 6.12767726351E+02 7.56160276623E+01 5.57600921581E+02 4.18965573816E+01 5.67253042509E+02 5.22439559661E+01 5.76687625679E+02 5.80114951996E+01 6.08815943771E+02 7.17106237033E+01 5.57131648981E+02 4.41972175555E+01 
3.40000000000E+01 3.45000000000E+01 3.50000000000E+01 5.68332898059E+02 2.49160906526E+01 5.97235779033E+02 3.28356669109E+01 5.54625841535E+02 2.02313019490E+01 5.42042387432E+02 2.45599801593E+01 5.78894234484E+02 2.72229935138E+01 5.79291369438E+02 3.26454502052E+01 5.54878389364E+02 2.15906187260E+01 
3.50000000000E+01 3.55000000000E+01 3.60000000000E+01 5.23843982066E+02 3.28671341049E+01 5.22984393176E+02 4.32833715619E+01 5.04559569113E+02 2.60007721350E+01 5.09051295497E+02 3.17477393039E+01 5.15680807859E+02 3.52080793620E+01 5.12590886275E+02 4.19873208136E+01 5.11987612341E+02 2.78453531905E+01 
3.60000000000E+01 3.65000000000E+01 3.70000000000E+01 4.99334221635E+02 3.12335457889E+01 4.98414169881E+02 4.01454124051E+01 4.79482301915E+02 2.47802046689E+01 4.74507584339E+02 3.09207573048E+01 4.97369577646E+02 3.26049813763E+01 4.89755650444E+02 4.02631393272E+01 4.82475329833E+02 2.56695202506E+01 
3.70000000000E+01 3.75000000000E+01 3.80000000000E+01 4.26558578811E+02 5.19034885926E+01 4.51240831059E+02 7.21577539745E+01 4.17061028063E+02 3.89293927977E+01 4.46487911605E+02 4.90972824270E+01 4.37345940952E+02 5.47819398415E+01 4.56789426521E+02 6.81299155810E+01 4.29006229217E+02 4.12171974841E+01 
3.80000000000E+01 3.85000000000E+01 3.90000000000E+01 3.83115312474E+02 3.90536902075E+01 3.69857644152E+02 5.31150177308E+01 3.87031844429E+02 3.00163672786E+01 3.84617593116E+02 3.76591896461E+01 3.80301028751E+02 4.08457288549E+01 3.78344266511E+02 5.13914968075E+01 3.86900219211E+02 3.15301141707E+01 
3.90000000000E+01 3.95000000000E+01 4.00000000000E+01 3.27634200006E+02 5.77502758136E+01 3.08640206814E+02 7.95112496136E+01 3.35854855137E+02 4.36280763904E+01 3.19438134823E+02 5.81871932921E+01 3.27251422808E+02 5.77167127862E+01 3.02235160116E+02 8.03597945820E+01 3.39733149366E+02 4.37898472765E+01 
4.00000000000E+01 4.05000000000E+01 4.10000000000E+01 2.66117868790E+02 9.66455669741E+01 2.45707894104E+02 1.28132857642E+02 2.71246975393E+02 7.55138110124E+01 2.66266266197E+02 9.15143784695E+01 2.52607628983E+02 1.01720050064E+02 2.48862657896E+02 1.21422452110E+02 2.76024250156E+02 7.94760912900E+01 
4.10000000000E+01 4.15000000000E+01 4.20000000000E+01 2.65743294708E+02 2.01204883131E+02 2.05412419691E+02 2.77404222423E+02 2.91000279265E+02 1.51310943638E+02 2.53982966661E+02 2.01466466050E+02 2.79091798059E+02 2.00052606771E+02 2.05092540045E+02 2.78165037555E+02 3.00440073853E+02 1.50688490465E+02 
4.20000000000E+01 4.25000000000E+01 4.30000000000E+01 4.84226589821E+02 1.70566905648E+02 5.62882677032E+02 2.38150667109E+02 4.53298328161E+02 1.26583666380E+02 4.97498876950E+02 1.72432437285E+02 5.02825054801E+02 1.67713673731E+02 5.61171633897E+02 2.40786838969E+02 4.63586494547E+02 1.24498264411E+02 
4.30000000000E+01 4.35000000000E+01 4.40000000000E+01 3.58753064926E+02 3.36491408375E+01 3.80982476707E+02 4.37127843406E+01 3.40530359199E+02 2.73216824119E+01 3.56564401339E+02 3.41741885763E+01 3.68393760172E+02 3.46441314516E+01 3.71816453426E+02 4.52328475519E+01 3.48824271794E+02 2.82598003227E+01 
4.40000000000E+01 4.45000000000E+01 4.50000000000E+01 1.62884322891E+02 1.40926783546E+02 9.22004872358E+01 1.95636196920E+02 1.92230950951E+02 1.05019733134E+02 1.71017824029E+02 1.32998258402E+02 1.49015116150E+02 1.47261043231E+02 1.09119949874E+02 1.84657767074E+02 2.00192778675E+02 1.09802218879E+02 
4.50000000000E+01 4.55000000000E+01 4.60000000000E+01 4.77987625223E+02 1.39295277904E+02 5.71556815253E+02 1.93328853838E+02 4.22544914384E+02 1.03891236454E+02 4.80991084896E+02 1.32785940231E+02 4.88106074575E+02 1.44885824753E+02 5.57985082638E+02 1.84221538788E+02 4.27345875989E+02 1.08051622901E+02 
4.60000000000E+01 4.65000000000E+01 4.70000000000E+01 2.93708186917E+02 2.67007376603E+01 3.07908864238E+02 3.56039138830E+01 2.88561139352E+02 2.08605147576E+01 3.02765842785E+02 2.48560472970E+01 2.95363123273E+02 2.91596679315E+01 3.09588088777E+02 3.32410936716E+01 2.89758553182E+02 2.28041640126E+01 
4.70000000000E+01 4.75000000000E+01 4.80000000000E+01 2.32409720402E+02 2.26988818199E+01 2.38166129803E+02 2.99065169375E+01 2.40830700371E+02 1.73161914520E+01 2.49845589923E+02 2.09080104214E+01 2.41970238370E+02 2.39133570602E+01 2.48208915613E+02 2.79617589359E+01 2.44895389228E+02 1.86877673035E+01 
4.80000000000E+01 4.85000000000E+01 4.90000000000E+01 2.27045443433E+02 2.34922499239E+01 2.23629003115E+02 3.18105037833E+01 2.37644514899E+02 1.80872844774E+01 2.41127456109E+02 2.22587477595E+01 2.29027116619E+02 2.51156305615E+01 2.35470951688E+02 3.03074685782E+01 2.33161637824E+02 1.93887508864E+01 
4.90000000000E+01 4.95000000000E+01 5.00000000000E+01 2.86321607685E+02 3.13500036179E+01 2.95361344669E+02 4.22990113677E+01 2.69516664436E+02 2.40565751930E+01 2.88351424266E+02 3.35309691161E+01 3.00506491488E+02 3.29328261685E+01 3.04454209358E+02 4.54830764691E+01 2.82311670709E+02 2.52249663199E+01 
5.00000000000E+01 5.05000000000E+01 5.10000000000E+01 2.44309666379E+02 1.12793031477E+01 2.45844047756E+02 1.46024600612E+01 2.31581860630E+02 8.74792591831E+00 2.37818359923E+02 1.09268432830E+01 2.43034001840E+02 1.19925045321E+01 2.44715709109E+02 1.45736190178E+01 2.39872415931E+02 9.62321565344E+00 
5.10000000000E+01 5.15000000000E+01 5.20000000000E+01 2.20181908665E+02 1.44786478782E+01 2.17468209350E+02 1.92481631395E+01 2.18050424742E+02 1.15270571663E+01 2.13992241985E+02 1.80596988538E+01 2.26445222875E+02 1.29556951001E+01 2.07638925500E+02 2.46881752273E+01 2.21924017857E+02 1.03589081373E+01 
5.20000000000E+01 5.25000000000E+01 5.30000000000E+01 2.27473873039E+02 2.02180855452E+01 2.25763973700E+02 2.54957433921E+01 2.14336247305E+02 1.64905801840E+01 2.20673176004E+02 1.91006680127E+01 2.18723385580E+02 2.32241558934E+01 2.19835139375E+02 2.41659495893E+01 2.17270599573E+02 1.88544318887E+01 
5.30000000000E+01 5.35000000000E+01 5.40000000000E+01 1.76012036643E+02 6.08293100869E+01 1.67475707628E+02 8.43447518285E+01 1.80925419888E+02 4.54736628002E+01 1.78315830192E+02 5.96432035692E+01 1.73663196328E+02 6.21765201103E+01 1.73172411095E+02 8.27319834107E+01 1.82043008990E+02 4.64307817753E+01 
5.40000000000E+01 5.45000000000E+01 5.50000000000E+01 2.64572773021E+02 6.27136569304E+01 2.72315833697E+02 8.72503118417E+01 2.41407325649E+02 4.66375603577E+01 2.51095880389E+02 5.87633891757E+01 2.61469390166E+02 6.60163968816E+01 2.63100197916E+02 8.17513940405E+01 2.50891349277E+02 4.91323968848E+01 
5.50000000000E+01 5.55000000000E+01 5.60000000000E+01 2.52673635443E+02 3.51048609817E+01 2.72780235488E+02 4.82370540213E+01 2.26499500621E+02 2.63986153792E+01 2.54883510493E+02 3.42789376008E+01 2.57367482251E+02 3.58768974022E+01 2.65025569207E+02 4.72024296446E+01 2.33657384665E+02 2.70608488644E+01 
5.60000000000E+01 5.65000000000E+01 5.70000000000E+01 1.61412875195E+02 2.09525184425E+01 1.55639416875E+02 2.82380143635E+01 1.60986041141E+02 1.63280398982E+01 1.58642061991E+02 2.08763334829E+01 1.43202285620E+02 2.22604358318E+01 1.57091312029E+02 2.79491414630E+01 1.55218537079E+02 1.73848920350E+01 
5.70000000000E+01 5.75000000000E+01 5.80000000000E+01 1.58007978056E+02 2.99277633538E+01 1.54417684324E+02 4.17264337664E+01 1.59020635422E+02 2.22778248738E+01 1.60654141717E+02 2.96654004545E+01 1.48584749593E+02 3.01412345180E+01 1.60021828229E+02 4.15380941135E+01 1.57461971285E+02 2.24972391745E+01 
5.80000000000E+01 5.85000000000E+01 5.90000000000E+01 1.09387123145E+02 6.89272913965E+01 9.56535918246E+01 9.59494346636E+01 1.24237994914E+02 5.13146721082E+01 1.11275962952E+02 6.77714356015E+01 1.17318536054E+02 6.92524903943E+01 9.19656149070E+01 9.43007545089E+01 1.27512316271E+02 5.15877219454E+01 
5.90000000000E+01 5.95000000000E+01 6.00000000000E+01 1.96194587566E+02 5.90584743367E+01 2.23057121118E+02 8.23053560971E+01 1.82896713455E+02 4.39067862118E+01 1.98227430976E+02 5.80429572317E+01 1.96263981137E+02 5.93561469506E+01 2.14780277628E+02 8.08749119373E+01 1.81203819977E+02 4.41444413247E+01 
6.00000000000E+01 6.05000000000E+01 6.10000000000E+01 2.01062873216E+02 2.90401364474E+01 2.20628404418E+02 4.04281594019E+01 1.92063157917E+02 2.17513704609E+01 2.03778540110E+02 2.86307496451E+01 2.02799847635E+02 2.94239138603E+01 2.20999953697E+02 3.98402773748E+01 1.91655453914E+02 2.19794368955E+01 
6.10000000000E+01 6.15000000000E+01 6.20000000000E+01 4.02652595870E+02 2.30480024270E+02 4.84436310574E+02 3.03098865888E+02 3.47972703991E+02 1.80855507340E+02 4.07494839209E+02 2.34228834099E+02 3.90054510441E+02 2.26596198108E+02 4.89213263430E+02 3.07749858331E+02 3.39775215309E+02 1.77653484719E+02 
6.20000000000E+01 6.25000000000E+01 6.30000000000E+01 -9.31025175756E+01 2.30019576554E+02 -1.66504274317E+02 3.02433573035E+02 -4.71321383127E+01 1.80516021011E+02 -1.09568830908E+02 2.33782332791E+02 -8.45414222886E+01 2.26129935929E+02 -1.74143362324E+02 3.07129347761E+02 -3.66670936815E+01 1.77308460770E+02 
6.30000000000E+01 6.35000000000E+01 6.40000000000E+01 1.29850834160E+02 8.31774485697E+00 1.23791183709E+02 1.05228408044E+01 1.33349703414E+02 6.99238955081E+00 1.32879175501E+02 8.60709966618E+00 1.38095976085E+02 8.96408521461E+00 1.26380865176E+02 1.07916699555E+01 1.35358381476E+02 7.31453005684E+00 
6.40000000000E+01 6.45000000000E+01 6.50000000000E+01 -3.47144678452E+03 3.59666726654E+03 -4.89970248977E+03 5.02108118563E+03 -2.54270748431E+03 2.66782461936E+03 -3.40824711866E+03 3.53639194010E+03 -3.47705089135E+03 3.60232896202E+03 -4.80829619466E+03 4.93693440041E+03 -2.54678730358E+03 2.67202437224E+03 
6.50000000000E+01 6.55000000000E+01 6.60000000000E+01 3.68597595996E+03 3.56355813842E+03 5.09598250911E+03 4.97486169685E+03 2.77045116602E+03 2.64326589100E+03 3.63094338275E+03 3.50384096271E+03 3.68771519823E+03 3.56916623353E+03 5.01448568521E+03 4.89149386350E+03 2.77182847784E+03 2.64742584567E+03 
6.60000000000E+01 6.65000000000E+01 6.70000000000E+01 1.64771531982E+02 8.78842003851E+01 1.87515325589E+02 1.23085817305E+02 1.51495210008E+02 6.50184546804E+01 1.71324427689E+02 8.52227952195E+01 1.65328118399E+02 8.96675054648E+01 1.90375588619E+02 1.19391986720E+02 1.50571189137E+02 6.63679247578E+01 
6.70000000000E+01 6.75000000000E+01 6.80000000000E+01 1.83262696008E+02 6.17837813251E+01 2.06993673530E+02 8.59059284250E+01 1.64533022939E+02 4.60018624572E+01 1.80499382508E+02 5.79892540114E+01 1.90418766258E+02 6.47741823955E+01 2.09206168365E+02 8.06513558128E+01 1.63843890765E+02 4.82003503165E+01 
6.80000000000E+01 6.85000000000E+01 6.90000000000E+01 1.02953943052E+02 1.01436066192E+01 9.53967746944E+01 1.29042472281E+01 1.02625557498E+02 8.05199276737E+00 1.03412241561E+02 1.00726825769E+01 1.02382718827E+02 1.03750443728E+01 9.93960717627E+01 1.32783234438E+01 1.05689188107E+02 8.19797272874E+00 
6.90000000000E+01 6.95000000000E+01 7.00000000000E+01 1.23381224364E+02 9.69104570621E+00 1.31209813471E+02 1.31597340116E+01 1.18242936103E+02 7.62252643185E+00 1.19866910886E+02 9.96250883167E+00 1.22141171243E+02 9.99773654005E+00 1.27520426086E+02 1.34364000336E+01 1.16658322162E+02 7.84539508646E+00 
7.00000000000E+01 7.05000000000E+01 7.10000000000E+01 1.17200349135E+02 9.32271255948E+00 1.22891810433E+02 1.22843136168E+01 1.15273782567E+02 7.35217686607E+00 1.17176179727E+02 9.80528306048E+00 1.20507708151E+02 9.27601481374E+00 1.24881460328E+02 1.30628182603E+01 1.16725400613E+02 7.36995258253E+00 
7.10000000000E+01 7.15000000000E+01 7.20000000000E+01 9.73796299834E+01 5.55943522069E+00 9.96540673168E+01 7.25820326372E+00 9.67356673491E+01 4.58256774612E+00 1.01084991629E+02 5.69044432571E+00 1.05614075627E+02 6.15546479513E+00 1.03890830437E+02 7.46203450859E+00 1.01825479293E+02 4.94971190386E+00 
7.20000000000E+01 7.25000000000E+01 7.30000000000E+01 6.57695787497E+01 4.58962271270E+01 6.13354827957E+01 6.39179472019E+01 7.36608193022E+01 3.41581035315E+01 6.72100888697E+01 4.81792681275E+01 6.83089309124E+01 4.37077748908E+01 5.48012336804E+01 6.71204757862E+01 7.52052352221E+01 3.25653303250E+01 
7.30000000000E+01 7.35000000000E+01 7.40000000000E+01 9.30626485951E+01 6.84044864819E+00 1.00142447805E+02 9.18321814106E+00 9.24796605987E+01 5.29858945239E+00 9.27585805143E+01 7.39474934331E+00 1.00096906514E+02 7.13056905390E+00 8.65680413763E+01 9.64474536799E+00 9.82075780082E+01 5.54865498263E+00 
7.40000000000E+01 7.45000000000E+01 7.50000000000E+01 1.49663828180E+02 4.03902308069E+01 1.73722866510E+02 5.62170321906E+01 1.31082745936E+02 3.00527953115E+01 1.48641810713E+02 3.91979908656E+01 1.48624176930E+02 4.12372334786E+01 1.73619668190E+02 5.45671206474E+01 1.30164154484E+02 3.06954827163E+01 
7.50000000000E+01 7.55000000000E+01 7.60000000000E+01 1.38137775672E+02 5.97501668190E+01 1.60915929678E+02 8.34778358544E+01 1.22365742995E+02 4.43115091665E+01 1.41130907083E+02 6.00171389209E+01 1.37453515853E+02 5.90795935369E+01 1.66463794006E+02 8.38388996813E+01 1.25832963066E+02 4.38261817705E+01 
7.60000000000E+01 7.65000000000E+01 7.70000000000E+01 3.33622869896E+01 5.67570066502E+01 1.22125191623E+01 7.93303247925E+01 4.42264338820E+01 4.20831672771E+01 3.24149702717E+01 5.72143886970E+01 3.40489128143E+01 5.59231185656E+01 1.08187752450E+01 7.99547319738E+01 4.61508934906E+01 4.14758706661E+01 
7.70000000000E+01 7.75000000000E+01 7.80000000000E+01 7.72493398131E+01 1.29362379343E+01 7.80582648609E+01 1.77056994125E+01 7.80094400675E+01 9.81698132842E+00 8.49027956896E+01 1.37291526733E+01 7.45690262984E+01 1.26706278268E+01 8.97985395565E+01 1.87990808043E+01 7.23497627739E+01 9.68168660393E+00 
7.80000000000E+01 7.85000000000E+01 7.90000000000E+01 7.85880751234E+01 1.58840649258E+01 8.50250017349E+01 2.18456739680E+01 7.62603722479E+01 1.20380715936E+01 7.48204998169E+01 1.59134382195E+01 7.75679085996E+01 1.60033472570E+01 8.00227832704E+01 2.18815004664E+01 7.55859723994E+01 1.21972390845E+01 
7.90000000000E+01 7.95000000000E+01 8.00000000000E+01 7.25703711796E+01 4.21766150081E+00 6.97077007725E+01 5.43359204745E+00 7.24966520341E+01 3.55768532032E+00 7.22264806795E+01 4.11359276115E+00 7.15955046753E+01 4.76116175887E+00 7.24953333703E+01 5.45608645873E+00 7.77409232351E+01 3.98082709807E+00 
8.00000000000E+01 8.05000000000E+01 8.10000000000E+01 5.71362424812E+01 1.16011417037E+01 5.40493532100E+01 1.59339896371E+01 6.00320335034E+01 8.89844397690E+00 5.32318204265E+01 1.15853774902E+01 5.46619583960E+01 1.16875236079E+01 5.13557869586E+01 1.58714303381E+01 5.73670622496E+01 8.93312172030E+00 
8.10000000000E+01 8.15000000000E+01 8.20000000000E+01 8.98552699237E+01 1.13507622923E+01 9.62461900029E+01 1.53763166480E+01 8.35002055334E+01 8.73322392899E+00 9.28346439590E+01 1.20235921877E+01 8.39266504357E+01 1.10876066672E+01 9.92656213155E+01 1.62970711201E+01 8.14935432401E+01 8.56814580693E+00 
8.20000000000E+01 8.25000000000E+01 8.30000000000E+01 6.53191914093E+01 5.46673339653E+00 6.25687604082E+01 6.98678931630E+00 6.44106737890E+01 4.37466598299E+00 6.22446765745E+01 5.90768801609E+00 6.63246922970E+01 5.76913577741E+00 6.31365683364E+01 7.82229717056E+00 6.59904193264E+01 4.62745859622E+00 
8.30000000000E+01 8.35000000000E+01 8.40000000000E+01 3.31225820958E+01 2.77839744491E+01 2.38405313076E+01 3.85488831107E+01 4.01062110309E+01 2.07363923901E+01 3.46335637375E+01 2.60705436989E+01 3.04377664350E+01 2.91579672477E+01 2.54018555757E+01 3.61563325060E+01 3.72282668730E+01 2.17670340943E+01 
8.40000000000E+01 8.45000000000E+01 8.50000000000E+01 7.52834636172E+01 7.25912279217E+00 7.64895528431E+01 9.04318283191E+00 7.22737389875E+01 5.99842524539E+00 7.37248985988E+01 7.27748728031E+00 7.69748045479E+01 7.44042250420E+00 7.27199862299E+01 9.13017196435E+00 7.27666477596E+01 6.04999666282E+00 
8.50000000000E+01 8.55000000000E+01 8.60000000000E+01 6.35937354718E+01 5.80381743230E+00 6.88071556136E+01 7.04069773512E+00 6.12438605377E+01 4.66578081059E+00 5.99040814956E+01 5.80167819827E+00 6.59101362941E+01 5.94665279535E+00 6.37734793472E+01 7.12365005495E+00 6.34873335731E+01 4.94180831347E+00 
8.60000000000E+01 8.65000000000E+01 8.70000000000E+01 6.63795431234E+01 4.55966251129E+00 5.37674184578E+01 9.89192687237E+00 6.38317184472E+01 3.71953852538E+00 6.60097620676E+01 5.30587685599E+00 5.30590946521E+01 7.56079535648E+00 5.76382983916E+01 1.06724905761E+01 6.04020472277E+01 3.60724775207E+00 
8.70000000000E+01 8.75000000000E+01 8.80000000000E+01 4.96071148239E+01 1.01455761677E+01 4.92576282842E+01 1.37513981095E+01 5.00690454301E+01 7.82880468209E+00 5.15279160666E+01 1.04433730716E+01 5.48999805026E+01 1.10302137414E+01 5.99862187954E+01 1.54467873941E+01 5.36339704266E+01 8.57075968840E+00 
8.80000000000E+01 8.85000000000E+01 8.90000000000E+01 5.96390583465E+01 6.59423908503E+00 5.80606008029E+01 8.25331616043E+00 5.82619628096E+01 5.51719452093E+00 5.78659623283E+01 7.16316862121E+00 6.23159180953E+01 6.52900250826E+00 5.55180709338E+01 9.22820934710E+00 5.88538389768E+01 5.48869534692E+00 
8.90000000000E+01 8.95000000000E+01 9.00000000000E+01 2.98193992138E+01 2.04652936435E+01 1.89456461078E+01 2.84635322147E+01 3.52564648149E+01 1.52415358914E+01 3.04067994354E+01 2.08840109330E+01 2.85816556275E+01 2.00134422103E+01 2.24003998132E+01 2.90564887355E+01 3.29741078124E+01 1.49301526286E+01 
9.00000000000E+01 9.05000000000E+01 9.10000000000E+01 3.24085947481E+01 1.99047520463E+01 2.83914845151E+01 2.75481354716E+01 3.60675239835E+01 1.49544143026E+01 3.20727810150E+01 1.87968906075E+01 2.99475195328E+01 2.07899177945E+01 2.71928865075E+01 2.60061384180E+01 3.58021858227E+01 1.55919559072E+01 
9.10000000000E+01 9.15000000000E+01 9.20000000000E+01 9.39067495646E+01 2.98607439328E+01 1.15441965318E+02 4.16074616718E+01 8.11526246625E+01 2.22102437980E+01 9.55158713393E+01 2.90696821697E+01 9.35818451501E+01 3.04413733206E+01 1.16210256708E+02 4.04920391336E+01 8.03959622830E+01 2.26266040376E+01 
9.20000000000E+01 9.25000000000E+01 9.30000000000E+01 4.93056071514E+01 4.24803598851E+00 4.95161139163E+01 5.66440721716E+00 4.91395191039E+01 3.40973210626E+00 5.00077035213E+01 4.13802521243E+00 5.02081337120E+01 4.41890659128E+00 5.14625997892E+01 5.54159398055E+00 4.96457848799E+01 3.60959608528E+00 
9.30000000000E+01 9.35000000000E+01 9.40000000000E+01 5.01815281644E+01 3.21840490121E+00 4.98661526749E+01 3.99451287732E+00 4.91850129683E+01 2.60735407000E+00 4.78392380728E+01 3.24861881681E+00 4.89705082653E+01 3.28126391030E+00 5.13285498410E+01 4.33258091878E+00 4.90286513955E+01 2.80308766923E+00 
9.40000000000E+01 9.45000000000E+01 9.50000000000E+01 4.84786555047E+01 3.53019692277E+00 5.05742619602E+01 4.59375242028E+00 4.73666300538E+01 2.88860182826E+00 4.56640174720E+01 3.54639487194E+00 4.79863346581E+01 3.86260404046E+00 4.84129457087E+01 4.74019842677E+00 4.88927929904E+01 3.13810496344E+00 
9.50000000000E+01 9.55000000000E+01 9.60000000000E+01 4.44393801793E+01 2.84183269546E+00 4.64510341469E+01 3.93878472951E+00 4.30111465504E+01 2.32094402158E+00 4.56309495166E+01 2.74810590749E+00 4.46156533959E+01 3.17625261815E+00 4.80588838458E+01 3.78084766348E+00 4.40743918758E+01 2.63426945211E+00 
9.60000000000E+01 9.65000000000E+01 9.70000000000E+01 4.09248834932E+01 3.75476844578E+00 3.83225490671E+01 4.74743502543E+00 4.01804019097E+01 2.95474293875E+00 3.86477171498E+01 3.61409587244E+00 3.97633288492E+01 3.95338011973E+00 3.48445383673E+01 4.58384290069E+00 4.11059171430E+01 3.29035119725E+00 
9.70000000000E+01 9.75000000000E+01 9.80000000000E+01 5.84955035828E+01 1.24092297458E+01 6.67446529408E+01 1.72686731198E+01 5.45091994998E+01 9.26141169736E+00 6.00466386273E+01 1.28900969929E+01 5.71709778159E+01 1.21273144327E+01 6.85916869677E+01 1.78993112348E+01 5.46322543893E+01 9.08662625140E+00 
9.80000000000E+01 9.85000000000E+01 9.90000000000E+01 4.22689955792E+01 4.68577770598E+00 4.26502861562E+01 6.41784103350E+00 4.08293325417E+01 3.53678323095E+00 4.27982128069E+01 5.32868807328E+00 4.15519184189E+01 4.79718355929E+00 4.40164887506E+01 7.35499513202E+00 4.43301199176E+01 3.73756633137E+00 
9.90000000000E+01 9.95000000000E+01 1.00000000000E+02 3.75437331886E+01 6.65460838783E+00 3.50450939353E+01 9.09516422256E+00 3.72641986610E+01 5.17583230748E+00 3.90937214666E+01 6.86804032687E+00 3.47827403288E+01 6.85727219255E+00 3.79398416972E+01 9.20691946702E+00 3.38882397960E+01 5.28258086122E+00 
#nx: 3
