#labels: ptz__2p0__2p25_lower[1] ptz__2p0__2p25_center[2] ptz__2p0__2p25_upper[3] tot_scale01[4] tot_scale01_Err[5] tot_scale02[6] tot_scale02_Err[7] tot_scale03[8] tot_scale03_Err[9] tot_scale04[10] tot_scale04_Err[11] tot_scale05[12] tot_scale05_Err[13] tot_scale06[14] tot_scale06_Err[15] tot_scale07[16] tot_scale07_Err[17]
#neval: 28693349658
#overflow:lower center upper 1.29349048669E+03 1.93867247174E+02 1.38309466982E+03 2.70536155347E+02 1.21655390982E+03 1.43871728258E+02 1.29114804268E+03 1.87138354692E+02 1.29951072471E+03 1.98096110510E+02 1.37674242993E+03 2.61139267548E+02 1.21698304242E+03 1.47015973090E+02 
0.00000000000E+00 5.00000000000E-01 1.00000000000E+00 0.00000000000E+00 0.00000000000E+00 0.00000000000E+00 0.00000000000E+00 0.00000000000E+00 0.00000000000E+00 0.00000000000E+00 0.00000000000E+00 0.00000000000E+00 0.00000000000E+00 0.00000000000E+00 0.00000000000E+00 0.00000000000E+00 0.00000000000E+00 
1.00000000000E+00 1.50000000000E+00 2.00000000000E+00 4.09027537280E+04 4.40576086316E+04 5.54549156572E+04 6.14531981835E+04 3.25600374585E+04 3.27021349190E+04 3.86714393572E+04 3.93074814024E+04 4.32832626696E+04 4.83815757513E+04 5.16165264496E+04 5.48278090469E+04 3.40247862591E+04 3.59119049333E+04 
2.00000000000E+00 2.50000000000E+00 3.00000000000E+00 4.78932127962E+03 3.02168665541E+03 3.72134976040E+03 4.21594742552E+03 5.89466029122E+03 2.24410401246E+03 5.47848742123E+03 2.99600515375E+03 4.18463563093E+03 3.02019762283E+03 4.71105187519E+03 4.18037543983E+03 5.52365709911E+03 2.24275305350E+03 
3.00000000000E+00 3.50000000000E+00 4.00000000000E+00 -2.58271732364E+03 4.75028459029E+03 -6.33527687584E+03 6.61859263516E+03 6.35410294463E+01 3.52939795064E+03 -1.88916579475E+03 4.36172911807E+03 -3.19564006916E+03 5.07504255102E+03 -5.44878147655E+03 6.07619080365E+03 -4.40734782222E+02 3.77084555546E+03 
4.00000000000E+00 4.50000000000E+00 5.00000000000E+00 8.44036851475E+03 3.32430106009E+03 9.54032330196E+03 4.63658662118E+03 7.87016688158E+03 2.46751530165E+03 8.31623486118E+03 3.02588700027E+03 8.48499308528E+03 3.57735455129E+03 9.32128810620E+03 4.22100929743E+03 7.88199405105E+03 2.65585997183E+03 
5.00000000000E+00 5.50000000000E+00 6.00000000000E+00 4.93877564293E+03 1.07025440818E+03 4.91046135445E+03 1.48603784783E+03 5.07140118976E+03 7.97905455841E+02 4.87416869480E+03 1.00556058333E+03 4.85701549310E+03 1.12807614165E+03 4.85308913097E+03 1.39660184013E+03 5.01915652638E+03 8.40971287872E+02 
6.00000000000E+00 6.50000000000E+00 7.00000000000E+00 3.21891730515E+03 1.18517134574E+03 2.99885211567E+03 1.53231885224E+03 3.48002553401E+03 8.90587701433E+02 3.59424493096E+03 8.43797390241E+02 2.47541847798E+03 1.77198578740E+03 3.49822698210E+03 1.15944270543E+03 2.85865874085E+03 1.40003870341E+03 
7.00000000000E+00 7.50000000000E+00 8.00000000000E+00 4.88479378414E+03 2.25939767882E+03 5.33994159486E+03 3.14988431265E+03 4.57978663054E+03 1.67791115798E+03 4.79312669233E+03 2.17930281943E+03 4.92961987169E+03 2.30883009976E+03 5.28903539637E+03 3.03838487690E+03 4.67116635022E+03 1.71467768400E+03 
8.00000000000E+00 8.50000000000E+00 9.00000000000E+00 1.59960823130E+03 2.44230110260E+03 9.46303224321E+02 3.41238709305E+03 1.96901007587E+03 1.81055596045E+03 1.50779353549E+03 2.33050510398E+03 1.67762992023E+03 2.51929398781E+03 9.18043066158E+02 3.25569959549E+03 2.10934798929E+03 1.86770653327E+03 
9.00000000000E+00 9.50000000000E+00 1.00000000000E+01 4.54244795185E+03 1.37950490981E+03 5.37180186596E+03 1.92220925170E+03 4.08409649526E+03 1.02509349249E+03 4.52690610134E+03 1.33267720041E+03 4.60598890949E+03 1.40633944014E+03 5.31708424433E+03 1.85716135361E+03 4.15176916588E+03 1.04508391661E+03 
1.00000000000E+01 1.05000000000E+01 1.10000000000E+01 2.68608211959E+02 1.58363626752E+03 -5.67360619168E+02 2.20704401380E+03 7.72403702908E+02 1.17653033507E+03 3.56229254750E+02 1.50593748901E+03 1.71430231198E+02 1.63928631337E+03 -4.63707597111E+02 2.09855202520E+03 7.68528187475E+02 1.21777634088E+03 
1.10000000000E+01 1.15000000000E+01 1.20000000000E+01 2.35184645717E+04 2.10893332852E+04 3.22141972620E+04 2.97188662114E+04 1.78756895457E+04 1.55274227882E+04 2.19032719860E+04 1.94748491548E+04 2.48240524699E+04 2.23468027082E+04 2.99625750971E+04 2.74437355490E+04 1.88416921212E+04 1.64532549221E+04 
1.20000000000E+01 1.25000000000E+01 1.30000000000E+01 2.19904049063E+03 2.92094348316E+02 2.26172432431E+03 4.04374605954E+02 2.11505138376E+03 2.18557848270E+02 2.20560217353E+03 2.74964388807E+02 2.20162625685E+03 3.09026909842E+02 2.34816066231E+03 3.80771831468E+02 2.12027804957E+03 2.31139033682E+02 
1.30000000000E+01 1.35000000000E+01 1.40000000000E+01 1.72800347807E+03 8.19770071673E+02 1.71430077118E+03 1.15276455782E+03 1.73160935893E+03 6.04829831932E+02 1.67941491163E+03 7.79356660523E+02 1.69686717357E+03 8.47409885881E+02 1.66364630922E+03 1.09614484584E+03 1.72434186391E+03 6.25316260419E+02 
1.40000000000E+01 1.45000000000E+01 1.50000000000E+01 1.35031550834E+04 1.12333421458E+04 1.83824558394E+04 1.58295640911E+04 1.03671730184E+04 8.27091610512E+03 1.26354298029E+04 1.03734177206E+04 1.42062833056E+04 1.19031798256E+04 1.71637495100E+04 1.46177948661E+04 1.08716313835E+04 8.76410454522E+03 
1.50000000000E+01 1.55000000000E+01 1.60000000000E+01 5.64632814591E+02 1.53103882088E+03 1.91962198496E+02 2.15976406454E+03 8.17303179942E+02 1.12640540930E+03 6.00276899518E+02 1.45789177772E+03 5.44122952805E+02 1.58052496074E+03 2.62176709833E+02 2.05655219877E+03 8.06836832573E+02 1.16283386870E+03 
1.60000000000E+01 1.65000000000E+01 1.70000000000E+01 2.01894065553E+03 2.16801233854E+03 2.34531517894E+03 3.05469520770E+03 1.83479025702E+03 1.59650037859E+03 2.03425035419E+03 2.05477310732E+03 2.03808952384E+03 2.24738622888E+03 2.37789301571E+03 2.89541388914E+03 1.84123404051E+03 1.65508177377E+03 
1.70000000000E+01 1.75000000000E+01 1.80000000000E+01 5.39475810211E+02 1.87329340449E+03 2.36263158647E+02 2.63992675151E+03 7.24704399990E+02 1.37927750668E+03 4.81512074972E+02 1.76130544093E+03 6.22438933389E+02 1.95591084346E+03 2.56675356484E+02 2.48217828211E+03 7.91610587453E+02 1.44016948842E+03 
1.80000000000E+01 1.85000000000E+01 1.90000000000E+01 3.59447819858E+03 1.52917367176E+03 4.60416822328E+03 2.13880947934E+03 2.92170860860E+03 1.13266952942E+03 3.43050402448E+03 1.43717723755E+03 3.71925232246E+03 1.60016890356E+03 4.39243353459E+03 2.01001588100E+03 3.03857548882E+03 1.18521051457E+03 
1.90000000000E+01 1.95000000000E+01 2.00000000000E+01 -4.44609434090E+03 3.67267511005E+03 -6.66272975051E+03 5.13730287784E+03 -3.02387789509E+03 2.72004487692E+03 -4.12701501760E+03 3.45261989274E+03 -4.72614565561E+03 3.84235022381E+03 -6.17728333825E+03 4.82916955254E+03 -3.22113148995E+03 2.84559733781E+03 
2.00000000000E+01 2.05000000000E+01 2.10000000000E+01 1.09102462181E+03 1.36730052357E+02 1.10846577735E+03 1.90714851063E+02 1.04256914342E+03 1.01761410950E+02 1.05339164489E+03 1.31033984776E+02 1.08991127649E+03 1.43018137236E+02 1.12220074293E+03 1.82526829065E+02 1.03846737293E+03 1.06373543107E+02 
2.10000000000E+01 2.15000000000E+01 2.20000000000E+01 1.21750911380E+03 2.74422834079E+02 1.29416366680E+03 3.47671063056E+02 1.16174688378E+03 2.22724404486E+02 1.15837256690E+03 2.64162998925E+02 1.22661812550E+03 2.86798358194E+02 1.23435277550E+03 3.33839309152E+02 1.17410953507E+03 2.31636348722E+02 
2.20000000000E+01 2.25000000000E+01 2.30000000000E+01 8.46174315169E+02 1.95782735411E+02 8.99941034982E+02 2.73164274445E+02 8.32612763878E+02 1.45639834993E+02 8.21730623315E+02 1.89701951210E+02 9.08437138193E+02 2.04163004894E+02 8.14374393777E+02 2.64140466885E+02 9.00228435233E+02 1.52007992221E+02 
2.30000000000E+01 2.35000000000E+01 2.40000000000E+01 -6.11135094558E+02 1.13923908764E+03 -1.17953429265E+03 1.58846870487E+03 -2.57557875300E+02 8.46183015907E+02 -5.49564076559E+02 1.05886959338E+03 -6.58449256232E+02 1.20218296123E+03 -1.04907355712E+03 1.47629024058E+03 -2.94590892517E+02 8.92862438760E+02 
2.40000000000E+01 2.45000000000E+01 2.50000000000E+01 8.33484471680E+03 6.91473307726E+03 1.13695603199E+04 9.64991551483E+03 6.35994324451E+03 5.13040679139E+03 7.86292649525E+03 6.51065159875E+03 8.71426581546E+03 7.21535035801E+03 1.07373317015E+04 9.08600601949E+03 6.64821488736E+03 5.35345766278E+03 
2.50000000000E+01 2.55000000000E+01 2.60000000000E+01 -3.88720700697E+03 5.34874913005E+03 -5.72211524209E+03 7.46423181501E+03 -2.72423272320E+03 3.96863616412E+03 -3.64818613510E+03 5.03569294502E+03 -4.06728673822E+03 5.58227272291E+03 -5.35997678721E+03 7.02737145275E+03 -2.84488642964E+03 4.14189997975E+03 
2.60000000000E+01 2.65000000000E+01 2.70000000000E+01 -9.64275383480E-01 6.93948802610E+02 -2.64033225458E+02 9.68081327751E+02 1.65986786890E+02 5.15122258131E+02 3.35532521774E+01 6.53707098731E+02 -2.42637238253E+01 7.24000712961E+02 -2.22358827392E+02 9.11897604099E+02 1.44441187333E+02 5.37412642527E+02 
2.70000000000E+01 2.75000000000E+01 2.80000000000E+01 6.22548600558E+02 6.88496452701E+01 6.50958576984E+02 9.02646457522E+01 6.13096214201E+02 5.53237791791E+01 6.26161175493E+02 6.53278272584E+01 6.29124528773E+02 7.23733148245E+01 6.40296981631E+02 8.49572215053E+01 6.14572940536E+02 5.77388535537E+01 
2.80000000000E+01 2.85000000000E+01 2.90000000000E+01 5.39500481525E+02 3.09054704600E+01 5.37032116337E+02 4.09617018914E+01 5.28127097795E+02 2.36955726658E+01 5.41289266764E+02 2.91704943971E+01 5.30282922699E+02 3.22554068720E+01 5.52752115578E+02 4.00539848951E+01 5.34368512000E+02 2.50565698993E+01 
2.90000000000E+01 2.95000000000E+01 3.00000000000E+01 5.68880963635E+02 3.08251270396E+01 5.78513345289E+02 4.05207148819E+01 5.39138866453E+02 2.38546332344E+01 5.51531373051E+02 2.96390101875E+01 5.73313644943E+02 3.23779097400E+01 5.88921904736E+02 3.93877554423E+01 5.44773625445E+02 2.49206936361E+01 
3.00000000000E+01 3.05000000000E+01 3.10000000000E+01 4.91278127197E+02 7.51342818039E+01 5.03617381186E+02 9.51508660364E+01 4.84998806021E+02 6.11553131385E+01 4.82763275165E+02 7.08603442544E+01 4.79317654176E+02 7.95710582353E+01 4.96640605514E+02 8.91519517458E+01 4.76469143744E+02 6.43152831531E+01 
3.10000000000E+01 3.15000000000E+01 3.20000000000E+01 5.74485476343E+02 5.15988597980E+01 6.26934260440E+02 7.10984056654E+01 5.36844281145E+02 3.88379934929E+01 5.59504202832E+02 4.97886017260E+01 5.89548678422E+02 5.39608702616E+01 5.96224410485E+02 6.85835595355E+01 5.53489600577E+02 4.08223875929E+01 
3.20000000000E+01 3.25000000000E+01 3.30000000000E+01 4.91222495799E+02 1.55225299506E+02 5.15797225164E+02 2.18007290273E+02 4.68727545325E+02 1.14769011845E+02 4.78157047270E+02 1.44727076088E+02 5.10871530439E+02 1.63722083963E+02 4.97683693896E+02 2.03122928271E+02 4.89530318172E+02 1.20999908668E+02 
3.30000000000E+01 3.35000000000E+01 3.40000000000E+01 8.80681194030E+03 8.42613876716E+03 1.21040928365E+04 1.17603517580E+04 6.63928997930E+03 6.25129079027E+03 8.24457156369E+03 7.87381867291E+03 9.20764512427E+03 8.83605892959E+03 1.13409237371E+04 1.09894757924E+04 6.94431731307E+03 6.55540631258E+03 
3.40000000000E+01 3.45000000000E+01 3.50000000000E+01 -8.05422085146E+03 8.49034340444E+03 -1.14032247404E+04 1.18499672876E+04 -5.87564620502E+03 6.29891897120E+03 -7.50927742837E+03 7.93379725832E+03 -8.46235502726E+03 8.90339744719E+03 -1.06299633703E+04 1.10731947460E+04 -6.18196124950E+03 6.60536076846E+03 
3.50000000000E+01 3.55000000000E+01 3.60000000000E+01 4.58874929601E+02 4.76447241036E+01 4.81928531527E+02 6.42495237932E+01 4.55051468433E+02 3.69670673138E+01 4.54921712748E+02 5.76139970750E+01 4.91118766249E+02 4.29405003932E+01 4.70358795780E+02 7.84812517977E+01 4.67666057798E+02 3.34834869691E+01 
3.60000000000E+01 3.65000000000E+01 3.70000000000E+01 4.41583948854E+02 8.67202529059E+01 4.47178668684E+02 1.19951346301E+02 4.07394236755E+02 6.50060415027E+01 4.06006852473E+02 8.56360779416E+01 4.49084338329E+02 8.75393404736E+01 4.43184155140E+02 1.18502630272E+02 4.24990396660E+02 6.57414830346E+01 
3.70000000000E+01 3.75000000000E+01 3.80000000000E+01 3.66351010609E+02 4.20164790491E+01 3.62535382642E+02 5.66421969585E+01 3.61611781502E+02 3.25278304374E+01 3.80581753519E+02 4.06475423887E+01 3.81579072110E+02 4.42299246116E+01 3.75392312719E+02 5.39924095010E+01 3.69295330968E+02 3.38716106586E+01 
3.80000000000E+01 3.85000000000E+01 3.90000000000E+01 -1.60225900006E+02 4.91698319624E+02 -3.39295811105E+02 6.85319077567E+02 -4.41520694087E+01 3.65217660054E+02 -1.13769702010E+02 4.77027618391E+02 -1.80452700255E+02 4.99525991085E+02 -2.80873961324E+02 6.64943119175E+02 -5.72281860786E+01 3.71052532848E+02 
3.90000000000E+01 3.95000000000E+01 4.00000000000E+01 8.43090618809E+02 4.90122123799E+02 1.05840887359E+03 6.83228847234E+02 7.04862109776E+02 3.64012365703E+02 8.16892280722E+02 4.74194475620E+02 8.54597563142E+02 4.98650215265E+02 1.02517780460E+03 6.61002223760E+02 7.05020277851E+02 3.70327543789E+02 
4.00000000000E+01 4.05000000000E+01 4.10000000000E+01 3.90991384283E+02 3.74407056072E+01 4.23943397178E+02 5.11351336457E+01 3.61425974237E+02 2.84033270685E+01 3.63538852752E+02 3.60902661702E+01 3.98556825298E+02 3.99394053958E+01 3.93227969692E+02 4.94959217875E+01 3.66187022210E+02 3.01864506634E+01 
4.10000000000E+01 4.15000000000E+01 4.20000000000E+01 7.13580941821E+02 4.01863665440E+02 8.85460667124E+02 5.60728276545E+02 5.85066078524E+02 2.98193773460E+02 7.02335976091E+02 3.78536910323E+02 7.34597901317E+02 4.19266024624E+02 8.67965985345E+02 5.28168663598E+02 6.03120074817E+02 3.11113011696E+02 
4.20000000000E+01 4.25000000000E+01 4.30000000000E+01 2.39925613144E+02 4.95010863936E+01 2.23359288467E+02 7.12283317496E+01 2.43344045437E+02 3.61182006412E+01 2.28157334784E+02 4.73703500129E+01 2.55000670848E+02 5.17590486011E+01 2.19087793806E+02 6.87368849192E+01 2.56927192349E+02 3.80625275759E+01 
4.30000000000E+01 4.35000000000E+01 4.40000000000E+01 3.54651008018E+02 7.30223825767E+01 4.10978522804E+02 1.00150910373E+02 3.27012458776E+02 5.54127597079E+01 3.57117528758E+02 7.05560916270E+01 3.58137523218E+02 7.56389928133E+01 4.18846358970E+02 9.68924479870E+01 3.26260956794E+02 5.73681848513E+01 
4.40000000000E+01 4.45000000000E+01 4.50000000000E+01 1.66179798596E+02 9.04275785274E+01 1.36262120369E+02 1.25843735895E+02 1.83711016761E+02 6.73611445679E+01 1.44021908884E+02 8.58047606271E+01 1.70874384788E+02 9.42941370788E+01 1.09516840175E+02 1.19649362970E+02 1.90282893678E+02 7.02322599374E+01 
4.50000000000E+01 4.55000000000E+01 4.60000000000E+01 3.23250521327E+02 1.14627643867E+02 3.64323857530E+02 1.57961583633E+02 2.89612930803E+02 8.62340564693E+01 3.14189492002E+02 1.15449266696E+02 3.27108971009E+02 1.13641354444E+02 3.60292263186E+02 1.58956346976E+02 3.00059072307E+02 8.54507443043E+01 
4.60000000000E+01 4.65000000000E+01 4.70000000000E+01 2.61235122895E+02 3.41616330247E+01 2.82966728708E+02 4.57163493577E+01 2.33693629060E+02 2.63279545666E+01 2.65884746446E+02 3.96572812692E+01 2.51761398476E+02 3.10252719098E+01 3.06986801802E+02 5.37456961589E+01 2.28845016731E+02 2.40995120876E+01 
4.70000000000E+01 4.75000000000E+01 4.80000000000E+01 1.48204315111E+02 1.10991304586E+02 1.22010030451E+02 1.54342374766E+02 1.71384588215E+02 8.27036354805E+01 1.63675517804E+02 1.11706075513E+02 1.34418069134E+02 1.10075875600E+02 1.25444098879E+02 1.55155339818E+02 1.55097814231E+02 8.19553059033E+01 
4.80000000000E+01 4.85000000000E+01 4.90000000000E+01 1.75948863242E+02 3.26586895701E+01 1.77459504914E+02 4.46730838241E+01 1.88528747755E+02 2.50485616700E+01 1.78408748415E+02 3.43090512225E+01 1.87641721120E+02 3.19645166259E+01 1.67581160802E+02 4.71907392527E+01 1.98154370351E+02 2.46356367090E+01 
4.90000000000E+01 4.95000000000E+01 5.00000000000E+01 3.02395924554E+02 9.01058205848E+01 3.44881447091E+02 1.23901979738E+02 2.70876662390E+02 6.79045719400E+01 2.86747834803E+02 9.02095836629E+01 2.82736313386E+02 9.03811387043E+01 3.41569070723E+02 1.23936826366E+02 2.60791827268E+02 6.80432613928E+01 
5.00000000000E+01 5.05000000000E+01 5.10000000000E+01 1.72662460678E+02 2.65754009430E+01 1.56806729877E+02 3.50247772075E+01 1.74506437547E+02 2.09917156399E+01 1.67530747464E+02 2.63383497849E+01 1.83140876841E+02 2.68690324473E+01 1.65475298958E+02 3.46091708138E+01 1.77788308059E+02 2.13228617975E+01 
5.10000000000E+01 5.15000000000E+01 5.20000000000E+01 2.20298302382E+02 3.62472375071E+01 2.34004632254E+02 5.04804081776E+01 2.09114424459E+02 2.73639828569E+01 2.34129528097E+02 3.64001412410E+01 2.17834936912E+02 3.68408911873E+01 2.47353172795E+02 5.04556965576E+01 2.02172522047E+02 2.75983763317E+01 
5.20000000000E+01 5.25000000000E+01 5.30000000000E+01 1.33552259426E+02 5.81703940991E+01 1.16675083426E+02 8.09419991849E+01 1.33560763055E+02 4.32092811898E+01 1.34312272145E+02 5.67128554178E+01 1.35222260386E+02 5.93916672707E+01 1.14898996859E+02 7.89731629975E+01 1.43447994412E+02 4.41940037443E+01 
5.30000000000E+01 5.35000000000E+01 5.40000000000E+01 1.83514859483E+02 2.52432602915E+01 1.90803614851E+02 3.43061967685E+01 1.71693777447E+02 1.92684664639E+01 1.90233131684E+02 2.52453647646E+01 1.74741292104E+02 2.73517106334E+01 2.04998754927E+02 3.42914388642E+01 1.68635885770E+02 2.08937191029E+01 
5.40000000000E+01 5.45000000000E+01 5.50000000000E+01 2.96341704543E+02 1.45047872884E+02 3.50082237626E+02 2.02137327360E+02 2.55204876075E+02 1.07748224746E+02 2.93253351768E+02 1.43950304971E+02 2.99735984582E+02 1.45444156808E+02 3.47076319850E+02 2.00627313127E+02 2.49770278861E+02 1.08038484649E+02 
5.50000000000E+01 5.55000000000E+01 5.60000000000E+01 -4.65294062903E+01 1.78082246558E+02 -1.25097086230E+02 2.47703083469E+02 2.44905221282E+00 1.32570151072E+02 -4.24132453736E+01 1.73842939272E+02 -5.75412292632E+01 1.81224125289E+02 -1.12342944779E+02 2.41737250686E+02 -8.72543452900E+00 1.34881305614E+02 
5.60000000000E+01 5.65000000000E+01 5.70000000000E+01 1.66507858160E+02 1.15764266258E+01 1.68271376474E+02 1.51963713535E+01 1.54859442242E+02 9.38676203340E+00 1.59407410345E+02 1.04658498677E+01 1.62188237515E+02 1.43152010360E+01 1.63784708047E+02 1.41857771759E+01 1.58185889788E+02 1.11681483166E+01 
5.70000000000E+01 5.75000000000E+01 5.80000000000E+01 1.50653929642E+02 1.47359775322E+01 1.49732028669E+02 1.89513335278E+01 1.43542273735E+02 1.17966565371E+01 1.48431078019E+02 1.47629573749E+01 1.50867542196E+02 1.53058487416E+01 1.48272652752E+02 1.95603522159E+01 1.40850073685E+02 1.22502634400E+01 
5.80000000000E+01 5.85000000000E+01 5.90000000000E+01 9.99751472985E+02 9.02707025885E+02 1.34156776666E+03 1.26150368680E+03 7.72165460242E+02 6.69043034794E+02 9.54311402037E+02 8.63183221431E+02 1.03225906878E+03 9.29813990162E+02 1.27533280015E+03 1.20626893569E+03 7.95100391086E+02 6.89135832137E+02 
5.90000000000E+01 5.95000000000E+01 6.00000000000E+01 1.25037883082E+02 1.04114589964E+01 1.23962289215E+02 1.37816433547E+01 1.15831601110E+02 8.18697061685E+00 1.18242404455E+02 1.14968364491E+01 1.20737664392E+02 1.04779180899E+01 1.19935650218E+02 1.53204664744E+01 1.16892981466E+02 8.11650258160E+00 
6.00000000000E+01 6.05000000000E+01 6.10000000000E+01 1.38584720688E+02 1.75929063997E+01 1.56402398637E+02 2.25897055846E+01 1.31740274190E+02 1.45196077479E+01 1.41608862974E+02 2.01510467842E+01 1.43282547248E+02 1.66030441614E+01 1.51186357939E+02 2.58203054912E+01 1.34939510541E+02 1.36979859438E+01 
6.10000000000E+01 6.15000000000E+01 6.20000000000E+01 1.20481130930E+02 1.47771576303E+01 1.21575694136E+02 1.86445538751E+01 1.18988342743E+02 1.22783133254E+01 1.26304624239E+02 1.63709833572E+01 1.19552210675E+02 1.41551887190E+01 1.27760101047E+02 2.11159128159E+01 1.16670149985E+02 1.17848939215E+01 
6.20000000000E+01 6.25000000000E+01 6.30000000000E+01 1.10793375936E+02 9.76704492559E+00 1.09264438231E+02 1.28478611904E+01 1.11721388330E+02 8.05996533028E+00 1.11912712665E+02 1.00594626696E+01 1.14949827326E+02 1.02037238707E+01 1.08067201643E+02 1.30116050750E+01 1.14522331996E+02 8.37899612215E+00 
6.30000000000E+01 6.35000000000E+01 6.40000000000E+01 9.49693374600E-01 1.13097864447E+02 -4.04225337839E+01 1.57785909233E+02 2.86376117901E+01 8.39352514763E+01 7.51256840416E+00 1.09287530043E+02 4.46952568243E+00 1.15505301561E+02 -2.54011341393E+01 1.52482911298E+02 3.02473598294E+01 8.57121064859E+01 
6.40000000000E+01 6.45000000000E+01 6.50000000000E+01 1.01927020658E+02 2.92869070484E+01 9.97152338892E+01 4.06676211547E+01 1.00650507402E+02 2.19174439445E+01 9.28603477831E+01 2.78173041791E+01 1.08032158778E+02 3.06307306880E+01 9.70769362352E+01 3.87393188045E+01 1.07570580023E+02 2.29589263103E+01 
6.50000000000E+01 6.55000000000E+01 6.60000000000E+01 -7.50833630744E+02 8.21203932579E+02 -1.06205682111E+03 1.14518569475E+03 -5.25122160401E+02 6.09638604314E+02 -6.57107936499E+02 7.50990015403E+02 -8.25193955456E+02 8.80160195228E+02 -9.75602225009E+02 1.04731766663E+03 -5.78113016659E+02 6.53403036887E+02 
6.60000000000E+01 6.65000000000E+01 6.70000000000E+01 9.07310803561E+02 8.03927535245E+02 1.22826620042E+03 1.12111170886E+03 6.97726729861E+02 5.96826330172E+02 8.27441202367E+02 7.35198725592E+02 9.75179891758E+02 8.61656660987E+02 1.12086317109E+03 1.02526720012E+03 7.41688090179E+02 6.39677710570E+02 
6.70000000000E+01 6.75000000000E+01 6.80000000000E+01 9.07404236072E+01 1.39055915426E+01 7.93277883898E+01 1.79313508030E+01 8.91486841835E+01 1.11982397145E+01 8.63215319603E+01 1.42183041917E+01 9.21905801646E+01 1.38902446033E+01 8.31339411033E+01 1.81756425039E+01 8.61870467942E+01 1.09459496650E+01 
6.80000000000E+01 6.85000000000E+01 6.90000000000E+01 -1.16627056545E+02 1.96983705206E+02 -1.94978069629E+02 2.74918151544E+02 -6.41197206760E+01 1.46162260175E+02 -1.06127529138E+02 1.88393462373E+02 -1.21397679896E+02 2.02809711581E+02 -1.81169862928E+02 2.62928539767E+02 -6.56496239846E+01 1.50484112774E+02 
6.90000000000E+01 6.95000000000E+01 7.00000000000E+01 6.74502906412E+01 5.13767113581E+01 5.99947888425E+01 7.03175834474E+01 7.03704912559E+01 3.88874475843E+01 7.38097499665E+01 5.00512151510E+01 7.32271576081E+01 5.23132406106E+01 5.82556166249E+01 6.83774632840E+01 7.13754158948E+01 3.95405705070E+01 
7.00000000000E+01 7.05000000000E+01 7.10000000000E+01 8.46728575220E+01 1.53172075808E+01 8.50950019056E+01 2.06804751166E+01 8.21928886054E+01 1.20002803585E+01 8.65293639202E+01 1.53075748726E+01 8.81100719447E+01 1.56504504994E+01 9.49621000484E+01 2.08098429496E+01 8.30712388560E+01 1.21029274573E+01 
7.10000000000E+01 7.15000000000E+01 7.20000000000E+01 -7.55045877516E+02 1.08338908036E+03 -1.09372475630E+03 1.51088359653E+03 -5.40812765937E+02 8.04271462808E+02 -6.76863148755E+02 9.92448286172E+02 -8.26245497640E+02 1.15946738941E+03 -9.81303438511E+02 1.38406049647E+03 -5.93533585796E+02 8.60749380569E+02 
7.20000000000E+01 7.25000000000E+01 7.30000000000E+01 1.12757877415E+03 1.06053046336E+03 1.54052872171E+03 1.47895275540E+03 8.56150777449E+02 7.87323617355E+02 1.04088839931E+03 9.69670000656E+02 1.19866880069E+03 1.13678603799E+03 1.41582613220E+03 1.35223919093E+03 9.09455231270E+02 8.43932796048E+02 
7.30000000000E+01 7.35000000000E+01 7.40000000000E+01 3.86652066060E+01 3.15209109193E+01 2.45134172308E+01 4.38320853915E+01 4.51267172705E+01 2.35335085321E+01 4.20317930188E+01 3.03512438456E+01 3.73065931278E+01 3.23265443209E+01 2.87131037615E+01 4.21479374216E+01 4.49047820445E+01 2.41272385901E+01 
7.40000000000E+01 7.45000000000E+01 7.50000000000E+01 8.05647971286E+01 1.15082079402E+01 8.37865274983E+01 1.51951693086E+01 7.62726248721E+01 9.19705224182E+00 8.02718693695E+01 1.27738412001E+01 7.40205682515E+01 1.10079004365E+01 8.85676867015E+01 1.71091730275E+01 7.36240083555E+01 8.91225272268E+00 
7.50000000000E+01 7.55000000000E+01 7.60000000000E+01 9.36556237624E+01 1.85771876499E+01 1.04672502306E+02 2.57966212265E+01 8.77336942502E+01 1.39071619116E+01 9.23154793709E+01 1.82044016214E+01 9.69936939322E+01 1.88924217692E+01 1.03470643921E+02 2.52716801269E+01 8.45802848798E+01 1.40971318818E+01 
7.60000000000E+01 7.65000000000E+01 7.70000000000E+01 9.62106159456E+01 2.27870775092E+01 1.06833129661E+02 3.13989599102E+01 8.91501913483E+01 1.70919395473E+01 9.41696175792E+01 2.28603383781E+01 9.75057540981E+01 2.25862288303E+01 1.10003273498E+02 3.16784412692E+01 9.11878921485E+01 1.70058545643E+01 
7.70000000000E+01 7.75000000000E+01 7.80000000000E+01 6.22422727695E+01 2.31057925842E+01 5.43778181924E+01 3.12975917571E+01 6.14883970660E+01 1.76828904123E+01 5.86260475882E+01 2.33034457189E+01 6.39617923595E+01 2.28419713026E+01 5.74289774957E+01 3.16499289251E+01 6.27456799911E+01 1.74776638458E+01 
7.80000000000E+01 7.85000000000E+01 7.90000000000E+01 7.76020483841E+01 1.41938347794E+01 8.74861967296E+01 1.98221639847E+01 7.25995507206E+01 1.06385136896E+01 7.96107262251E+01 1.39254074474E+01 7.40244229509E+01 1.44981852094E+01 8.47810020631E+01 1.93230842908E+01 7.10883721034E+01 1.07848895450E+01 
7.90000000000E+01 7.95000000000E+01 8.00000000000E+01 3.16451132636E+01 1.91101728946E+01 1.78105236385E+01 2.52408560909E+01 3.92405779008E+01 1.50522647319E+01 2.47767150396E+01 2.00846698409E+01 2.86012065206E+01 1.85258692880E+01 1.10615793778E+01 2.63037855124E+01 3.50847499327E+01 1.45592101960E+01 
8.00000000000E+01 8.05000000000E+01 8.10000000000E+01 1.10509420756E+02 3.74132562137E+01 1.21097527116E+02 4.89457359135E+01 9.76941414717E+01 2.94606781541E+01 1.15969580344E+02 3.94223168302E+01 1.03982527987E+02 3.57817214762E+01 1.32515715071E+02 5.16400283362E+01 9.25686156690E+01 2.81697803600E+01 
8.10000000000E+01 8.15000000000E+01 8.20000000000E+01 2.92987221849E+01 2.00233973003E+01 2.44926954953E+01 2.61763483774E+01 3.78569162110E+01 1.58930607066E+01 2.39005161563E+01 2.12440412773E+01 3.87888019315E+01 1.94877071496E+01 1.94104933745E+01 2.78233999792E+01 4.04741199595E+01 1.54069435124E+01 
8.20000000000E+01 8.25000000000E+01 8.30000000000E+01 4.83379520132E+01 6.10509755394E+00 4.35325848838E+01 8.45035367080E+00 4.78754857119E+01 4.64244803064E+00 4.35769922478E+01 6.23863635276E+00 4.46112592889E+01 5.96740724061E+00 4.29254282371E+01 8.61358679522E+00 4.50447206699E+01 4.60317946781E+00 
8.30000000000E+01 8.35000000000E+01 8.40000000000E+01 5.26799839629E+01 1.14462014423E+01 5.01521809993E+01 1.31754438185E+01 5.36981382009E+01 1.00414281600E+01 5.04710144516E+01 1.11260180786E+01 5.08841231213E+01 1.18887135902E+01 4.81741528446E+01 1.30500531406E+01 5.00213762748E+01 1.03975462262E+01 
8.40000000000E+01 8.45000000000E+01 8.50000000000E+01 5.04199584460E+01 3.57696626387E+00 5.05228252544E+01 4.41271018380E+00 4.77459424108E+01 2.90374246219E+00 4.84865922503E+01 3.56376510429E+00 4.81039485430E+01 3.46624751342E+00 5.08005818548E+01 4.60598704443E+00 4.85869337047E+01 3.03343757300E+00 
8.50000000000E+01 8.55000000000E+01 8.60000000000E+01 4.43289640139E+01 4.48158821094E+00 4.85241763795E+01 5.51176542492E+00 4.42113278005E+01 3.68845246535E+00 4.25212932937E+01 4.65823289229E+00 4.75065560608E+01 4.75811123902E+00 4.43088188215E+01 5.49871969226E+00 4.50422897439E+01 3.87976459849E+00 
8.60000000000E+01 8.65000000000E+01 8.70000000000E+01 4.14227838202E+01 4.92681203498E+00 4.48394812687E+01 7.51163686382E+00 4.14709236850E+01 3.90560964495E+00 4.07480530053E+01 6.75525974822E+00 4.37472647892E+01 3.91658757655E+00 4.37536843502E+01 1.03676175179E+01 4.23252520317E+01 3.22597946970E+00 
8.70000000000E+01 8.75000000000E+01 8.80000000000E+01 5.01282402206E+01 4.67083486433E+00 5.19127183823E+01 6.58359430218E+00 4.77913278522E+01 3.63000062439E+00 5.20825227673E+01 6.06146230068E+00 4.74863186808E+01 4.07036874007E+00 5.53353854146E+01 8.41309911490E+00 4.29866381618E+01 2.92640239449E+00 
8.80000000000E+01 8.85000000000E+01 8.90000000000E+01 4.09718547880E+01 4.26567715138E+00 3.86464827062E+01 5.32824458644E+00 4.02465765749E+01 3.39297748827E+00 4.03723418584E+01 5.13469466028E+00 4.09691231609E+01 3.81522524643E+00 4.03718428340E+01 7.32071431325E+00 4.33646610620E+01 3.21763112210E+00 
8.90000000000E+01 8.95000000000E+01 9.00000000000E+01 4.82716089749E+01 4.51316296679E+00 4.92628454951E+01 6.22929415570E+00 4.41958544685E+01 3.40556765797E+00 4.97673052869E+01 6.05658869352E+00 4.32795385944E+01 3.93576720146E+00 5.28816033385E+01 8.41440419034E+00 4.12662642234E+01 3.05546194058E+00 
9.00000000000E+01 9.05000000000E+01 9.10000000000E+01 3.78580955950E+01 9.15692313784E+00 3.88335933078E+01 1.24402195303E+01 3.79298967605E+01 6.99816529194E+00 3.97622093961E+01 1.05114637355E+01 3.66492104861E+01 8.64612978107E+00 4.01501349367E+01 1.43714173274E+01 3.61263639410E+01 6.55631634007E+00 
9.10000000000E+01 9.15000000000E+01 9.20000000000E+01 4.25431677347E+01 8.53929324586E+00 4.42423102232E+01 1.14173807201E+01 4.05763270041E+01 6.63944242593E+00 4.36479277800E+01 8.55574648567E+00 3.99404326429E+01 9.06667239157E+00 4.57752687755E+01 1.13878394396E+01 4.09530289723E+01 7.04390301150E+00 
9.20000000000E+01 9.25000000000E+01 9.30000000000E+01 3.51481787189E+01 3.84789464525E+00 3.46836884898E+01 5.08083675282E+00 3.44986973994E+01 3.16337449327E+00 3.56859264932E+01 3.97385250796E+00 3.79153040015E+01 4.14760380855E+00 3.49410781880E+01 5.39241154846E+00 3.60108067196E+01 3.23405687831E+00 
9.30000000000E+01 9.35000000000E+01 9.40000000000E+01 4.05589832774E+01 5.71869551917E+00 4.31376939211E+01 7.76356326476E+00 3.83035417269E+01 4.33268967988E+00 4.06895278654E+01 6.11781160076E+00 4.25434268172E+01 5.40419138806E+00 4.27722654883E+01 8.41435032172E+00 4.06858276682E+01 4.11163584674E+00 
9.40000000000E+01 9.45000000000E+01 9.50000000000E+01 3.84321565283E+01 3.80604392180E+00 3.82178525783E+01 5.09956518300E+00 3.67879656726E+01 2.95402713885E+00 3.70988651162E+01 4.77953280171E+00 3.50214602376E+01 2.93260576433E+00 4.12949175855E+01 6.75416253586E+00 3.48151017209E+01 2.34338403582E+00 
9.50000000000E+01 9.55000000000E+01 9.60000000000E+01 3.16440109279E+01 5.31394523649E+00 3.34707850925E+01 6.01333179151E+00 3.07185531632E+01 4.75232325543E+00 3.19619476857E+01 5.17818462023E+00 3.08825331820E+01 5.61232605115E+00 3.35394411544E+01 6.11211841896E+00 3.03692597950E+01 4.98650618403E+00 
9.60000000000E+01 9.65000000000E+01 9.70000000000E+01 3.44795823942E+01 4.93214594726E+00 3.45077806169E+01 5.86430429722E+00 3.48053356482E+01 4.39870848852E+00 3.49870077196E+01 4.67617202252E+00 3.49954889150E+01 5.34274174653E+00 3.18021220538E+01 5.66109367807E+00 3.43965321000E+01 4.60675410373E+00 
9.70000000000E+01 9.75000000000E+01 9.80000000000E+01 3.76349174920E+01 5.65601150043E+00 3.95505990935E+01 7.33522322563E+00 3.43482249032E+01 4.50204153708E+00 3.57906589486E+01 4.53335446638E+00 3.83542032261E+01 7.49060543944E+00 3.77450757180E+01 5.68312297884E+00 3.67807488018E+01 5.88344198170E+00 
9.80000000000E+01 9.85000000000E+01 9.90000000000E+01 3.22890930527E+01 2.63721656103E+00 3.13105222041E+01 3.27003921790E+00 3.09397387106E+01 2.12383560185E+00 3.09034888513E+01 3.24132697529E+00 3.05436242415E+01 2.49893742540E+00 3.13179366731E+01 4.31728905230E+00 3.01722137435E+01 2.08277042932E+00 
9.90000000000E+01 9.95000000000E+01 1.00000000000E+02 2.91949413049E+01 3.27750936392E+00 2.57999570987E+01 4.22665607566E+00 2.80815392211E+01 2.70031312006E+00 3.09162951936E+01 3.42737478950E+00 2.81665893079E+01 3.29084886778E+00 2.96295884128E+01 4.49119170286E+00 2.66676532167E+01 2.70329933232E+00 
#nx: 3
