#labels: yz_all_lower[1] yz_all_center[2] yz_all_upper[3] tot_scale01[4] tot_scale01_Err[5] tot_scale02[6] tot_scale02_Err[7] tot_scale03[8] tot_scale03_Err[9] tot_scale04[10] tot_scale04_Err[11] tot_scale05[12] tot_scale05_Err[13] tot_scale06[14] tot_scale06_Err[15] tot_scale07[16] tot_scale07_Err[17]
#neval: 28693349658
#overflow:lower center upper 1.00946589169E+01 1.44122817392E+00 9.05931952017E+00 2.21352936062E+00 1.04090156291E+01 1.09539250530E+00 1.19619480742E+01 1.39914635484E+00 8.07174909228E+00 2.57739320345E+00 1.15264548329E+01 1.40291492222E+00 8.95006244713E+00 1.72718007135E+00 
-5.00000000000E+00 -4.87500000000E+00 -4.75000000000E+00 3.66067728852E+02 7.30697595431E+01 3.57405042983E+02 9.65224355648E+01 3.80610043102E+02 5.75556527359E+01 3.32862034457E+02 7.63296218849E+01 3.78153219662E+02 7.67637794800E+01 3.09133986531E+02 1.02909695791E+02 3.92029641625E+02 6.06370854736E+01 
-4.75000000000E+00 -4.62500000000E+00 -4.50000000000E+00 4.64303537057E+03 6.38578031543E+02 4.35480408634E+03 8.52765111647E+02 4.80888750186E+03 4.98105572148E+02 4.80542669554E+03 6.26205037161E+02 4.06978450702E+03 6.67516916383E+02 4.40593830997E+03 8.35863939559E+02 4.37466421213E+03 5.20734984464E+02 
-4.50000000000E+00 -4.37500000000E+00 -4.25000000000E+00 2.21910356803E+04 4.12050738740E+03 1.96613743894E+04 4.33085222549E+03 2.36982129143E+04 3.87223188674E+03 2.22702548332E+04 2.65996676293E+03 2.23449543011E+04 5.90947196751E+03 2.01027916023E+04 2.63274611155E+03 2.37090863963E+04 5.38357459837E+03 
-4.25000000000E+00 -4.12500000000E+00 -4.00000000000E+00 7.46617390278E+04 1.79233932147E+04 7.02714709523E+04 2.07568178615E+04 7.72770000466E+04 1.62860807208E+04 7.33590830623E+04 1.37062038974E+04 7.70440865758E+04 2.30189511625E+04 7.00219033838E+04 1.60303427244E+04 7.99906542102E+04 2.07936958177E+04 
-4.00000000000E+00 -3.87500000000E+00 -3.75000000000E+00 1.26074612714E+05 2.78556206054E+04 1.22295145810E+05 3.77089939825E+04 1.27050643703E+05 2.20297596444E+04 1.19423514437E+05 2.30829138687E+04 1.28811667466E+05 3.46024251621E+04 1.16136840309E+05 3.14692424333E+04 1.32651058627E+05 2.74143700767E+04 
-3.75000000000E+00 -3.62500000000E+00 -3.50000000000E+00 1.35623625283E+05 1.64089436654E+04 1.16565645111E+05 2.24642245640E+04 1.47725141519E+05 1.39154135131E+04 1.34356254395E+05 1.08815942856E+04 1.35810792335E+05 2.27558556097E+04 1.16162694989E+05 1.40755807623E+04 1.49061229219E+05 1.82721996606E+04 
-3.50000000000E+00 -3.37500000000E+00 -3.25000000000E+00 5.32461834102E+05 3.36432774146E+05 6.59845667088E+05 4.69440748713E+05 4.51895480068E+05 2.49702101329E+05 5.60159352838E+05 3.59016061627E+05 5.06148150140E+05 3.15817889102E+05 6.98575331283E+05 5.00990632121E+05 4.33702723243E+05 2.34454100705E+05 
-3.25000000000E+00 -3.12500000000E+00 -3.00000000000E+00 2.31784702214E+05 3.11474815321E+04 2.17062735996E+05 3.62989628750E+04 2.42963759080E+05 2.79552865417E+04 2.31109252591E+05 2.82518544702E+04 2.33285175210E+05 3.54067022834E+04 2.21479228808E+05 3.39360804696E+04 2.45869319702E+05 3.21912550763E+04 
-3.00000000000E+00 -2.87500000000E+00 -2.75000000000E+00 3.80818955170E+05 9.77928590392E+04 4.23507203802E+05 1.35260675524E+05 3.55579525972E+05 7.34589644842E+04 3.65573750413E+05 9.42661595344E+04 3.99579893521E+05 1.01626400276E+05 4.06177281866E+05 1.30758126600E+05 3.70898352907E+05 7.67794004914E+04 
-2.75000000000E+00 -2.62500000000E+00 -2.50000000000E+00 2.29505784648E+05 3.09544991146E+04 2.03552852953E+05 3.79974161728E+04 2.50932879222E+05 2.63549145519E+04 2.33148335498E+05 2.68995859038E+04 2.37668354325E+05 3.69938200047E+04 2.10126908936E+05 3.38362870788E+04 2.55989972841E+05 3.17367242163E+04 
-2.50000000000E+00 -2.37500000000E+00 -2.25000000000E+00 2.63791563594E+05 4.64614212473E+04 2.37184027661E+05 6.01714899494E+04 2.84667133478E+05 3.79779714992E+04 2.48847335286E+05 3.70731932778E+04 2.88978683614E+05 6.08721256090E+04 2.23667733887E+05 4.84735359794E+04 3.06580745060E+05 4.96429113549E+04 
-2.25000000000E+00 -2.12500000000E+00 -2.00000000000E+00 1.75874166678E+05 4.31767791487E+04 1.34581876247E+05 5.16475749390E+04 2.08519978754E+05 3.69175502704E+04 1.87446299331E+05 3.93641666482E+04 1.64755550079E+05 4.76414126057E+04 1.53050865659E+05 4.74376776357E+04 2.03515698715E+05 4.09311133155E+04 
-2.00000000000E+00 -1.87500000000E+00 -1.75000000000E+00 2.53684568739E+05 8.65139224669E+04 2.17096696194E+05 1.12449414578E+05 2.82601616826E+05 7.03265710469E+04 2.56567348903E+05 7.54134581003E+04 2.57572871442E+05 9.96182760836E+04 2.24167233137E+05 9.85278008467E+04 2.87970191844E+05 8.10584168790E+04 
-1.75000000000E+00 -1.62500000000E+00 -1.50000000000E+00 3.37228329893E+05 1.39738198838E+05 3.41561644157E+05 1.93319032627E+05 3.40774753591E+05 1.04772602353E+05 3.23865992503E+05 1.29561642869E+05 3.58742053759E+05 1.49766789883E+05 3.25046842504E+05 1.79619771505E+05 3.58578506984E+05 1.12713448802E+05 
-1.50000000000E+00 -1.37500000000E+00 -1.25000000000E+00 2.58557769406E+05 8.15618608551E+04 2.19813825840E+05 1.13743036316E+05 2.86350816441E+05 6.03755731048E+04 2.75000319508E+05 7.37645566918E+04 2.32868639517E+05 9.00781676202E+04 2.48526194466E+05 1.01366349564E+05 2.73950311944E+05 6.53225190264E+04 
-1.25000000000E+00 -1.12500000000E+00 -1.00000000000E+00 2.19353139916E+05 3.89070153795E+04 1.60788182508E+05 5.19877116991E+04 2.64946718943E+05 3.07242614288E+04 2.37344860800E+05 3.40737731060E+04 1.96565644707E+05 4.77759586082E+04 1.86237455106E+05 4.52512525510E+04 2.52126661022E+05 3.72945866058E+04 
-1.00000000000E+00 -8.75000000000E-01 -7.50000000000E-01 3.70083615738E+05 1.16027967640E+05 3.76126714810E+05 1.64369279921E+05 3.70457932224E+05 8.56394025717E+04 3.68926541337E+05 1.08837231228E+05 3.61076799572E+05 1.22022312517E+05 3.77423745637E+05 1.54594443230E+05 3.69053695722E+05 9.04743609508E+04 
-7.50000000000E-01 -6.25000000000E-01 -5.00000000000E-01 4.70017808520E+05 1.08471884720E+05 5.05997300641E+05 1.53073089011E+05 4.52994098624E+05 8.03000253294E+04 4.67427448708E+05 9.93550642069E+04 4.72585212889E+05 1.16242617167E+05 5.04161037315E+05 1.40777444117E+05 4.60395331924E+05 8.65126874116E+04 
-5.00000000000E-01 -3.75000000000E-01 -2.50000000000E-01 3.37413424131E+05 8.11991991850E+04 3.11110458642E+05 1.10756273861E+05 3.58345661958E+05 6.22498939040E+04 3.26116478156E+05 7.38945445726E+04 3.41546161182E+05 8.93519741092E+04 3.02719141802E+05 1.01401861959E+05 3.68383915450E+05 6.90098213388E+04 
-2.50000000000E-01 -1.25000000000E-01 0.00000000000E+00 2.38429195694E+05 9.01946135246E+04 1.74908426726E+05 1.24099894282E+05 2.85731327395E+05 6.80322200239E+04 2.55413235533E+05 8.17579306574E+04 2.22141233053E+05 9.98739292692E+04 2.03317130489E+05 1.12889928880E+05 2.77727476788E+05 7.56655442298E+04 
0.00000000000E+00 1.25000000000E-01 2.50000000000E-01 1.44657528362E+05 1.93736409731E+05 7.90650326440E+04 2.54613440834E+05 1.99577533005E+05 1.52589254814E+05 1.45667187077E+05 1.71312838052E+05 1.40195305445E+05 2.16813766915E+05 7.88634116119E+04 2.25109676091E+05 1.97312093406E+05 1.70423661002E+05 
2.50000000000E-01 3.75000000000E-01 5.00000000000E-01 3.11011452460E+05 6.18187683236E+04 2.78937828405E+05 8.42116504065E+04 3.38485388962E+05 4.73088329218E+04 3.05035283352E+05 5.48029342272E+04 3.25461938326E+05 7.22064446550E+04 2.74075533925E+05 7.55588973602E+04 3.48848703977E+05 5.60702295466E+04 
5.00000000000E-01 6.25000000000E-01 7.50000000000E-01 -1.80483472236E+05 2.29717094890E+05 -3.94713019130E+05 3.18170906655E+05 -3.22384603524E+04 1.71945691424E+05 -1.52555555083E+05 2.17611772922E+05 -2.07723111462E+05 2.39728789090E+05 -3.57859294520E+05 3.01919571618E+05 -4.87828379894E+04 1.79867448056E+05 
7.50000000000E-01 8.75000000000E-01 1.00000000000E+00 3.58721510425E+05 2.57752973121E+05 3.58536481278E+05 3.59687902983E+05 3.65331539123E+05 1.91272448773E+05 3.65254971050E+05 2.46331328279E+05 3.44499353180E+05 2.65674254670E+05 3.67424667900E+05 3.43729864711E+05 3.60317510222E+05 1.97145991373E+05 
1.00000000000E+00 1.12500000000E+00 1.25000000000E+00 2.41665735965E+05 1.52602202143E+05 1.89399858812E+05 2.11873577218E+05 2.81496975193E+05 1.13967036419E+05 2.44250693271E+05 1.38172585302E+05 2.35472824979E+05 1.65284681685E+05 1.96561133417E+05 1.91971541892E+05 2.79552305317E+05 1.23575243279E+05 
1.25000000000E+00 1.37500000000E+00 1.50000000000E+00 3.66664429594E+04 1.39275593772E+05 -6.53660932966E+04 1.76856500824E+05 1.09532136857E+05 1.12794558997E+05 7.62648683327E+04 1.17878193880E+05 -6.55016541230E+03 1.60493299659E+05 -7.18253181038E+03 1.48285596823E+05 7.92389697053E+04 1.29034556669E+05 
1.50000000000E+00 1.62500000000E+00 1.75000000000E+00 3.14389798933E+05 4.65428145614E+04 3.10198242838E+05 6.42121427608E+04 3.23031915576E+05 3.50941577475E+04 3.22830302039E+05 4.29671571335E+04 3.04618367878E+05 4.98097348526E+04 3.23808366671E+05 5.94692390691E+04 3.17965039491E+05 3.77347824999E+04 
1.75000000000E+00 1.87500000000E+00 2.00000000000E+00 3.46775970842E+05 6.04188095155E+04 3.48526782411E+05 8.40973002300E+04 3.49905785813E+05 4.50397090998E+04 3.45093407166E+05 5.67215288205E+04 3.48287891351E+05 6.35247319962E+04 3.52502961379E+05 7.90368853408E+04 3.51817307806E+05 4.74638574253E+04 
2.00000000000E+00 2.12500000000E+00 2.25000000000E+00 5.45901017676E+05 2.24915009672E+05 6.41599090463E+05 3.14933711275E+05 4.90529406327E+05 1.66439408399E+05 5.28560690661E+05 2.03525609374E+05 5.56459043015E+05 2.43634928269E+05 6.16013587145E+05 2.85037672620E+05 4.99530227949E+05 1.80326376412E+05 
2.25000000000E+00 2.37500000000E+00 2.50000000000E+00 2.01282198104E+05 8.00045399702E+04 1.68113850345E+05 1.08845102346E+05 2.29766533004E+05 6.09852322794E+04 2.15668403715E+05 7.26788130766E+04 1.91306954870E+05 8.65340324431E+04 1.86110514804E+05 9.86583633646E+04 2.24148876797E+05 6.58308013635E+04 
2.50000000000E+00 2.62500000000E+00 2.75000000000E+00 2.47011560114E+05 8.95001298095E+04 2.27295348810E+05 1.25158532031E+05 2.63997628229E+05 6.60085461080E+04 2.48163180972E+05 7.95010947075E+04 2.30758168963E+05 9.95805023578E+04 2.32434561245E+05 1.10736610493E+05 2.53214377985E+05 7.29441812743E+04 
2.75000000000E+00 2.87500000000E+00 3.00000000000E+00 1.96899109413E+05 1.42289787474E+05 1.63960077521E+05 1.98385410196E+05 2.20604403807E+05 1.05659737985E+05 1.91747579834E+05 1.41156850562E+05 1.99943746813E+05 1.43055654681E+05 1.58290222567E+05 1.96824174309E+05 2.26054589182E+05 1.06239359669E+05 
3.00000000000E+00 3.12500000000E+00 3.25000000000E+00 1.80599986839E+05 8.46781339962E+04 1.47690341991E+05 1.18592282037E+05 2.01274534120E+05 6.26551372434E+04 1.84536441769E+05 7.77487688823E+04 1.72670689204E+05 9.05062814731E+04 1.58110273333E+05 1.08881372480E+05 1.99108477845E+05 6.69746704764E+04 
3.25000000000E+00 3.37500000000E+00 3.50000000000E+00 1.72435121429E+05 7.81793686296E+04 1.52909859553E+05 1.09140441749E+05 1.87631598114E+05 5.80033130170E+04 1.66959004342E+05 7.44098051594E+04 1.69864617477E+05 8.14200650211E+04 1.46492457327E+05 1.03894819057E+05 1.87791334024E+05 6.04179720124E+04 
3.50000000000E+00 3.62500000000E+00 3.75000000000E+00 1.77996684368E+05 2.35497957773E+04 1.72075881573E+05 3.28233693373E+04 1.80669812654E+05 1.74685455567E+04 1.79378992864E+05 2.28653625898E+04 1.74673380761E+05 2.41357136934E+04 1.79374144843E+05 3.19591139826E+04 1.80134306964E+05 1.79223360177E+04 
3.75000000000E+00 3.87500000000E+00 4.00000000000E+00 9.92083506925E+04 4.07377900875E+03 8.46988429727E+04 5.47321812109E+03 1.08138152934E+05 3.14687160413E+03 9.91093576076E+04 3.77296682979E+03 9.60204116427E+04 4.60716912424E+03 8.54633885546E+04 5.04360921036E+03 1.07510608060E+05 3.56849077559E+03 
4.00000000000E+00 4.12500000000E+00 4.25000000000E+00 5.80751214445E+04 5.00251384756E+03 4.70820454491E+04 6.83300946560E+03 6.36611568870E+04 3.77054854100E+03 5.71383688216E+04 5.09178171211E+03 5.60261078436E+04 5.02629537382E+03 4.80116844042E+04 7.01682717260E+03 6.32050601406E+04 3.81527377637E+03 
4.25000000000E+00 4.37500000000E+00 4.50000000000E+00 3.52648838263E+04 5.67602567891E+03 3.62898382262E+04 7.90569359108E+03 3.45741142404E+04 4.22070853720E+03 3.48534831668E+04 5.88171944022E+03 3.58716649407E+04 5.47328001618E+03 3.61690098506E+04 8.19672693729E+03 3.52271095181E+04 4.07341160628E+03 
4.50000000000E+00 4.62500000000E+00 4.75000000000E+00 6.84888575857E+03 3.99583182700E+02 6.46248022436E+03 5.16039406958E+02 6.98266879306E+03 3.21473916660E+02 6.73513432267E+03 3.49912762899E+02 6.99123725674E+03 4.71053526799E+02 6.42389768522E+03 4.61069252460E+02 7.20411613729E+03 3.77962945452E+02 
4.75000000000E+00 4.87500000000E+00 5.00000000000E+00 3.74313733311E+02 1.66529876650E+02 2.93436645622E+02 2.22492731868E+02 4.20349785056E+02 1.29696618072E+02 3.92707513965E+02 1.09295812003E+02 3.43606611441E+02 2.37296682299E+02 3.25980107357E+02 1.42902722922E+02 4.09728583544E+02 1.82128620381E+02 
#nx: 3
