#ylo yhi qTlo qThi PDF0  uncertainty
-5 -4 51 52 12.06608035390012 0.1136524969673034
-5 -4 52 53 11.52714478209785 0.1101189840560961
-5 -4 53 54 11.01393916083978 0.1058448694975956
-5 -4 54 55 10.52520412300177 0.1009793506254188
-5 -4 55 56 10.05967144323684 0.09579769040799307
-5 -4 56 57 9.615908238059653 0.09099427352805678
-5 -4 57 58 9.192801541555012 0.08669452984609102
-5 -4 58 59 8.789380857665147 0.08283572480527673
-5 -4 59 60 8.404717802623624 0.07935638001794755
-5 -4 60 61 8.037839392975636 0.07601085281941451
-5 -4 61 62 7.687776847155213 0.07250971399167126
-5 -4 62 63 7.353747932389107 0.06889585817736237
-5 -4 63 64 7.034928650076283 0.06541008331872938
-5 -4 64 65 6.73053766259797 0.06220347327114257
-5 -4 65 66 6.439826943405298 0.05906975703632043
-5 -4 66 67 6.162053718818146 0.05605697249112062
-5 -4 67 68 5.896350128529384 0.05312875418155818
-5 -4 68 69 5.64148074125486 0.05030059288971573
-5 -4 69 70 5.395729004604337 0.04757254041184669
-5 -4 70 71 5.157788690505448 0.04495028845063168
-5 -4 71 72 4.929846318416677 0.0456068722848109
-5 -4 72 73 4.705848129788611 0.04186149486485796
-5 -4 73 74 4.488882783067526 0.03872022784886535
-5 -4 74 75 4.278868715331894 0.03598875382368555
-5 -4 75 76 4.075750757585141 0.03360095146281254
-5 -4 76 77 3.879474674527613 0.03149081258266601
-5 -4 77 78 3.689972409942787 0.02965020688502087
-5 -4 78 79 3.519592791809249 0.01267001880115542
-5 -4 79 80 3.342750394863673 0.01200075793329719
-5 -4 80 81 3.172447958837135 0.01135450089812502
-5 -4 81 82 3.008593516096371 0.01073122256245271
-5 -4 82 83 2.851082737593941 0.0101360963593775
-5 -4 83 84 2.699426504878118 0.009511961958414252
-5 -4 84 85 2.554861315341742 0.00898548440276691
-5 -4 85 86 2.415684584309939 0.008483172642349178
-5 -4 86 87 2.282162559420966 0.008020851935320216
-5 -4 87 88 2.154583386506625 0.007549278996482238
-5 -4 88 89 2.032899023316239 0.007235930111751722
-5 -4 89 90 1.916058768191707 0.00670179733268704
-5 -4 90 91 1.812742057665162 0.007251637501772409
-5 -4 91 92 1.706413154582619 0.003896291051627591
-5 -4 92 93 1.605121902325366 0.001581175403491421
-5 -4 93 94 1.506809314825215 0.002811364838791873
-5 -4 94 95 1.417006643994835 0.002284562041671142
-5 -4 95 96 1.329863574521116 0.003088853624626048
-5 -4 96 97 1.247120082657372 0.00358951007460461
-5 -4 97 98 1.160282449151233 0.002285219385235362
-5 -4 98 99 1.086218970037218 0.002167823967329009
-5 -4 99 100 1.016092928322673 0.002050885691672133
-4 -3.75 51 52 12.55782055834641 0.1097389048773531
-4 -3.75 52 53 12.05509997787522 0.1071601628761155
-4 -3.75 53 54 11.57299942122493 0.1044196556320211
-4 -3.75 54 55 11.11077273220391 0.1015757863719756
-4 -3.75 55 56 10.66763973563123 0.09871761160957966
-4 -3.75 56 57 10.24270201858351 0.09600845508630124
-4 -3.75 57 58 9.8352235223396 0.09345723891720294
-4 -3.75 58 59 9.444535117900706 0.09103512421639878
-4 -3.75 59 60 9.053195501835184 0.1786087692064427
-4 -3.75 60 61 8.706090561379558 0.1655927770181507
-4 -3.75 61 62 8.362007979129039 0.1373043177327079
-4 -3.75 62 63 8.032124540984942 0.1199179827403417
-4 -3.75 63 64 7.71568159690273 0.10645034845671
-4 -3.75 64 65 7.411981726858595 0.09515988343478805
-4 -3.75 65 66 7.120510858633864 0.08600683407655313
-4 -3.75 66 67 6.840545152647538 0.07912236166628217
-4 -3.75 67 68 6.571315273695808 0.0740534712570127
-4 -3.75 68 69 6.311469041916157 0.01752787411958538
-4 -3.75 69 70 6.059520594088792 0.009048549544385099
-4 -3.75 70 71 5.813983575386297 0.003307385938456033
-4 -3.75 71 72 5.574398618186475 0.00541373443339515
-4 -3.75 72 73 5.34064234870975 0.009737344826809902
-4 -3.75 73 74 5.112733090563664 0.01302528011714242
-4 -3.75 74 75 4.890754933737722 0.01526671536876913
-4 -3.75 75 76 4.674700176400305 0.0168305582384485
-4 -3.75 76 77 4.448704106042265 0.06130308855872232
-4 -3.75 77 78 4.252793631238334 0.04800361231426235
-4 -3.75 78 79 4.054811085617625 0.02400045073317524
-4 -3.75 79 80 3.862990689852451 0.006897108684232474
-4 -3.75 80 81 3.684935853654865 0.03559062504114282
-4 -3.75 81 82 3.480857389662611 0.04660259933755048
-4 -3.75 82 83 3.324438465064604 0.03484187301409489
-4 -3.75 83 84 3.157136420285783 0.0416842178015096
-4 -3.75 84 85 3.002562559178623 0.01631199371936684
-4 -3.75 85 86 2.846929109246489 0.01535327402445189
-4 -3.75 86 87 2.697171260027388 0.01433372049186516
-4 -3.75 87 88 2.553216363186773 0.0132817974362753
-4 -3.75 88 89 2.414981936168049 0.01222094553445794
-4 -3.75 89 90 2.282376453061739 0.01117016208785541
-4 -3.75 90 91 2.155299629686935 0.01014724239200821
-4 -3.75 91 92 2.033642293443674 0.009173697432223651
-4 -3.75 92 93 1.917290168346872 0.008258428170073072
-4 -3.75 93 94 1.806123473310576 0.007405150463265234
-4 -3.75 94 95 1.70001711872031 0.00661572369952185
-4 -3.75 95 96 1.598841400847805 0.005890484250596149
-4 -3.75 96 97 1.502462673296016 0.005228542306431755
-4 -3.75 97 98 1.410743994044166 0.004628043572539721
-4 -3.75 98 99 1.323545749747489 0.004086396562546772
-4 -3.75 99 100 1.240726237717687 0.003600475299992985
-3.75 -3.5 51 52 15.21558836655549 0.07125074536066407
-3.75 -3.5 52 53 14.64522793701107 0.06602111570368815
-3.75 -3.5 53 54 14.09532029769968 0.06071479767955344
-3.75 -3.5 54 55 13.56542311040546 0.05536983582694946
-3.75 -3.5 55 56 13.02885074158229 0.3124259750213459
-3.75 -3.5 56 57 12.55838584661277 0.3456485224723468
-3.75 -3.5 57 58 12.08544351964785 0.2913917680323237
-3.75 -3.5 58 59 11.63007554371362 0.2437661283752846
-3.75 -3.5 59 60 11.19176459824187 0.2022443728606144
-3.75 -3.5 60 61 10.76998704634244 0.1663176797309773
-3.75 -3.5 61 62 10.36421704921928 0.1354967525465038
-3.75 -3.5 62 63 9.973920454464199 0.1092664898189628
-3.75 -3.5 63 64 9.598354133930115 0.08623218703296576
-3.75 -3.5 64 65 9.236831573761339 0.0652764562571353
-3.75 -3.5 65 66 8.888867963060928 0.04638391527001355
-3.75 -3.5 66 67 8.553702912452348 0.03068781562708054
-3.75 -3.5 67 68 8.230515900443855 0.0178352803809596
-3.75 -3.5 68 69 7.917905865813516 0.01054567440332693
-3.75 -3.5 69 70 7.613757608081173 0.01014508357816372
-3.75 -3.5 70 71 7.316449384113671 0.012847126677966
-3.75 -3.5 71 72 7.025474652935088 0.0164951906755746
-3.75 -3.5 72 73 6.740742379452346 0.02102938879331144
-3.75 -3.5 73 74 6.462344339573191 0.02395209549583995
-3.75 -3.5 74 75 6.190452147046374 0.02552419468906967
-3.75 -3.5 75 76 5.902516112923577 0.1079175228730571
-3.75 -3.5 76 77 5.657622788047815 0.1000444536022897
-3.75 -3.5 77 78 5.40594951949886 0.0655720453427759
-3.75 -3.5 78 79 5.16122586210353 0.03772231786039683
-3.75 -3.5 79 80 4.92353271434961 0.01656742372047399
-3.75 -3.5 80 81 4.692929458687217 0.009898592298163507
-3.75 -3.5 81 82 4.48486614387836 0.05732482031284465
-3.75 -3.5 82 83 4.214993638091873 0.04699341519656863
-3.75 -3.5 83 84 3.951187009537128 0.06995921663784942
-3.75 -3.5 84 85 3.86921796127489 0.03797044369773101
-3.75 -3.5 85 86 3.691331128820446 0.04513551281489125
-3.75 -3.5 86 87 3.459073777192095 0.04261950442784548
-3.75 -3.5 87 88 3.278171589478987 0.04155955181425132
-3.75 -3.5 88 89 3.104182599975028 0.03935165350396617
-3.75 -3.5 89 90 2.937018221399506 0.03624913775157003
-3.75 -3.5 90 91 2.776575220296531 0.03250238352141487
-3.75 -3.5 91 92 2.658000788746946 0.03401220844014272
-3.75 -3.5 92 93 2.500523711874843 0.0250922864413761
-3.75 -3.5 93 94 2.34891393317653 0.02093768718774433
-3.75 -3.5 94 95 2.169367112952129 0.02257346500244976
-3.75 -3.5 95 96 2.063350324118453 0.01186938541250734
-3.75 -3.5 96 97 1.956563303991769 0.02460199322216543
-3.75 -3.5 97 98 1.83095846324621 0.005221718427034925
-3.75 -3.5 98 99 1.719527828687368 0.004055497086776852
-3.75 -3.5 99 100 1.613544923808828 0.004882559755949853
-3.5 -3.25 51 52 16.5526624621728 0.1195405561595677
-3.5 -3.25 52 53 15.93687855231603 0.5096153802526835
-3.5 -3.25 53 54 15.41018861738644 0.5861750360359079
-3.5 -3.25 54 55 14.86815976040799 0.505577794605396
-3.5 -3.25 55 56 14.34334330196302 0.4305740583586679
-3.5 -3.25 56 57 13.83521592369047 0.36350626537353
-3.5 -3.25 57 58 13.34349560937239 0.3045066273403656
-3.5 -3.25 58 59 12.86795421792664 0.2529576790244765
-3.5 -3.25 59 60 12.40831920734473 0.2082613542002209
-3.5 -3.25 60 61 11.9642822694455 0.1698405437699135
-3.5 -3.25 61 62 11.53550692946068 0.1371402668196653
-3.5 -3.25 62 63 11.12162494588344 0.1095682147091654
-3.5 -3.25 63 64 10.72202007835381 0.08538028996678634
-3.5 -3.25 64 65 10.33611911356174 0.06505212336578324
-3.5 -3.25 65 66 9.963550193837506 0.05337777816556732
-3.5 -3.25 66 67 9.603615242881542 0.04520574149356977
-3.5 -3.25 67 68 9.255544802919292 0.0400387921950781
-3.5 -3.25 68 69 8.917887521924598 0.0372276931351239
-3.5 -3.25 69 70 8.58837037303023 0.03610488905243497
-3.5 -3.25 70 71 8.265248843462594 0.03586984670272755
-3.5 -3.25 71 72 7.948030974685746 0.036222518876314
-3.5 -3.25 72 73 7.636684924304824 0.03661566132943696
-3.5 -3.25 73 74 7.331388419872738 0.0364241664729848
-3.5 -3.25 74 75 7.032405374624609 0.03557778706313636
-3.5 -3.25 75 76 6.71374648777563 0.1536360436135672
-3.5 -3.25 76 77 6.427973286201471 0.1167718804237017
-3.5 -3.25 77 78 6.166364960676251 0.1231019832751049
-3.5 -3.25 78 79 5.894656301439083 0.09097924779418337
-3.5 -3.25 79 80 5.630129123082645 0.06545998448445073
-3.5 -3.25 80 81 5.372909983573363 0.04579683795452937
-3.5 -3.25 81 82 5.123099553879619 0.03136537473549414
-3.5 -3.25 82 83 4.880773601588412 0.02164542318703232
-3.5 -3.25 83 84 4.645984325260669 0.01602470395223004
-3.5 -3.25 84 85 4.418761531123611 0.0133709928234985
-3.5 -3.25 85 86 4.199113822654109 0.01215535844441121
-3.5 -3.25 86 87 3.987029793603957 0.01137300846303868
-3.5 -3.25 87 88 3.782479215872907 0.01094337952088617
-3.5 -3.25 88 89 3.585414220039621 0.01143149815457762
-3.5 -3.25 89 90 3.395770466451074 0.01339267459184642
-3.5 -3.25 90 91 3.213464346991128 0.01676282821079001
-3.5 -3.25 91 92 3.038386916411438 0.02095406559008138
-3.5 -3.25 92 93 2.870429249798458 0.02553514595422796
-3.5 -3.25 93 94 2.709474535752455 0.03024767668204043
-3.5 -3.25 94 95 2.555395027773657 0.03491806190706004
-3.5 -3.25 95 96 2.404205508451935 0.02885416921712542
-3.5 -3.25 96 97 2.264069808678049 0.03267439335415891
-3.5 -3.25 97 98 2.134226513471329 0.004749434136621858
-3.5 -3.25 98 99 2.005964897755078 0.00388379269696565
-3.5 -3.25 99 100 1.883835230775287 0.003176602926158885
-3.25 -3 51 52 16.73117121144885 0.6064234264057724
-3.25 -3 52 53 16.23103956250569 0.7178411625662744
-3.25 -3 53 54 15.7047521164656 0.626262853728741
-3.25 -3 54 55 15.19125371916881 0.5398083484231523
-3.25 -3 55 56 14.69086402663929 0.4592572003708872
-3.25 -3 56 57 14.20351092112243 0.3873076365821965
-3.25 -3 57 58 13.72930231096977 0.3241422657874654
-3.25 -3 58 59 13.26835438654606 0.269087650640455
-3.25 -3 59 60 12.82070332036892 0.2214912961513056
-3.25 -3 60 61 12.3863178036087 0.1807232962302339
-3.25 -3 61 62 11.96511011623251 0.1461775484822674
-3.25 -3 62 63 11.55693563466313 0.1172002713289607
-3.25 -3 63 64 11.16137326581162 0.09175268156489456
-3.25 -3 64 65 10.77802608791689 0.07403217489966059
-3.25 -3 65 66 10.40668441681925 0.06264285245819337
-3.25 -3 66 67 10.04677778121786 0.0548190330988389
-3.25 -3 67 68 9.69765722212248 0.04985174122271396
-3.25 -3 68 69 9.357929259526017 0.04697630000616453
-3.25 -3 69 70 9.025322838293327 0.04554230246695697
-3.25 -3 70 71 8.698095587610375 0.04484431750514281
-3.25 -3 71 72 8.375814901451303 0.04467369095247018
-3.25 -3 72 73 8.058521684843175 0.0445460704791184
-3.25 -3 73 74 7.746479329865519 0.04384434817762819
-3.25 -3 74 75 7.440036941055151 0.04250085383404004
-3.25 -3 75 76 7.139383355868269 0.04093618159475684
-3.25 -3 76 77 6.81925897144448 0.1645630205595949
-3.25 -3 77 78 6.531460237660848 0.1315604600373471
-3.25 -3 78 79 6.267652186052949 0.1519062045220083
-3.25 -3 79 80 5.99320823422568 0.1232086512712881
-3.25 -3 80 81 5.725764198265843 0.1008062652640935
-3.25 -3 81 82 5.465481310347133 0.08383497043177816
-3.25 -3 82 83 5.212491844243397 0.07149746222708983
-3.25 -3 83 84 4.966900601654539 0.06306680456143614
-3.25 -3 84 85 4.728786204860361 0.05789748908309115
-3.25 -3 85 86 4.498202407925135 0.05543525667929156
-3.25 -3 86 87 4.275179415458835 0.05521390135286359
-3.25 -3 87 88 4.05972519797491 0.05683708704314734
-3.25 -3 88 89 3.851826801738756 0.05995639677721033
-3.25 -3 89 90 3.651451650559713 0.06425721542457195
-3.25 -3 90 91 3.458544364728857 0.06938179514130555
-3.25 -3 91 92 3.266358806016111 0.05292793998745594
-3.25 -3 92 93 3.089154980861241 0.05768144492819739
-3.25 -3 93 94 2.925597004124615 0.01163901222207508
-3.25 -3 94 95 2.761359207770832 0.01042917115120417
-3.25 -3 95 96 2.604117167697714 0.009345574696414295
-3.25 -3 96 97 2.453737198221795 0.008383316997051006
-3.25 -3 97 98 2.310075474864989 0.007536328047415779
-3.25 -3 98 99 2.172979171191995 0.006797520424736486
-3.25 -3 99 100 2.042287642186576 0.006158916602163618
-3 -2.75 51 52 16.23834660493041 0.8624882478514554
-3 -2.75 52 53 15.7633378268772 0.760606366169157
-3 -2.75 53 54 15.29470231541727 0.6637668648929745
-3 -2.75 54 55 14.83354245979471 0.5722218689073006
-3 -2.75 55 56 14.38067408472349 0.4868418056486342
-3 -2.75 56 57 13.93648794636067 0.4106199777722689
-3 -2.75 57 58 13.50149066936498 0.3437823181370248
-3 -2.75 58 59 13.07615184297336 0.2856104867864162
-3 -2.75 59 60 12.66082731288498 0.2354080864835379
-3 -2.75 60 61 12.25577524320435 0.1925024215767331
-3 -2.75 61 62 11.86117033252876 0.1562458049591409
-3 -2.75 62 63 11.47710656433905 0.1259339351248257
-3 -2.75 63 64 11.10338281667448 0.0992778030435043
-3 -2.75 64 65 10.73980174644525 0.07444595374399487
-3 -2.75 65 66 10.38633129964008 0.05237625539094515
-3 -2.75 66 67 10.0425582563926 0.0430070052791365
-3 -2.75 67 68 9.707987953660236 0.0372448276068691
-3 -2.75 68 69 9.381349587622594 0.03436543006614263
-3 -2.75 69 70 9.060478545783035 0.033587620729523
-3 -2.75 70 71 8.74371604305307 0.03386726311257655
-3 -2.75 71 72 8.430712012034171 0.03482688739943936
-3 -2.75 72 73 8.121581136105256 0.03576741308240593
-3 -2.75 73 74 7.816663040757376 0.03585472729928431
-3 -2.75 74 75 7.516377930150874 0.03503874526942288
-3 -2.75 75 76 7.22097975321147 0.03391466037732294
-3 -2.75 76 77 6.90666290307156 0.2026640545699595
-3 -2.75 77 78 6.622525621521593 0.1672012338292278
-3 -2.75 78 79 6.344323409977179 0.1384612882498514
-3 -2.75 79 80 6.089206064306858 0.1712673442039921
-3 -2.75 80 81 5.823387458854409 0.1470071628113606
-3 -2.75 81 82 5.564172374973239 0.1286461050087184
-3 -2.75 82 83 5.311742944533037 0.1153428933910177
-3 -2.75 83 84 5.066251166532563 0.1063395898813804
-3 -2.75 84 85 4.827820264819689 0.1009613922647489
-3 -2.75 85 86 4.596546068012753 0.09861279178364053
-3 -2.75 86 87 4.372498399343607 0.09876959993470254
-3 -2.75 87 88 4.155722464010097 0.1009690741233244
-3 -2.75 88 89 3.946240232064733 0.1048011483868287
-3 -2.75 89 90 3.735520682761269 0.07629841318586185
-3 -2.75 90 91 3.541897394173141 0.08159146915737858
-3 -2.75 91 92 3.363352061664287 0.01157914764994097
-3 -2.75 92 93 3.182474618724468 0.0101863200138745
-3 -2.75 93 94 3.008702403450529 0.00894528867212987
-3 -2.75 94 95 2.841948269128327 0.007858237967124544
-3 -2.75 95 96 2.682110768803351 0.006925727467392521
-3 -2.75 96 97 2.529075450507077 0.006146298431550112
-3 -2.75 97 98 2.382716119137799 0.005515629846635323
-3 -2.75 98 99 2.24289603937269 0.005083490539166318
-3 -2.75 99 100 2.109469215606225 0.004710701478783612
-2.75 -2.5 51 52 15.26908118066123 0.9139471782194134
-2.75 -2.5 52 53 14.86810588456605 0.806674378440813
-2.75 -2.5 53 54 14.46766816189479 0.704586490966032
-2.75 -2.5 54 55 14.06937399807062 0.6079641128081177
-2.75 -2.5 55 56 13.67449937643261 0.5177579554440018
-2.75 -2.5 56 57 13.28386731016401 0.4372182382562176
-2.75 -2.5 57 58 12.89835804875337 0.3666100718157259
-2.75 -2.5 58 59 12.51877378073145 0.3051776470515236
-2.75 -2.5 59 60 12.14577272241264 0.2521876181498571
-2.75 -2.5 60 61 11.7798882420053 0.2069309972407208
-2.75 -2.5 61 62 11.42154581652348 0.1687245833950141
-2.75 -2.5 62 63 11.0710688668309 0.1368207784024932
-2.75 -2.5 63 64 10.72847376446807 0.108717520383865
-2.75 -2.5 64 65 10.39376100512297 0.08240802037678728
-2.75 -2.5 65 66 10.0670718796923 0.05804680542117727
-2.75 -2.5 66 67 9.748156154451294 0.03858191491681372
-2.75 -2.5 67 68 9.436683005883843 0.03138369371629084
-2.75 -2.5 68 69 9.131537284519986 0.0277543453657419
-2.75 -2.5 69 70 8.830723151490446 0.02702885260516149
-2.75 -2.5 70 71 8.532713054546591 0.02785800732257333
-2.75 -2.5 71 72 8.237247313696315 0.02957928464367346
-2.75 -2.5 72 73 7.9445077423443 0.03126669370490132
-2.75 -2.5 73 74 7.654897000789674 0.03189537017211883
-2.75 -2.5 74 75 7.368890655937555 0.03142602205147523
-2.75 -2.5 75 76 7.086796935213755 0.03058511245430268
-2.75 -2.5 76 77 6.785929933620316 0.2270838636060582
-2.75 -2.5 77 78 6.513255214123465 0.1895379668271837
-2.75 -2.5 78 79 6.245666199141226 0.1591464569952386
-2.75 -2.5 79 80 6.000033931614905 0.2031541711867103
-2.75 -2.5 80 81 5.743346821490086 0.1773881367019959
-2.75 -2.5 81 82 5.492565378059275 0.1579657380336836
-2.75 -2.5 82 83 5.247912308668752 0.1439895249487562
-2.75 -2.5 83 84 5.009578542138939 0.1346508388970787
-2.75 -2.5 84 85 4.777724618870682 0.1292279670485251
-2.75 -2.5 85 86 4.552482105085353 0.1270808960156369
-2.75 -2.5 86 87 4.333955017808304 0.1276431103691259
-2.75 -2.5 87 88 4.11126042598562 0.08706243795680094
-2.75 -2.5 88 89 3.907729913114746 0.09126950719731898
-2.75 -2.5 89 90 3.711112290104289 0.09659128748515616
-2.75 -2.5 90 91 3.530255123810159 0.01221310614552646
-2.75 -2.5 91 92 3.34565197431891 0.0107010312037246
-2.75 -2.5 92 93 3.167887587707799 0.009354760789718071
-2.75 -2.5 93 94 2.996914756487463 0.008182259526635352
-2.75 -2.5 94 95 2.832669410702565 0.007189710285771344
-2.75 -2.5 95 96 2.675071975047622 0.00638050236032151
-2.75 -2.5 96 97 2.524028696661425 0.005753168868957265
-2.75 -2.5 97 98 2.379432940293158 0.005373025411520395
-2.75 -2.5 98 99 2.241166419948084 0.00502349403116582
-2.75 -2.5 99 100 2.109100535944835 0.004826678066509526
-2.5 -2.25 51 52 13.9794776029552 0.9652361727702733
-2.5 -2.25 52 53 13.65719568188766 0.8524312195610965
-2.5 -2.25 53 54 13.32994639791259 0.7449774016829138
-2.5 -2.25 54 55 12.99978034934631 0.6431807567369687
-2.5 -2.25 55 56 12.66838129781466 0.5480650512241012
-2.5 -2.25 56 57 12.33695639826202 0.4631160110926671
-2.5 -2.25 57 58 12.00671996042759 0.3886341778520979
-2.5 -2.25 58 59 11.67877304881212 0.3238286677055718
-2.5 -2.25 59 60 11.35404674530095 0.267931477173331
-2.5 -2.25 60 61 11.03332383138718 0.2201995127053369
-2.5 -2.25 61 62 10.71725804338826 0.1799161272467202
-2.5 -2.25 62 63 10.40638263644425 0.1462932917462862
-2.5 -2.25 63 64 10.10091561843163 0.1166380364082653
-2.5 -2.25 64 65 9.801041641228409 0.08878875626651855
-2.5 -2.25 65 66 9.50706299792347 0.06292686379205763
-2.5 -2.25 66 67 9.218887422381833 0.04184332175066664
-2.5 -2.25 67 68 8.936347175784263 0.02487344228196087
-2.5 -2.25 68 69 8.65850207574352 0.01821139450610527
-2.5 -2.25 69 70 8.383572320122049 0.01810635949637447
-2.5 -2.25 70 71 8.110201352770517 0.02049322127852006
-2.5 -2.25 71 72 7.838226682761189 0.02390950581895229
-2.5 -2.25 72 73 7.56789057385906 0.02696461397950578
-2.5 -2.25 73 74 7.299644981044551 0.02926344125752569
-2.5 -2.25 74 75 7.03400373511397 0.03000729898367125
-2.5 -2.25 75 76 6.77131743492253 0.02996031164564227
-2.5 -2.25 76 77 6.512011016197889 0.02973795030681282
-2.5 -2.25 77 78 6.232315684674575 0.2177562686861067
-2.5 -2.25 78 79 5.981403323396204 0.1853493582745559
-2.5 -2.25 79 80 5.751593857803616 0.2307227229513319
-2.5 -2.25 80 81 5.510001666071002 0.2033102425323847
-2.5 -2.25 81 82 5.273555903964102 0.1826993718804021
-2.5 -2.25 82 83 5.042507972266353 0.1679434305802578
-2.5 -2.25 83 84 4.817076839481299 0.1581854997363885
-2.5 -2.25 84 85 4.597450440966966 0.1526549752489844
-2.5 -2.25 85 86 4.383787101962504 0.1506624046446214
-2.5 -2.25 86 87 4.176216969949337 0.1515930353149238
-2.5 -2.25 87 88 3.96387211986908 0.1079141069753491
-2.5 -2.25 88 89 3.770206394767413 0.1124188378176379
-2.5 -2.25 89 90 3.595112072394832 0.01461862915236974
-2.5 -2.25 90 91 3.412333709368861 0.01226326872379959
-2.5 -2.25 91 92 3.235919749649534 0.01009629669134826
-2.5 -2.25 92 93 3.065862761030983 0.008572154436455964
-2.5 -2.25 93 94 2.902137666006555 0.007212541324084797
-2.5 -2.25 94 95 2.744701901582907 0.006028497054703515
-2.5 -2.25 95 96 2.593496773566098 0.005034001677012922
-2.5 -2.25 96 97 2.448448782128169 0.00424647834860124
-2.5 -2.25 97 98 2.309470915526076 0.003707144770007728
-2.5 -2.25 98 99 2.176463876213621 0.003477798038418022
-2.5 -2.25 99 100 2.049317439085395 0.003260612375786579
-2.25 -2 51 52 13.7120405474754 1.034975241773296
-2.25 -2 52 53 13.42016614903207 0.9161431750710793
-2.25 -2 53 54 13.1203934100169 0.8028347914130194
-2.25 -2 54 55 12.81506064915551 0.695381588547765
-2.25 -2 55 56 12.50611404133817 0.5948768324603119
-2.25 -2 56 57 12.19501164506555 0.5050284059511222
-2.25 -2 57 58 11.88317579668697 0.4261715380929687
-2.25 -2 58 59 11.57188816321411 0.3574836888473488
-2.25 -2 59 60 11.26224229500673 0.2981654052663057
-2.25 -2 60 61 10.95516727677946 0.2474425947894719
-2.25 -2 61 62 10.65144873902837 0.2045683090903098
-2.25 -2 62 63 10.35173942548961 0.1687176610999171
-2.25 -2 63 64 10.05637012459906 0.1370092133811263
-2.25 -2 64 65 9.765626840586648 0.1071200932372378
-2.25 -2 65 66 9.479898108759429 0.07923570689736054
-2.25 -2 66 67 9.19916417644049 0.05637051126141356
-2.25 -2 67 68 8.923328609433355 0.037731803317067
-2.25 -2 68 69 8.65149583589335 0.02213265168888593
-2.25 -2 69 70 8.381917623436387 0.01066557995064772
-2.25 -2 70 71 8.113268608852131 0.00527585940987049
-2.25 -2 71 72 7.845431842304819 0.01111622306082666
-2.25 -2 72 73 7.578694692660662 0.01772981079165107
-2.25 -2 73 74 7.31355399161535 0.02140140026125333
-2.25 -2 74 75 7.050563354815651 0.02257566276302254
-2.25 -2 75 76 6.790118064553582 0.02289692675176738
-2.25 -2 76 77 6.532680687208185 0.02302322646109355
-2.25 -2 77 78 6.264257740419986 0.250696885172907
-2.25 -2 78 79 6.032025448483544 0.2925125142416797
-2.25 -2 79 80 5.786139766528152 0.2552270301433971
-2.25 -2 80 81 5.544882552108827 0.2262629791665457
-2.25 -2 81 82 5.308563025481817 0.2045310993792519
-2.25 -2 82 83 5.077454736646736 0.1890372269090052
-2.25 -2 83 84 4.851797343832093 0.178877655678287
-2.25 -2 84 85 4.631798070156332 0.1732348059613706
-2.25 -2 85 86 4.417633185242227 0.1713725383390327
-2.25 -2 86 87 4.209449496201199 0.1726312646273554
-2.25 -2 87 88 4.007365832413289 0.1764230023630508
-2.25 -2 88 89 3.80845886201805 0.01299175114057563
-2.25 -2 89 90 3.618718413797474 0.01073474109676086
-2.25 -2 90 91 3.435268738807636 0.008492708407447059
-2.25 -2 91 92 3.258130161012193 0.006434769584830074
-2.25 -2 92 93 3.087305544801511 0.004649448285614007
-2.25 -2 93 94 2.92277918146055 0.003417090032651343
-2.25 -2 94 95 2.764517023888509 0.002576840498258772
-2.25 -2 95 96 2.612468086372379 0.002786980045582705
-2.25 -2 96 97 2.466565814887687 0.003607274773794559
-2.25 -2 97 98 2.326729424729461 0.00443959489436865
-2.25 -2 98 99 2.192865164894419 0.005312673114945738
-2.25 -2 99 100 2.064867738155945 0.006105638684807031
-2 -1.75 51 52 11.9450941682004 1.055916937509027
-2 -1.75 52 53 11.75959801274169 0.9330842243042119
-2 -1.75 53 54 11.55904316179488 0.8158752523194991
-2 -1.75 54 55 11.34631941600313 0.7046501701004403
-2 -1.75 55 56 11.12387578631345 0.6005758199154899
-2 -1.75 56 57 10.89362931767666 0.5075848854746604
-2 -1.75 57 58 10.65742162605122 0.4260479894846871
-2 -1.75 58 59 10.41691789070356 0.3551114588623643
-2 -1.75 59 60 10.17356310503591 0.2939448763621887
-2 -1.75 60 61 9.928608745351255 0.2417433466960962
-2 -1.75 61 62 9.68313650458559 0.1977291876308142
-2 -1.75 62 63 9.438072948689836 0.1610408421863808
-2 -1.75 63 64 9.194030136423279 0.1286543503310479
-2 -1.75 64 65 8.951550004383549 0.09814447964970242
-2 -1.75 65 66 8.711231625713225 0.06975087699779399
-2 -1.75 66 67 8.473282694492312 0.04669296442144071
-2 -1.75 67 68 8.23783885086425 0.02829151917680192
-2 -1.75 68 69 8.004265519439599 0.01646563617627426
-2 -1.75 69 70 7.771116365914132 0.01728870441846643
-2 -1.75 70 71 7.537273411689959 0.02073823203649539
-2 -1.75 71 72 7.3027152284184 0.02505259325847228
-2 -1.75 72 73 7.067780826092289 0.0289428837106441
-2 -1.75 73 74 6.833012668169999 0.03216101119609004
-2 -1.75 74 75 6.599004511840988 0.0327713138510766
-2 -1.75 75 76 6.366186223306215 0.03252788835036526
-2 -1.75 76 77 6.108067464703986 0.2782659989859357
-2 -1.75 77 78 5.897133402155369 0.3280888198772531
-2 -1.75 78 79 5.671399622608433 0.2796660579107384
-2 -1.75 79 80 5.44871872260903 0.2412623541594595
-2 -1.75 80 81 5.22947768494025 0.2116279094936028
-2 -1.75 81 82 5.014026501258403 0.1896132986560969
-2 -1.75 82 83 4.802679169009174 0.1741680046442373
-2 -1.75 83 84 4.595715455626316 0.1643371777880043
-2 -1.75 84 85 4.393382310396618 0.1592585364453142
-2 -1.75 85 86 4.19589530182861 0.1581579113144433
-2 -1.75 86 87 4.003440064298619 0.1603434464109385
-2 -1.75 87 88 3.816173738026094 0.1651991527792057
-2 -1.75 88 89 3.62401327254484 0.1209389803906681
-2 -1.75 89 90 3.449127298679016 0.1276858857732212
-2 -1.75 90 91 3.289757590488723 0.01216854032030038
-2 -1.75 91 92 3.123842575505783 0.009650415419512958
-2 -1.75 92 93 2.963530614451919 0.007327738550483854
-2 -1.75 93 94 2.808839537590222 0.005462727595956264
-2 -1.75 94 95 2.659768043042643 0.004116628771726266
-2 -1.75 95 96 2.516297065385482 0.003065889125725784
-2 -1.75 96 97 2.378391117789924 0.002637446927616598
-2 -1.75 97 98 2.24599960466551 0.002451438202943507
-2 -1.75 98 99 2.119058059621322 0.002803236775084945
-2 -1.75 99 100 1.997489566630795 0.003852078424629307
-1.75 -1.5 51 52 11.5876440669698 1.117407831903117
-1.75 -1.5 52 53 11.41160584150583 0.9882816854689328
-1.75 -1.5 53 54 11.21998883326359 0.8650320588049474
-1.75 -1.5 54 55 11.01574239518393 0.7480339347690623
-1.75 -1.5 55 56 10.80136974125877 0.6385097109725916
-1.75 -1.5 56 57 10.57884276286234 0.5405882788693775
-1.75 -1.5 57 58 10.35004042977762 0.4546661088346997
-1.75 -1.5 58 59 10.11665685318619 0.3798548625866603
-1.75 -1.5 59 60 9.880162276928559 0.3152897082446133
-1.75 -1.5 60 61 9.641830239925042 0.2601318205013622
-1.75 -1.5 61 62 9.402761753719901 0.2135703436770999
-1.75 -1.5 62 63 9.163899901925632 0.1747046772326789
-1.75 -1.5 63 64 8.925858905508107 0.1403313314182627
-1.75 -1.5 64 65 8.689184039530687 0.1078659201629749
-1.75 -1.5 65 66 8.454487786210379 0.07753233355952989
-1.75 -1.5 66 67 8.221979934871214 0.05271917004747849
-1.75 -1.5 67 68 7.991808304332025 0.03257203219817712
-1.75 -1.5 68 69 7.763355985665257 0.0158443462593224
-1.75 -1.5 69 70 7.535235354264309 0.004634537034993716
-1.75 -1.5 70 71 7.306396757934245 0.01066969945423075
-1.75 -1.5 71 72 7.07686066030675 0.01977700972589882
-1.75 -1.5 72 73 6.846986976075819 0.02700882615941803
-1.75 -1.5 73 74 6.617327288584846 0.03080551374568197
-1.75 -1.5 74 75 6.388472866448971 0.0317802712967175
-1.75 -1.5 75 76 6.160863063964605 0.03182010959309999
-1.75 -1.5 76 77 5.909631682807451 0.2753477657437454
-1.75 -1.5 77 78 5.705238593114721 0.329183682107854
-1.75 -1.5 78 79 5.484571408590604 0.2794483733186569
-1.75 -1.5 79 80 5.267009356014086 0.2401808309107689
-1.75 -1.5 80 81 5.052927961900188 0.2100724473254253
-1.75 -1.5 81 82 4.842665842635121 0.1879192403877963
-1.75 -1.5 82 83 4.636525732804678 0.1726213228268101
-1.75 -1.5 83 84 4.434776334792044 0.1631802476849353
-1.75 -1.5 84 85 4.237653784292249 0.1586958696317456
-1.75 -1.5 85 86 4.045363138232641 0.1583609628558004
-1.75 -1.5 86 87 3.858079867945783 0.1614540544899502
-1.75 -1.5 87 88 3.675951340360896 0.1673318612966591
-1.75 -1.5 88 89 3.499098286495759 0.1754224951357544
-1.75 -1.5 89 90 3.318146827230638 0.1297568552937846
-1.75 -1.5 90 91 3.16402029787675 0.01275001431108562
-1.75 -1.5 91 92 3.003114576901272 0.01015359008744009
-1.75 -1.5 92 93 2.847728958392572 0.007754160819484948
-1.75 -1.5 93 94 2.697874814267394 0.005556376595967539
-1.75 -1.5 94 95 2.553544910391777 0.003563802692612056
-1.75 -1.5 95 96 2.414714781515983 0.002362122329097452
-1.75 -1.5 96 97 2.281344075985301 0.001946877358849378
-1.75 -1.5 97 98 2.153377867414816 0.001875459536219236
-1.75 -1.5 98 99 2.030747884193817 0.002685005953409906
-1.75 -1.5 99 100 1.913373941065029 0.003784591407928486
-1.5 -1.25 51 52 10.05163293912167 1.166207850519123
-1.5 -1.25 52 53 9.955894372910677 1.032484525073045
-1.5 -1.25 53 54 9.839577700808405 0.9047197762436092
-1.5 -1.25 54 55 9.706003863609709 0.7833187641990862
-1.5 -1.25 55 56 9.558018643642072 0.6695684472705459
-1.5 -1.25 56 57 9.397918276346815 0.5677825181374825
-1.5 -1.25 57 58 9.227868232189863 0.4783905521218106
-1.5 -1.25 58 59 9.049820954971665 0.400483587043189
-1.5 -1.25 59 60 8.865483589712071 0.3331757880717057
-1.5 -1.25 60 61 8.676347158387372 0.2756071103759643
-1.5 -1.25 61 62 8.483712556763251 0.2269454185438447
-1.5 -1.25 62 63 8.288707903709692 0.1862635360502067
-1.5 -1.25 63 64 8.092137038247969 0.1502249490081464
-1.5 -1.25 64 65 7.894717968405615 0.1161346197371932
-1.5 -1.25 65 66 7.697205645468458 0.0842290348315918
-1.5 -1.25 66 67 7.49996055369553 0.05806201437916051
-1.5 -1.25 67 68 7.30328820045986 0.03802696472700689
-1.5 -1.25 68 69 7.106759142049953 0.03037801993419297
-1.5 -1.25 69 70 6.909232810260491 0.02732416814723844
-1.5 -1.25 70 71 6.709850807813211 0.0276383955143167
-1.5 -1.25 71 72 6.50872383388532 0.02995943836112448
-1.5 -1.25 72 73 6.306256331670916 0.03270488283839596
-1.5 -1.25 73 74 6.103029732752482 0.03418856836660381
-1.5 -1.25 74 75 5.899653685634185 0.03421245125462666
-1.5 -1.25 75 76 5.696590577968301 0.03372724826051592
-1.5 -1.25 76 77 5.487662811843265 0.4096668419801385
-1.5 -1.25 77 78 5.286902903398449 0.3445252146996732
-1.5 -1.25 78 79 5.087970149980123 0.2918641206160463
-1.5 -1.25 79 80 4.89129538801879 0.2502126602281067
-1.5 -1.25 80 81 4.697270989958717 0.218211971936227
-1.5 -1.25 81 82 4.506252791047572 0.1946111523507007
-1.5 -1.25 82 83 4.318561085531066 0.1782649209747246
-1.5 -1.25 83 84 4.134482490442963 0.1681292403219825
-1.5 -1.25 84 85 3.954271394771713 0.1632576177062865
-1.5 -1.25 85 86 3.778151427237198 0.1627968006898885
-1.5 -1.25 86 87 3.606316925282457 0.1659816825820553
-1.5 -1.25 87 88 3.438934387576044 0.1721296012205124
-1.5 -1.25 88 89 3.276143910075564 0.1806344220514638
-1.5 -1.25 89 90 3.108211331141284 0.1376129828935671
-1.5 -1.25 90 91 2.968339069354851 0.01566260212465273
-1.5 -1.25 91 92 2.819555922508314 0.01379185893332297
-1.5 -1.25 92 93 2.675683565213305 0.01212027025555257
-1.5 -1.25 93 94 2.536753952554371 0.01066042141840291
-1.5 -1.25 94 95 2.402780389259117 0.00942227572455626
-1.5 -1.25 95 96 2.273758861813231 0.008411827875496294
-1.5 -1.25 96 97 2.149669341454098 0.007628500607714883
-1.5 -1.25 97 98 2.030477055615945 0.007148080922899458
-1.5 -1.25 98 99 1.916133674977885 0.006736236632928731
-1.5 -1.25 99 100 1.806578724550128 0.006479433339724481
-1.25 -1 51 52 9.784636989891851 1.211057449399717
-1.25 -1 52 53 9.712936567640241 1.072936347491201
-1.25 -1 53 54 9.61851348715382 0.9409405982701701
-1.25 -1 54 55 9.504892086615712 0.8154887951388144
-1.25 -1 55 56 9.375105513341111 0.6979132702259113
-1.25 -1 56 57 9.231634380341859 0.5926824520597617
-1.25 -1 57 58 9.076792410071832 0.5002469453616026
-1.25 -1 58 59 8.91265911173474 0.4196715402268561
-1.25 -1 59 60 8.741056190847189 0.350044370323992
-1.25 -1 60 61 8.563578080709675 0.2904797079500927
-1.25 -1 61 62 8.3816191489978 0.2401202037574703
-1.25 -1 62 63 8.196392275297541 0.1980087474949157
-1.25 -1 63 64 8.008778290600219 0.1606731581692438
-1.25 -1 64 65 7.819564969987155 0.1253054094522296
-1.25 -1 65 66 7.62957000003037 0.09215015903738615
-1.25 -1 66 67 7.439209339092983 0.06491581966499074
-1.25 -1 67 68 7.248846151988715 0.04264683668489431
-1.25 -1 68 69 7.058100772157786 0.03050712685707606
-1.25 -1 69 70 6.86588399031038 0.02417735638879927
-1.25 -1 70 71 6.671375853727341 0.02218798840807121
-1.25 -1 71 72 6.474717673976031 0.02335290978786842
-1.25 -1 72 73 6.276338148460106 0.02587692433854606
-1.25 -1 73 74 6.076844005861375 0.02759069065202822
-1.25 -1 74 75 5.876868040842972 0.02901079477323113
-1.25 -1 75 76 5.655586076428342 0.3392389242065552
-1.25 -1 76 77 5.476272184492395 0.3951291877319703
-1.25 -1 77 78 5.277793964192753 0.32929043226776
-1.25 -1 78 79 5.080899745994735 0.2763108276819336
-1.25 -1 79 80 4.88603879628652 0.234669619894552
-1.25 -1 80 81 4.693620929656042 0.2029589225317811
-1.25 -1 81 82 4.504018483800486 0.1798800160623843
-1.25 -1 82 83 4.317567314216191 0.164242920619312
-1.25 -1 83 84 4.134568705278127 0.1549646460735108
-1.25 -1 84 85 3.955290845443461 0.1510676645377396
-1.25 -1 85 86 3.779970323211256 0.1516756158596996
-1.25 -1 86 87 3.60881362563774 0.1560059897865847
-1.25 -1 87 88 3.441998620623792 0.1633614972650332
-1.25 -1 88 89 3.27967602299065 0.1731220823375656
-1.25 -1 89 90 3.121970842969805 0.1847383787011299
-1.25 -1 90 91 2.960542369726756 0.1376683877227227
-1.25 -1 91 92 2.821550544578006 0.009952091170400299
-1.25 -1 92 93 2.67799433562087 0.008342957759927241
-1.25 -1 93 94 2.539317928930554 0.006979975586185
-1.25 -1 94 95 2.405541428114631 0.005899930370293162
-1.25 -1 95 96 2.276667101922646 0.00519057166787788
-1.25 -1 96 97 2.152680713334295 0.004855338090121527
-1.25 -1 97 98 2.033552816710278 0.004607347253174974
-1.25 -1 98 99 1.91923996625688 0.004730664304613932
-1.25 -1 99 100 1.809686167329769 0.004995876231295608
-1 -0.75 51 52 9.255451563820571 1.236326555779469
-1 -0.75 52 53 9.205193770708149 1.095080927388156
-1 -0.75 53 54 9.13098524766005 0.9600341798751471
-1 -0.75 54 55 9.036447867991427 0.8316237958818483
-1 -0.75 55 56 8.924702042840835 0.7112295558018736
-1 -0.75 56 57 8.79830468408835 0.6034653001310581
-1 -0.75 57 58 8.659640706922346 0.5088055608565623
-1 -0.75 58 59 8.510854965971333 0.4262960986106746
-1 -0.75 59 60 8.353828591414654 0.3550060246470089
-1 -0.75 60 61 8.190210124359808 0.2940306833740032
-1 -0.75 61 62 8.021443272798507 0.24249397100428
-1 -0.75 62 63 7.848786291117847 0.1994161676169146
-1 -0.75 63 64 7.673165582251912 0.1612231704914576
-1 -0.75 64 65 7.49541079033655 0.1250235560741291
-1 -0.75 65 66 7.316374554595669 0.09107385255552962
-1 -0.75 66 67 7.136509550480895 0.06320383619919942
-1 -0.75 67 68 6.956222139590764 0.04043339388287889
-1 -0.75 68 69 6.775186348142014 0.02121107390680596
-1 -0.75 69 70 6.592397105393189 0.006226941567504043
-1 -0.75 70 71 6.407104821825797 0.007831974457250991
-1 -0.75 71 72 6.219484264369441 0.01809061979044141
-1 -0.75 72 73 6.029978028057258 0.02659466867261691
-1 -0.75 73 74 5.839198943242181 0.03115285557714798
-1 -0.75 74 75 5.647778643802013 0.03250474316741592
-1 -0.75 75 76 5.431321892355854 0.3494627194276096
-1 -0.75 76 77 5.261508463314364 0.403872449186063
-1 -0.75 77 78 5.071258513429292 0.3360316672253055
-1 -0.75 78 79 4.882426686371851 0.2814372420287525
-1 -0.75 79 80 4.695458677386526 0.2385291831876413
-1 -0.75 80 81 4.510760882103845 0.20586351931029
-1 -0.75 81 82 4.328702432078146 0.182108283571916
-1 -0.75 82 83 4.149616201399617 0.1660424176476937
-1 -0.75 83 84 3.973800766904617 0.1565530925546028
-1 -0.75 84 85 3.801521908785666 0.1526336112768885
-1 -0.75 85 86 3.63301412884406 0.1533792486743574
-1 -0.75 86 87 3.46848216754271 0.1579806388861557
-1 -0.75 87 88 3.308102500556409 0.165715920933965
-1 -0.75 88 89 3.152024814951254 0.1759431910655967
-1 -0.75 89 90 3.00037346400735 0.1880939942040475
-1 -0.75 90 91 2.844058568103495 0.1414476984977841
-1 -0.75 91 92 2.712214972962656 0.01145659376833228
-1 -0.75 92 93 2.57407827751652 0.008830357103248723
-1 -0.75 93 94 2.44063619022387 0.006417877246038777
-1 -0.75 94 95 2.311909746795639 0.004220414580745984
-1 -0.75 95 96 2.187902497641755 0.002238859922185723
-1 -0.75 96 97 2.068601823519217 0.001554877097765188
-1 -0.75 97 98 1.953980217527095 0.001559216042083947
-1 -0.75 98 99 1.843996474302887 0.002587244217328995
-1 -0.75 99 100 1.738597135694418 0.003815172888507691
-0.75 -0.5 51 52 8.450350695326051 1.270468814432276
-0.75 -0.5 52 53 8.440247494094649 1.126016789469794
-0.75 -0.5 53 54 8.403754500369558 0.9878684747119232
-0.75 -0.5 54 55 8.344674346704977 0.8564740201515848
-0.75 -0.5 55 56 8.266294167088375 0.7332459773386621
-0.75 -0.5 56 57 8.171329359529892 0.6229006106359034
-0.75 -0.5 57 58 8.062303634003399 0.5259277371539951
-0.75 -0.5 58 59 7.941486532787849 0.4413576270670247
-0.75 -0.5 59 60 7.810873478524684 0.3682438376779884
-0.75 -0.5 60 61 7.672217899999879 0.3056661858638541
-0.75 -0.5 61 62 7.527059883094068 0.2527331444048945
-0.75 -0.5 62 63 7.376746862595354 0.2084466102196038
-0.75 -0.5 63 64 7.222295773538235 0.169152048251961
-0.75 -0.5 64 65 7.064618924973487 0.1318918982450992
-0.75 -0.5 65 66 6.904638040740778 0.09692957743696741
-0.75 -0.5 66 67 6.742880142687213 0.06818885676652674
-0.75 -0.5 67 68 6.579831000094529 0.04466625978617035
-0.75 -0.5 68 69 6.415261265347226 0.03318502275907138
-0.75 -0.5 69 70 6.248294847979793 0.02712997219169217
-0.75 -0.5 70 71 6.078280075289641 0.0254771659558193
-0.75 -0.5 71 72 5.905435807116604 0.02688268065241494
-0.75 -0.5 72 73 5.730225080072401 0.02953713319965393
-0.75 -0.5 73 74 5.553273791754478 0.0312035802080508
-0.75 -0.5 74 75 5.37522085820018 0.03140051699648221
-0.75 -0.5 75 76 5.172942152585314 0.362253276917501
-0.75 -0.5 76 77 5.015265305080703 0.4129211338090902
-0.75 -0.5 77 78 4.836925020827252 0.343382941286606
-0.75 -0.5 78 79 4.659588352555595 0.2874105290642135
-0.75 -0.5 79 80 4.483706448159836 0.2434115074248278
-0.75 -0.5 80 81 4.30969147119287 0.209912539382532
-0.75 -0.5 81 82 4.13791865070057 0.1855549465188627
-0.75 -0.5 82 83 3.968727266776554 0.1690927137108512
-0.75 -0.5 83 84 3.802422616266426 0.1593886331787983
-0.75 -0.5 84 85 3.639277501957693 0.1554114660757403
-0.75 -0.5 85 86 3.479533737665154 0.1562320103192914
-0.75 -0.5 86 87 3.323403650053297 0.1610175026942674
-0.75 -0.5 87 88 3.171071557739523 0.1690248372966746
-0.75 -0.5 88 89 3.02269522817916 0.1795935828114918
-0.75 -0.5 89 90 2.878407311478217 0.1921394719764618
-0.75 -0.5 90 91 2.729209855349986 0.1459536984954047
-0.75 -0.5 91 92 2.604055395015973 0.01229406838696042
-0.75 -0.5 92 93 2.472339756523265 0.01057973563559684
-0.75 -0.5 93 94 2.345012793353003 0.009107798709581149
-0.75 -0.5 94 95 2.222104876757044 0.007900797358419687
-0.75 -0.5 95 96 2.103628943281958 0.006977720231274348
-0.75 -0.5 96 97 1.989581787398198 0.006450603454874687
-0.75 -0.5 97 98 1.879945320901603 0.006063048016619221
-0.75 -0.5 98 99 1.774687737825094 0.005865864590507102
-0.75 -0.5 99 100 1.673764948278196 0.00591425987672537
-0.5 -0.25 51 52 8.158324194434357 1.285522929716458
-0.5 -0.25 52 53 8.167260516819709 1.139306616885757
-0.5 -0.25 53 54 8.148406040056869 0.9994517037232729
-0.5 -0.25 54 55 8.105680707659616 0.866416030832645
-0.5 -0.25 55 56 8.042479597620769 0.7416340681224998
-0.5 -0.25 56 57 7.961621611018757 0.6298927588122814
-0.5 -0.25 57 58 7.865718125631872 0.5316925778543701
-0.5 -0.25 58 59 7.757116090289998 0.446053204810629
-0.5 -0.25 59 60 7.637881403921241 0.372017637802407
-0.5 -0.25 60 61 7.509831739527385 0.30865521811574
-0.5 -0.25 61 62 7.374565821630952 0.2550640729245595
-0.5 -0.25 62 63 7.233484937486324 0.2102337281291306
-0.5 -0.25 63 64 7.087659254091619 0.170454430815322
-0.5 -0.25 64 65 6.938049357041763 0.1327231892232918
-0.5 -0.25 65 66 6.785617565156429 0.09730919246816221
-0.5 -0.25 66 67 6.630930898111359 0.06820302311998899
-0.5 -0.25 67 68 6.474516095072701 0.04665610334606794
-0.5 -0.25 68 69 6.316185101972422 0.03656975591044917
-0.5 -0.25 69 70 6.155109482598505 0.03105745382299182
-0.5 -0.25 70 71 5.990674156883998 0.02954498928273526
-0.5 -0.25 71 72 5.82312030715903 0.03073735545595384
-0.5 -0.25 72 73 5.652925999468977 0.03304952804355935
-0.5 -0.25 73 74 5.480730432692638 0.03443278272990407
-0.5 -0.25 74 75 5.307183515812646 0.03441817215581233
-0.5 -0.25 75 76 5.108151153091349 0.3650757063444115
-0.5 -0.25 76 77 4.955053617747403 0.4160588023311069
-0.5 -0.25 77 78 4.780547833050491 0.3456484588858368
-0.5 -0.25 78 79 4.606836760397769 0.2889975742761588
-0.5 -0.25 79 80 4.434380608102529 0.2444925710578066
-0.5 -0.25 80 81 4.263600323376252 0.2106402324439443
-0.5 -0.25 81 82 4.094879657006295 0.1860632535155951
-0.5 -0.25 82 83 3.928566140357596 0.1694982558676812
-0.5 -0.25 83 84 3.764973064360809 0.1597919287650358
-0.5 -0.25 84 85 3.604380971558776 0.1558982433473519
-0.5 -0.25 85 86 3.447039164763524 0.1568745460101079
-0.5 -0.25 86 87 3.293167212555307 0.1618759149872364
-0.5 -0.25 87 88 3.142956432057026 0.170148280281939
-0.5 -0.25 88 89 2.996571349294719 0.1810213374001695
-0.5 -0.25 89 90 2.854151136437515 0.1939019552893335
-0.5 -0.25 90 91 2.706476483325009 0.147288677122828
-0.5 -0.25 91 92 2.583502926970592 0.01350538565064758
-0.5 -0.25 92 93 2.453312330795114 0.01174216337213756
-0.5 -0.25 93 94 2.327410950726371 0.01021775606024017
-0.5 -0.25 94 95 2.20583454369547 0.008949131683620581
-0.5 -0.25 95 96 2.088601218902806 0.007948969411415747
-0.5 -0.25 96 97 1.975712734102357 0.007291063167196649
-0.5 -0.25 97 98 1.867155758773073 0.006844043618090201
-0.5 -0.25 98 99 1.762903041406792 0.006504379532495305
-0.5 -0.25 99 100 1.662914854147356 0.006435231367935701
-0.25 0 51 52 8.162618931231151 1.292877776161657
-0.25 0 52 53 8.173310204994294 1.145854872272461
-0.25 0 53 54 8.155946571912494 1.005214031181174
-0.25 0 54 55 8.114478915663057 0.8714173221471637
-0.25 0 55 56 8.052330008786782 0.7459110671441842
-0.25 0 56 57 7.972344146468373 0.6335200412606273
-0.25 0 57 58 7.877154008953852 0.5347508018066522
-0.25 0 58 59 7.769125057181213 0.448617862770797
-0.25 0 59 60 7.650339671817562 0.3741590840425843
-0.25 0 60 61 7.522630208065181 0.3104387177846863
-0.25 0 61 62 7.387608479032622 0.2565498692417252
-0.25 0 62 63 7.246687424730908 0.2114759197679241
-0.25 0 63 64 7.100946496063145 0.1714773174204343
-0.25 0 64 65 6.951354740336782 0.1335267540981634
-0.25 0 65 66 6.79888289870911 0.09789712881425949
-0.25 0 66 67 6.644103852671833 0.06861501298475875
-0.25 0 67 68 6.487550736648956 0.04583254759706924
-0.25 0 68 69 6.329039123950864 0.03543798841630506
-0.25 0 69 70 6.167743922902105 0.02971432378408509
-0.25 0 70 71 6.003053247006477 0.0281916089738482
-0.25 0 71 72 5.835212695152151 0.0295251172767214
-0.25 0 72 73 5.664704102738568 0.03202398842093778
-0.25 0 73 74 5.492170990730365 0.03354680945101818
-0.25 0 74 75 5.318267248999206 0.03362048483906981
-0.25 0 75 76 5.118995441064953 0.3612369885450964
-0.25 0 76 77 4.965956936311585 0.4135160086773797
-0.25 0 77 78 4.791048559925351 0.3429009735056094
-0.25 0 78 79 4.616927000805823 0.2861321771836686
-0.25 0 79 80 4.444055429413915 0.2415854549454721
-0.25 0 80 81 4.272857464351148 0.2077571351427328
-0.25 0 81 82 4.103719257829141 0.183259612763946
-0.25 0 82 83 3.936990481692682 0.1668197210391401
-0.25 0 83 84 3.772986326222458 0.1572754423931925
-0.25 0 84 85 3.611989006892657 0.1535736590208336
-0.25 0 85 86 3.454249287618282 0.1547663173671122
-0.25 0 86 87 3.299988000783962 0.1600043245268985
-0.25 0 87 88 3.149397544029203 0.1685300287346101
-0.25 0 88 89 3.002643354160668 0.1796696917966098
-0.25 0 89 90 2.859865357587516 0.1928267563628485
-0.25 0 90 91 2.711544093378883 0.1458559184322363
-0.25 0 91 92 2.588174837103047 0.01332587485135078
-0.25 0 92 93 2.457679858491961 0.01157531513506657
-0.25 0 93 94 2.331486882698215 0.01006753349629077
-0.25 0 94 95 2.209631772436506 0.008820412208248312
-0.25 0 95 96 2.092132661418017 0.007847048430122105
-0.25 0 96 97 1.978991258996436 0.007232160450922848
-0.25 0 97 98 1.870194121368689 0.006801092981956688
-0.25 0 98 99 1.765713825511376 0.00650025597649893
-0.25 0 99 100 1.665510424288955 0.006459937770007856
0 0.25 51 52 8.135968892028046 1.292774797642231
0 0.25 52 53 8.148891630146295 1.14576799556571
0 0.25 53 54 8.133595735554962 1.005141737266227
0 0.25 54 55 8.094044570046094 0.8713581345564954
0 0.25 55 56 8.033672424620278 0.7458634951381754
0 0.25 56 57 7.955334433643998 0.6334823904039216
0 0.25 57 58 7.861672847289128 0.53472147742179
0 0.25 58 59 7.75506180291066 0.448595457459034
0 0.25 59 60 7.637591672752976 0.3741423643611715
0 0.25 60 61 7.511102180556065 0.3104266109979565
0 0.25 61 62 7.377211940206806 0.256541450384896
0 0.25 62 63 7.23734018261753 0.211470404705027
0 0.25 63 64 7.092572333626649 0.1714741592887565
0 0.25 64 65 6.943882900545177 0.1335255761601923
0 0.25 65 66 6.792247520159464 0.0978975770218822
0 0.25 66 67 6.638243777800042 0.06861663540879755
0 0.25 67 68 6.482409192398237 0.04583492232433013
0 0.25 68 69 6.324563637708522 0.03544005442314212
0 0.25 69 70 6.163886225824228 0.02971519508180109
0 0.25 70 71 5.999768441288637 0.02819098097109239
0 0.25 71 72 5.832458330262227 0.02952315534610872
0 0.25 72 73 5.662439804748331 0.0320212805465936
0 0.25 73 74 5.490358299411966 0.03354391809223628
0 0.25 74 75 5.31686952945347 0.03361770994155324
0 0.25 75 76 5.1179813577914 0.3612134959530171
0 0.25 76 77 4.965289552042016 0.4135005830982133
0 0.25 77 78 4.790696505453894 0.342886574988305
0 0.25 78 79 4.616860575475364 0.2861184217375118
0 0.25 79 80 4.444246566052186 0.2415720799532024
0 0.25 80 81 4.273279692089552 0.2077439753505692
0 0.25 81 82 4.104347662837625 0.18324657673926
0 0.25 82 83 3.937801666019425 0.1668067706109058
0 0.25 83 84 3.773958364884805 0.1572625783174383
0 0.25 84 85 3.613101403422014 0.1535609146632987
0 0.25 85 86 3.455482928177354 0.1547537580617371
0 0.25 86 87 3.301325107111271 0.1599920474345852
0 0.25 87 88 3.150821625315963 0.1685181596418362
0 0.25 88 89 3.004139158154793 0.1796583784073422
0 0.25 89 90 2.861418820963806 0.1928161600609634
0 0.25 90 91 2.713142290013444 0.1458421098669053
0 0.25 91 92 2.589805648139055 0.01332568614649935
0 0.25 92 93 2.459332715628022 0.01157512651617381
0 0.25 93 94 2.333151946805309 0.01006734926530286
0 0.25 94 95 2.211300143851521 0.008820246836028962
0 0.25 95 96 2.093796330281304 0.007846926264424601
0 0.25 96 97 1.980643056063231 0.007232112078663903
0 0.25 97 98 1.871827669475737 0.00680104614690246
0 0.25 98 99 1.767323491870584 0.006500438004213099
0 0.25 99 100 1.667091273731938 0.006460255039634153
0.25 0.5 51 52 8.078740362201273 1.285246005661534
0.25 0.5 52 53 8.094339687329438 1.13907488724875
0.25 0.5 53 54 8.081659175244937 0.9992607324727789
0.25 0.5 54 55 8.04465607193211 0.8662615157033721
0.25 0.5 55 56 7.986759878092215 0.7415116746247447
0.25 0.5 56 57 7.910821861698082 0.6297975685338137
0.25 0.5 57 58 7.81948199679394 0.5316199757665575
0.25 0.5 58 59 7.715113164401544 0.4459991337013657
0.25 0.5 59 60 7.599805146393294 0.3719785576843529
0.25 0.5 60 61 7.475397634758664 0.3086280661070196
0.25 0.5 61 62 7.343509674562256 0.2550462240108797
0.25 0.5 62 63 7.205561348529457 0.2102229740511231
0.25 0.5 63 64 7.062640674576798 0.1704492682719422
0.25 0.5 64 65 6.915724549645063 0.1327226186608626
0.25 0.5 65 66 6.765789916809908 0.09731227409949106
0.25 0.5 66 67 6.613417855957778 0.06820850944141568
0.25 0.5 67 68 6.459148212238233 0.04666267569784575
0.25 0.5 68 69 6.302805786806857 0.03657482337746635
0.25 0.5 69 70 6.14357469788122 0.03105933970527552
0.25 0.5 70 71 5.980849918125173 0.02954358553018923
0.25 0.5 71 72 5.814879925552887 0.03073347201478878
0.25 0.5 72 73 5.64614898028421 0.03304465323599794
0.25 0.5 73 74 5.475301990612913 0.0344281862738775
0.25 0.5 74 75 5.302994312549423 0.03441447219517726
0.25 0.5 75 76 5.105100941748965 0.3650453771309248
0.25 0.5 76 77 4.953038533791535 0.4160379865358507
0.25 0.5 77 78 4.779474328936217 0.3456276062604771
0.25 0.5 78 79 4.606616258580445 0.2889758211030019
0.25 0.5 79 80 4.434929396937264 0.2444694017239687
0.25 0.5 80 81 4.264839446565162 0.2106154127373714
0.25 0.5 81 82 4.096734796914568 0.1860367643807289
0.25 0.5 82 83 3.930967495736809 0.1694702321171858
0.25 0.5 83 84 3.76785522277919 0.1597626108752845
0.25 0.5 84 85 3.607682777322609 0.1558679489517799
0.25 0.5 85 86 3.450703582530281 0.1568436589758631
0.25 0.5 86 87 3.297141187460745 0.1618448817162416
0.25 0.5 87 88 3.147190746656165 0.1701176028288943
0.25 0.5 88 89 3.001020478060216 0.1809915598501327
0.25 0.5 89 90 2.858773098281972 0.1938736456146356
0.25 0.5 90 91 2.711232687936178 0.1472515479145969
0.25 0.5 91 92 2.588363898882506 0.01350942985775754
0.25 0.5 92 93 2.458239604315914 0.01174561726176454
0.25 0.5 93 94 2.332375136429828 0.0102205227553545
0.25 0.5 94 95 2.210809055959999 0.008951133459959664
0.25 0.5 95 96 2.093562127782413 0.007950165846499407
0.25 0.5 96 97 1.980638618626751 0.007290920929018667
0.25 0.5 97 98 1.872027562264941 0.006843905656044156
0.25 0.5 98 99 1.767703929177383 0.006503590804335886
0.25 0.5 99 100 1.667630074058042 0.006434125576066722
0.5 0.75 51 52 8.320818831546063 1.270018346700933
0.5 0.75 52 53 8.321643169203867 1.125639392702224
0.5 0.75 53 54 8.29527320240129 0.9875567407292106
0.5 0.75 54 55 8.245573046972851 0.8562207911469254
0.5 0.75 55 56 8.17588653663833 0.7330440925521012
0.5 0.75 56 57 8.088982270887556 0.6227420699006954
0.5 0.75 57 58 7.987431063261397 0.5258050747422117
0.5 0.75 58 59 7.873545206942609 0.4412642982325382
0.5 0.75 59 60 7.749359492784009 0.3681741502353597
0.5 0.75 60 61 7.616663640833707 0.3056152326823831
0.5 0.75 61 62 7.4770312245425 0.2526967375082785
0.5 0.75 62 63 7.331840646369955 0.2084212432287795
0.5 0.75 63 64 7.182138201815121 0.1691353390901208
0.5 0.75 64 65 7.028863029360579 0.1318822624019458
0.5 0.75 65 66 6.872960942710691 0.09692553281713105
0.5 0.75 66 67 6.714982072104547 0.06818845206140123
0.5 0.75 67 68 6.555433707618306 0.04466798301432844
0.5 0.75 68 69 6.394107547837848 0.03318711022097555
0.5 0.75 69 70 6.230147994935152 0.02713090678048136
0.5 0.75 70 71 6.062919827373946 0.02547675187653622
0.5 0.75 71 72 5.892653921520903 0.02688174425328709
0.5 0.75 72 73 5.719823547569632 0.02953682161064195
0.5 0.75 73 74 5.545064043592809 0.03120474115552592
0.5 0.75 74 75 5.369023334458461 0.0314034795962183
0.5 0.75 75 76 5.168579999608205 0.3622317789525585
0.5 0.75 76 77 5.012580734350678 0.4129035389866523
0.5 0.75 77 78 4.835764602836342 0.3433617543144843
0.5 0.75 78 79 4.659806859367052 0.2873847609290969
0.5 0.75 79 80 4.485166679149494 0.2433807133570185
0.5 0.75 80 81 4.312264068343694 0.2098767086578154
0.5 0.75 81 82 4.141481904000024 0.1855143919030834
0.5 0.75 82 83 3.973166910468535 0.1690479681804676
0.5 0.75 83 84 3.807631616814128 0.1593403682463493
0.5 0.75 84 85 3.6451558383663 0.1553604444038069
0.5 0.75 85 86 3.485988175170693 0.1561790702674511
0.5 0.75 86 87 3.330347507963662 0.1609635570658433
0.5 0.75 87 88 3.178424472327215 0.1689708675769147
0.5 0.75 88 89 3.030382911550475 0.1795406212709146
0.5 0.75 89 90 2.886361307351351 0.1920885747918621
0.5 0.75 90 91 2.737367284693622 0.1458862361833884
0.5 0.75 91 92 2.612373107540794 0.01230436108551299
0.5 0.75 92 93 2.480749945484902 0.01058843491391622
0.5 0.75 93 94 2.353467726410283 0.009114682084442913
0.5 0.75 94 95 2.230561428368521 0.007905665748390606
0.5 0.75 95 96 2.112048349671621 0.006980457057030012
0.5 0.75 96 97 1.9979294040489 0.006450343634253833
0.5 0.75 97 98 1.888190383426267 0.006062796614369483
0.5 0.75 98 99 1.782803126925039 0.005863434060829972
0.5 0.75 99 100 1.681726959408467 0.005911068436208896
0.75 1 51 52 9.084461064837996 1.235669434255932
0.75 1 52 53 9.049021879265752 1.094526700680668
0.75 1 53 54 8.988530735939122 0.9595723834156459
0.75 1 54 55 8.90669405451527 0.8312443331869667
0.75 1 55 56 8.806710163477845 0.7109223745775604
0.75 1 56 57 8.691208947860645 0.6032193257489512
0.75 1 57 58 8.562640029741743 0.508610494552267
0.75 1 58 59 8.423207022827725 0.4261429143702228
0.75 1 59 60 8.274845155471894 0.3548868740360085
0.75 1 60 61 8.119252827437421 0.2939388017609467
0.75 1 61 62 7.957919742499854 0.2424235861614565
0.75 1 62 63 7.792146673299527 0.1993624430597217
0.75 1 63 64 7.622900205627829 0.1611827327900396
0.75 1 64 65 7.451046703252473 0.1249940570228147
0.75 1 65 66 7.277471862566642 0.09105310943316572
0.75 1 66 67 7.1026599109194 0.0631891585670194
0.75 1 67 68 6.927046510821853 0.04042271145114844
0.75 1 68 69 6.750334032053914 0.02120294907998651
0.75 1 69 70 6.571544572698357 0.006221973562172129
0.75 1 70 71 6.389950415854742 0.007839369374036481
0.75 1 71 72 6.205742687577398 0.01809853260612093
0.75 1 72 73 6.019378117556812 0.02660337680621741
0.75 1 73 74 5.831482667156997 0.03116296028521578
0.75 1 74 75 5.642700553177143 0.03251649860916052
0.75 1 75 76 5.428631404297512 0.3493487727803373
0.75 1 76 77 5.261000257927329 0.4037903422733694
0.75 1 77 78 5.07272346266717 0.33594713676843
0.75 1 78 79 4.885667102896228 0.281349036619622
0.75 1 79 80 4.700288061055062 0.2384367654339827
0.75 1 80 81 4.51700365223266 0.205766888506845
0.75 1 81 82 4.336193646524443 0.1820077996881365
0.75 1 82 83 4.158201263283736 0.1659386516018656
0.75 1 83 84 3.983335120225682 0.1564467346791139
0.75 1 84 85 3.811870724046543 0.1525254533980913
0.75 1 85 86 3.64405197978671 0.1532702159460284
0.75 1 86 87 3.48009270034294 0.1578718229072399
0.75 1 87 88 3.320178096633818 0.1656085787209452
0.75 1 88 89 3.16446624874127 0.1758387067983747
0.75 1 89 90 3.0130895568612 0.1879938211417878
0.75 1 90 91 2.856965827927297 0.141313158708328
0.75 1 91 92 2.725258023724933 0.0114726319993112
0.75 1 92 93 2.587165663513797 0.00884541626593799
0.75 1 93 94 2.453705269923354 0.00643195401749551
0.75 1 94 95 2.32490419632428 0.004233574791403634
0.75 1 95 96 2.200771966602737 0.002251375710106485
0.75 1 96 97 2.081301594861202 0.001553445051189014
0.75 1 97 98 1.966470872514565 0.001557921853777916
0.75 1 98 99 1.856243563622336 0.002580138892162734
0.75 1 99 100 1.750570857555802 0.003808727215963409
1 1.25 51 52 9.577830001153671 1.21029323099867
1 1.25 52 53 9.524594256967163 1.072298644427145
1 1.25 53 54 9.447249933109561 0.9404162842236088
1 1.25 54 55 9.349428289779553 0.8150652080822888
1 1.25 55 56 9.23426098482139 0.6975778090521919
1 1.25 56 57 9.104320845178108 0.5924212480238435
1 1.25 57 58 8.96200335564464 0.5000471213196299
1 1.25 58 59 8.80946226139838 0.4195218318891967
1 1.25 59 60 8.648587598980214 0.3499350044934568
1 1.25 60 61 8.481036762201114 0.2904022825938933
1 1.25 61 62 8.308262186332911 0.2400675709204681
1 1.25 62 63 8.13153040892162 0.1979749369972766
1 1.25 63 64 7.951772854012773 0.1606539716601599
1 1.25 64 65 7.769823524048647 0.1252978828314215
1 1.25 65 66 7.586541791770827 0.09215155339142339
1 1.25 66 67 7.402383235612675 0.06492288195747366
1 1.25 67 68 7.217747704564488 0.04265706021551507
1 1.25 68 69 7.032290601081044 0.03051625539759046
1 1.25 69 70 6.844955703036163 0.02418156018117478
1 1.25 70 71 6.654949634706952 0.02218677262722986
1 1.25 71 72 6.462434100279545 0.02334854652384823
1 1.25 72 73 6.267855700702675 0.02587282622998665
1 1.25 73 74 6.071837939121622 0.02758906319911062
1 1.25 74 75 5.875029768891402 0.02901230827473714
1 1.25 75 76 5.656616670457311 0.3390673752399723
1 1.25 76 77 5.479896722169045 0.395006275291217
1 1.25 77 78 5.283750426831567 0.3291645938873268
1 1.25 78 79 5.088940794185213 0.2761807589497779
1 1.25 79 80 4.895931431914001 0.2345348756769507
1 1.25 80 81 4.705146140252026 0.2028196728059047
1 1.25 81 82 4.516970870243689 0.1797368061020274
1 1.25 82 83 4.331754703353326 0.164096478281289
1 1.25 83 84 4.149811748719877 0.1548157845478622
1 1.25 84 85 3.971422606062969 0.150917296896242
1 1.25 85 86 3.796835850979111 0.1515248354586331
1 1.25 86 87 3.626269524292731 0.1558561385047998
1 1.25 87 88 3.459912606827128 0.1632141706207447
1 1.25 88 89 3.297926479604126 0.1729790726307288
1 1.25 89 90 3.140446367999125 0.1846015871903975
1 1.25 90 91 2.979141305320301 0.1374836543628879
1 1.25 91 92 2.84020536716034 0.009970664540303298
1 1.25 92 93 2.696595093240667 0.008358653863074744
1 1.25 93 94 2.557789293206685 0.006992188982105156
1 1.25 94 95 2.423816045592115 0.005908010263545455
1 1.25 95 96 2.294685148889522 0.005190001085059766
1 1.25 96 97 2.170389456488238 0.004854782663628893
1 1.25 97 98 2.050906180922292 0.004602669548883157
1 1.25 98 99 1.93619811075583 0.004723755928124108
1 1.25 99 100 1.82621507141643 0.004988016205652471
1.25 1.5 51 52 9.808693569215421 1.165418127123633
1.25 1.5 52 53 9.734967465267033 1.031836010630127
1.25 1.5 53 54 9.639001866675926 0.9041968499193203
1.25 1.5 54 55 9.524246354085534 0.7829064187515602
1.25 1.5 55 56 9.393665138788947 0.6692518398959632
1.25 1.5 56 57 9.249665083681847 0.567545511906187
1.25 1.5 57 58 9.094509926584351 0.4782182661615297
1.25 1.5 58 59 8.930241387616647 0.4003630803406225
1.25 1.5 59 60 8.758648766201205 0.3330959093157435
1.25 1.5 60 61 8.581298762200547 0.2755583508891065
1.25 1.5 61 62 8.39956204980875 0.2269197697011556
1.25 1.5 62 63 8.21463120638947 0.1862543937242336
1.25 1.5 63 64 8.027370755382464 0.1502277442319868
1.25 1.5 64 65 7.838554145245155 0.1161461520449784
1.25 1.5 65 66 7.648986369225582 0.084246298618775
1.25 1.5 66 67 7.459075360620076 0.05808144801657518
1.25 1.5 67 68 7.269170496117212 0.0380450548849199
1.25 1.5 68 69 7.078884048782911 0.0303874761445048
1.25 1.5 69 70 6.887114381915609 0.02732441679582259
1.25 1.5 70 71 6.693034500574086 0.02763332422951069
1.25 1.5 71 72 6.496779468015426 0.02995385858392025
1.25 1.5 72 73 6.298775249374799 0.03270235562823266
1.25 1.5 73 74 6.099623502012868 0.03419088796523146
1.25 1.5 74 75 5.899953390676608 0.03421995505033269
1.25 1.5 75 76 5.700246416235736 0.03373965796434791
1.25 1.5 76 77 5.494321817583945 0.409664814802108
1.25 1.5 77 78 5.296268677216389 0.3445031928149265
1.25 1.5 78 79 5.099747834220302 0.2918218486259131
1.25 1.5 79 80 4.905207399007615 0.2501508761212445
1.25 1.5 80 81 4.713056582413259 0.2181321831013202
1.25 1.5 81 82 4.52366760314942 0.1945154182906638
1.25 1.5 82 83 4.337376666157397 0.1781556555929
1.25 1.5 83 84 4.154485810367408 0.1680090543246513
1.25 1.5 84 85 3.975264343488707 0.1631292177789841
1.25 1.5 85 86 3.799950297358755 0.1626629422863925
1.25 1.5 86 87 3.628751886276305 0.1658451523925676
1.25 1.5 87 88 3.461848950874487 0.1719932017202767
1.25 1.5 88 89 3.299394387461245 0.180500943284906
1.25 1.5 89 90 3.131666288287896 0.1374355551541386
1.25 1.5 90 91 2.991918796307253 0.01569226707657187
1.25 1.5 91 92 2.843109520624186 0.0138180648344301
1.25 1.5 92 93 2.69911272460298 0.01214263599479007
1.25 1.5 93 94 2.559970457672634 0.01067861522740558
1.25 1.5 94 95 2.42570557474013 0.009436049848063961
1.25 1.5 95 96 2.29632307380083 0.008421080059963568
1.25 1.5 96 97 2.171811406285718 0.007633354237423144
1.25 1.5 97 98 2.05214375737984 0.007147689643140161
1.25 1.5 98 99 1.937279243524326 0.006735865806555489
1.25 1.5 99 100 1.827164335270044 0.006474606843416241
1.5 1.75 51 52 11.32609860803359 1.11634902492282
1.5 1.75 52 53 11.17472821554634 0.9873943309870026
1.5 1.75 53 54 11.00589376354873 0.8642973647823623
1.5 1.75 54 55 10.82269143217778 0.7474338885822738
1.5 1.75 55 56 10.62775948071254 0.6380266325025779
1.5 1.75 56 57 10.42319558546279 0.5402033704455168
1.5 1.75 57 58 10.21099072663978 0.4543621251493017
1.5 1.75 58 59 9.992940873250006 0.3796168003293673
1.5 1.75 59 60 9.770609978099458 0.3151046311748316
1.5 1.75 60 61 9.545357878681443 0.2599886877041803
1.5 1.75 61 62 9.318365134844086 0.2134598422876024
1.5 1.75 62 63 9.090648276979621 0.1746190995302712
1.5 1.75 63 64 8.862890360973267 0.1402651520452134
1.5 1.75 64 65 8.635699553791952 0.1078151159850082
1.5 1.75 65 66 8.409745324693191 0.07749332566289031
1.5 1.75 66 67 8.185291135798821 0.05268816247092629
1.5 1.75 67 68 7.962534237653927 0.03254665972925982
1.5 1.75 68 69 7.740904007619974 0.01582532754872192
1.5 1.75 69 70 7.519055012317942 0.004652768195912208
1.5 1.75 70 71 7.295971808778177 0.01070648538016341
1.5 1.75 71 72 7.071702347953874 0.01981276815895973
1.5 1.75 72 73 6.846631291560428 0.02704602837552628
1.5 1.75 73 74 6.621333667393387 0.03084529161248644
1.5 1.75 74 75 6.396423467956978 0.0318228615485219
1.5 1.75 75 76 6.172362198934294 0.03186524180845852
1.5 1.75 76 77 5.92424615864531 0.2751963432693884
1.5 1.75 77 78 5.722671860835717 0.3290609630743324
1.5 1.75 78 79 5.50449137023778 0.2793094218986601
1.5 1.75 79 80 5.289103962945305 0.240026478651655
1.5 1.75 80 81 5.076904686486664 0.2099042202871811
1.5 1.75 81 82 4.868251128569497 0.1877390633426355
1.5 1.75 82 83 4.663464425878338 0.172431299555295
1.5 1.75 83 84 4.462831096107994 0.1629825594910449
1.5 1.75 84 85 4.266604488079068 0.1584927928080222
1.5 1.75 85 86 4.075006256326105 0.1581549476116461
1.5 1.75 86 87 3.888227843140207 0.1612477857461473
1.5 1.75 87 88 3.706431950948499 0.1671282528574124
1.5 1.75 88 89 3.529754004154004 0.1752246189846381
1.5 1.75 89 90 3.348834170525418 0.129486901058905
1.5 1.75 90 91 3.194661211787096 0.01279151873386367
1.5 1.75 91 92 3.03353603843372 0.01019266174728661
1.5 1.75 92 93 2.877825438429021 0.007790818000505305
1.5 1.75 93 94 2.727552280333272 0.005590760913367115
1.5 1.75 94 95 2.582720188557031 0.003596307276756419
1.5 1.75 95 96 2.443314925788883 0.002386303745363089
1.5 1.75 96 97 2.309305747193775 0.001945154811263272
1.5 1.75 97 98 2.180646723438446 0.001873856995873693
1.5 1.75 98 99 2.057277983222544 0.002669717603490006
1.5 1.75 99 100 1.939127159401776 0.003770284332649698
1.75 2 51 52 11.67224940139235 1.054992117399657
1.75 2 52 53 11.51372837496814 0.932333747839054
1.75 2 53 54 11.3380572083172 0.8152784504655063
1.75 2 54 55 11.14828977343836 0.7041872820503395
1.75 2 55 56 10.94702588952589 0.6002275185687008
1.75 2 56 57 10.7363228772922 0.5073307739040297
1.75 2 57 58 10.51814733336523 0.4258694787259469
1.75 2 58 59 10.29427809120092 0.3549924902924431
1.75 2 59 60 10.06626466450722 0.2938717203058001
1.75 2 60 61 9.835454745370853 0.2417044067372155
1.75 2 61 62 9.603018679599387 0.1977148127660221
1.75 2 62 63 9.369964843963317 0.1610431834897615
1.75 2 63 64 9.136981790825558 0.1286677732086801
1.75 2 64 65 8.904681321060465 0.09816469551275105
1.75 2 65 66 8.673725891621672 0.06977376905038482
1.75 2 66 67 8.444382581654963 0.046714223490418
1.75 2 67 68 8.216841495669556 0.02830711039020743
1.75 2 68 69 7.990518194663338 0.01646845233673237
1.75 2 69 70 7.764010685550879 0.01727995478543475
1.75 2 70 71 7.536236954601932 0.02073080698323903
1.75 2 71 72 7.307205611141747 0.02505217805874553
1.75 2 72 73 7.077283300167821 0.02895153817072137
1.75 2 73 74 6.847038962213446 0.03217808642375698
1.75 2 74 75 6.617092192253295 0.03279597117858561
1.75 2 75 76 6.387897832447905 0.03255923464102162
1.75 2 76 77 6.132945692741771 0.2782394348900304
1.75 2 77 78 5.924827063519736 0.328033856522077
1.75 2 78 79 5.701543813158054 0.2795769229186377
1.75 2 79 80 5.480971269435827 0.2411418555404379
1.75 2 80 81 5.263518523072435 0.2114795842414142
1.75 2 81 82 5.049557027160645 0.1894410863054238
1.75 2 82 83 4.83942157323499 0.1739759793722224
1.75 2 83 84 4.633412036673331 0.164129383537256
1.75 2 84 85 4.431794772324505 0.1590389426831582
1.75 2 85 86 4.234804037988045 0.1579304559310701
1.75 2 86 87 4.042643429701936 0.1601120985762436
1.75 2 87 88 3.855487312851629 0.1649679388374754
1.75 2 88 89 3.663269119402472 0.1206155484075373
1.75 2 89 90 3.488173216040718 0.1273758466931399
1.75 2 90 91 3.328517980122449 0.0122192837527068
1.75 2 91 92 3.162129017966127 0.009698706950555325
1.75 2 92 93 3.001233195197202 0.007373579292548006
1.75 2 93 94 2.845861158549585 0.005504268938351835
1.75 2 94 95 2.696023689810263 0.004150173318767907
1.75 2 95 96 2.551713084123355 0.003087971518815469
1.75 2 96 97 2.412904504038915 0.002636124146944068
1.75 2 97 98 2.279557306114945 0.002450169747207258
1.75 2 98 99 2.151616294739037 0.002783995658044569
1.75 2 99 100 2.029013160832761 0.003833537136156993
2 2.25 51 52 13.43251633756088 1.034098177960385
2 2.25 52 53 13.1694028486074 0.9154502583297643
2 2.25 53 54 12.89613549754822 0.8023031765950611
2 2.25 54 55 12.615230464676 0.6949895002702443
2 2.25 55 56 12.32879728118544 0.5946031300227705
2 2.25 56 57 12.03844556823569 0.5048512015831198
2 2.25 57 58 11.74573299663962 0.4260710363470323
2 2.25 58 59 11.4520644074549 0.3574428647128197
2 2.25 59 60 11.15864660317817 0.2981697780641867
2 2.25 60 61 10.86651289861433 0.2474800060278167
2 2.25 61 62 10.57654493718921 0.2046287050943783
2 2.25 62 63 10.28948402238535 0.168792910514649
2 2.25 63 64 10.00574334535725 0.1370934010523844
2 2.25 64 65 9.725684185820668 0.1072087729089133
2 2.25 65 66 9.449763667751654 0.07932502166904201
2 2.25 66 67 9.178025873108297 0.05645688107491979
2 2.25 67 68 8.910432716716919 0.03781292409255698
2 2.25 68 69 8.646141608496372 0.02220792588054318
2 2.25 69 70 8.383450180592078 0.01072992315697391
2 2.25 70 71 8.121070540838289 0.005295586450796341
2 2.25 71 72 7.858918064421076 0.01109645297560747
2 2.25 72 73 7.597310304530339 0.0177130482351589
2 2.25 73 74 7.336773169155435 0.02139230272850959
2 2.25 74 75 7.077888724861729 0.02257439250377158
2 2.25 75 76 6.821079660711135 0.02290282001323816
2 2.25 76 77 6.566835337945996 0.0230355636556358
2 2.25 77 78 6.301159810714623 0.2507069978265476
2 2.25 78 79 6.071304621272709 0.2924745522886477
2 2.25 79 80 5.827430919192111 0.2551471962442073
2 2.25 80 81 5.587844777684822 0.2261456617903918
2 2.25 81 82 5.352878901553332 0.2043812625140759
2 2.25 82 83 5.122829572601287 0.1888602044481382
2 2.25 83 84 4.897958408970069 0.1786789936484489
2 2.25 84 85 4.678493805281132 0.1730201468487614
2 2.25 85 86 4.464632400368554 0.1711475332397195
2 2.25 86 87 4.256540557133139 0.1724014977124444
2 2.25 87 88 4.054355838884511 0.1761939181228053
2 2.25 88 89 3.855233434680724 0.01302708910677332
2 2.25 89 90 3.66505637018096 0.01076652431538275
2 2.25 90 91 3.481027771356047 0.008519659868179692
2 2.25 91 92 3.303183414704192 0.006455248887279821
2 2.25 92 93 3.131540821499852 0.004660647679369268
2 2.25 93 94 2.966098131124436 0.003415680991405777
2 2.25 94 95 2.806834333937998 0.002554409381032993
2 2.25 95 96 2.653710682785936 0.002754484115282031
2 2.25 96 97 2.506672077385584 0.003576649200543704
2 2.25 97 98 2.365648418332432 0.004412610324583805
2 2.25 98 99 2.230555889765768 0.005289979826463878
2 2.25 99 100 2.101298399668902 0.006086859244210136
2.25 2.5 51 52 13.70388712743392 0.9643553373313719
2.25 2.5 52 53 13.41154578354436 0.8517414800197463
2.25 2.5 53 54 13.11185288739019 0.7444537455225192
2.25 2.5 54 55 12.80704855548038 0.6427994131395488
2.25 2.5 55 56 12.49899042383083 0.547803094884971
2.25 2.5 56 57 12.18904653120029 0.462950157523256
2.25 2.5 57 58 11.87857510666973 0.3885435361241165
2.25 2.5 58 59 11.56880827053041 0.3237953510968195
2.25 2.5 59 60 11.2607975484329 0.2679403554665154
2.25 2.5 60 61 10.95543651872084 0.220237971761801
2.25 2.5 61 62 10.65348093096812 0.1799738381792258
2.25 2.5 62 63 10.35555807550108 0.1463620085960714
2.25 2.5 63 64 10.0619731473555 0.116711558686395
2.25 2.5 64 65 9.772990424736832 0.08886196624259994
2.25 2.5 65 66 9.488984933128229 0.06299484689009296
2.25 2.5 66 67 9.209931702655915 0.04190154508687693
2.25 2.5 67 68 8.935724255573128 0.0249170472231307
2.25 2.5 68 69 8.665477087341856 0.01822193797315868
2.25 2.5 69 70 8.397456227062641 0.01809096053172613
2.25 2.5 70 71 8.13034264265788 0.02047430817195339
2.25 2.5 71 72 7.864007579677782 0.02389897575022995
2.25 2.5 72 73 7.598725445263888 0.02696737715887299
2.25 2.5 73 74 7.334979463369216 0.02927956729559733
2.25 2.5 74 75 7.073314233733861 0.0300348816121688
2.25 2.5 75 76 6.814109762298756 0.02999789806017665
2.25 2.5 76 77 6.557819887170758 0.02978429141411713
2.25 2.5 77 78 6.28063873971562 0.2177026294121306
2.25 2.5 78 79 6.031888833315495 0.1852186174754882
2.25 2.5 79 80 5.803860888420036 0.2305839800716839
2.25 2.5 80 81 5.56369537422648 0.2031301320158005
2.25 2.5 81 82 5.328346720817944 0.1824842743501613
2.25 2.5 82 83 5.098090764893541 0.1676995389693756
2.25 2.5 83 84 4.873170053479353 0.1579186974706376
2.25 2.5 84 85 4.653795226975745 0.1523708795277798
2.25 2.5 85 86 4.440146428787155 0.1503665069343289
2.25 2.5 86 87 4.232374727356081 0.151290837373809
2.25 2.5 87 88 4.019632213902316 0.1074788294012747
2.25 2.5 88 89 3.825391838545968 0.1119939531722242
2.25 2.5 89 90 3.649652159337691 0.01469219932972297
2.25 2.5 90 91 3.465994191433717 0.01233380715691755
2.25 2.5 91 92 3.288574849264236 0.01016329406945627
2.25 2.5 92 93 3.117402259459467 0.008632041409989187
2.25 2.5 93 94 2.952466021203167 0.007264582032695451
2.25 2.5 94 95 2.79373736448362 0.006071817973875454
2.25 2.5 95 96 2.64117051838047 0.005067558304483058
2.25 2.5 96 97 2.49470405320873 0.00426916588467092
2.25 2.5 97 98 2.354262193093149 0.003706320443147579
2.25 2.5 98 99 2.219756063095907 0.003477032848043985
2.25 2.5 99 100 2.091085070335847 0.003259910244212406
2.5 2.75 51 52 15.01087645391496 0.9131896177676833
2.5 2.75 52 53 14.64003157862656 0.8061081510195858
2.5 2.75 53 54 14.2672814768485 0.7041848187009857
2.5 2.75 54 55 13.89442792336605 0.6077016277590239
2.5 2.75 55 56 13.52292634820488 0.5176103741293627
2.5 2.75 56 57 13.15376533598352 0.4371614248163635
2.5 2.75 57 58 12.78797354448729 0.3666225773054753
2.5 2.75 58 59 12.42648839570313 0.3052412138852191
2.5 2.75 59 60 12.07009234143788 0.2522869127832955
2.5 2.75 60 61 11.71943298844919 0.2070533515238727
2.5 2.75 61 62 11.37504095088354 0.1688597473485919
2.5 2.75 62 63 11.03733650225125 0.1369606885098667
2.5 2.75 63 64 10.70642539410453 0.1088558944398526
2.5 2.75 64 65 10.3823897399289 0.08253931133627809
2.5 2.75 65 66 10.06544565219991 0.05816549576903689
2.5 2.75 66 67 9.755411588002687 0.03868207040894615
2.5 2.75 67 68 9.452018933154946 0.03143820188626987
2.5 2.75 68 69 9.15420684440577 0.02776415291614937
2.5 2.75 69 70 8.860023117488097 0.02700846658545037
2.5 2.75 70 71 8.567976151502108 0.02782721823548172
2.5 2.75 71 72 8.277840431259534 0.0295508513842056
2.5 2.75 72 73 7.989831128289154 0.03124882528972348
2.5 2.75 73 74 7.704383691340347 0.03189103326002433
2.5 2.75 74 75 7.422006134192529 0.0314347976986109
2.5 2.75 75 76 7.143037479043862 0.03060590614840749
2.5 2.75 76 77 6.844781350859208 0.2272837417212799
2.5 2.75 77 78 6.574302971364254 0.1896290630768501
2.5 2.75 78 79 6.308497698883691 0.1591372824499463
2.5 2.75 79 80 6.064264812478282 0.2030880292313246
2.5 2.75 80 81 5.808620089557696 0.1772706991262523
2.5 2.75 81 82 5.55855051479276 0.1578053934584277
2.5 2.75 82 83 5.31430435805224 0.1437939625397994
2.5 2.75 83 84 5.076097179952384 0.1344268815493912
2.5 2.75 84 85 4.844113206932779 0.1289817068523971
2.5 2.75 85 86 4.618506733558931 0.1268180388544029
2.5 2.75 86 87 4.399403538479611 0.1273693400073549
2.5 2.75 87 88 4.175941479766546 0.0866442567504933
2.5 2.75 88 89 3.97147195462167 0.09085837241638714
2.5 2.75 89 90 3.773762612495259 0.09619649454719242
2.5 2.75 90 91 3.591761232564689 0.0122731760678297
2.5 2.75 91 92 3.40580791570236 0.01075345097169842
2.5 2.75 92 93 3.226590704809748 0.009398907244766198
2.5 2.75 93 94 3.0540774903406 0.008217625895985892
2.5 2.75 94 95 2.888218360588501 0.007215972574122754
2.5 2.75 95 96 2.728946975220708 0.006397638237024703
2.5 2.75 96 97 2.576181912100843 0.005761612057542698
2.5 2.75 97 98 2.429827983809453 0.005372495381820816
2.5 2.75 98 99 2.289777492889797 0.005023005022634942
2.5 2.75 99 100 2.155911594318563 0.004817045341535356
2.75 3 51 52 16.01134102909626 0.86185297703422
2.75 3 52 53 15.56556132581763 0.7601601546762484
2.75 3 53 54 15.12373118583614 0.6634812738554551
2.75 3 54 55 14.68714927873364 0.5720700614130425
2.75 3 55 56 14.25681109796113 0.4867983195299075
2.75 3 56 57 13.83327260410969 0.4106601493265764
2.75 3 57 58 13.41718884430358 0.3438844664814541
2.75 3 58 59 13.00916475523411 0.2857562670706382
2.75 3 59 60 12.6096804613407 0.2355822047918021
2.75 3 60 61 12.21910834577352 0.1926923595090204
2.75 3 61 62 11.83772816945275 0.1564415571577687
2.75 3 62 63 11.46573062292208 0.1261277464662794
2.75 3 63 64 11.1030033308974 0.09946333908355359
2.75 3 64 65 10.74942997285059 0.07461716467273197
2.75 3 65 66 10.40505308961124 0.0525245002713299
2.75 3 66 67 10.06952730744275 0.04310211236066729
2.75 3 67 68 9.74241902296 0.03728676214776418
2.75 3 68 69 9.422509272142733 0.03436348320019002
2.75 3 69 70 9.107672772841127 0.03355931081795172
2.75 3 70 71 8.796283422143802 0.03383088730538789
2.75 3 71 72 8.488024557016303 0.03479415381386258
2.75 3 72 73 8.183044450173426 0.03574632661623103
2.75 3 73 74 7.881716147408831 0.03584838032687977
2.75 3 74 75 7.584493141933244 0.03504674992289042
2.75 3 75 76 7.291660711463756 0.03393595173822667
2.75 3 76 77 6.979398835959032 0.2030423318409921
2.75 3 77 78 6.696913383205615 0.1674415092018968
2.75 3 78 79 6.419960158834648 0.1385754320517099
2.75 3 79 80 6.16571780131283 0.1712681524004995
2.75 3 80 81 5.900428096479885 0.1469420588747893
2.75 3 81 82 5.641422784627338 0.1285260852306817
2.75 3 82 83 5.388909985315653 0.1151779551330645
2.75 3 83 84 5.143066698159391 0.106138398606039
2.75 3 84 85 4.904040147672827 0.1007313601840666
2.75 3 85 86 4.671949153473562 0.09836052751795787
2.75 3 86 87 4.446885513314893 0.09850148121309843
2.75 3 87 88 4.22891538687054 0.1006916602325265
2.75 3 88 89 4.018080678011119 0.1045213010631032
2.75 3 89 90 3.805869281717154 0.07590141702510253
2.75 3 90 91 3.610632606888695 0.08121647809855774
2.75 3 91 92 3.430457188481984 0.01163985331112954
2.75 3 92 93 3.247766028404545 0.01023878343295907
2.75 3 93 94 3.072105753790675 0.008989153334406943
2.75 3 94 95 2.903403288510184 0.007893292441460269
2.75 3 95 96 2.741570301509714 0.006951946965057637
2.75 3 96 97 2.58650452346225 0.00616391145716437
2.75 3 97 98 2.438091032317099 0.005525198101591277
2.75 3 98 99 2.296203482077209 0.005083071522812012
2.75 3 99 100 2.160705410423154 0.00471032244322157
3 3.25 51 52 16.55150355202869 0.6058024468552543
3 3.25 52 53 16.07826636797019 0.7175596751831627
3 3.25 53 54 15.57657578299926 0.6261324708495433
3 3.25 54 55 15.08556520796044 0.5398011308641559
3 3.25 55 56 14.60572662121025 0.4593469204489933
3 3.25 56 57 14.13714564545292 0.3874696798562053
3 3.25 57 58 13.68007231918014 0.3243552817599104
3 3.25 58 59 13.23475256528526 0.2693336992756256
3 3.25 59 60 12.80134160441943 0.221755548686981
3 3.25 60 61 12.37991746792967 0.1809937458233192
3 3.25 61 62 11.97049294171062 0.1464447341666574
3 3.25 62 63 11.57301582275995 0.1174569809161378
3 3.25 63 64 11.18714922337291 0.09199262531002267
3 3.25 64 65 10.81257307657493 0.07423176020539579
3 3.25 65 66 10.44914884747983 0.06278141175030721
3 3.25 66 67 10.09637000540738 0.0548975440468535
3 3.25 67 68 9.753644666452644 0.04987914766206806
3 3.25 68 69 9.41962601270874 0.04696626204369211
3 3.25 69 70 9.092075465946991 0.04551102306833617
3 3.25 70 71 8.769278021304167 0.04480679321354356
3 3.25 71 72 8.450832153285347 0.04463988797724078
3 3.25 72 73 8.136811218906136 0.04452333464313504
3 3.25 73 74 7.827511380792707 0.04383590608320836
3 3.25 74 75 7.523314639254579 0.04250663175891092
3 3.25 75 76 7.224440484136736 0.04095537986938513
3 3.25 76 77 6.905610957500489 0.1651542855857373
3 3.25 77 78 6.618734457831053 0.1319795820323125
3 3.25 78 79 6.355474914537645 0.1520880107369962
3 3.25 79 80 6.081234092737891 0.1232937312966867
3 3.25 80 81 5.813675187707993 0.1008106011769019
3 3.25 81 82 5.552985824494964 0.08377438151876064
3 3.25 82 83 5.299323668090292 0.07138633513915627
3 3.25 83 84 5.052817897355013 0.06291671573564861
3 3.25 84 85 4.813570488071489 0.05771645454601795
3 3.25 85 86 4.581657517632815 0.05522831675679336
3 3.25 86 87 4.357130480051172 0.05498487719156421
3 3.25 87 88 4.140017600775005 0.05659041525630857
3 3.25 88 89 3.930325148824071 0.0596980406715277
3 3.25 89 90 3.728038743812832 0.06399453572057855
3 3.25 90 91 3.533120104487026 0.06912277656085593
3 3.25 91 92 3.338838945583474 0.05257696740225646
3 3.25 92 93 3.159470366409137 0.05736061998147796
3 3.25 93 94 2.987163018604112 0.06209347180026354
3 3.25 94 95 2.827271070289445 0.01046936357705497
3 3.25 95 96 2.667731087167263 0.009378400554368272
3 3.25 96 97 2.515035305536317 0.008409131860745133
3 3.25 97 98 2.36905047616512 0.007555620647660817
3 3.25 98 99 2.229633472248866 0.006810904356876833
3 3.25 99 100 2.096632502094805 0.006167116696181154
3.25 3.5 51 52 16.43548939564057 0.1195226749168198
3.25 3.5 52 53 15.84265346941518 0.509515973062132
3.25 3.5 53 54 15.33681978357063 0.5862352275991166
3.25 3.5 54 55 14.81377834182224 0.505745079528782
3.25 3.5 55 56 14.3062358082873 0.4308220235271286
3.25 3.5 56 57 13.81381016629725 0.3638110884015592
3.25 3.5 57 58 13.33634724391533 0.3048479935065648
3.25 3.5 58 59 12.8737357549176 0.2533186657184571
3.25 3.5 59 60 12.42581030044158 0.2086281250642667
3.25 3.5 60 61 11.99236089430414 0.1702020513865734
3.25 3.5 61 62 11.57314135944985 0.1374879666003226
3.25 3.5 62 63 11.1678663784643 0.1098957338280123
3.25 3.5 63 64 10.77599452707562 0.08568166237729266
3.25 3.5 64 65 10.39702085150903 0.06531294646326866
3.25 3.5 65 66 10.03063716990346 0.0535617699576826
3.25 3.5 66 67 9.676201708096215 0.04531134812136101
3.25 3.5 67 68 9.332994703529824 0.04007450177838656
3.25 3.5 68 69 8.999603273183055 0.03721078519331554
3.25 3.5 69 70 8.673777525063702 0.03605850250344244
3.25 3.5 70 71 8.35379297991085 0.03581568269167863
3.25 3.5 71 72 8.039184603217176 0.03617503728782043
3.25 3.5 72 73 7.729950107456105 0.03658440903060502
3.25 3.5 73 74 7.426297617376125 0.03641265793946817
3.25 3.5 74 75 7.128521844000939 0.03558559116686868
3.25 3.5 75 76 6.810627434453167 0.1546926301105621
3.25 3.5 76 77 6.525252253145919 0.117599222104424
3.25 3.5 77 78 6.263693034000255 0.1235351516204185
3.25 3.5 78 79 5.991711864858084 0.09126783652659108
3.25 3.5 79 80 5.726616909646914 0.06562372172068355
3.25 3.5 80 81 5.468560112109106 0.04585999263064817
3.25 3.5 81 82 5.217666552560718 0.03136125079633639
3.25 3.5 82 83 4.974035421197458 0.02162351543443025
3.25 3.5 83 84 4.737741344657234 0.01604788774421088
3.25 3.5 84 85 4.508835557654612 0.01347811592635468
3.25 3.5 85 86 4.287347090063435 0.01233159953139026
3.25 3.5 86 87 4.073283960275578 0.01157039419566909
3.25 3.5 87 88 3.86663436597426 0.01109805597412814
3.25 3.5 88 89 3.667367870312487 0.01148102369065245
3.25 3.5 89 90 3.475436581183619 0.01331972510372445
3.25 3.5 90 91 3.290772283990008 0.01660151587845064
3.25 3.5 91 92 3.1132802273019 0.02074706146908473
3.25 3.5 92 93 2.942864976798276 0.02531175730481951
3.25 3.5 93 94 2.779422367372355 0.0300265544848649
3.25 3.5 94 95 2.622836394428523 0.03471150783229789
3.25 3.5 95 96 2.469132699828439 0.02860291398617325
3.25 3.5 96 97 2.326485114775008 0.03246759314528454
3.25 3.5 97 98 2.190221539146644 0.03609248995762106
3.25 3.5 98 99 2.063457498162406 0.003932089051779034
3.25 3.5 99 100 1.938867978498013 0.003218611303599587
3.5 3.75 51 52 15.16996935862726 0.07123788455806364
3.5 3.75 52 53 14.61690667361972 0.06601417561792662
3.5 3.75 53 54 14.08265628361518 0.06071371066001957
3.5 3.75 54 55 13.56691573771856 0.05537388116799457
3.5 3.75 55 56 13.04311133009843 0.3130150175296949
3.5 3.75 56 57 12.58416548025642 0.3461359930517979
3.5 3.75 57 58 12.12159044779264 0.2918961364546299
3.5 3.75 58 59 11.67553396849872 0.2442723297886007
3.5 3.75 59 60 11.24556660158304 0.2027402991034987
3.5 3.75 60 61 10.83124526067368 0.1667938887487616
3.5 3.75 61 62 10.43211799359174 0.1359461870094933
3.5 3.75 62 63 10.04771837633938 0.1096841314745676
3.5 3.75 63 64 9.677363521282018 0.08661303936309071
3.5 3.75 64 65 9.3204218475252 0.06561477660984
3.5 3.75 65 66 8.976460369490063 0.04667408872758872
3.5 3.75 66 67 8.644763457945739 0.0309264002153266
3.5 3.75 67 68 8.324549450138711 0.01801352767579531
3.5 3.75 68 69 8.014444848460254 0.01059750615664128
3.5 3.75 69 70 7.712346573733804 0.01005399177756616
3.5 3.75 70 71 7.416644183498885 0.0127305139764172
3.5 3.75 71 72 7.12685208227861 0.0164054181656603
3.5 3.75 72 73 6.842903902214234 0.02097964198888275
3.5 3.75 73 74 6.564917388097211 0.02393495420250544
3.5 3.75 74 75 6.29309076387859 0.02553377123135929
3.5 3.75 75 76 6.004860548957994 0.1092359816937112
3.5 3.75 76 77 5.759390009126143 0.1008280423058973
3.5 3.75 77 78 5.506869667431772 0.06614652838260569
3.5 3.75 78 79 5.261052496601431 0.03809362153905309
3.5 3.75 79 80 5.022041924663325 0.0167007659327307
3.5 3.75 80 81 4.789918967012415 0.009714616237475221
3.5 3.75 81 82 4.581475727178972 0.0589965784047186
3.5 3.75 82 83 4.308816974711636 0.04680479420913796
3.5 3.75 83 84 4.042219714662982 0.07011698604441668
3.5 3.75 84 85 3.958506869220995 0.03824013408387233
3.5 3.75 85 86 3.778381738522098 0.04543424403167221
3.5 3.75 86 87 3.543794577693679 0.04298677324697805
3.5 3.75 87 88 3.360486370705157 0.0419611137633874
3.5 3.75 88 89 3.184029566097384 0.03977485602614653
3.5 3.75 89 90 3.014349115098841 0.03668253751823451
3.5 3.75 90 91 2.85135438778458 0.03293588644362898
3.5 3.75 91 92 2.730204118144409 0.03436834610206405
3.5 3.75 92 93 2.570138024591668 0.0254873615418282
3.5 3.75 93 94 2.415936246301907 0.0213065405431411
3.5 3.75 94 95 2.231640388645496 0.02447584984536652
3.5 3.75 95 96 2.123273721264018 0.01160742484604756
3.5 3.75 96 97 2.014188242937809 0.02296454863733589
3.5 3.75 97 98 1.887759664382032 0.005406409692200244
3.5 3.75 98 99 1.773848175264038 0.004055352811198792
3.5 3.75 99 100 1.66542681494744 0.004768741677577251
3.75 4 51 52 12.57763284669105 0.1097413623902765
3.75 4 52 53 12.08562834320229 0.107165381576498
3.75 4 53 54 11.61311379960271 0.1044269993430127
3.75 4 54 55 11.15944308844005 0.1015844154872922
3.75 4 55 56 10.7239267433118 0.09872671224314315
3.75 4 56 57 10.30574781994497 0.09601775010311424
3.75 4 57 58 9.904244958977106 0.09346671024842899
3.75 4 58 59 9.518817498785754 0.0910448474702327
3.75 4 59 60 9.132033341700804 0.1793400858405033
3.75 4 60 61 8.788938189247634 0.1662141512046733
3.75 4 61 62 8.448322448016196 0.1378828126615645
3.75 4 62 63 8.121410680734435 0.1204195006875201
3.75 4 63 64 7.807485769123495 0.1068655103004407
3.75 4 64 65 7.505888140386066 0.09548546365950279
3.75 4 65 66 7.216140099577558 0.0862443582324726
3.75 4 66 67 6.937548082393482 0.07928291790130373
3.75 4 67 68 6.669368344976537 0.07415139208100657
3.75 4 68 69 6.410264143757558 0.01772874589904664
3.75 4 69 70 6.15875121015044 0.009179921623309372
3.75 4 70 71 5.913346043011886 0.003279964368666931
3.75 4 71 72 5.673603061257227 0.005290932152914905
3.75 4 72 73 5.439416901329656 0.009665669574985684
3.75 4 73 74 5.210825413964105 0.01299346315206848
3.75 4 74 75 4.987932967768872 0.01526683971560915
3.75 4 75 76 4.770749966325714 0.01685778032137149
3.75 4 76 77 4.543373191778832 0.06251531806128799
3.75 4 77 78 4.34593905309735 0.04872125051864643
3.75 4 78 79 4.146277081193651 0.02446847001593676
3.75 4 79 80 3.952638371960179 0.006891237260462362
3.75 4 80 81 3.775418845830014 0.03882733268937454
3.75 4 81 82 3.566606906409648 0.04515154308854825
3.75 4 82 83 3.407955408288413 0.03489777024821801
3.75 4 83 84 3.238433296306328 0.04185709970164556
3.75 4 84 85 3.081732978642969 0.01645266447373745
3.75 4 85 86 2.923761076823982 0.01549469300340399
3.75 4 86 87 2.771621169667431 0.01447412329549151
3.75 4 87 88 2.625251882453397 0.01341965622543905
3.75 4 88 89 2.484581288538041 0.01235495610514995
3.75 4 89 90 2.349527710443533 0.01129922936212243
3.75 4 90 91 2.220000004141444 0.01027050167163338
3.75 4 91 92 2.095897417778202 0.009290607584599176
3.75 4 92 93 1.977113471438857 0.008368641468994393
3.75 4 93 94 1.863535545540508 0.007508457841896391
3.75 4 94 95 1.755045082976788 0.00671203753052808
3.75 4 95 96 1.651518303621587 0.005979821707387282
3.75 4 96 97 1.552826897006267 0.00531100946964921
3.75 4 97 98 1.458838691625699 0.004703820460475585
3.75 4 98 99 1.369418302314527 0.004155723216413559
3.75 4 99 100 1.284427736063345 0.003663638906268423
4 5 51 52 12.19109287300207 0.1131220169682474
4 5 52 53 11.65736185847897 0.109631801504887
4 5 53 54 11.14852842163611 0.1053955028563699
4 5 54 55 10.663415110444 0.1005618459647935
4 5 55 56 10.2008270049784 0.09540667365778248
4 5 56 57 9.759394252011782 0.09062817935790544
4 5 57 58 9.338063744260468 0.08635304318495916
4 5 58 59 8.935920565981718 0.08251869022439437
4 5 59 60 8.552086922041248 0.07906371357807263
4 5 60 61 8.185634147155799 0.07574077304432149
4 5 61 62 7.835632766983695 0.07225778448938397
4 5 62 63 7.501338706695452 0.0686576551356425
4 5 63 64 7.181960885629293 0.06518354585114514
4 5 64 65 6.876747677058724 0.06198841888553767
4 5 65 66 6.584977244722629 0.05886354436923353
4 5 66 67 6.305928805275948 0.05585826529498405
4 5 67 68 6.038750973482253 0.05293639533079868
4 5 68 69 5.782213108373484 0.05011368453624077
4 5 69 70 5.534587012560973 0.04739024989528011
4 5 70 71 5.294559908642009 0.04477193767289014
4 5 71 72 5.064328133717845 0.04544406485148408
4 5 72 73 4.837854278580658 0.04169705299335544
4 5 73 74 4.618245025789261 0.03855528992668472
4 5 74 75 4.405437173748906 0.03582351591409692
4 5 75 76 4.199393236506607 0.03343631359208531
4 5 76 77 4.000076486758545 0.03132789581780165
4 5 77 78 3.807435702637637 0.02949014231053006
4 5 78 79 3.621393438447923 0.02774250495726925
4 5 79 80 3.453597857860868 0.01189501049035861
4 5 80 81 3.279961289599573 0.01125428917242671
4 5 81 82 3.112733759803816 0.01063627474054145
4 5 82 83 2.951823729851993 0.01004628106172048
4 5 83 84 2.796754155829901 0.009426676555562102
4 5 84 85 2.648772844642494 0.008905251648914866
4 5 85 86 2.506187675050649 0.008407789190903191
4 5 86 87 2.369274665284041 0.007950243332342576
4 5 87 88 2.23833097928165 0.007482951068313808
4 5 88 89 2.113316833871084 0.007174890070183738
4 5 89 90 1.993189112477739 0.006643776770332131
4 5 90 91 1.886253713438514 0.006672980666255163
4 5 91 92 1.776760129617405 0.00322483526652671
4 5 92 93 1.672805540548062 0.006488795837986114
4 5 93 94 1.571412938467761 0.005100299470376234
4 5 94 95 1.478250208769527 0.003085773148374447
4 5 95 96 1.388216234497904 0.003949845496136774
4 5 96 97 1.294253076957731 0.002387859549819021
4 5 97 98 1.213345804146875 0.002271296173302744
4 5 98 99 1.136609778690151 0.002155087940193671
4 5 99 100 1.063895431726707 0.002039227004938635
-5 5 51 100 10546.75359105196 12.0303513622782
