#ylo yhi qTlo qThi PDF0  uncertainty
-5 -4 51 52 13.90024617344535 0.1117072387572549
-5 -4 52 53 13.23064854536086 0.1082094490459626
-5 -4 53 54 12.59597567212821 0.1039737005048425
-5 -4 54 55 11.99428387270122 0.09915127015603732
-5 -4 55 56 11.42366870652459 0.09401729670132532
-5 -4 56 57 10.88208699985652 0.08926018802853475
-5 -4 57 58 10.3678951879749 0.08500339927809174
-5 -4 58 59 9.879644466131667 0.08118403194310936
-5 -4 59 60 9.415964816549739 0.07774059906976873
-5 -4 60 61 8.975463929710202 0.07443045221848008
-5 -4 61 62 8.55678270465836 0.07096892223701856
-5 -4 62 63 8.158793777923893 0.06739921405371224
-5 -4 63 64 7.780343825730466 0.06395869437492932
-5 -4 64 65 7.420346855914149 0.06079558039510804
-5 -4 65 66 7.077770964385405 0.05770712677237254
-5 -4 66 67 6.751605323697695 0.0547401605971913
-5 -4 67 68 6.440722912078613 0.05185903872925484
-5 -4 68 69 6.143618795084924 0.04907884714048671
-5 -4 69 70 5.858289276847473 0.04639958067275563
-5 -4 70 71 5.583201918910989 0.04382667803945283
-5 -4 71 72 5.319696452357658 0.04292792576750985
-5 -4 72 73 5.0630802380139 0.03983183096476341
-5 -4 73 74 4.815564563296128 0.03715556798831866
-5 -4 74 75 4.576976718694131 0.03474906460657229
-5 -4 75 76 4.347165774286624 0.03258472641642057
-5 -4 76 77 4.125988244885887 0.03065709697494875
-5 -4 77 78 3.926094594339282 0.01293189430019341
-5 -4 78 79 3.721062987029419 0.01226014548101957
-5 -4 79 80 3.524206368515177 0.01161939471221378
-5 -4 80 81 3.335355269732324 0.01100030266656368
-5 -4 81 82 3.153974872970484 0.01037359269260748
-5 -4 82 83 2.98109660901155 0.009809326347561886
-5 -4 83 84 2.815094663390202 0.009288976213407837
-5 -4 84 85 2.656492758816329 0.008771178962344028
-5 -4 85 86 2.504983108889385 0.008289565559405711
-5 -4 86 87 2.360372113298366 0.00783413971403722
-5 -4 87 88 2.222463499928322 0.007404526248326116
-5 -4 88 89 2.091058428245629 0.007000360272719291
-5 -4 89 90 1.965957555187065 0.006619436946736687
-5 -4 90 91 1.85508808639374 0.007400379690297307
-5 -4 91 92 1.741724488336718 0.004364629948749189
-5 -4 92 93 1.634088390179648 0.002334753209104565
-5 -4 93 94 1.536495845506845 0.004841282222104767
-5 -4 94 95 1.431461424873791 0.004532871391836483
-5 -4 95 96 1.343461608352337 0.002542983988775654
-5 -4 96 97 1.256670636001029 0.002905695610996823
-5 -4 97 98 1.166206793868825 0.002460497420466358
-5 -4 98 99 1.08901009292091 0.002332932727689845
-5 -4 99 100 1.016146718572214 0.002204016122625
-4 -3.75 51 52 15.4405476836227 0.1103583216398583
-4 -3.75 52 53 14.76442572071485 0.1075735406999937
-4 -3.75 53 54 14.11998986569187 0.1046492270320212
-4 -3.75 54 55 13.50571950265721 0.1016410855500031
-4 -3.75 55 56 12.92011192017767 0.09863558104467417
-4 -3.75 56 57 12.36157300787934 0.09579314799418077
-4 -3.75 57 58 11.82875801514807 0.09312157351851082
-4 -3.75 58 59 11.32044696178515 0.090591250562116
-4 -3.75 59 60 10.82930994515715 0.1889038861632632
-4 -3.75 60 61 10.36678693626959 0.1575550472009266
-4 -3.75 61 62 9.925338262828591 0.1352909697411955
-4 -3.75 62 63 9.503960336672048 0.1191227064991425
-4 -3.75 63 64 9.101485021933192 0.1056133447081583
-4 -3.75 64 65 8.716840802428454 0.09428433544442952
-4 -3.75 65 66 8.34907235772218 0.05139656735726594
-4 -3.75 66 67 7.997363226560092 0.037404460165077
-4 -3.75 67 68 7.660501086398039 0.02567446932479956
-4 -3.75 68 69 7.336903991223956 0.01578883914249719
-4 -3.75 69 70 7.024368202787016 0.007642550887643436
-4 -3.75 70 71 6.721201651674376 0.002104843376305403
-4 -3.75 71 72 6.4267588250035 0.005365347914351125
-4 -3.75 72 73 6.140793220886548 0.009659717595360596
-4 -3.75 73 74 5.863224733510232 0.01280107240140403
-4 -3.75 74 75 5.59405349281672 0.01490803010463585
-4 -3.75 75 76 5.333178337333477 0.01635753148897696
-4 -3.75 76 77 5.064925072831126 0.0601920882975152
-4 -3.75 77 78 4.827853154816185 0.04324037995074937
-4 -3.75 78 79 4.591595741753834 0.02040191629286712
-4 -3.75 79 80 4.363580905149345 0.003870126771414014
-4 -3.75 80 81 4.150797373871987 0.03463176397891025
-4 -3.75 81 82 3.948668229178101 0.02429910038073993
-4 -3.75 82 83 3.728127954488896 0.03404024678012361
-4 -3.75 83 84 3.532159066694598 0.04040702932745395
-4 -3.75 84 85 3.35139286500072 0.01553086767229064
-4 -3.75 85 86 3.170371770155625 0.01459698620741192
-4 -3.75 86 87 2.996762008030692 0.01360871561408845
-4 -3.75 87 88 2.830421951874907 0.0125929716658201
-4 -3.75 88 89 2.671201534758276 0.01157184210499648
-4 -3.75 89 90 2.518943131177094 0.01056315376183342
-4 -3.75 90 91 2.373481887365799 0.009583554399670905
-4 -3.75 91 92 2.234645605273003 0.008653166317242094
-4 -3.75 92 93 2.102258822005272 0.007780146160052875
-4 -3.75 93 94 1.976142366668695 0.006967740065975592
-4 -3.75 94 95 1.856113563941651 0.006217443141378557
-4 -3.75 95 96 1.741986967635304 0.005529320286388568
-4 -3.75 96 97 1.633575063089112 0.004902291087770579
-4 -3.75 97 98 1.530688937238744 0.004334380355030001
-4 -3.75 98 99 1.433138919856159 0.003822934693578697
-4 -3.75 99 100 1.340735166791473 0.003364817220553746
-3.75 -3.5 51 52 19.62239097376998 0.0618031134020231
-3.75 -3.5 52 53 18.80194995210602 0.05720749432818587
-3.75 -3.5 53 54 18.0172763446275 0.05242859211550763
-3.75 -3.5 54 55 17.26689015694425 0.0475132525810968
-3.75 -3.5 55 56 16.52317825849558 0.3116209771442982
-3.75 -3.5 56 57 15.8562007774777 0.3305661244046717
-3.75 -3.5 57 58 15.20013458772891 0.2782737812326398
-3.75 -3.5 58 59 14.57240911209734 0.232412355359878
-3.75 -3.5 59 60 13.97182064574446 0.1924659939739591
-3.75 -3.5 60 61 13.39720813860833 0.1579372922966434
-3.75 -3.5 61 62 12.84745327281944 0.1283483630254722
-3.75 -3.5 62 63 12.32146814538679 0.1031971491805204
-3.75 -3.5 63 64 11.81794545528872 0.08113264069940153
-3.75 -3.5 64 65 11.33568258569081 0.06107137406842608
-3.75 -3.5 65 66 10.87375738386027 0.04299022354182427
-3.75 -3.5 66 67 10.43094543757867 0.0279734071169415
-3.75 -3.5 67 68 10.0059645087125 0.0156523381011856
-3.75 -3.5 68 69 9.596871221531131 0.006192973832474711
-3.75 -3.5 69 70 9.20088630319103 0.006615254957885989
-3.75 -3.5 70 71 8.815869312506882 0.01086650509145261
-3.75 -3.5 71 72 8.441046972958672 0.01639647351333344
-3.75 -3.5 72 73 8.076163465574343 0.02071088116930472
-3.75 -3.5 73 74 7.721186217123625 0.02345149465249567
-3.75 -3.5 74 75 7.376186027673544 0.02488900514001738
-3.75 -3.5 75 76 7.018752276730886 0.1066028635281298
-3.75 -3.5 76 77 6.706197212851006 0.09256281359849083
-3.75 -3.5 77 78 6.391074161589492 0.05983067542080475
-3.75 -3.5 78 79 6.08598748945626 0.03337436591614538
-3.75 -3.5 79 80 5.790918633328957 0.01318264722129127
-3.75 -3.5 80 81 5.505827665246683 0.009239477397946448
-3.75 -3.5 81 82 5.24630910741523 0.05713427889736329
-3.75 -3.5 82 83 4.928152917368073 0.03765920823415037
-3.75 -3.5 83 84 4.622195439750524 0.06628619183829579
-3.75 -3.5 84 85 4.489510851065755 0.03776865096769434
-3.75 -3.5 85 86 4.266553934105382 0.04301648807058799
-3.75 -3.5 86 87 4.017092018463331 0.04754342599501135
-3.75 -3.5 87 88 3.782291910850979 0.03975782157211581
-3.75 -3.5 88 89 3.573420553336939 0.03752765374198871
-3.75 -3.5 89 90 3.373403447656829 0.03446142351773045
-3.75 -3.5 90 91 3.194542908877673 0.0354779332762056
-3.75 -3.5 91 92 3.024639119582275 0.02834841303928133
-3.75 -3.5 92 93 2.840714890680259 0.0241105932851368
-3.75 -3.5 93 94 2.664556763631711 0.0208481694434331
-3.75 -3.5 94 95 2.46403766129021 0.02267028528401473
-3.75 -3.5 95 96 2.336715767410835 0.00622792263956173
-3.75 -3.5 96 97 2.213387821335544 0.02532632711941652
-3.75 -3.5 97 98 2.067306600706653 0.005721976529460137
-3.75 -3.5 98 99 1.937526805567249 0.004751271537353997
-3.75 -3.5 99 100 1.814429355474574 0.005441332413112543
-3.5 -3.25 51 52 22.2522371575521 0.1082922434568899
-3.5 -3.25 52 53 21.324626810737 0.509020713104658
-3.5 -3.25 53 54 20.50214942457043 0.5627072456606571
-3.5 -3.25 54 55 19.68439712703181 0.4848331931115144
-3.5 -3.25 55 56 18.90005466757938 0.4124110419795086
-3.5 -3.25 56 57 18.14742287964499 0.3476990690635783
-3.5 -3.25 57 58 17.42523235658447 0.2908172545209548
-3.5 -3.25 58 59 16.73237489285479 0.2411612911513107
-3.5 -3.25 59 60 16.06776000072443 0.1981463336952455
-3.5 -3.25 60 61 15.43031846965931 0.1612085176507752
-3.5 -3.25 61 62 14.81900537060029 0.1298060899749453
-3.5 -3.25 62 63 14.23278903147201 0.1033620016361381
-3.5 -3.25 63 64 13.67037239882215 0.08018481170800014
-3.5 -3.25 64 65 13.13055880501532 0.06061505726629115
-3.5 -3.25 65 66 12.61244996218872 0.04849604947215082
-3.5 -3.25 66 67 12.11478231311881 0.03999710824725723
-3.5 -3.25 67 68 11.63621914361278 0.03473785617804208
-3.5 -3.25 68 69 11.17462803264042 0.03211610726954357
-3.5 -3.25 69 70 10.72688317540146 0.03140502520472351
-3.5 -3.25 70 71 10.29057379286395 0.03166325663460347
-3.5 -3.25 71 72 9.864877031948634 0.0325178556566778
-3.5 -3.25 72 73 9.449566121346159 0.03335265063398484
-3.5 -3.25 73 74 9.044678116507143 0.03350562988913282
-3.5 -3.25 74 75 8.650367717633479 0.03292544495068057
-3.5 -3.25 75 76 8.240751331024892 0.1522138928576545
-3.5 -3.25 76 77 7.867796315292182 0.115544727141212
-3.5 -3.25 77 78 7.521481463280047 0.1153271625086533
-3.5 -3.25 78 79 7.17024596821706 0.08486513310468834
-3.5 -3.25 79 80 6.829912977128155 0.0607326174348598
-3.5 -3.25 80 81 6.500498492499222 0.04221707751758761
-3.5 -3.25 81 82 6.181992040951103 0.02873495314196948
-3.5 -3.25 82 83 5.874357943972434 0.01981348045749864
-3.5 -3.25 83 84 5.57753687679933 0.01486255497431456
-3.5 -3.25 84 85 5.291447287480574 0.01270445176708721
-3.5 -3.25 85 86 5.015986818669653 0.01180351197059333
-3.5 -3.25 86 87 4.751033723041381 0.01124619356023855
-3.5 -3.25 87 88 4.496448264239284 0.01102281334153809
-3.5 -3.25 88 89 4.252074100599597 0.01167953820639551
-3.5 -3.25 89 90 4.01773964899002 0.01368014403318049
-3.5 -3.25 90 91 3.793254722987669 0.01696679292874956
-3.5 -3.25 91 92 3.57840334287937 0.02100139233599739
-3.5 -3.25 92 93 3.37297385345559 0.02539007602733302
-3.5 -3.25 93 94 3.176749353358813 0.02989207869899862
-3.5 -3.25 94 95 2.989503986906243 0.03434335129929863
-3.5 -3.25 95 96 2.807701892032286 0.02879838349949771
-3.5 -3.25 96 97 2.638251922757574 0.032554777094658
-3.5 -3.25 97 98 2.480839725187465 0.004458965482718236
-3.5 -3.25 98 99 2.326843234911935 0.003635687403500595
-3.5 -3.25 99 100 2.180630359725728 0.002906567897006279
-3.25 -3 51 52 23.48199105495047 0.7833739010090937
-3.25 -3 52 53 22.58567686784926 0.6900271272969263
-3.25 -3 53 54 21.72246549804821 0.6014744384457844
-3.25 -3 54 55 20.8915576950244 0.5179248957564616
-3.25 -3 55 56 20.09198498739532 0.4401272915310425
-3.25 -3 56 57 19.32237835057177 0.370686181297406
-3.25 -3 57 58 18.58175582453795 0.3097705339505698
-3.25 -3 58 59 17.86926099246378 0.2567215408767367
-3.25 -3 59 60 17.18402462560938 0.2109014090684226
-3.25 -3 60 61 16.52517185304975 0.171694972744927
-3.25 -3 61 62 15.89182835993288 0.1385108754133129
-3.25 -3 62 63 15.28311165878449 0.1107124735532055
-3.25 -3 63 64 14.69783884854601 0.08632156038146134
-3.25 -3 64 65 14.13491478651506 0.07007384221178496
-3.25 -3 65 66 13.59354196669639 0.05835061456521565
-3.25 -3 66 67 13.07251223203897 0.05032337562271076
-3.25 -3 67 68 12.57053289193191 0.04533023301385559
-3.25 -3 68 69 12.08542483011116 0.04259871578344344
-3.25 -3 69 70 11.61391752467896 0.0414318255294211
-3.25 -3 70 71 11.15348774701033 0.04105002913954409
-3.25 -3 71 72 10.70332480403847 0.04121154354791551
-3.25 -3 72 73 10.26325494968166 0.04138994246425504
-3.25 -3 73 74 9.833392329822495 0.04093461178124538
-3.25 -3 74 75 9.413974618546458 0.03978450934156282
-3.25 -3 75 76 9.005043937931138 0.03838836749597294
-3.25 -3 76 77 8.581442019082466 0.1634383022508824
-3.25 -3 77 78 8.194423629426339 0.1305832257763845
-3.25 -3 78 79 7.834297688457372 0.1440480260428614
-3.25 -3 79 80 7.469215617490157 0.1168671729192655
-3.25 -3 80 81 7.115291050903579 0.09572557102760845
-3.25 -3 81 82 6.772567651510219 0.07978888698986711
-3.25 -3 82 83 6.441058973829703 0.06828540591993866
-3.25 -3 83 84 6.120750232481829 0.06050940128242259
-3.25 -3 84 85 5.811599896962747 0.0558329458258331
-3.25 -3 85 86 5.51354129447655 0.05371735556789734
-3.25 -3 86 87 5.226484210189874 0.05371167457202045
-3.25 -3 87 88 4.950316474293727 0.05543552790665656
-3.25 -3 88 89 4.684905532926141 0.05855725959615243
-3.25 -3 89 90 4.430099999714926 0.0627790908056675
-3.25 -3 90 91 4.185725682159976 0.06776217849043602
-3.25 -3 91 92 3.945734169621787 0.05280547449501426
-3.25 -3 92 93 3.72253586521804 0.05753165803654261
-3.25 -3 93 94 3.515485859428694 0.01061627932636674
-3.25 -3 94 95 3.310397962974023 0.00944262756324425
-3.25 -3 95 96 3.114706456553642 0.008395164922712001
-3.25 -3 96 97 2.928170847404423 0.007469678240276952
-3.25 -3 97 98 2.750542684617649 0.006660818716648877
-3.25 -3 98 99 2.58156684966226 0.005962179760112899
-3.25 -3 99 100 2.42098286054402 0.005366324017417858
-3 -2.75 51 52 23.72506616747171 0.8302727043782179
-3 -2.75 52 53 22.85858262867505 0.731676370936045
-3 -2.75 53 54 22.02089416824936 0.6380097578428814
-3 -2.75 54 55 21.21167391332924 0.5495118091231619
-3 -2.75 55 56 20.43037664459584 0.4670198315277281
-3 -2.75 56 57 19.67601830047902 0.393425605873822
-3 -2.75 57 58 18.94795041737702 0.3289402335225067
-3 -2.75 58 59 18.24561103256086 0.272861202792929
-3 -2.75 59 60 17.56839435932201 0.2245080252313049
-3 -2.75 60 61 16.91566138454278 0.1832239555989508
-3 -2.75 61 62 16.28674911235786 0.1483772596815655
-3 -2.75 62 63 15.68096454171964 0.1192822642217835
-3 -2.75 63 64 15.09728958453933 0.0937177947100027
-3 -2.75 64 65 14.53477762604138 0.06990525688798213
-3 -2.75 65 66 13.99276758905599 0.05023495594569151
-3 -2.75 66 67 13.47015819190253 0.04060032932350163
-3 -2.75 67 68 12.96575671788513 0.03468427506335555
-3 -2.75 68 69 12.47742981429074 0.03181558108105032
-3 -2.75 69 70 12.0019029249428 0.03119699519372884
-3 -2.75 70 71 11.53665053451784 0.03169766466419291
-3 -2.75 71 72 11.08091099790232 0.03289153238170546
-3 -2.75 72 73 10.63457211085277 0.03403591565331136
-3 -2.75 73 74 10.19782054066079 0.03427291392877067
-3 -2.75 74 75 9.770966166082086 0.03356459644594311
-3 -2.75 75 76 9.3541112295446 0.03253087935441114
-3 -2.75 76 77 8.92352167327094 0.2019118925827608
-3 -2.75 77 78 8.527811622858273 0.1666282371031998
-3 -2.75 78 79 8.14281725935637 0.1380444890941307
-3 -2.75 79 80 7.784127273309508 0.1638569868251859
-3 -2.75 80 81 7.420707033935493 0.1408904013093341
-3 -2.75 81 82 7.068334059270981 0.1235779040945719
-3 -2.75 82 83 6.727067924172939 0.1111046451492685
-3 -2.75 83 84 6.396936478513776 0.1027362663553469
-3 -2.75 84 85 6.077937556180114 0.09781947834402942
-3 -2.75 85 86 5.770040695993506 0.09577906965829951
-3 -2.75 86 87 5.47318886204172 0.09611049947131997
-3 -2.75 87 88 5.187300151576023 0.09837012593148999
-3 -2.75 88 89 4.903501814731911 0.0717975261510871
-3 -2.75 89 90 4.640399375219415 0.07639657841561263
-3 -2.75 90 91 4.387864396632756 0.08163739903265926
-3 -2.75 91 92 4.15346088607053 0.01094183954397961
-3 -2.75 92 93 3.919931849155081 0.009565318781086903
-3 -2.75 93 94 3.696448291323595 0.008339989990387724
-3 -2.75 94 95 3.482803147236335 0.007268972040858268
-3 -2.75 95 96 3.278776700791616 0.006354158283003199
-3 -2.75 96 97 3.084138105227096 0.005595763400733339
-3 -2.75 97 98 2.898646851047261 0.004991178676716806
-3 -2.75 98 99 2.722054159691438 0.004600042112683878
-3 -2.75 99 100 2.554104417804005 0.004258916879867822
-2.75 -2.5 51 52 23.35996767328548 0.8804694196003643
-2.75 -2.5 52 53 22.54202639935646 0.7766248957535614
-2.75 -2.5 53 54 21.74815483566023 0.6778488389090255
-2.75 -2.5 54 55 20.97848300163528 0.584407911080879
-2.75 -2.5 55 56 20.23287842605058 0.4972175810951307
-2.75 -2.5 56 57 19.51073678966111 0.419419664065562
-2.75 -2.5 57 58 18.81173996249755 0.351263312686689
-2.75 -2.5 58 59 18.13561946413841 0.2920094955915298
-2.75 -2.5 59 60 17.48203416426902 0.2409417362177008
-2.75 -2.5 60 61 16.85058394424202 0.1973679607306054
-2.75 -2.5 61 62 16.24082167142772 0.1606218768903795
-2.75 -2.5 62 63 15.65224989715029 0.1299757006944774
-2.75 -2.5 63 64 15.08402884998836 0.1030013368189655
-2.75 -2.5 64 65 14.53537339319298 0.07775067912036618
-2.75 -2.5 65 66 14.00576686978714 0.05436608321846313
-2.75 -2.5 66 67 13.494234406701 0.03719204088088633
-2.75 -2.5 67 68 12.99970705328636 0.02976871688636471
-2.75 -2.5 68 69 12.52014867616293 0.02603188544568874
-2.75 -2.5 69 70 12.05236792594388 0.02536670497482211
-2.75 -2.5 70 71 11.59390430451983 0.02634690094996852
-2.75 -2.5 71 72 11.14406190093874 0.02823982244495312
-2.75 -2.5 72 73 10.70278776312155 0.03007175350320321
-2.75 -2.5 73 74 10.27033033196325 0.03079922949796747
-2.75 -2.5 74 75 9.847057289496632 0.03039611990596173
-2.75 -2.5 75 76 9.433122733372748 0.02960930923267594
-2.75 -2.5 76 77 9.005932464993656 0.2265193139523681
-2.75 -2.5 77 78 8.61192932249768 0.1891569200442167
-2.75 -2.5 78 79 8.228108618665587 0.1589266393759901
-2.75 -2.5 79 80 7.869830348494141 0.1950440636794431
-2.75 -2.5 80 81 7.506730311654948 0.1706002396774441
-2.75 -2.5 81 82 7.154291969251226 0.1522414758684807
-2.75 -2.5 82 83 6.812613307906513 0.1390983234804642
-2.75 -2.5 83 84 6.481758310823569 0.1303876144151789
-2.75 -2.5 84 85 6.161758740575124 0.1254112814682506
-2.75 -2.5 85 86 5.852615935325922 0.1235516956423881
-2.75 -2.5 86 87 5.554302605403604 0.1242637592057004
-2.75 -2.5 87 88 5.256935860889707 0.08729865404056802
-2.75 -2.5 88 89 4.981344457113378 0.09151430830190509
-2.75 -2.5 89 90 4.716377177483823 0.09679642692315726
-2.75 -2.5 90 91 4.470591940859398 0.0116919388152221
-2.75 -2.5 91 92 4.224685752888394 0.0101921832282115
-2.75 -2.5 92 93 3.988939845680331 0.008857988158218958
-2.75 -2.5 93 94 3.763178867222626 0.007698295420498841
-2.75 -2.5 94 95 3.54721179753045 0.006720773468490243
-2.75 -2.5 95 96 3.340833584835083 0.005930701319612965
-2.75 -2.5 96 97 3.143826732414211 0.005331159307711675
-2.75 -2.5 97 98 2.955962832460761 0.004986799191549898
-2.75 -2.5 98 99 2.7770040198768 0.0046613576172044
-2.75 -2.5 99 100 2.606704492159292 0.004511275053099495
-2.5 -2.25 51 52 22.57216466135326 0.9303186625824647
-2.5 -2.25 52 53 21.81207515116168 0.8210791355331072
-2.5 -2.25 53 54 21.07142652860551 0.7170710722847043
-2.5 -2.25 54 55 20.35075981504745 0.6185858248841731
-2.5 -2.25 55 56 19.65031544364115 0.5266098985596134
-2.5 -2.25 56 57 18.96983329614334 0.4445141574017191
-2.5 -2.25 57 58 18.30929696302439 0.3725820503776952
-2.5 -2.25 58 59 17.66870770004437 0.3100402623358287
-2.5 -2.25 59 60 17.04796890689401 0.2561384615823775
-2.5 -2.25 60 61 16.44690238803138 0.2101512750686249
-2.5 -2.25 61 62 15.86526265215393 0.171379767111383
-2.5 -2.25 62 63 15.30273606143996 0.1390567439451544
-2.5 -2.25 63 64 14.75865372663441 0.1105687082071049
-2.5 -2.25 64 65 14.23238607325943 0.08381764799228215
-2.5 -2.25 65 66 13.72355495269444 0.05897307298202969
-2.5 -2.25 66 67 13.23131434174832 0.03873665178561873
-2.5 -2.25 67 68 12.75472615964087 0.0224506170292793
-2.5 -2.25 68 69 12.29188152574369 0.01721995561854702
-2.5 -2.25 69 70 11.83973462182868 0.01720721256627027
-2.5 -2.25 70 71 11.39594154976209 0.01976452331407184
-2.5 -2.25 71 72 10.95988384623336 0.02332158298546838
-2.5 -2.25 72 73 10.53156321979613 0.0264635797103337
-2.5 -2.25 73 74 10.11127707901674 0.02876660861161429
-2.5 -2.25 74 75 9.699434076314844 0.02940078726492765
-2.5 -2.25 75 76 9.29622926589218 0.02927748089549571
-2.5 -2.25 76 77 8.901968446249974 0.02899285811499628
-2.5 -2.25 77 78 8.4928880713654 0.2167636032343584
-2.5 -2.25 78 79 8.117851343344796 0.1845322584105451
-2.5 -2.25 79 80 7.767786247201933 0.2222340407813093
-2.5 -2.25 80 81 7.41240948749881 0.1961548246198661
-2.5 -2.25 81 82 7.067194168572684 0.1766062676385568
-2.5 -2.25 82 83 6.732265502010414 0.1626715308521996
-2.5 -2.25 83 84 6.407713484171207 0.1535212583674009
-2.5 -2.25 84 85 6.093594723763047 0.148410658312937
-2.5 -2.25 85 86 5.789934282775469 0.1466747089295327
-2.5 -2.25 86 87 5.496727516143761 0.1477217965080249
-2.5 -2.25 87 88 5.2040787919872 0.1077563222775553
-2.5 -2.25 88 89 4.932979452491825 0.1122531776954005
-2.5 -2.25 89 90 4.684285137975506 0.01405550422811185
-2.5 -2.25 90 91 4.431839429485342 0.01178473729597114
-2.5 -2.25 91 92 4.189432339815298 0.009856919202221244
-2.5 -2.25 92 93 3.95692158812046 0.008338590791764645
-2.5 -2.25 93 94 3.734148327073756 0.006982852842971227
-2.5 -2.25 94 95 3.520937227455509 0.005800721123508799
-2.5 -2.25 95 96 3.317098142497459 0.00480675013292187
-2.5 -2.25 96 97 3.122427722132297 0.004020125524766002
-2.5 -2.25 97 98 2.936710973944193 0.003491970524406526
-2.5 -2.25 98 99 2.759722738569315 0.003276538527363835
-2.5 -2.25 99 100 2.591229255635184 0.003072536752762295
-2.25 -2 51 52 22.73872729495187 0.9998335343618902
-2.25 -2 52 53 21.99063730628544 0.8846595366783994
-2.25 -2 53 54 21.25984992162576 0.7748895956459804
-2.25 -2 54 55 20.54716199421711 0.6708398882149527
-2.25 -2 55 56 19.8530434995361 0.5735644990114115
-2.25 -2 56 57 19.17744776431428 0.4866495165195084
-2.25 -2 57 58 18.52053622729721 0.4104116427637323
-2.25 -2 58 59 17.88246368831688 0.3440465248963665
-2.25 -2 59 60 17.26326980526657 0.2867729710052594
-2.25 -2 60 61 16.6628973446845 0.2378351248392882
-2.25 -2 61 62 16.08120824730226 0.1965041291405943
-2.25 -2 62 63 15.51798450399021 0.1619764161980003
-2.25 -2 63 64 14.97264166945216 0.1314574719687006
-2.25 -2 64 65 14.44462526769435 0.1026975406619973
-2.25 -2 65 66 13.93362298791559 0.07587655421274743
-2.25 -2 66 67 13.43883498490173 0.05391456345855432
-2.25 -2 67 68 12.95936560593539 0.03604408225271925
-2.25 -2 68 69 12.49330868596034 0.02113672755952413
-2.25 -2 69 70 12.03758931754925 0.01064467768974911
-2.25 -2 70 71 11.58984862411239 0.005341437990475785
-2.25 -2 71 72 11.14949697131369 0.01097100952165882
-2.25 -2 72 73 10.71657615429845 0.01720504767679632
-2.25 -2 73 74 10.29142785000864 0.02064367401135073
-2.25 -2 74 75 9.87450231788803 0.02168802543686018
-2.25 -2 75 76 9.466037832922204 0.02192186133726907
-2.25 -2 76 77 9.06637805651129 0.02197934376478118
-2.25 -2 77 78 8.661487886068059 0.2503730640094937
-2.25 -2 78 79 8.296894345721995 0.2835584665146508
-2.25 -2 79 80 7.925521506235889 0.2478809667964245
-2.25 -2 80 81 7.564147292849139 0.220208773545072
-2.25 -2 81 82 7.212956512413616 0.1994882101409705
-2.25 -2 82 83 6.872094621481747 0.1847580198839587
-2.25 -2 83 84 6.541669940072374 0.1751449655995861
-2.25 -2 84 85 6.221755568869309 0.1698596609680465
-2.25 -2 85 86 5.912391320547194 0.1681920155229181
-2.25 -2 86 87 5.613585649588163 0.1695064151952758
-2.25 -2 87 88 5.314413221507781 0.132553408797188
-2.25 -2 88 89 5.045518010689488 0.01208291043992292
-2.25 -2 89 90 4.777933962646067 0.00990792678230526
-2.25 -2 90 91 4.520650733620057 0.007748246782189151
-2.25 -2 91 92 4.273547187182679 0.005768564066210053
-2.25 -2 92 93 4.036486261273243 0.004060532112587847
-2.25 -2 93 94 3.809313259519627 0.002953158377097915
-2.25 -2 94 95 3.591856008635981 0.002274268714768253
-2.25 -2 95 96 3.383926594952227 0.002702147307925933
-2.25 -2 96 97 3.185323048821269 0.003611001548159659
-2.25 -2 97 98 2.995830973679196 0.00445015659147074
-2.25 -2 98 99 2.815225082906288 0.00531259928288611
-2.25 -2 99 100 2.643270848468111 0.006083992050754586
-2 -1.75 51 52 21.42552858680688 1.018660156973609
-2 -1.75 52 53 20.76483115138106 0.8996485454377217
-2 -1.75 53 54 20.11508268413546 0.7861341791092887
-2 -1.75 54 55 19.47759974677814 0.6784610359261648
-2 -1.75 55 56 18.85332253167773 0.5777548918833255
-2 -1.75 56 57 18.24262677912999 0.4878219734108728
-2 -1.75 57 58 17.64606305120981 0.4090137957404867
-2 -1.75 58 59 17.06414229508741 0.3404956838791979
-2 -1.75 59 60 16.49722906707377 0.2814563709390214
-2 -1.75 60 61 15.9455628290761 0.23111021008281
-2 -1.75 61 62 15.40927675246043 0.1886988156017028
-2 -1.75 62 63 14.88840243188891 0.1533835039307628
-2 -1.75 63 64 14.38260839753639 0.1222287817079166
-2 -1.75 64 65 13.89156976958417 0.09287950287977594
-2 -1.75 65 66 13.4151638470383 0.0655601569662469
-2 -1.75 66 67 12.95279126155442 0.04338969716497923
-2 -1.75 67 68 12.5037586350329 0.02569702907215106
-2 -1.75 68 69 12.06637668520577 0.0149337701338679
-2 -1.75 69 70 11.63780744244794 0.01588717791899346
-2 -1.75 70 71 11.21584953017746 0.01962566469647996
-2 -1.75 71 72 10.79999092954611 0.02416139422255825
-2 -1.75 72 73 10.39032001422377 0.02849791085361577
-2 -1.75 73 74 9.987223924140871 0.03153938542058896
-2 -1.75 74 75 9.59119557925257 0.03204987291820679
-2 -1.75 75 76 9.202506968105588 0.03173894579309929
-2 -1.75 76 77 8.794777982088519 0.277788963535725
-2 -1.75 77 78 8.438642536244018 0.3171710143423352
-2 -1.75 78 79 8.074778684102263 0.270730844157697
-2 -1.75 79 80 7.719695990091701 0.2339472250362919
-2 -1.75 80 81 7.373660865586508 0.2056096198767915
-2 -1.75 81 82 7.036897971278652 0.1846046898725952
-2 -1.75 82 83 6.709591758878659 0.1699148624237563
-2 -1.75 83 84 6.391888701910656 0.1606155689153175
-2 -1.75 84 85 6.083899200823915 0.1558726294519521
-2 -1.75 85 86 5.785699502572093 0.1549381890321062
-2 -1.75 86 87 5.497333618629778 0.1571450740392521
-2 -1.75 87 88 5.218815224986521 0.1619002765654913
-2 -1.75 88 89 4.940928510638209 0.121295700693946
-2 -1.75 89 90 4.683550242661926 0.1279958362131884
-2 -1.75 90 91 4.445758244438959 0.01162494099359794
-2 -1.75 91 92 4.205655760539592 0.009194639615405812
-2 -1.75 92 93 3.975082888531638 0.006956238420547336
-2 -1.75 93 94 3.753913285393701 0.005193258451822204
-2 -1.75 94 95 3.542002167891649 0.003840860265997769
-2 -1.75 95 96 3.339188045970211 0.002780356706147964
-2 -1.75 96 97 3.145294406023735 0.002393012049429616
-2 -1.75 97 98 2.960131340717867 0.00222827679250049
-2 -1.75 98 99 2.783497084205802 0.002838554415402924
-2 -1.75 99 100 2.615179684243142 0.003837856430944552
-1.75 -1.5 51 52 21.3924958889634 1.07847054988521
-1.75 -1.5 52 53 20.72766241118626 0.9533032470105458
-1.75 -1.5 53 54 20.07382083042222 0.8338857227673889
-1.75 -1.5 54 55 19.43232718880088 0.7205759210573075
-1.75 -1.5 55 56 18.80415416797226 0.6145533694196947
-1.75 -1.5 56 57 18.18970536341628 0.5198149037177514
-1.75 -1.5 57 58 17.58954854297815 0.4367365764918253
-1.75 -1.5 58 59 17.00420605216395 0.3644493603147689
-1.75 -1.5 59 60 16.43405049162914 0.3021079118665376
-1.75 -1.5 60 61 15.87932655664405 0.2488929858602205
-1.75 -1.5 61 62 15.34017032202038 0.2040133018690409
-1.75 -1.5 62 63 14.81661371872137 0.1665915301298371
-1.75 -1.5 63 64 14.30830774159924 0.1335182699545975
-1.75 -1.5 64 65 13.81491255732688 0.1022864616566401
-1.75 -1.5 65 66 13.33630480696407 0.07311006137101571
-1.75 -1.5 66 67 12.87186878736547 0.04927333260951432
-1.75 -1.5 67 68 12.42090288349505 0.02994292642389725
-1.75 -1.5 68 69 11.98170546588573 0.0139169852118792
-1.75 -1.5 69 70 11.55145314705062 0.003970116363227569
-1.75 -1.5 70 71 11.12797898921924 0.01113019685305468
-1.75 -1.5 71 72 10.71080057434853 0.01995061688195672
-1.75 -1.5 72 73 10.30002351366389 0.02684818109009428
-1.75 -1.5 73 74 9.896043740512894 0.03041393867996494
-1.75 -1.5 74 75 9.499353208493794 0.03125462646813317
-1.75 -1.5 75 76 9.11023218284803 0.03120035408873459
-1.75 -1.5 76 77 8.703591644147544 0.2745455468882678
-1.75 -1.5 77 78 8.348627293596458 0.3177817286993622
-1.75 -1.5 78 79 7.984747687750954 0.2701283189794584
-1.75 -1.5 79 80 7.629875394451943 0.2325632611595339
-1.75 -1.5 80 81 7.284264852053617 0.203818588619175
-1.75 -1.5 81 82 6.948128415298193 0.182727674150036
-1.75 -1.5 82 83 6.621637955346191 0.1682248106740113
-1.75 -1.5 83 84 6.304927200600499 0.1593431325068176
-1.75 -1.5 84 85 5.998093720922736 0.1552120070001994
-1.75 -1.5 85 86 5.701200923086891 0.1550520114956924
-1.75 -1.5 86 87 5.414280040149858 0.1581678289864888
-1.75 -1.5 87 88 5.137332097515671 0.1639405151598498
-1.75 -1.5 88 89 4.870329853261566 0.1718204741070338
-1.75 -1.5 89 90 4.604691100695518 0.1300982076951398
-1.75 -1.5 90 91 4.369115860153254 0.0122287488725227
-1.75 -1.5 91 92 4.131045519933693 0.009719313373610906
-1.75 -1.5 92 93 3.902564694241807 0.007403309227614036
-1.75 -1.5 93 94 3.683536608036789 0.005285876624566773
-1.75 -1.5 94 95 3.473806463479372 0.003373167243772442
-1.75 -1.5 95 96 3.273203200435837 0.002129119018926292
-1.75 -1.5 96 97 3.081541202164415 0.001706095670168594
-1.75 -1.5 97 98 2.8986219429682 0.001755452740508071
-1.75 -1.5 98 99 2.724235532978938 0.002703362446403422
-1.75 -1.5 99 100 2.558162416668942 0.003751909717443335
-1.5 -1.25 51 52 20.22347898025069 1.127505609318197
-1.5 -1.25 52 53 19.62399935519386 0.9977868605671921
-1.5 -1.25 53 54 19.03111936296278 0.8738991894718492
-1.5 -1.25 54 55 18.44654527622873 0.7562302799490053
-1.5 -1.25 55 56 17.87156997868568 0.6460226915297107
-1.5 -1.25 56 57 17.30689578172013 0.5474528166299563
-1.5 -1.25 57 58 16.75335578368899 0.4609288470923659
-1.5 -1.25 58 59 16.21171131662406 0.3855617231534088
-1.5 -1.25 59 60 15.68255293587654 0.3204856834909046
-1.5 -1.25 60 61 15.16632432213486 0.2648608359587056
-1.5 -1.25 61 62 14.66334342269745 0.2178751767653628
-1.5 -1.25 62 63 14.17380949107292 0.178625526640462
-1.5 -1.25 63 64 13.697541856784 0.14387360142478
-1.5 -1.25 64 65 13.23435358636999 0.1110050983934624
-1.5 -1.25 65 66 12.78424829198643 0.08024551901063053
-1.5 -1.25 66 67 12.34674044684992 0.05503797171367752
-1.5 -1.25 67 68 11.92126319513415 0.03677458984456892
-1.5 -1.25 68 69 11.50626775337167 0.02888225118227717
-1.5 -1.25 69 70 11.09912599951697 0.02572925313189889
-1.5 -1.25 70 71 10.69782232021259 0.02613067574439408
-1.5 -1.25 71 72 10.30195041718876 0.02862034113770697
-1.5 -1.25 72 73 9.911656719015916 0.03151937047905302
-1.5 -1.25 73 74 9.527367366497799 0.0331021290533209
-1.5 -1.25 74 75 9.149595316021376 0.03318628336670302
-1.5 -1.25 75 76 8.77864347262804 0.03274853425383748
-1.5 -1.25 76 77 8.407116213742292 0.3962769885582134
-1.5 -1.25 77 78 8.051091313678043 0.3336242928745796
-1.5 -1.25 78 79 7.703099405621394 0.2830205990177023
-1.5 -1.25 79 80 7.363456570011586 0.24304051543506
-1.5 -1.25 80 81 7.032434250395191 0.2123674570910974
-1.5 -1.25 81 82 6.710261701311964 0.1897895528202387
-1.5 -1.25 82 83 6.397127583303131 0.174197238140382
-1.5 -1.25 83 84 6.093182342985823 0.1645792570960353
-1.5 -1.25 84 85 5.798540207119579 0.1600193891909636
-1.5 -1.25 85 86 5.513281184157176 0.1596925334449386
-1.5 -1.25 86 87 5.237453055527208 0.1628598027668593
-1.5 -1.25 87 88 4.97107333907541 0.1688628029646426
-1.5 -1.25 88 89 4.714131222877153 0.1771176041462358
-1.5 -1.25 89 90 4.457695766623527 0.1377737422261655
-1.5 -1.25 90 91 4.232591900951586 0.01511129630151716
-1.5 -1.25 91 92 4.003154262198464 0.01325259850097081
-1.5 -1.25 92 93 3.782857062745258 0.01159285449440592
-1.5 -1.25 93 94 3.57158016367223 0.01014562861610945
-1.5 -1.25 94 95 3.369185200227873 0.008922371085461317
-1.5 -1.25 95 96 3.175517322945714 0.007930948342337136
-1.5 -1.25 96 97 2.990406884219068 0.007172539279769085
-1.5 -1.25 97 98 2.813671067402641 0.006731938212094126
-1.5 -1.25 98 99 2.645115409929645 0.006345063229352656
-1.5 -1.25 99 100 2.484535500387269 0.006132655759396158
-1.25 -1 51 52 20.2651894911821 1.171423979026195
-1.25 -1 52 53 19.67651055722865 1.03740578692899
-1.25 -1 53 54 19.09286446214492 0.9093852413602067
-1.25 -1 54 55 18.51613696657063 0.7877627299840523
-1.25 -1 55 56 17.94778365799036 0.6738245907968269
-1.25 -1 56 57 17.38866285734916 0.5718970959856418
-1.25 -1 57 58 16.83973344771682 0.4824083765830183
-1.25 -1 58 59 16.30186388269483 0.404443437444117
-1.25 -1 59 60 15.77574000507389 0.3371108182179809
-1.25 -1 60 61 15.26189031220117 0.2795452770922169
-1.25 -1 61 62 14.76070830724525 0.2309099040096741
-1.25 -1 62 63 14.27246055941745 0.1902720089717827
-1.25 -1 63 64 13.7970227086126 0.1542617648196077
-1.25 -1 64 65 13.33425845136692 0.1201565741501545
-1.25 -1 65 66 12.8842192948607 0.08819244337344961
-1.25 -1 66 67 12.44645617251672 0.06196353063269788
-1.25 -1 67 68 12.02043910740211 0.04054072463505985
-1.25 -1 68 69 11.60463910594959 0.02906696787514859
-1.25 -1 69 70 11.19643611985057 0.0225807076900353
-1.25 -1 70 71 10.7938200270029 0.02063841174134933
-1.25 -1 71 72 10.39640316935621 0.02202781927553048
-1.25 -1 72 73 10.00435259552192 0.02477985378035908
-1.25 -1 73 74 9.618119214833797 0.02685186689694236
-1.25 -1 74 75 9.238240296276679 0.02814473725905342
-1.25 -1 75 76 8.8438279018606 0.3375845153508711
-1.25 -1 76 77 8.496485696996018 0.3812912978968772
-1.25 -1 77 78 8.137755559733677 0.318032940100851
-1.25 -1 78 79 7.786983181959066 0.2671893447464444
-1.25 -1 79 80 7.444502708328436 0.2272862402870751
-1.25 -1 80 81 7.110602262858492 0.1969585482336361
-1.25 -1 81 82 6.785526467047049 0.1749466951782094
-1.25 -1 82 83 6.469478057730086 0.1600963256005108
-1.25 -1 83 84 6.162620336844789 0.151357321125048
-1.25 -1 84 85 5.865079214716417 0.1477830457915884
-1.25 -1 85 86 5.576945262909362 0.1485265328640658
-1.25 -1 86 87 5.298275757864076 0.1528331587394185
-1.25 -1 87 88 5.029096696712003 0.160031669117279
-1.25 -1 88 89 4.769404783318091 0.1695258128572711
-1.25 -1 89 90 4.50978657145107 0.1279733105191912
-1.25 -1 90 91 4.270718186270489 0.1377600784417925
-1.25 -1 91 92 4.048126462081566 0.009540297830633827
-1.25 -1 92 93 3.825483923402736 0.007936416816244511
-1.25 -1 93 94 3.611930261780739 0.006579204751948358
-1.25 -1 94 95 3.407329967388758 0.005509705595100963
-1.25 -1 95 96 3.211530454132639 0.004842240052738707
-1.25 -1 96 97 3.02436379051924 0.004531979663298473
-1.25 -1 97 98 2.845648371666208 0.004329219673031156
-1.25 -1 98 99 2.675190480332768 0.004505412535482281
-1.25 -1 99 100 2.512786038874031 0.004815824559788909
-1 -0.75 51 52 19.96225460430199 1.195941727129757
-1 -0.75 52 53 19.38558769732069 1.058874925573811
-1 -0.75 53 54 18.81311288963306 0.9278774702251266
-1 -0.75 54 55 18.24680001972391 0.8033681607634925
-1 -0.75 55 56 17.6881774846033 0.6866797037341283
-1 -0.75 56 57 17.13816237924462 0.5822807138391474
-1 -0.75 57 58 16.59777122252646 0.4906226743592523
-1 -0.75 58 59 16.06792577397408 0.4107718913871684
-1 -0.75 59 60 15.54935946319338 0.341818244275317
-1 -0.75 60 61 15.04264329727403 0.2828779583834292
-1 -0.75 61 62 14.5482087906888 0.2330958010132292
-1 -0.75 62 63 14.06635671554513 0.191517035214189
-1 -0.75 63 64 13.59699485639671 0.154672025646225
-1 -0.75 64 65 13.14001626074503 0.1197560928778475
-1 -0.75 65 66 12.69549758486663 0.08701584274289813
-1 -0.75 66 67 12.26301365131989 0.06016377529541852
-1 -0.75 67 68 11.84206344152747 0.03824440979115257
-1 -0.75 68 69 11.43115059190229 0.01975581633923463
-1 -0.75 69 70 11.02770809973373 0.006977157360031378
-1 -0.75 70 71 10.62977223609187 0.008416211802812599
-1 -0.75 71 72 10.23698007491267 0.01790799484197195
-1 -0.75 72 73 9.849509949380838 0.02605143243421642
-1 -0.75 73 74 9.467818666152624 0.03037736931456006
-1 -0.75 74 75 9.092443470654196 0.03160636603319913
-1 -0.75 75 76 8.698948882654427 0.3481321241659647
-1 -0.75 76 77 8.357206604032029 0.3902586329480416
-1 -0.75 77 78 8.0030135754021 0.3250183428363748
-1 -0.75 78 79 7.656734190135374 0.2725709497916214
-1 -0.75 79 80 7.318698946213829 0.2314041413978712
-1 -0.75 80 81 6.989192171529858 0.2001180314043428
-1 -0.75 81 82 6.668454619546019 0.1774211130410546
-1 -0.75 82 83 6.35668511776128 0.1621291846163624
-1 -0.75 83 84 6.054043083502066 0.1531633054288719
-1 -0.75 84 85 5.760650610102232 0.149548390837706
-1 -0.75 85 86 5.476594559300008 0.150409555503985
-1 -0.75 86 87 5.2019286405862 0.1549655874249916
-1 -0.75 87 88 4.936675457991839 0.1625208520571587
-1 -0.75 88 89 4.680828522927428 0.172457436564851
-1 -0.75 89 90 4.434354230189907 0.1842284607370055
-1 -0.75 90 91 4.188880313724258 0.1416383136125832
-1 -0.75 91 92 3.971342661275699 0.01088664811478065
-1 -0.75 92 93 3.752129255754841 0.00835527270802925
-1 -0.75 93 94 3.541916239705493 0.006032386849856007
-1 -0.75 94 95 3.34056625259902 0.003919943834464898
-1 -0.75 95 96 3.147925141774948 0.002209461432768274
-1 -0.75 96 97 2.963823693620419 0.001716670730783734
-1 -0.75 97 98 2.78807930355317 0.001655308081527366
-1 -0.75 98 99 2.620497530327887 0.002646549559935528
-1 -0.75 99 100 2.460873853582012 0.003820499427220128
-0.75 -0.5 51 52 19.36243572094833 1.229691726179007
-0.75 -0.5 52 53 18.8173871071177 1.089462228698571
-0.75 -0.5 53 54 18.27444821450854 0.9554072010599539
-0.75 -0.5 54 55 17.73575623721493 0.8279577244732353
-0.75 -0.5 55 56 17.20299237997332 0.7084783168766827
-0.75 -0.5 56 57 16.67721636603088 0.6015369910498291
-0.75 -0.5 57 58 16.15957053690512 0.5075998284609188
-0.75 -0.5 58 59 15.6510895776504 0.4257178294039511
-0.75 -0.5 59 60 15.15260975098724 0.3549655148379444
-0.75 -0.5 60 61 14.66479581541037 0.2944437819261085
-0.75 -0.5 61 62 14.18816486424791 0.2432821699578522
-0.75 -0.5 62 63 13.72309627626434 0.2005078571985758
-0.75 -0.5 63 64 13.26957582404776 0.1625733670991346
-0.75 -0.5 64 65 12.82756755136514 0.1266104004512597
-0.75 -0.5 65 66 12.39720803240182 0.092872788630306
-0.75 -0.5 66 67 11.97813450279567 0.06516379119306832
-0.75 -0.5 67 68 11.56991211883961 0.04296807971793347
-0.75 -0.5 68 69 11.17112147497625 0.03212955003490155
-0.75 -0.5 69 70 10.77929550689153 0.02597147493718941
-0.75 -0.5 70 71 10.39254614367374 0.02434819443419381
-0.75 -0.5 71 72 10.01054663766806 0.02588467554523583
-0.75 -0.5 72 73 9.633493595275439 0.02867327538637857
-0.75 -0.5 73 74 9.261856900822437 0.03042370751226501
-0.75 -0.5 74 75 8.896182282874321 0.03066839989503654
-0.75 -0.5 75 76 8.513328826102075 0.3607915184615088
-0.75 -0.5 76 77 8.180312460560074 0.3994337996589803
-0.75 -0.5 77 78 7.834678488440915 0.3325107005758826
-0.75 -0.5 78 79 7.496651263210971 0.2786932168916454
-0.75 -0.5 79 80 7.166566889022867 0.2364374911399967
-0.75 -0.5 80 81 6.844715339743992 0.2043152134085706
-0.75 -0.5 81 82 6.531343082945121 0.1810091650223095
-0.75 -0.5 82 83 6.226654722727758 0.1653111565945037
-0.75 -0.5 83 84 5.930815535259391 0.1561186909340045
-0.75 -0.5 84 85 5.643953558518866 0.1524327343052796
-0.75 -0.5 85 86 5.366161686357575 0.1533542830261855
-0.75 -0.5 86 87 5.097499747499256 0.1580789148117192
-0.75 -0.5 87 88 4.837996549648143 0.1658898508164206
-0.75 -0.5 88 89 4.587651887597438 0.1761507341185542
-0.75 -0.5 89 90 4.346438512785429 0.1882989769478594
-0.75 -0.5 90 91 4.106053366152953 0.1461778145952506
-0.75 -0.5 91 92 3.893279297869334 0.01191896638609343
-0.75 -0.5 92 93 3.678661545845404 0.01021692693907079
-0.75 -0.5 93 94 3.472825724502901 0.008758125065818384
-0.75 -0.5 94 95 3.275641382322835 0.007566828599804784
-0.75 -0.5 95 96 3.08696126046646 0.006664270121074359
-0.75 -0.5 96 97 2.90662301332053 0.006174550317356675
-0.75 -0.5 97 98 2.734450867838326 0.005805032948451517
-0.75 -0.5 98 99 2.57025716496949 0.00564751970308762
-0.75 -0.5 99 100 2.413844115694474 0.005729324398380499
-0.5 -0.25 51 52 19.21228566074871 1.24432770589777
-0.5 -0.25 52 53 18.68013346223879 1.102370443008078
-0.5 -0.25 53 54 18.14896095758368 0.966645454860081
-0.5 -0.25 54 55 17.62101125638588 0.8375911647246701
-0.5 -0.25 55 56 17.09806183441302 0.7165933113495501
-0.5 -0.25 56 57 16.58126270118032 0.6082886794176822
-0.5 -0.25 57 58 16.07183325142196 0.5131535695167866
-0.5 -0.25 58 59 15.57087609193236 0.4302284929993853
-0.5 -0.25 59 60 15.07928880480819 0.3585775316344332
-0.5 -0.25 60 61 14.59779156606949 0.2972912440981734
-0.5 -0.25 61 62 14.12695161044736 0.2454889773774659
-0.5 -0.25 62 63 13.66719391174954 0.2021857610646408
-0.5 -0.25 63 64 13.21854787320385 0.1637801350230851
-0.5 -0.25 64 65 12.78101691345447 0.1273593249903863
-0.5 -0.25 65 66 12.35477115994676 0.09318259246922272
-0.5 -0.25 66 67 11.93947893883549 0.06511834060486614
-0.5 -0.25 67 68 11.53473667807968 0.04529899943068539
-0.5 -0.25 68 69 11.13915237364689 0.03504117816094435
-0.5 -0.25 69 70 10.75028671418225 0.02944447491557766
-0.5 -0.25 70 71 10.3662730357448 0.02800636128376257
-0.5 -0.25 71 72 9.986801274400179 0.02937923623461524
-0.5 -0.25 72 73 9.61208120968282 0.03187265851335164
-0.5 -0.25 73 74 9.242595619633136 0.0333747046320761
-0.5 -0.25 74 75 8.878901615113378 0.03343059194290623
-0.5 -0.25 75 76 8.496824379489084 0.3634681924987347
-0.5 -0.25 76 77 8.165990340540873 0.4024015563638382
-0.5 -0.25 77 78 7.821905344110689 0.3346344565083226
-0.5 -0.25 78 79 7.485296266197736 0.2801613590007039
-0.5 -0.25 79 80 7.156507998979819 0.2374177233541916
-0.5 -0.25 80 81 6.83583885111404 0.2049558313238212
-0.5 -0.25 81 82 6.523543196706214 0.1814402729644604
-0.5 -0.25 82 83 6.219833120721773 0.1656458978690908
-0.5 -0.25 83 84 5.924880977966055 0.1564544931807738
-0.5 -0.25 84 85 5.638821496322898 0.1528526256302294
-0.5 -0.25 85 86 5.361753884865902 0.1539282371854036
-0.5 -0.25 86 87 5.093743926951841 0.1588651349164534
-0.5 -0.25 87 88 4.834826038191004 0.1669359323647208
-0.5 -0.25 88 89 4.585005288138948 0.1774947113082721
-0.5 -0.25 89 90 4.344259383235318 0.1899702864932088
-0.5 -0.25 90 91 4.10406985255451 0.1474599919868449
-0.5 -0.25 91 92 3.892205555417021 0.01302770769584573
-0.5 -0.25 92 93 3.677901413069115 0.01127684867523836
-0.5 -0.25 93 94 3.47234000432104 0.009765832443084438
-0.5 -0.25 94 95 3.275394424354907 0.008513450782926623
-0.5 -0.25 95 96 3.086920716651207 0.007534697120816027
-0.5 -0.25 96 97 2.906759605372949 0.006917332214921366
-0.5 -0.25 97 98 2.734738166248109 0.006494876552253314
-0.5 -0.25 98 99 2.570671377757622 0.006194696612122637
-0.5 -0.25 99 100 2.414363894635208 0.00616649333834244
-0.25 0 51 52 19.28937367946062 1.251499129460297
-0.25 0 52 53 18.75562398337721 1.108754036139461
-0.25 0 53 54 18.22274890762421 0.9722616571296854
-0.25 0 54 55 17.6930149304161 0.8424645204002704
-0.25 0 55 56 17.16821964193733 0.720759956675937
-0.25 0 56 57 16.64953015190574 0.6118218373131858
-0.25 0 57 58 16.13818041370942 0.5161323689233608
-0.25 0 58 59 15.63528552077705 0.432726936530256
-0.25 0 59 60 15.14175377746118 0.360664532202837
-0.25 0 60 61 14.65831454054046 0.2990306812077914
-0.25 0 61 62 14.18554288133851 0.2469397688584981
-0.25 0 62 63 13.72387037169587 0.20340076732223
-0.25 0 63 64 13.27333004561156 0.1647830112094409
-0.25 0 64 65 12.83392855568668 0.1281499835297356
-0.25 0 65 66 12.40584022367123 0.09376473129697299
-0.25 0 66 67 11.98873422698141 0.06553098890367111
-0.25 0 67 68 11.58220808593911 0.04471660328921289
-0.25 0 68 69 11.18486618908663 0.03418529607629578
-0.25 0 69 70 10.7942623697503 0.0283925743580307
-0.25 0 70 71 10.40852514636312 0.02693587510509205
-0.25 0 71 72 10.02734557390535 0.02842577303971946
-0.25 0 72 73 9.650935846250242 0.03107580776200312
-0.25 0 73 74 9.279782471242541 0.03269301563440981
-0.25 0 74 75 8.914446373283319 0.03281990875789775
-0.25 0 75 76 8.530868956696843 0.3597246812068751
-0.25 0 76 77 8.198870300708109 0.399853904350367
-0.25 0 77 78 7.853230306951311 0.3318946147151354
-0.25 0 78 79 7.515101612933975 0.2773137563756511
-0.25 0 79 80 7.18483160441194 0.2345364046733448
-0.25 0 80 81 6.862720716442034 0.2021045187214721
-0.25 0 81 82 6.549025108427671 0.1786724476323095
-0.25 0 82 83 6.243958324387847 0.1630052676684329
-0.25 0 83 84 5.947693877126355 0.1539760957774144
-0.25 0 84 85 5.660367371472795 0.1505645317299502
-0.25 0 85 86 5.382078632400553 0.1518533434528752
-0.25 0 86 87 5.112893817788397 0.1570224614531707
-0.25 0 87 88 4.852847495580239 0.1653412230962407
-0.25 0 88 89 4.601944683987853 0.1761605482075271
-0.25 0 89 90 4.360162852397732 0.1889060443683674
-0.25 0 90 91 4.118701717171639 0.1460665782808593
-0.25 0 91 92 3.905837287233371 0.01291059352328229
-0.25 0 92 93 3.690647221616359 0.01117144011105962
-0.25 0 93 94 3.484243335320532 0.009676008752773498
-0.25 0 94 95 3.28649776718915 0.008443773723275701
-0.25 0 95 96 3.097265517885591 0.007489816738764615
-0.25 0 96 97 2.916386194532606 0.006910933546814405
-0.25 0 97 98 2.743685693122792 0.006500287030547397
-0.25 0 98 99 2.578977759813778 0.006234614383163519
-0.25 0 99 100 2.422065777821524 0.006228907595532536
0 0.25 51 52 19.27226134604828 1.25143074514853
0 0.25 52 53 18.73998364215595 1.108696258593175
0 0.25 53 54 18.20847143968601 0.9722134795273314
0 0.25 54 55 17.67999960138627 0.8424249655176004
0 0.25 55 56 17.15637344412843 0.7207280398864838
0 0.25 56 57 16.63876732924092 0.6117964439717457
0 0.25 57 58 16.12842161930664 0.516112452576308
0 0.25 58 59 15.62645721809757 0.4327115754930635
0 0.25 59 60 15.13378777742433 0.3606529204128884
0 0.25 60 61 14.65114758112563 0.2990221191110604
0 0.25 61 62 14.17911624505243 0.2469336545907306
0 0.25 62 63 13.71812954190978 0.2033965916890348
0 0.25 63 64 13.26822448354935 0.164780417173049
0 0.25 64 65 12.82941135732027 0.1281487220886586
0 0.25 65 66 12.40186775088844 0.09376456879295318
0 0.25 66 67 11.98526596530489 0.06553163378842806
0 0.25 67 68 11.57920642441445 0.0447177635504804
0 0.25 68 69 11.18229633411596 0.03418639950243259
0 0.25 69 70 10.79209223762275 0.0283930595838529
0 0.25 70 71 10.40672482958385 0.02693550462068865
0 0.25 71 72 10.02588678163849 0.02842461843543679
0 0.25 72 73 9.649791679768654 0.03107420709255482
0 0.25 73 74 9.278927324908217 0.03269129064957044
0 0.25 74 75 8.913855881020808 0.03281822909132216
0 0.25 75 76 8.530522082813739 0.3597034348746349
0 0.25 76 77 8.198742791486147 0.3998395483472839
0 0.25 77 78 7.853301356211333 0.3318813779712262
0 0.25 78 79 7.515351546550136 0.2773013811229664
0 0.25 79 80 7.185241855901339 0.2345247107362176
0 0.25 80 81 6.863273801100171 0.2020933869284504
0 0.25 81 82 6.549704595970802 0.1786618039111777
0 0.25 82 83 6.244748810406044 0.1629950700427855
0 0.25 83 84 5.948580953255785 0.1539663265747594
0 0.25 84 85 5.661337594550083 0.1505551956071461
0 0.25 85 86 5.383119492705706 0.1518444686732951
0 0.25 86 87 5.113993706412781 0.1570141002295811
0 0.25 87 88 4.853995671158604 0.1653334489027336
0 0.25 88 89 4.603131238901042 0.1761534503197475
0 0.25 89 90 4.361378678490173 0.1888997215409211
0 0.25 90 91 4.11993846978584 0.1460590096229833
0 0.25 91 92 3.907086975262789 0.01291033396195028
0 0.25 92 93 3.691903262889031 0.01117119152973099
0 0.25 93 94 3.485499453938949 0.00967578021631958
0 0.25 94 95 3.287748314771683 0.008443581845311141
0 0.25 95 96 3.098505439521228 0.007489684812534768
0 0.25 96 97 2.917610995079171 0.006910900195487015
0 0.25 97 98 2.744891404016737 0.006500254877791645
0 0.25 98 99 2.580160906478421 0.006234795211674672
0 0.25 99 100 2.423223347761578 0.006229206827386664
0.25 0.5 51 52 19.16118470537899 1.244139939472306
0.25 0.5 52 53 18.63343020915946 1.102212514915211
0.25 0.5 53 54 18.10632920177972 0.9665144266113218
0.25 0.5 54 55 17.58214988744564 0.8374841899756681
0.25 0.5 55 56 17.06269285893271 0.7165075282441978
0.25 0.5 56 57 16.5491298018427 0.6082208545010046
0.25 0.5 57 58 16.04269928220862 0.5131006766473993
0.25 0.5 58 59 15.54452129043939 0.4301878775331961
0.25 0.5 59 60 15.05550940533142 0.3585468825179284
0.25 0.5 60 61 14.57639854017989 0.2972685663668672
0.25 0.5 61 62 14.10776952117965 0.245472565407196
0.25 0.5 62 63 13.6500598844402 0.202174183317175
0.25 0.5 63 64 13.2033109277959 0.1637724120618577
0.25 0.5 64 65 12.76753693740449 0.1273547963984743
0.25 0.5 65 66 12.34291780451757 0.09318063740380732
0.25 0.5 66 67 11.92913119835718 0.06511815435851022
0.25 0.5 67 68 11.52578223077658 0.0452998862180442
0.25 0.5 68 69 11.13148732136177 0.03504225049872746
0.25 0.5 69 70 10.74381525058207 0.02944494128195012
0.25 0.5 70 71 10.36090584481212 0.02800599218767973
0.25 0.5 71 72 9.982453863586329 0.02937824962471071
0.25 0.5 72 73 9.608673243683477 0.0318715420597367
0.25 0.5 73 74 9.240050625661539 0.03337388669992499
0.25 0.5 74 75 8.87714682379417 0.03343027295129272
0.25 0.5 75 76 8.495790394580055 0.3634315783506511
0.25 0.5 76 77 8.165611189560153 0.4023761528042092
0.25 0.5 77 78 7.822118939965634 0.3346102381215271
0.25 0.5 78 79 7.486043897434179 0.2801377529840031
0.25 0.5 79 80 7.157734257113098 0.2373943796162515
0.25 0.5 80 81 6.837491553545746 0.204932576564307
0.25 0.5 81 82 6.525573305387269 0.1814170658084888
0.25 0.5 82 83 6.222194657058665 0.1656227895112394
0.25 0.5 83 84 5.92753093411271 0.1564315992973455
0.25 0.5 84 85 5.641719743389775 0.1528301128671493
0.25 0.5 85 86 5.364863078260182 0.1539063203963094
0.25 0.5 86 87 5.09702940933175 0.1588440764494825
0.25 0.5 87 88 4.838255740405671 0.1669160366675856
0.25 0.5 88 89 4.588549628480727 0.1774763137631629
0.25 0.5 89 90 4.347891165468283 0.1899537393394297
0.25 0.5 90 91 4.107764158888205 0.1474401683790748
0.25 0.5 91 92 3.895943763233404 0.01303060385563983
0.25 0.5 92 93 3.681658441286142 0.01127929488603079
0.25 0.5 93 94 3.476097109239088 0.009767770675691911
0.25 0.5 94 95 3.27913473641107 0.008514834909942325
0.25 0.5 95 96 3.090629138699194 0.007535506735360722
0.25 0.5 96 97 2.910422712101717 0.006917233393502704
0.25 0.5 97 98 2.738344105111297 0.006494781124687358
0.25 0.5 98 99 2.574209771658909 0.006194148551165541
0.25 0.5 99 100 2.4178257466617 0.006165753790926427
0.5 0.75 51 52 19.27921539683769 1.229383780319989
0.5 0.75 52 53 18.74139289448127 1.089202638120128
0.5 0.75 53 54 18.20514218922264 0.9551910454793344
0.5 0.75 54 55 17.67264194891004 0.8277802568147795
0.5 0.75 55 56 17.14561155743144 0.7083348002485778
0.5 0.75 56 57 16.62514645768894 0.6014221640364106
0.5 0.75 57 58 16.11242065469169 0.5075087962211724
0.5 0.75 58 59 15.60849756958858 0.4256463107883745
0.5 0.75 59 60 15.11423990501198 0.3549097952319853
0.5 0.75 60 61 14.63033677417992 0.29440066704118
0.5 0.75 61 62 14.15732772794955 0.2432489408902611
0.5 0.75 62 63 13.69561289698858 0.2004822432858255
0.5 0.75 63 64 13.24519766503921 0.1625538145033535
0.5 0.75 64 65 12.80606399417471 0.1265958546088932
0.5 0.75 65 66 12.37836458287507 0.09286225919874302
0.5 0.75 66 67 11.96175205798566 0.06515601101390812
0.5 0.75 67 68 11.55580586685575 0.04296212679261693
0.5 0.75 68 69 11.15912041981547 0.03212591875103998
0.5 0.75 69 70 10.76924187600279 0.02597011274353011
0.5 0.75 70 71 10.38429279966734 0.02434892125052868
0.5 0.75 71 72 10.0039544050246 0.02588727970636506
0.5 0.75 72 73 9.628430184226389 0.02867730582004473
0.5 0.75 73 74 9.258196425316797 0.03042886716996743
0.5 0.75 74 75 8.89380499874234 0.03067452202019198
0.5 0.75 75 76 8.51211202251033 0.360744945400867
0.5 0.75 76 77 8.180156543284518 0.3993996520205337
0.5 0.75 77 78 7.835481431318129 0.3324762606069233
0.5 0.75 78 79 7.498316625379047 0.2786578385401122
0.5 0.75 79 80 7.16900369274672 0.2364008745768772
0.5 0.75 80 81 6.847837941100998 0.2042773285077888
0.5 0.75 81 82 6.535071035751891 0.1809701757553618
0.5 0.75 82 83 6.230912636225476 0.1652713540205704
0.5 0.75 83 84 5.935532926116949 0.156078445470263
0.5 0.75 84 85 5.649064697723588 0.1523924740879682
0.5 0.75 85 86 5.371605441595722 0.1533144924374965
0.5 0.75 86 87 5.103219421642049 0.158040137902913
0.5 0.75 87 88 4.843939715975097 0.1658526868821887
0.5 0.75 88 89 4.593770222458069 0.1761158225129966
0.5 0.75 89 90 4.352687626189908 0.1882669756190349
0.5 0.75 90 91 4.112392624087509 0.1461385591443506
0.5 0.75 91 92 3.899681465112142 0.01192608310539486
0.5 0.75 92 93 3.685082427813327 0.01022288745294726
0.5 0.75 93 94 3.479234874798905 0.008762794810671087
0.5 0.75 94 95 3.282011440069265 0.007570087073809097
0.5 0.75 95 96 3.09326778164896 0.006666054441985908
0.5 0.75 96 97 2.912844304119373 0.006174371117198541
0.5 0.75 97 98 2.740567820437159 0.005804860338860066
0.5 0.75 98 99 2.576253096426514 0.005645880342758601
0.5 0.75 99 100 2.419704610236876 0.005727243234423697
0.75 1 51 52 19.85269356835445 1.195497161992527
0.75 1 52 53 19.28583264951439 1.058498329044917
0.75 1 53 54 18.7224265329086 0.927561879148984
0.75 1 54 55 18.16450216237772 0.8031068684949315
0.75 1 55 56 17.61364047157298 0.6864660531902294
0.75 1 56 57 17.07080761495226 0.5821074215231
0.75 1 57 58 16.53706367045815 0.4904829911265056
0.75 1 58 59 16.01336995306654 0.4106599174870736
0.75 1 59 60 15.50049628031887 0.341728863619382
0.75 1 60 61 14.99904717048905 0.2828067740632974
0.75 1 61 62 14.50948503182219 0.2330390727354537
0.75 1 62 63 14.03213917278629 0.1914716382021842
0.75 1 63 64 13.56694425459008 0.1546357614935683
0.75 1 64 65 13.11381788236292 0.1197274004057875
0.75 1 65 66 12.67285887368914 0.08699327028743171
0.75 1 66 67 12.2436630926896 0.06014559191469422
0.75 1 67 68 11.82574899872357 0.03822929006920927
0.75 1 68 69 11.41763883441185 0.01974282363890694
0.75 1 69 70 11.01678309129774 0.006970251207345103
0.75 1 70 71 10.62123215412892 0.008426906633014887
0.75 1 71 72 10.23063394505016 0.01791958285991854
0.75 1 72 73 9.845176325506856 0.02606309106817703
0.75 1 73 74 9.465325028837853 0.03038947139133952
0.75 1 74 75 9.091625899225043 0.03161905531575868
0.75 1 75 76 8.699634887330944 0.3480107468241858
0.75 1 76 77 8.359265306156232 0.390171313470067
0.75 1 77 78 8.006305746831217 0.3249322534822724
0.75 1 78 79 7.661128411685375 0.2724852945663996
0.75 1 79 80 7.324071429723958 0.2313185720359914
0.75 1 80 81 6.99542657198009 0.2000325235067773
0.75 1 81 82 6.675441838240523 0.1773358459947009
0.75 1 82 83 6.364323096997524 0.1620444463403071
0.75 1 83 84 6.062236593709372 0.1530794446830126
0.75 1 84 85 5.769311030208907 0.1494658232759321
0.75 1 85 86 5.485639651120565 0.1503287995516852
0.75 1 86 87 5.211282318174195 0.1548872920080796
0.75 1 87 88 4.946267552813506 0.1624457931154492
0.75 1 88 89 4.690594545719506 0.1723864847552575
0.75 1 89 90 4.444235130428787 0.1841625359958703
0.75 1 90 91 4.198822227365447 0.1415547787290234
0.75 1 91 92 3.981310482722151 0.0108976968195972
0.75 1 92 93 3.762063814570222 0.008365569210366342
0.75 1 93 94 3.551777718760974 0.006041949739841829
0.75 1 94 95 3.350319073553944 0.003928845259522097
0.75 1 95 96 3.157537727622836 0.002217226876461605
0.75 1 96 97 2.97326823429591 0.001715814017129226
0.75 1 97 98 2.797331525418931 0.001654506573432419
0.75 1 98 99 2.629536470128938 0.002642153048893841
0.75 1 99 100 2.46968163753716 0.003816543474368207
1 1.25 51 52 20.13303145339924 1.170908008025071
1 1.25 52 53 19.55658084521741 1.036973401570812
1 1.25 53 54 18.98423403580495 0.9090276729195541
1 1.25 54 55 18.41794907464353 0.7874715355542016
1 1.25 55 56 17.85924803956664 0.6735913963788706
1 1.25 56 57 17.30905131034689 0.5717127570304549
1 1.25 57 58 16.76837287314889 0.482264435998308
1 1.25 58 59 16.23813121679733 0.4043325186106889
1 1.25 59 60 15.71905820387417 0.3370265405407876
1 1.25 60 61 15.21172470470042 0.2794821731900221
1 1.25 61 62 14.71656327731309 0.2308633392896357
1 1.25 62 63 14.23387655362828 0.1902381261154537
1 1.25 63 64 13.76357405795366 0.1542378244217065
1 1.25 64 65 13.30555044476215 0.1201405970997401
1 1.25 65 66 12.85988520784264 0.08818259524606674
1 1.25 66 67 12.42615573568543 0.06195771004400088
1 1.25 67 68 12.00385646329914 0.04053729820008098
1 1.25 68 69 11.59148141989047 0.02906522879633686
1 1.25 69 70 11.18643175158923 0.02257998308594859
1 1.25 70 71 10.78671445138723 0.02063873059165267
1 1.25 71 72 10.39195539502204 0.02202976834980793
1 1.25 72 73 10.00233372108953 0.02478375562216013
1 1.25 73 74 9.618311765470473 0.02685768508663103
1 1.25 74 75 9.24043786272982 0.02815210493501888
1 1.25 75 76 8.847823050967172 0.3374202130706671
1 1.25 76 77 8.502103417742333 0.3811729878332945
1 1.25 77 78 8.14482117372593 0.3179157845414037
1 1.25 78 79 7.795332051824907 0.2670725607460033
1 1.25 79 80 7.453980000042165 0.2271695791734625
1 1.25 80 81 7.121062695919733 0.196842124785852
1 1.25 81 82 6.796834053222696 0.1748308244322953
1 1.25 82 83 6.481505829459785 0.1599814016125129
1 1.25 83 84 6.175250066146454 0.151243771314557
1 1.25 84 85 5.878201123923862 0.1476713653537444
1 1.25 85 86 5.590457728052183 0.148417357313338
1 1.25 86 87 5.312085006079997 0.1527273156009713
1 1.25 87 88 5.043116498605087 0.1599301762273092
1 1.25 88 89 4.783556141587816 0.1694298304789269
1 1.25 89 90 4.523997406849745 0.127847214444726
1 1.25 90 91 4.284923007272536 0.13764607238479
1 1.25 91 92 4.062283335671413 0.009553537325579366
1 1.25 92 93 3.83952104362595 0.007947550712248428
1 1.25 93 94 3.625799908995337 0.00658782127707251
1 1.25 94 95 3.420989782697259 0.005515338785111189
1 1.25 95 96 3.224943131599073 0.004841833715329679
1 1.25 96 97 3.037496773774462 0.004531586134846036
1 1.25 97 98 2.858473555827096 0.004325795532572362
1 1.25 98 99 2.687683920093274 0.004500571409443125
1 1.25 99 100 2.524927663536648 0.004810483821720469
1.25 1.5 51 52 20.06803901862096 1.126977013272361
1.25 1.5 52 53 19.4831845167183 0.9973511347664765
1.25 1.5 53 54 18.9038117805643 0.8735459071068412
1.25 1.5 54 55 18.33171440729643 0.7559494445855277
1.25 1.5 55 56 17.768265536831 0.6458044530439337
1.25 1.5 56 57 17.21424222487555 0.5472865559571608
1.25 1.5 57 58 16.67054406090851 0.4608048171757983
1.25 1.5 58 59 16.13799279055068 0.3854714786306523
1.25 1.5 59 60 15.61723451921237 0.320421976145641
1.25 1.5 60 61 15.10876406131882 0.2648175126699933
1.25 1.5 61 62 14.61294648018215 0.2178470807642735
1.25 1.5 62 63 14.13002451996165 0.1786084274690634
1.25 1.5 63 64 13.65985830469772 0.1438645578063496
1.25 1.5 64 65 13.2022981663591 0.1110020278395362
1.25 1.5 65 66 12.75738144208816 0.08024649828474875
1.25 1.5 66 67 12.32465440236172 0.0550408208710211
1.25 1.5 67 68 11.90357948704647 0.03677748181768739
1.25 1.5 68 69 11.4926353824675 0.0288835388346593
1.25 1.5 69 70 11.08921902986535 0.0257294290669772
1.25 1.5 70 71 10.69133508167951 0.026131221448051
1.25 1.5 71 72 10.2985934642659 0.02862314283101423
1.25 1.5 72 73 9.911155194643811 0.03152534885295948
1.25 1.5 73 74 9.529460244857184 0.03311141593866473
1.25 1.5 74 75 9.154034988603414 0.03319857215851246
1.25 1.5 75 76 8.785195385793891 0.03276350918829494
1.25 1.5 76 77 8.415536673431241 0.3962300365472176
1.25 1.5 77 78 8.061190354203383 0.3335673333055531
1.25 1.5 78 79 7.714680121677659 0.2829536378464947
1.25 1.5 79 80 7.376333909500296 0.2429641857958374
1.25 1.5 80 81 7.046434707127638 0.2122828630475173
1.25 1.5 81 82 6.725222994437004 0.1896981188139414
1.25 1.5 82 83 6.412898324525166 0.1741005764293404
1.25 1.5 83 84 6.109621692791009 0.1644790695099594
1.25 1.5 84 85 5.815517521310653 0.1599174137173737
1.25 1.5 85 86 5.530675651947583 0.1595905286403809
1.25 1.5 86 87 5.255153330624715 0.1627595481770572
1.25 1.5 87 88 4.988977164994701 0.1687660943294015
1.25 1.5 88 89 4.7321450539885 0.1770262344755355
1.25 1.5 89 90 4.475734386216473 0.1376592736044236
1.25 1.5 90 91 4.250605194108726 0.01513183742993303
1.25 1.5 91 92 4.021043553741137 0.01327062943387781
1.25 1.5 92 93 3.800559605532563 0.01160814919618715
1.25 1.5 93 94 3.589040030983252 0.01015798816872173
1.25 1.5 94 95 3.386352907598019 0.008931648189651703
1.25 1.5 95 96 3.192349454378215 0.007937093531719766
1.25 1.5 96 97 3.006865723911256 0.007175663713071735
1.25 1.5 97 98 2.82972423813092 0.006731663963565466
1.25 1.5 98 99 2.660735519099624 0.006344804798118105
1.25 1.5 99 100 2.49969979469023 0.006129395950364716
1.5 1.75 51 52 21.22555779992584 1.077755939853492
1.5 1.75 52 53 20.57715522540758 0.9527025089902088
1.5 1.75 53 54 19.93847188789621 0.8333861518837191
1.5 1.75 54 55 19.31096381887656 0.7201653710537699
1.5 1.75 55 56 18.69569551366131 0.6142199756844315
1.5 1.75 56 57 18.09315582353976 0.5195461963674695
1.5 1.75 57 58 17.50398856356863 0.4365211779899594
1.5 1.75 58 59 16.92878524773788 0.3642774088467594
1.5 1.75 59 60 16.36798206338253 0.3019709386985722
1.5 1.75 60 61 15.82188222292001 0.2487837954279018
1.5 1.75 61 62 15.29067570595561 0.2039258553200183
1.5 1.75 62 63 14.77444417571384 0.1665208547039994
1.5 1.75 63 64 14.27288505859892 0.1334607623730212
1.5 1.75 64 65 13.78570094011097 0.1022394500401376
1.5 1.75 65 66 13.31280700400102 0.07307121064294242
1.5 1.75 66 67 12.85362363067647 0.04924033615802095
1.5 1.75 67 68 12.40748231274786 0.02991459022520163
1.5 1.75 68 69 11.97271194877925 0.01389519388828389
1.5 1.75 69 70 11.54651627433289 0.003996883624255504
1.5 1.75 70 71 11.12675041212137 0.01116772289973588
1.5 1.75 71 72 10.71295030254995 0.01998623573647222
1.5 1.75 72 73 10.30523839679417 0.02688393839873014
1.5 1.75 73 74 9.904026725391219 0.03045062053880734
1.5 1.75 74 75 9.509822927849761 0.03129235877074983
1.5 1.75 75 76 9.122922460331957 0.03123897745129937
1.5 1.75 76 77 8.71820333831576 0.2743847327832309
1.5 1.75 77 78 8.364970651034 0.3176568549438135
1.5 1.75 78 79 8.002600291393627 0.2699958245866293
1.5 1.75 79 80 7.649028639248343 0.2324238984574265
1.5 1.75 80 81 7.304523571013718 0.2036735135848625
1.5 1.75 81 82 6.969310490729637 0.1825782479687623
1.5 1.75 82 83 6.643573916718914 0.1680724621005008
1.5 1.75 83 84 6.327459810466291 0.1591893087563688
1.5 1.75 84 85 6.021077550323149 0.1550582073900416
1.5 1.75 85 86 5.724501918049633 0.154899856570931
1.5 1.75 86 87 5.43777508079398 0.1580191071139099
1.5 1.75 87 88 5.160908551366454 0.1637971754958793
1.5 1.75 88 89 4.893885124386625 0.1716845720352221
1.5 1.75 89 90 4.628132176209725 0.1299220106960889
1.5 1.75 90 91 4.392394415921196 0.01225814646239172
1.5 1.75 91 92 4.154048020435017 0.009746829046243331
1.5 1.75 92 93 3.925223962036483 0.007428990776445005
1.5 1.75 93 94 3.705793261512428 0.005309858560941901
1.5 1.75 94 95 3.495608471772991 0.003395755184363806
1.5 1.75 95 96 3.294505444149745 0.00214655948826754
1.5 1.75 96 97 3.102305041218886 0.00170478848886054
1.5 1.75 97 98 2.918814792930023 0.001754320444529824
1.5 1.75 98 99 2.743830450909101 0.002693662261178783
1.5 1.75 99 100 2.577137697661957 0.003742827574159638
1.75 2 51 52 21.25209199074888 1.018056558175213
1.75 2 52 53 20.60939454559337 0.8991592446346451
1.75 2 53 54 19.97623087850171 0.7857452477643933
1.75 2 54 55 19.35402952128425 0.6781591953054613
1.75 2 55 56 18.74383342261341 0.5775272206076789
1.75 2 56 57 18.14611361467826 0.4876549925678806
1.75 2 57 58 17.56150570681254 0.4088952996272284
1.75 2 58 59 16.99059800620282 0.3404151816137732
1.75 2 59 60 16.43382616213205 0.2814049444399185
1.75 2 60 61 15.89149503813216 0.2310803763480578
1.75 2 61 62 15.36379802968375 0.1886843943531136
1.75 2 62 63 14.85082226697426 0.1533795109634628
1.75 2 63 64 14.35228800120123 0.122231625433331
1.75 2 64 65 13.86791758783792 0.09288644404216302
1.75 2 65 66 13.39763130601483 0.06556867517247551
1.75 2 66 67 12.94086980339516 0.04339738758379544
1.75 2 67 68 12.4969762561751 0.02570206820659184
1.75 2 68 69 12.06429447340042 0.01493445774216805
1.75 2 69 70 11.6400149042254 0.01588701597717378
1.75 2 70 71 11.22195930306763 0.01962980423668989
1.75 2 71 72 10.80963574962431 0.02417162709483199
1.75 2 72 73 10.40315147867405 0.02851424483661301
1.75 2 73 74 10.00291186798568 0.03156064465051373
1.75 2 74 75 9.609427731024368 0.03207546699125145
1.75 2 75 76 9.222988240295301 0.0317682955933248
1.75 2 76 77 8.817192064042153 0.2777066674271374
1.75 2 77 78 8.46276244948195 0.3170880975939405
1.75 2 78 79 8.100359454380175 0.2706276465079812
1.75 2 79 80 7.746508353453173 0.2338260115927518
1.75 2 80 81 7.401490826383348 0.2054730725241947
1.75 2 81 82 7.065546344204407 0.1844556830283591
1.75 2 82 83 6.738873696503184 0.1697562861191725
1.75 2 83 84 6.421633209488025 0.1604502311598225
1.75 2 84 85 6.113948639917293 0.1557032467385685
1.75 2 85 86 5.815909085414148 0.1547674354189618
1.75 2 86 87 5.52757089481436 0.156975637104286
1.75 2 87 88 5.248959562526952 0.1617348800637129
1.75 2 88 89 4.970870573021656 0.1210750247370133
1.75 2 89 90 4.713191463711304 0.127789506802244
1.75 2 90 91 4.475052864767715 0.01166108329522846
1.75 2 91 92 4.234479696430535 0.009228858101945703
1.75 2 92 93 4.003366449248217 0.006988567872126283
1.75 2 93 94 3.781595499139927 0.005222233034885055
1.75 2 94 95 3.569030269053709 0.003864389276578578
1.75 2 95 96 3.365516969739076 0.002795909578419459
1.75 2 96 97 3.170886291999087 0.002392040239347256
1.75 2 97 98 2.984955046819215 0.002227352069580958
1.75 2 98 99 2.807527712240187 0.002825827257280434
1.75 2 99 100 2.638398118260922 0.003825631700789031
2 2.25 51 52 22.56087291447986 0.9992654696109139
2 2.25 52 53 21.83206886135687 0.8842121136293722
2 2.25 53 54 21.11903314332093 0.7745473437471355
2 2.25 54 55 20.42268461488162 0.6705881006764042
2 2.25 55 56 19.74360513157113 0.5733889732393345
2 2.25 56 57 19.08185150047821 0.486535745833426
2 2.25 57 58 18.43767774312155 0.4103466007304936
2 2.25 58 59 17.81132295583527 0.3440190674209826
2 2.25 59 60 17.20290425116627 0.2867736763921513
2 2.25 60 61 16.61243563521708 0.2378561373260572
2 2.25 61 62 16.03984463307218 0.1965390065593844
2 2.25 62 63 15.48497368489815 0.1620199963184831
2 2.25 63 64 14.94729436549855 0.131505946899808
2 2.25 64 65 14.42630337057415 0.1027479556193559
2 2.25 65 66 13.92173515664334 0.07592633543855956
2 2.25 66 67 13.43283312708646 0.05396146963364555
2 2.25 67 68 12.95874100067143 0.03608663450888967
2 2.25 68 69 12.49758774737386 0.02117427458493164
2 2.25 69 70 12.04632793075407 0.01067312645328626
2 2.25 70 71 11.60262684969242 0.005348849645396237
2 2.25 71 72 11.16591661307714 0.01096473256919589
2 2.25 72 73 10.73625972661242 0.01720253582613071
2 2.25 73 74 10.31401799848562 0.02064650398847312
2 2.25 74 75 9.899661489734342 0.02169579983225109
2 2.25 75 76 9.493447427478365 0.02193402431857938
2 2.25 76 77 9.095738081874188 0.02199541107050402
2 2.25 77 78 8.692486963429253 0.2503249389512472
2 2.25 78 79 8.329293957441568 0.2834929428022265
2 2.25 79 80 7.959075834318014 0.2477895468611155
2 2.25 80 81 7.598627325346602 0.2200948910308418
2 2.25 81 82 7.248149523339041 0.1993556194891871
2 2.25 82 83 6.907803635785235 0.1846106531053133
2 2.25 83 84 6.577713185543814 0.174986825330546
2 2.25 84 85 6.257965916770903 0.1696947473611515
2 2.25 85 86 5.948615716889933 0.1680242766392791
2 2.25 86 87 5.649684539040784 0.1693397078076372
2 2.25 87 88 5.350259965865426 0.132341684664897
2 2.25 88 89 5.081042149924375 0.01211007976356331
2 2.25 89 90 4.812986802193418 0.009932293256792617
2 2.25 90 91 4.555140464876272 0.007768915195933086
2 2.25 91 92 4.307392594230604 0.005784329110401869
2 2.25 92 93 4.069616163938296 0.004069150301283299
2 2.25 93 94 3.841665945482216 0.002952049818327712
2 2.25 94 95 3.623378663748287 0.002256558244743419
2 2.25 95 96 3.414574742437578 0.002679255261287657
2 2.25 96 97 3.215059999072189 0.003590384810668093
2 2.25 97 98 3.02462728612872 0.004432247649126662
2 2.25 98 99 2.843058041368671 0.005297715791273205
2 2.25 99 100 2.670123951201105 0.006071840772761634
2.25 2.5 51 52 22.39736234336456 0.9297521119946695
2.25 2.5 52 53 21.65742365346226 0.8206380127133625
2.25 2.5 53 54 20.93529692501794 0.7167383298541524
2.25 2.5 54 55 20.2316537663141 0.6183453118908863
2.25 2.5 55 56 19.54685423635605 0.5264461321734438
2.25 2.5 56 57 18.88074855810962 0.4444116483905306
2.25 2.5 57 58 18.23341922797572 0.3725270152678023
2.25 2.5 58 59 17.6049576044299 0.3100209735458291
2.25 2.5 59 60 16.99534983898774 0.2561450710347065
2.25 2.5 60 61 16.40449381205278 0.2101756432871679
2.25 2.5 61 62 15.83221403522604 0.1714152990230431
2.25 2.5 62 63 15.27826135137575 0.1390982383259874
2.25 2.5 63 64 14.74202641154126 0.1106122237959653
2.25 2.5 64 65 14.22293401368841 0.08385990245988793
2.25 2.5 65 66 13.72065582574342 0.05901104014321026
2.25 2.5 66 67 13.23439161605861 0.03876785543491049
2.25 2.5 67 68 12.76324481114501 0.02247277903395458
2.25 2.5 68 69 12.30534289636399 0.01722439037096356
2.25 2.5 69 70 11.85766946945965 0.01720211359902258
2.25 2.5 70 71 11.41790482344305 0.019762170380883
2.25 2.5 71 72 10.9854532706876 0.02332763770657852
2.25 2.5 72 73 10.56033867266127 0.02647965865091935
2.25 2.5 73 74 10.14288018567373 0.02879129811960733
2.25 2.5 74 75 9.733507973659854 0.02943243195491328
2.25 2.5 75 76 9.332437518682575 0.02931510273290744
2.25 2.5 76 77 8.939994782681261 0.02903565439080165
2.25 2.5 77 78 8.53238003096169 0.2166708486563723
2.25 2.5 78 79 8.158583425920668 0.1843901058713215
2.25 2.5 79 80 7.809501004095367 0.2221010395732261
2.25 2.5 80 81 7.454867658811157 0.1959961461308655
2.25 2.5 81 82 7.110174100139997 0.176426691237943
2.25 2.5 82 83 6.775562547378229 0.1624756092876646
2.25 2.5 83 84 6.451139393586171 0.1533132489664707
2.25 2.5 84 85 6.136977022153339 0.1481945743988793
2.25 2.5 85 86 5.833115638787863 0.1464544376858487
2.25 2.5 86 87 5.539565104360591 0.1475012076268529
2.25 2.5 87 88 5.246443650341167 0.1074519615634187
2.25 2.5 88 89 4.974755837099053 0.1119615825552385
2.25 2.5 89 90 4.725432957843307 0.01410978092476721
2.25 2.5 90 91 4.472200663832888 0.01183646980329744
2.25 2.5 91 92 4.228926602281595 0.009904986952764316
2.25 2.5 92 93 3.99547919371766 0.008381446264446788
2.25 2.5 93 94 3.771709670210537 0.007020035648638353
2.25 2.5 94 95 3.55745215831773 0.005831659188108677
2.25 2.5 95 96 3.352525354046454 0.004830721844543219
2.25 2.5 96 97 3.156734149470088 0.004036321906794231
2.25 2.5 97 98 2.969871207616228 0.003491386122865849
2.25 2.5 98 99 2.791718453300567 0.003276000207889804
2.25 2.5 99 100 2.622048655807861 0.003072047209353205
2.5 2.75 51 52 23.19694907133074 0.8800008058199639
2.5 2.75 52 53 22.39936488973109 0.7762814557807139
2.5 2.75 53 54 21.62417412350443 0.6776122301733498
2.5 2.75 54 55 20.87164226141932 0.5842608140536558
2.5 2.75 55 56 20.14176081441244 0.4971435236605095
2.5 2.75 56 57 19.43403950112013 0.4194025436809365
2.5 2.75 57 58 18.74826262742174 0.3512889511231401
2.5 2.75 58 59 18.08425510059416 0.2920659104561905
2.5 2.75 59 60 17.44176153016339 0.24101894945022
2.5 2.75 60 61 16.8204605912416 0.1974578134112357
2.5 2.75 61 62 16.2199776260498 0.1607178518565831
2.5 2.75 62 63 15.63988190197181 0.1300727495782763
2.5 2.75 63 64 15.07939496004062 0.1030954907946112
2.5 2.75 64 65 14.53778764708612 0.07783840185826225
2.5 2.75 65 66 14.01459478915084 0.05444400822995911
2.5 2.75 66 67 13.5088884611264 0.037254249288964
2.5 2.75 67 68 13.01964204258997 0.02980210971216831
2.5 2.75 68 69 12.54485562969899 0.0260379173557872
2.5 2.75 69 70 12.08136582696653 0.02535577317891603
2.5 2.75 70 71 11.62673529189727 0.02633212225555038
2.5 2.75 71 72 11.18029127481861 0.02822936411393903
2.5 2.75 72 73 10.74200392020599 0.03007017945117009
2.5 2.75 73 74 10.31214457574996 0.03080744146209764
2.5 2.75 74 75 9.89110370599068 0.03041310886984819
2.5 2.75 75 76 9.479056896748759 0.02963408963634448
2.5 2.75 76 77 9.053391260414525 0.2266072317274606
2.5 2.75 77 78 8.660643370927289 0.189171454135814
2.5 2.75 78 79 8.277797331920933 0.1588745263269572
2.5 2.75 79 80 7.920232921261835 0.1949671306275436
2.5 2.75 80 81 7.557605099132136 0.1704895281267567
2.5 2.75 81 82 7.205415848549233 0.1521032800716749
2.5 2.75 82 83 6.863781025041355 0.1389383530402879
2.5 2.75 83 84 6.532781815486313 0.130210899827451
2.5 2.75 84 85 6.21246651058582 0.1252222942030888
2.5 2.75 85 86 5.902852293166838 0.1233546079371519
2.5 2.75 86 87 5.603927028850388 0.124062705440278
2.5 2.75 87 88 5.305822290003869 0.08700616480779119
2.5 2.75 88 89 5.029380599807626 0.09123220536313045
2.5 2.75 89 90 4.763463815810525 0.09653093885848044
2.5 2.75 90 91 4.51670104195526 0.01173591433504924
2.5 2.75 91 92 4.269678975728562 0.01023043869101487
2.5 2.75 92 93 4.032752630658296 0.008890107562851064
2.5 2.75 93 94 3.805757070278569 0.007723927329797835
2.5 2.75 94 95 3.588511024563298 0.006739681335331905
2.5 2.75 95 96 3.38081853847253 0.005942862711818449
2.5 2.75 96 97 3.182470572897456 0.005334153105605506
2.5 2.75 97 98 2.993246554336688 0.004986416549836854
2.5 2.75 98 99 2.812915845975328 0.004661007380177081
2.5 2.75 99 100 2.641239286168863 0.004504110668337812
2.75 3 51 52 23.58305733445957 0.8298988602071186
2.75 3 52 53 22.73639402892553 0.7314259149677974
2.75 3 53 54 21.91685535407069 0.6378631025303376
2.75 3 54 55 21.1242508244663 0.5494505340152377
2.75 3 55 56 20.35815989171067 0.4670265792907586
2.75 3 56 57 19.61771276873654 0.3934838655874785
2.75 3 57 58 18.90236388950241 0.3290356411696443
2.75 3 58 59 18.21164517605146 0.2729817033989589
2.75 3 59 60 17.54503699782835 0.2246436677369238
2.75 3 60 61 16.90197947888665 0.1833666947226454
2.75 3 61 62 16.28188237581434 0.1485207666356439
2.75 3 62 63 15.68411960669659 0.1194217304838742
2.75 3 63 64 15.10773423422889 0.0938492485037682
2.75 3 64 65 14.55183546790584 0.07002487081844472
2.75 3 65 66 14.0158137910767 0.05033422685414531
2.75 3 66 67 13.49861449619641 0.04066358831450629
2.75 3 67 68 12.99908658915457 0.03471189052006644
2.75 3 68 69 12.51513139450346 0.03181456072289928
2.75 3 69 70 12.04349944060152 0.03118023314646741
2.75 3 70 71 11.58168619699033 0.03167794488502405
2.75 3 71 72 11.1289527550147 0.03287682080842846
2.75 3 72 73 10.68521027178307 0.03403103463746494
2.75 3 73 74 10.25066886387076 0.03427900879542419
2.75 3 74 75 9.825661880355813 0.03358068214669946
2.75 3 75 76 9.410313519269536 0.03255595108178955
2.75 3 76 77 8.980867954792291 0.2021312725586398
2.75 3 77 78 8.586039451914228 0.1667524966001863
2.75 3 78 79 8.201651618070624 0.1380828154722242
2.75 3 79 80 7.843313434424065 0.1638304633103591
2.75 3 80 81 7.480009892105535 0.1408186963093258
2.75 3 81 82 7.127537447471795 0.1234693275649861
2.75 3 82 83 6.785973917072791 0.1109666983264932
2.75 3 83 84 6.455364685053556 0.1025754216848675
2.75 3 84 85 6.135724403434308 0.0976412576807188
2.75 3 85 86 5.827038706477786 0.09558838150339671
2.75 3 86 87 5.529265926762999 0.09591205163913379
2.75 3 87 88 5.242338801016018 0.09816871491968775
2.75 3 88 89 4.957398489953068 0.07151348866364428
2.75 3 89 90 4.693063701333392 0.07612655080429188
2.75 3 90 91 4.439218404710921 0.08138760090730962
2.75 3 91 92 4.203501204251609 0.01098696583529107
2.75 3 92 93 3.968535143683308 0.009604300004459009
2.75 3 93 94 3.743569372788594 0.008372579285101633
2.75 3 94 95 3.528406557827303 0.007295007144575107
2.75 3 95 96 3.322836036429563 0.006373594686635578
2.75 3 96 97 3.126635353564834 0.005608734986631564
2.75 3 97 98 2.939571746893696 0.004998079641705865
2.75 3 98 99 2.761403559432681 0.004599733847834799
2.75 3 99 100 2.591881694074481 0.004258640850942308
3 3.25 51 52 23.37185209556939 0.7831304950401358
3 3.25 52 53 22.49382750457832 0.6899012798290677
3 3.25 53 54 21.64731600915681 0.6014455554080821
3 3.25 54 55 20.83164989576989 0.5179737024023926
3 3.25 55 56 20.04598073658765 0.4402358239160989
3 3.25 56 57 19.28904904286976 0.3708379106761884
3 3.25 57 58 18.55997178513235 0.3099512909207435
3 3.25 58 59 17.85798290305524 0.2569195305330162
3 3.25 59 60 17.18229603596386 0.2111069951472885
3 3.25 60 61 16.53211238111086 0.17190046897136
3 3.25 61 62 15.90662750764438 0.1387103459890193
3 3.25 62 63 15.30502314441463 0.110901512332513
3 3.25 63 64 14.72617464470766 0.0864962647232129
3 3.25 64 65 14.16904003055303 0.07021601870905748
3 3.25 65 66 13.63287117648323 0.05844919982140222
3 3.25 66 67 13.11650398848084 0.05037907149842979
3 3.25 67 68 12.61868491715718 0.04534958563237446
3 3.25 68 69 12.1372661049968 0.04259214610258509
3 3.25 69 70 11.66899752291463 0.04141172982751425
3 3.25 70 71 11.21137337175547 0.04102745801765405
3 3.25 71 72 10.763604185723 0.04119372328029513
3 3.25 72 73 10.325538881414 0.04138170544211458
3 3.25 73 74 9.89731468715344 0.04093747101207199
3 3.25 74 75 9.479192554534006 0.03979776442434015
3 3.25 75 76 9.071236170848124 0.03841117272093014
3 3.25 76 77 8.648262715568034 0.1638147678423525
3 3.25 77 78 8.261630284586598 0.1308394619202478
3 3.25 78 79 7.901634346472111 0.1441551216432951
3 3.25 79 80 7.536446336765607 0.1169051709138093
3 3.25 80 81 7.182199207457209 0.09570657571883585
3 3.25 81 82 6.838955229754191 0.07972477845018823
3 3.25 82 83 6.506745846842627 0.06818691750019587
3 3.25 83 84 6.185573433696726 0.06038513559569102
3 3.25 84 85 5.875412885477234 0.05568888318615526
3 3.25 85 86 5.576213216058873 0.0535573439652731
3 3.25 86 87 5.287899156125523 0.05353872043076716
3 3.25 87 88 5.010372740291212 0.05525307641508459
3 3.25 88 89 4.7435148801476 0.05836979173538873
3 3.25 89 90 4.487186920044605 0.06259200299744655
3 3.25 90 91 4.241226609576826 0.06758122048297242
3 3.25 91 92 3.999596578541476 0.05257076654705647
3 3.25 92 93 3.774717741509174 0.05732247815631042
3 3.25 93 94 3.566015483635079 0.01065287735425941
3 3.25 94 95 3.359186637852347 0.009473468688293024
3 3.25 95 96 3.161739852312031 0.008420396442429543
3 3.25 96 97 2.973442570137741 0.007489544668204776
3 3.25 97 98 2.794053634288642 0.006675663357226378
3 3.25 98 99 2.623324598223375 0.005972445981768284
3 3.25 99 100 2.461001051488284 0.005372552948551685
3.25 3.5 51 52 22.18411177042188 0.1082817204601198
3.25 3.5 52 53 21.27212403885918 0.5090556778986889
3.25 3.5 53 54 20.4638258445535 0.5628208264598936
3.25 3.5 54 55 19.65895653695355 0.4850130147999984
3.25 3.5 55 56 18.88630944328595 0.4126389354413973
3.25 3.5 56 57 18.1442838352927 0.3479589979378505
3.25 3.5 57 58 17.43169959556557 0.2910957263219811
3.25 3.5 58 59 16.74753018822617 0.2414471879985572
3.25 3.5 59 60 16.09075996599049 0.1984306913151056
3.25 3.5 60 61 15.46038835920695 0.1614843109978768
3.25 3.5 61 62 14.85543344312642 0.1300680268741759
3.25 3.5 62 63 14.27492136323109 0.1036062788123378
3.25 3.5 63 64 13.71760699483846 0.08040778174358931
3.25 3.5 64 65 13.18234104390136 0.06080704522353347
3.25 3.5 65 66 12.66826956740639 0.04863299141880874
3.25 3.5 66 67 12.17416792658774 0.04007666813630285
3.25 3.5 67 68 11.69873357937949 0.03476501178770565
3.25 3.5 68 69 11.23985985433542 0.03210398555677768
3.25 3.5 69 70 10.79443516975109 0.03137253481646165
3.25 3.5 70 71 10.36006125773175 0.03162762726555036
3.25 3.5 71 72 9.935933699097589 0.03249000613581086
3.25 3.5 72 73 9.521846433698709 0.03333890164621377
3.25 3.5 73 74 9.117857996851352 0.03350746041682241
3.25 3.5 74 75 8.724144946352745 0.03294172142323135
3.25 3.5 75 76 8.314807085722919 0.1529253259285163
3.25 3.5 76 77 7.941891317275104 0.1160937157064084
3.25 3.5 77 78 7.595375646216038 0.1156237654160702
3.25 3.5 78 79 7.243718606604489 0.08505643530898033
3.25 3.5 79 80 6.902762003256905 0.06083373000729855
3.25 3.5 80 81 6.572539802703501 0.04224651419391132
3.25 3.5 81 82 6.253058792847495 0.02871829643584272
3.25 3.5 82 83 5.944299846629878 0.01978907212162918
3.25 3.5 83 84 5.646219475643338 0.01487751429181299
3.25 3.5 84 85 5.358751245863477 0.01278263703953736
3.25 3.5 85 86 5.081807198082231 0.01192783431188588
3.25 3.5 86 87 4.815279263852318 0.01137890835815946
3.25 3.5 87 88 4.559040668963794 0.01111867234162006
3.25 3.5 88 89 4.312947321560316 0.01169469960524656
3.25 3.5 89 90 4.076839182366018 0.01361822196697854
3.25 3.5 90 91 3.850536850266336 0.0168478641103478
3.25 3.5 91 92 3.633834262075804 0.02085443067607272
3.25 3.5 92 93 3.426529187554009 0.02523504776976121
3.25 3.5 93 94 3.228413550374104 0.02974182282625275
3.25 3.5 94 95 3.039269673726231 0.03420638107342854
3.25 3.5 95 96 2.855569244264665 0.02864014321067204
3.25 3.5 96 97 2.684228051953149 0.03243074876560621
3.25 3.5 97 98 2.524984322547502 0.004498814286378954
3.25 3.5 98 99 2.369124192516078 0.003671229337489295
3.25 3.5 99 100 2.221072383213675 0.002938028067787821
3.5 3.75 51 52 19.60211845669099 0.06179754990847693
3.5 3.75 52 53 18.79345015287273 0.05720667887511019
3.5 3.75 53 54 18.01940800059973 0.05243228146422348
3.5 3.75 54 55 17.27861018522376 0.0475207320354939
3.5 3.75 55 56 16.54351604178358 0.3120935324979321
3.5 3.75 56 57 15.88429617889604 0.3309606827654864
3.5 3.75 57 58 15.23518876885062 0.2786728747796656
3.5 3.75 58 59 14.61369046658525 0.2328061094464059
3.5 3.75 59 60 14.01865910816034 0.1928466059279471
3.5 3.75 60 61 13.44899001998963 0.1582988214253724
3.5 3.75 61 62 12.90361656740902 0.1286865276385598
3.5 3.75 62 63 12.38149818719409 0.1035090726586381
3.5 3.75 63 64 11.88136948028087 0.08141532672821714
3.5 3.75 64 65 11.40206603588549 0.06132126144455508
3.5 3.75 65 66 10.94270188022187 0.04320406234735256
3.5 3.75 66 67 10.5020835965033 0.02814994565250235
3.5 3.75 67 68 10.07895569763444 0.01578745811931507
3.5 3.75 68 69 9.671393156280121 0.006251213264472161
3.5 3.75 69 70 9.276623544439424 0.006527567223276061
3.5 3.75 70 71 8.892513079152833 0.01078325589871982
3.5 3.75 71 72 8.518302836917504 0.01634594829038527
3.5 3.75 72 73 8.153754330030717 0.02068773532191864
3.5 3.75 73 74 7.798853379722802 0.02345088554882566
3.5 3.75 74 75 7.453689711643944 0.02490682802686243
3.5 3.75 75 76 7.095831216351156 0.1074999781439197
3.5 3.75 76 77 6.782668753497129 0.09312385821875155
3.5 3.75 77 78 6.466752511373457 0.06024009398607692
3.5 3.75 78 79 6.16070348199454 0.03363951429649081
3.5 3.75 79 80 5.864519088153092 0.01328257019933883
3.5 3.75 80 81 5.578174742408693 0.009135045690881003
3.5 3.75 81 82 5.318023735539991 0.05812228135340484
3.5 3.75 82 83 4.997744296214538 0.03755978440183267
3.5 3.75 83 84 4.689667992778264 0.06655370618282645
3.5 3.75 84 85 4.555750040503177 0.03798072899192077
3.5 3.75 85 86 4.331057848482094 0.04325292573194192
3.5 3.75 86 87 4.079801173435438 0.04778648949256594
3.5 3.75 87 88 3.843157610494945 0.04006243655898528
3.5 3.75 88 89 3.632404253737472 0.03784551159658663
3.5 3.75 89 90 3.430476128610561 0.03478426308282747
3.5 3.75 90 91 3.249684400849831 0.03575656916018245
3.5 3.75 91 92 3.077837335375119 0.02864425023720804
3.5 3.75 92 93 2.891965398082591 0.02439274480582767
3.5 3.75 93 94 2.713862260106629 0.02109958113739017
3.5 3.75 94 95 2.509946861989321 0.02383414163354136
3.5 3.75 95 96 2.380877232518245 0.005574973300154835
3.5 3.75 96 97 2.255841257311376 0.02428876799710093
3.5 3.75 97 98 2.108982168297514 0.005826441123228309
3.5 3.75 98 99 1.97735857698329 0.004751191067704453
3.5 3.75 99 100 1.852451518894752 0.005376300120224994
3.75 4 51 52 15.46331783153342 0.110362025752848
3.75 4 52 53 14.7944497569299 0.1075790749287928
3.75 4 53 54 14.15648119948315 0.1046560744641171
3.75 4 54 55 13.54796184412319 0.1016486058644374
3.75 4 55 56 12.96745266257363 0.09864318498594292
3.75 4 56 57 12.41341660777808 0.09580068915910783
3.75 4 57 58 11.88456132252557 0.093129092172197
3.75 4 58 59 11.37971485780979 0.09059884150731093
3.75 4 59 60 10.89155004455432 0.1894027381628379
3.75 4 60 61 10.43162650539777 0.158021890904347
3.75 4 61 62 9.992402457898537 0.1357073146589797
3.75 4 62 63 9.572907747319922 0.1194780058732178
3.75 4 63 64 9.172003140733686 0.1059055876461698
3.75 4 64 65 8.788643457418257 0.09451196522451095
3.75 4 65 66 8.421898798437139 0.05166895355353568
3.75 4 66 67 8.070973663708841 0.03763474425710628
3.75 4 67 68 7.734673322441308 0.02586366585659054
3.75 4 68 69 7.411425925575454 0.01593684257293284
3.75 4 69 70 7.09902760563239 0.007744213410989546
3.75 4 70 71 6.7957873452188 0.002079969571568913
3.75 4 71 72 6.501069062987952 0.005292034571007753
3.75 4 72 73 6.214638931445566 0.009621080752299288
3.75 4 73 74 5.936430696170279 0.01278951098102114
3.75 4 74 75 5.666458926396042 0.01491844991557768
3.75 4 75 76 5.404635291384082 0.01638671022071813
3.75 4 76 77 5.13524836074179 0.06101075066158263
3.75 4 77 78 4.896955925974323 0.04375835360750582
3.75 4 78 79 4.659371425588041 0.02074921096493145
3.75 4 79 80 4.429934917832033 0.003853893752619813
3.75 4 80 81 4.217373678096916 0.03666857403639104
3.75 4 81 82 3.988328596015104 0.04504410501885012
3.75 4 82 83 3.789761249501573 0.03411292807561507
3.75 4 83 84 3.592101473857435 0.04056149735447565
3.75 4 84 85 3.409719665033049 0.01563779168606877
3.75 4 85 86 3.22693099609683 0.014704060617996
3.75 4 86 87 3.05152661455491 0.01371467207162511
3.75 4 87 88 2.883372855437416 0.01269671536573449
3.75 4 88 89 2.7223270977201 0.01167244198767847
3.75 4 89 90 2.568238653620655 0.01065983157754679
3.75 4 90 91 2.420949098257513 0.009675701149441097
3.75 4 91 92 2.280292145257593 0.008740413373526445
3.75 4 92 93 2.146097796805525 0.007862266065627429
3.75 4 93 94 2.018191892856328 0.007044605142089491
3.75 4 94 95 1.896396318536236 0.006289012808054537
3.75 4 95 96 1.780529752402431 0.00559562883926225
3.75 4 96 97 1.670408384328481 0.004963436066044293
3.75 4 97 98 1.565846601762701 0.004390511610693516
3.75 4 98 99 1.466657647757589 0.003874244260888501
3.75 4 99 100 1.372654221501483 0.00341152993803227
4 5 51 52 13.99660625254464 0.1113288296006224
4 5 52 53 13.33038350061454 0.1078658290076446
4 5 53 54 12.6985094584246 0.1036603317536653
4 5 54 55 12.09909788306796 0.09886335590916211
4 5 55 56 11.53029565870628 0.09375055699282293
4 5 56 57 10.9901035725039 0.08901326286443434
4 5 57 58 10.47691992230931 0.08477588068368341
4 5 58 59 9.989334797275232 0.08097563686169217
4 5 59 60 9.526013552320258 0.07755110408875461
4 5 60 61 9.08559477056435 0.07425837512357002
4 5 61 62 8.666746692318432 0.07081082350019248
4 5 62 63 8.268368582954286 0.06725169447501698
4 5 63 64 7.889329996390594 0.06382013520682106
4 5 64 65 7.528565566108895 0.0606657690859329
4 5 65 66 7.185061530388923 0.05758404166082106
4 5 66 67 6.857822222123326 0.05462273622980127
4 5 67 68 6.545731784302882 0.05174632948867298
4 5 68 69 6.2472879012231 0.04897010629284449
4 5 69 70 5.960477481441325 0.04629411607998312
4 5 70 71 5.683762570861174 0.04372391798439099
4 5 71 72 5.418489537617103 0.04283102796929762
4 5 72 73 5.159977236917193 0.03973521603730341
4 5 73 74 4.910449710712038 0.03705957627411408
4 5 74 75 4.669747273141699 0.03465337893079783
4 5 75 76 4.437731535517861 0.03248965312628227
4 5 76 77 4.214271443072174 0.03056327651919935
4 5 77 78 3.999226527251474 0.02877337914199365
4 5 78 79 3.804523680703686 0.01218972502596578
4 5 79 80 3.605224200975421 0.01155297489514775
4 5 80 81 3.413896447373876 0.01093766457144308
4 5 81 82 3.230015315538533 0.01031434538095305
4 5 82 83 3.054621292133345 0.009753561219123318
4 5 83 84 2.886097107490815 0.009236712941798855
4 5 84 85 2.724974481481369 0.008722190750532629
4 5 85 86 2.570953017162604 0.008243765974045482
4 5 86 87 2.423846009171797 0.007791377598781107
4 5 87 88 2.283463541404177 0.007364664012903095
4 5 88 89 2.149612585299749 0.006963290262748884
4 5 89 90 2.022099128376357 0.006585045482148472
4 5 90 91 1.908597203499249 0.0069617738445311
4 5 91 92 1.792914263876331 0.003876642152973077
4 5 92 93 1.683005985234396 0.001940233630961871
4 5 93 94 1.579732099826668 0.001911103080033585
4 5 94 95 1.479688558267628 0.002441253535847986
4 5 95 96 1.385875339247197 0.003085614642460979
4 5 96 97 1.297028675561734 0.003486563050066747
4 5 97 98 1.204740272996328 0.002453279999613904
4 5 98 99 1.12559403794513 0.002326340886778465
4 5 99 100 1.050843486499371 0.002197985046361473
-5 5 51 100 15556.32733427056 11.64109026885872
