#ylo yhi qTlo qThi PDF0  uncertainty
-5 -4 50 51 16.87828375850411 0.1029439032843718
-5 -4 51 52 16.10114033686965 0.1022098327819297
-5 -4 52 53 15.3625588866912 0.100268860402003
-5 -4 53 54 14.6604516785214 0.09731687403507856
-5 -4 54 55 13.99285952395252 0.09353896171495377
-5 -4 55 56 13.3578419090479 0.08926423350495935
-5 -4 56 57 12.7532443074998 0.08528624562505974
-5 -4 57 58 12.17739743764498 0.08174717265159018
-5 -4 58 59 11.62885809768673 0.07857627631162781
-5 -4 59 60 11.10626095613578 0.07570515684214602
-5 -4 60 61 10.60818558226062 0.07287822217057154
-5 -4 61 62 10.13323238122741 0.06980946980794389
-5 -4 62 63 9.680278943581486 0.06656395077955932
-5 -4 63 64 9.248146822140901 0.06339473000026351
-5 -4 64 65 8.8357240039704 0.06045346096790889
-5 -4 65 66 8.441950539361303 0.05755849109874782
-5 -4 66 67 8.087563082586739 0.02207642458906674
-5 -4 67 68 7.726133850145179 0.02101209629116298
-5 -4 68 69 7.38178233104411 0.02022971799635811
-5 -4 69 70 7.048266659793298 0.01952921101235158
-5 -4 70 71 6.726117232495922 0.01883611480300368
-5 -4 71 72 6.41438126633961 0.01816932716453218
-5 -4 72 73 6.112271606072209 0.01752284043185702
-5 -4 73 74 5.820145687607966 0.01688925348454323
-5 -4 74 75 5.534812992241475 0.0212640828620368
-5 -4 75 76 5.254751126412531 0.01466278540478179
-5 -4 76 77 4.991692819614406 0.01306423078917798
-5 -4 77 78 4.738083012176151 0.0112233011976729
-5 -4 78 79 4.490838123280877 0.007452099269502892
-5 -4 79 80 4.257340202587697 0.004673472391918587
-5 -4 80 81 4.030741255463571 0.003638158581205597
-5 -4 81 82 3.813152794492373 0.004626187282260312
-5 -4 82 83 3.605006802325565 0.004746273435112357
-5 -4 83 84 3.407830231145687 0.007011635425646778
-5 -4 84 85 3.216573870935588 0.008374019339261048
-5 -4 85 86 3.038107626445059 0.01297879793835903
-5 -4 86 87 2.862906203276756 0.01372301697602464
-5 -4 87 88 2.714145842900554 0.03036035431286397
-5 -4 88 89 2.552755297833014 0.01813928192155798
-5 -4 89 90 2.399060523678413 0.01367190990724852
-5 -4 90 91 2.222103831468374 0.01728183860430021
-5 -4 91 92 2.079236924917399 0.02600794473765471
-5 -4 92 93 1.962880141799151 0.02039002545526361
-5 -4 93 94 1.83869176510145 0.01996006629166587
-5 -4 94 95 1.720864965201487 0.01944636278012836
-5 -4 95 96 1.609181557187106 0.01885451440089216
-5 -4 96 97 1.503423562583428 0.01819286677676869
-5 -4 97 98 1.217341631812736 0.01808616631072772
-5 -4 98 99 1.308816300433265 0.01670166447782343
-5 -4 99 100 1.219537034669803 0.01589473562186265
-4 -3.75 50 51 19.87877803301873 0.1631414909962444
-4 -3.75 51 52 19.07027007586841 0.1611123585030196
-4 -3.75 52 53 18.2979137254094 0.1587965731600424
-4 -3.75 53 54 17.55998873497406 0.15625139560291
-4 -3.75 54 55 16.85485526199217 0.1535408229573031
-4 -3.75 55 56 16.18088411641766 0.1507663025052355
-4 -3.75 56 57 15.53630208655188 0.1481176058595991
-4 -3.75 57 58 14.91992047247326 0.03156611242421797
-4 -3.75 58 59 14.32990257144187 0.02952447426177974
-4 -3.75 59 60 13.76530592820042 0.02797264795744289
-4 -3.75 60 61 13.22484403218003 0.0264855751683161
-4 -3.75 61 62 12.70723443273516 0.02456008674914669
-4 -3.75 62 63 12.21143933955392 0.02227269865447814
-4 -3.75 63 64 11.7188627131905 0.1510540091590163
-4 -3.75 64 65 11.26489464051783 0.1244799525216754
-4 -3.75 65 66 10.83758322258025 0.1215878204345901
-4 -3.75 66 67 10.41874225098368 0.09683919123971632
-4 -3.75 67 68 10.01610108670974 0.07562020525310852
-4 -3.75 68 69 9.627765268413324 0.05739278369399042
-4 -3.75 69 70 9.251002153089797 0.04191405874424851
-4 -3.75 70 71 8.883727051951594 0.02904526132047313
-4 -3.75 71 72 8.525205816189743 0.01827996947049952
-4 -3.75 72 73 8.175223547518659 0.009837763295743174
-4 -3.75 73 74 7.83377834597564 0.00492195894759568
-4 -3.75 74 75 7.500974970143501 0.005817963100353165
-4 -3.75 75 76 7.176789546449471 0.008865373181858545
-4 -3.75 76 77 6.861275487905178 0.01157335357391388
-4 -3.75 77 78 6.554518954639074 0.01362299224180085
-4 -3.75 78 79 6.256584893276704 0.01503740493332133
-4 -3.75 79 80 5.952003814392871 0.04503293471963461
-4 -3.75 80 81 5.671444270006331 0.02291458823840571
-4 -3.75 81 82 5.400122290441653 0.006076595504779939
-4 -3.75 82 83 5.141193203145784 0.01125732210865797
-4 -3.75 83 84 4.848072874831887 0.01848590921738432
-4 -3.75 84 85 4.643083740893132 0.02638235864046951
-4 -3.75 85 86 4.42054452365908 0.01330558013695236
-4 -3.75 86 87 4.192337936616898 0.0122609657491595
-4 -3.75 87 88 3.972643237340843 0.01116525730065922
-4 -3.75 88 89 3.761373278680445 0.01013826220968895
-4 -3.75 89 90 3.558423584454756 0.009342707485464247
-4 -3.75 90 91 3.36367258554065 0.008931511061402678
-4 -3.75 91 92 3.1780923997884 0.006885961222486688
-4 -3.75 92 93 2.999643443446055 0.006008134395284
-4 -3.75 93 94 2.828886957768352 0.005234504053326463
-4 -3.75 94 95 2.665653229105903 0.004568519498021825
-4 -3.75 95 96 2.509765158438087 0.004009448398694465
-4 -3.75 96 97 2.361039158115439 0.003552226820349996
-4 -3.75 97 98 2.219286027333951 0.003187439714963896
-4 -3.75 98 99 2.084311803561797 0.00290183268489489
-4 -3.75 99 100 1.9559185873992 0.002679618111234777
-3.75 -3.5 50 51 26.16177308680611 0.07025505770396297
-3.75 -3.5 51 52 25.15106491366801 0.06618508646094497
-3.75 -3.5 52 53 24.18262357082261 0.06156873126670465
-3.75 -3.5 53 54 23.25467326717034 0.05642035354838295
-3.75 -3.5 54 55 22.36549461993464 0.05098070953627794
-3.75 -3.5 55 56 21.51334887558736 0.04588785389831648
-3.75 -3.5 56 57 20.69630167838348 0.04154377769835662
-3.75 -3.5 57 58 19.91277334226672 0.03819724038659739
-3.75 -3.5 58 59 19.16134664585704 0.0357166622844958
-3.75 -3.5 59 60 18.41242758543486 0.3115774685769157
-3.75 -3.5 60 61 17.74028989404828 0.3327503829024727
-3.75 -3.5 61 62 17.07727527040948 0.2812137107870815
-3.75 -3.5 62 63 16.44108239709506 0.2361725300614089
-3.75 -3.5 63 64 15.83019587560808 0.1959508505938338
-3.75 -3.5 64 65 15.24322986571158 0.1591945438170481
-3.75 -3.5 65 66 14.67917936004813 0.1258709034728493
-3.75 -3.5 66 67 14.136614872234 0.09729465777668136
-3.75 -3.5 67 68 13.61400571839223 0.07294620505237236
-3.75 -3.5 68 69 13.1089075562452 0.05208716760328176
-3.75 -3.5 69 70 12.61770463250175 0.03451417611878391
-3.75 -3.5 70 71 12.13762352183145 0.02029297007220283
-3.75 -3.5 71 72 11.66773159722784 0.01597159666652674
-3.75 -3.5 72 73 11.20780029423695 0.01860992700917928
-3.75 -3.5 73 74 10.75790174319315 0.02264297262615966
-3.75 -3.5 74 75 10.31825394084065 0.02617564184950751
-3.75 -3.5 75 76 9.888889061569245 0.02903454357948019
-3.75 -3.5 76 77 9.469952318949328 0.03127934958340203
-3.75 -3.5 77 78 9.061635433984097 0.03294648865998381
-3.75 -3.5 78 79 8.638196559584244 0.08299202851202796
-3.75 -3.5 79 80 8.262012147196032 0.06800980997136223
-3.75 -3.5 80 81 7.886482217700051 0.03796974043325233
-3.75 -3.5 81 82 7.52212946010342 0.02365808350562564
-3.75 -3.5 82 83 7.149148218060047 0.06140090090563746
-3.75 -3.5 83 84 6.766708723622653 0.03198489982080081
-3.75 -3.5 84 85 6.496250951585208 0.04728899478047226
-3.75 -3.5 85 86 6.17660648964588 0.05214967690793577
-3.75 -3.5 86 87 5.875232041278089 0.05470703678816225
-3.75 -3.5 87 88 5.577998408201363 0.0524006762749003
-3.75 -3.5 88 89 5.290722872346947 0.0508123894972357
-3.75 -3.5 89 90 5.028871842012539 0.02087537777436891
-3.75 -3.5 90 91 4.756335808782692 0.01419393831546025
-3.75 -3.5 91 92 4.499771664770841 0.01222889660813011
-3.75 -3.5 92 93 4.253564800904572 0.01058679426234866
-3.75 -3.5 93 94 4.008348174273797 0.03107913452913148
-3.75 -3.5 94 95 3.783597513091663 0.02669919968177942
-3.75 -3.5 95 96 3.567346694092429 0.02187300688107909
-3.75 -3.5 96 97 3.362168169591681 0.01744913756531926
-3.75 -3.5 97 98 3.166164819023016 0.01326129831142734
-3.75 -3.5 98 99 2.979027395180502 0.009370534960307582
-3.75 -3.5 99 100 2.79288859919596 0.0006994119035387456
-3.5 -3.25 50 51 30.74938991261794 0.1340089703916466
-3.5 -3.25 51 52 29.62014410731375 0.1267471177530905
-3.5 -3.25 52 53 28.53486935987955 0.1192686545368952
-3.5 -3.25 53 54 27.49199585747526 0.1115918703529724
-3.5 -3.25 54 55 26.4899686543604 0.1037754078000093
-3.5 -3.25 55 56 25.52717159705007 0.09603629603491365
-3.5 -3.25 56 57 24.56341800176937 0.5289646210721068
-3.5 -3.25 57 58 23.67698456115153 0.4566183371497251
-3.5 -3.25 58 59 22.8483426618893 0.4982500987787656
-3.5 -3.25 59 60 22.0267686871756 0.4250108507946733
-3.5 -3.25 60 61 21.23687119366932 0.3603842193655743
-3.5 -3.25 61 62 20.47742835754953 0.303771023915088
-3.5 -3.25 62 63 19.7472386807812 0.2545010207644729
-3.5 -3.25 63 64 19.0447124365442 0.2104141510044922
-3.5 -3.25 64 65 18.36839432297458 0.169762438973879
-3.5 -3.25 65 66 17.71725745327752 0.1325927994091632
-3.5 -3.25 66 67 17.0897481323056 0.1008509251441795
-3.5 -3.25 67 68 16.48418591127128 0.07391886320203843
-3.5 -3.25 68 69 15.89774936127785 0.0508857057402478
-3.5 -3.25 69 70 15.32616769022617 0.03377108960082177
-3.5 -3.25 70 71 14.76615169320263 0.0264091309183262
-3.5 -3.25 71 72 14.21664236898512 0.02406544565777044
-3.5 -3.25 72 73 13.67742951424401 0.02562555425333635
-3.5 -3.25 73 74 13.14867637853656 0.02820348352142879
-3.5 -3.25 74 75 12.63072307115423 0.03026106608818306
-3.5 -3.25 75 76 12.12367548866832 0.03182673807626182
-3.5 -3.25 76 77 11.62778307614554 0.03327523042243412
-3.5 -3.25 77 78 11.11137769917766 0.1657220841012987
-3.5 -3.25 78 79 10.63777257484059 0.117426044911596
-3.5 -3.25 79 80 10.17659932825303 0.07815814450900165
-3.5 -3.25 80 81 9.744803095883205 0.08439360778743824
-3.5 -3.25 81 82 9.308878391930284 0.05676786464438367
-3.5 -3.25 82 83 8.885424178625437 0.03943122449619598
-3.5 -3.25 83 84 8.474514188484807 0.03255088229183443
-3.5 -3.25 84 85 8.051123942532659 0.08191108364641511
-3.5 -3.25 85 86 7.686693797478339 0.05603163048520574
-3.5 -3.25 86 87 7.277694353089862 0.01731734853455538
-3.5 -3.25 87 88 6.899566874027261 0.01656502503598861
-3.5 -3.25 88 89 6.548992961225048 0.0213694177277005
-3.5 -3.25 89 90 6.222977462251559 0.01683536857272702
-3.5 -3.25 90 91 5.918540254068727 0.01626684181493564
-3.5 -3.25 91 92 5.6322062159158 0.03502305908188655
-3.5 -3.25 92 93 5.361774683863173 0.06214839560134962
-3.5 -3.25 93 94 5.051223122831106 0.02361969684042169
-3.5 -3.25 94 95 4.771075294837791 0.006137970035901612
-3.5 -3.25 95 96 4.507299418664186 0.006449066766575182
-3.5 -3.25 96 97 4.254615268035785 0.01049634742996453
-3.5 -3.25 97 98 4.012795447270296 0.0152789747509838
-3.5 -3.25 98 99 3.7816018549053 0.01996654227983004
-3.5 -3.25 99 100 3.560786671237669 0.02432759745281381
-3.25 -3 50 51 33.57113527715627 0.1538664946203304
-3.25 -3 51 52 32.39452438340054 0.1470660619890968
-3.25 -3 52 53 31.26038456043307 0.139943596313031
-3.25 -3 53 54 30.16751049996405 0.1325462058015113
-3.25 -3 54 55 29.1146622445205 0.1249626780945558
-3.25 -3 55 56 28.05479043543107 0.6548672930603333
-3.25 -3 56 57 27.11406049526623 0.7317987133488951
-3.25 -3 57 58 26.1734490581044 0.6317232123167363
-3.25 -3 58 59 25.26710151061206 0.542370132942659
-3.25 -3 59 60 24.39386878307225 0.4630904434716409
-3.25 -3 60 61 23.55261881881009 0.3932342679137712
-3.25 -3 61 62 22.74224029317292 0.3321538747741387
-3.25 -3 62 63 21.96162437136206 0.2791121530490999
-3.25 -3 63 64 21.20921929700364 0.2315301306888144
-3.25 -3 64 65 20.48360317579649 0.1873147156198536
-3.25 -3 65 66 19.78380621473391 0.1465815611511273
-3.25 -3 66 67 19.10825409037675 0.1118410578112365
-3.25 -3 67 68 18.45522718391809 0.08238160374279732
-3.25 -3 68 69 17.82169594398061 0.06602400229130657
-3.25 -3 69 70 17.2029827754395 0.05565912830411222
-3.25 -3 70 71 16.59547505207909 0.04957880374467468
-3.25 -3 71 72 15.99805634101838 0.04689592439167794
-3.25 -3 72 73 15.41055503325018 0.04664595200378732
-3.25 -3 73 74 14.83322497036328 0.04715444482337491
-3.25 -3 74 75 14.26651697264562 0.04738954227479902
-3.25 -3 75 76 13.71061208535844 0.04737992662563516
-3.25 -3 76 77 13.16585710923031 0.04719820899261172
-3.25 -3 77 78 12.5989621288134 0.2181959878541261
-3.25 -3 78 79 12.0766508436207 0.163738797412474
-3.25 -3 79 80 11.56703851527526 0.1192732948737507
-3.25 -3 80 81 11.08971307040207 0.1391547776290499
-3.25 -3 81 82 10.60639697993186 0.1047892263651614
-3.25 -3 82 83 10.13606695514927 0.07948747444980758
-3.25 -3 83 84 9.678870614927234 0.06210622790650696
-3.25 -3 84 85 9.234919560458071 0.05120789362281947
-3.25 -3 85 86 8.804290694737043 0.04497536076376931
-3.25 -3 86 87 8.387027583607203 0.04160091705488274
-3.25 -3 87 88 7.983141854882225 0.03985756110989373
-3.25 -3 88 89 7.592614632180421 0.03928952316846442
-3.25 -3 89 90 7.215398001178132 0.03999346073262025
-3.25 -3 90 91 6.85140898274625 0.04219416425890078
-3.25 -3 91 92 6.500517307061587 0.04578092761870699
-3.25 -3 92 93 6.162592878012926 0.05050882138698216
-3.25 -3 93 94 5.831252555141943 0.0254554771762035
-3.25 -3 94 95 5.519931928777013 0.03199014570800227
-3.25 -3 95 96 5.220973290986914 0.03865455902349649
-3.25 -3 96 97 4.934171905052749 0.0451900774493924
-3.25 -3 97 98 4.659308020544179 0.05142687495992254
-3.25 -3 98 99 4.400575811128773 0.007265284686846678
-3.25 -3 99 100 4.147758342883795 0.006129724145188696
-3 -2.75 50 51 34.98379157039497 0.1252427632408933
-3 -2.75 51 52 33.80696194783044 0.1206090147067291
-3 -2.75 52 53 32.66940401542927 0.1152389629265021
-3 -2.75 53 54 31.57033170468814 0.1092250788816275
-3 -2.75 54 55 30.45447542474828 0.7958546282533483
-3 -2.75 55 56 29.47403614464646 0.9079197911482316
-3 -2.75 56 57 28.48547433618089 0.7886797701656706
-3 -2.75 57 58 27.5307872650461 0.6816098754017267
-3 -2.75 58 59 26.60903797659964 0.5860302669080184
-3 -2.75 59 60 25.71927684683536 0.501255783040829
-3 -2.75 60 61 24.86054867569497 0.4265994528247022
-3 -2.75 61 62 24.03189899994989 0.3613756187118741
-3 -2.75 62 63 23.23235741180555 0.3047931797761373
-3 -2.75 63 64 22.4604723646963 0.2539139781767555
-3 -2.75 64 65 21.71491258479903 0.2063443772458355
-3 -2.75 65 66 20.99480509749224 0.1622531902848056
-3 -2.75 66 67 20.29861907993392 0.1246373398551757
-3 -2.75 67 68 19.62466781595318 0.09269775955599151
-3 -2.75 68 69 18.9698413747616 0.06517384078311222
-3 -2.75 69 70 18.3292577420892 0.04877425325000238
-3 -2.75 70 71 17.6991394252702 0.04105984692837454
-3 -2.75 71 72 17.07836265349551 0.03790351181254947
-3 -2.75 72 73 16.46680185704331 0.03835408251250558
-3 -2.75 73 74 15.86478942385211 0.03996806798162057
-3 -2.75 74 75 15.27286496283996 0.04119298093754325
-3 -2.75 75 76 14.69127536782531 0.04205982867781529
-3 -2.75 76 77 14.120447101562 0.04268631468379632
-3 -2.75 77 78 13.52752403539925 0.2654715712926055
-3 -2.75 78 79 12.97834143396634 0.2052027202190214
-3 -2.75 79 80 12.44169788173044 0.1557524043800009
-3 -2.75 80 81 11.93911242216554 0.1868862504295162
-3 -2.75 81 82 11.42887903810575 0.1473224808899304
-3 -2.75 82 83 10.93167689772464 0.1173379106806945
-3 -2.75 83 84 10.44771512023558 0.09558356763061805
-3 -2.75 84 85 9.977162890162521 0.08067362733214052
-3 -2.75 85 86 9.5201508326642 0.07122122356363128
-3 -2.75 86 87 9.076772437225621 0.06598728692331414
-3 -2.75 87 88 8.647085526165746 0.06404976276620335
-3 -2.75 88 89 8.231113764385771 0.06483974309288625
-3 -2.75 89 90 7.828848207427704 0.06801604134787455
-3 -2.75 90 91 7.440240456583757 0.07320188297447135
-3 -2.75 91 92 7.065188818804097 0.07970075206624007
-3 -2.75 92 93 6.695249355586293 0.04748143150261405
-3 -2.75 93 94 6.348435918382391 0.05549585818121677
-3 -2.75 94 95 6.014697293773958 0.06362651716169433
-3 -2.75 95 96 5.693863644823463 0.07165652760925555
-3 -2.75 96 97 5.385746537155777 0.07941311775523226
-3 -2.75 97 98 5.095118034766389 0.008276817140710621
-3 -2.75 98 99 4.810411914037462 0.007045843559648369
-3 -2.75 99 100 4.537914749676852 0.006028893613096874
-2.75 -2.5 50 51 35.47773616107199 0.1057223471380549
-2.75 -2.5 51 52 34.32401604864859 0.1029161983701954
-2.75 -2.5 52 53 33.20589324669837 0.0989344098429448
-2.75 -2.5 53 54 32.12298525021488 0.09392854534125418
-2.75 -2.5 54 55 31.01718104418906 0.8526724152018825
-2.75 -2.5 55 56 30.05089057327818 0.9799657543737132
-2.75 -2.5 56 57 29.07064279740868 0.8529176010902506
-2.75 -2.5 57 58 28.12221553363086 0.7387627739111983
-2.75 -2.5 58 59 27.20489811869328 0.6367948614154619
-2.75 -2.5 59 60 26.31794358502415 0.5463006971103758
-2.75 -2.5 60 61 25.46057833257872 0.4665640249337197
-2.75 -2.5 61 62 24.63201075540358 0.396868765119934
-2.75 -2.5 62 63 23.8314163942886 0.3363791766549822
-2.75 -2.5 63 64 23.05746360025202 0.2818487925705922
-2.75 -2.5 64 65 22.30893003202348 0.2306240601722928
-2.75 -2.5 65 66 21.5850485040242 0.1829170744476001
-2.75 -2.5 66 67 20.88435950689063 0.1421426454603404
-2.75 -2.5 67 68 20.20524457109545 0.1074259505554168
-2.75 -2.5 68 69 19.54459398407403 0.07735450661598994
-2.75 -2.5 69 70 18.89746202985042 0.05173180314587206
-2.75 -2.5 70 71 18.26001659886336 0.0383218641834817
-2.75 -2.5 71 72 17.63115557571562 0.03288210420188104
-2.75 -2.5 72 73 17.01079702406067 0.03260953718039319
-2.75 -2.5 73 74 16.39933511689801 0.03458644096630792
-2.75 -2.5 74 75 15.79737442212414 0.03644067122813929
-2.75 -2.5 75 76 15.20521313754831 0.03796881572027496
-2.75 -2.5 76 77 14.62333661526431 0.03925330639475932
-2.75 -2.5 77 78 14.02074624222828 0.3058350676447235
-2.75 -2.5 78 79 13.45930902152917 0.239806174627678
-2.75 -2.5 79 80 12.91012146053075 0.1854801829543623
-2.75 -2.5 80 81 12.39567330199521 0.2244763785739493
-2.75 -2.5 81 82 11.8727447518852 0.1802228438997563
-2.75 -2.5 82 83 11.36269277580212 0.1463974650219135
-2.75 -2.5 83 84 10.86577080076211 0.1215610458615698
-2.75 -2.5 84 85 10.38218971512465 0.1042934611713956
-2.75 -2.5 85 86 9.912119292665583 0.09323416688126962
-2.75 -2.5 86 87 9.45568966761401 0.08718356846773549
-2.75 -2.5 87 88 9.0129928567892 0.08519976031738616
-2.75 -2.5 88 89 8.584084325459663 0.08660413989789749
-2.75 -2.5 89 90 8.168984593632167 0.09089062908791305
-2.75 -2.5 90 91 7.767672020869437 0.0974973622426563
-2.75 -2.5 91 92 7.380068199120238 0.1055203165241531
-2.75 -2.5 92 93 6.997080840338471 0.0668878691336304
-2.75 -2.5 93 94 6.638257405879495 0.07603512280475137
-2.75 -2.5 94 95 6.29271655024062 0.08529130288059608
-2.75 -2.5 95 96 5.960304063641688 0.0944338011366315
-2.75 -2.5 96 97 5.646892449201749 0.01055081027737268
-2.75 -2.5 97 98 5.33852919549142 0.009211297397354721
-2.75 -2.5 98 99 5.042888881576163 0.008117514298520574
-2.75 -2.5 99 100 4.759737575522035 0.007265803782376588
-2.5 -2.25 50 51 35.36748062788467 0.09474950669409372
-2.5 -2.25 51 52 34.2462817492632 0.09437812914296885
-2.5 -2.25 52 53 33.15719290737599 0.09130532620480881
-2.5 -2.25 53 54 32.10018490484177 0.08590647045139981
-2.5 -2.25 54 55 31.06449933556902 1.197444285450479
-2.5 -2.25 55 56 30.07204649526501 1.049792458357417
-2.5 -2.25 56 57 29.1100217401207 0.9149141143820314
-2.5 -2.25 57 58 28.17775831186158 0.7936258042394355
-2.5 -2.25 58 59 27.27474821471543 0.6851976786112464
-2.5 -2.25 59 60 26.40042677613536 0.5888915925321329
-2.5 -2.25 60 61 25.55418448722294 0.5039649111677462
-2.5 -2.25 61 62 24.73537758309554 0.4296738983910687
-2.5 -2.25 62 63 23.94331496144318 0.3651422089671389
-2.5 -2.25 63 64 23.17677988525837 0.3068480789344328
-2.5 -2.25 64 65 22.43465491110129 0.2519068387389817
-2.5 -2.25 65 66 21.71627155460347 0.2005708014433236
-2.5 -2.25 66 67 21.02024852030898 0.1566233673598434
-2.5 -2.25 67 68 20.34504971436779 0.119130930107018
-2.5 -2.25 68 69 19.68761628973573 0.086563231602027
-2.5 -2.25 69 70 19.0430405622556 0.05872923295394283
-2.5 -2.25 70 71 18.40751956814408 0.03593024003840015
-2.5 -2.25 71 72 17.77999406858211 0.02222111217249777
-2.5 -2.25 72 73 17.16042128743033 0.02251914976827089
-2.5 -2.25 73 74 16.54924019940241 0.02669260400460957
-2.5 -2.25 74 75 15.94709671018528 0.03042062381681275
-2.5 -2.25 75 76 15.35432394502116 0.03348004305640025
-2.5 -2.25 76 77 14.77144461447158 0.03607216673196119
-2.5 -2.25 77 78 14.19905038250125 0.03872932099389203
-2.5 -2.25 78 79 13.60120508752507 0.2735425736923786
-2.5 -2.25 79 80 13.04964283030751 0.2142375198882732
-2.5 -2.25 80 81 12.53365327311859 0.2531605333056063
-2.5 -2.25 81 82 12.00816284741966 0.2041368541396759
-2.5 -2.25 82 83 11.49535843828757 0.166436706147751
-2.5 -2.25 83 84 10.99551833786773 0.1385616914348347
-2.5 -2.25 84 85 10.50887674567572 0.1190575585672323
-2.5 -2.25 85 86 10.03562525328557 0.1065414372821323
-2.5 -2.25 86 87 9.575914378115975 0.099775588106976
-2.5 -2.25 87 88 9.129855142692456 0.09774206865394616
-2.5 -2.25 88 89 8.697520696224398 0.09965090121847067
-2.5 -2.25 89 90 8.278947974619875 0.1048728228670537
-2.5 -2.25 90 91 7.874130185342974 0.1127149106336123
-2.5 -2.25 91 92 7.483001582224876 0.1221112600728032
-2.5 -2.25 92 93 7.095749554353986 0.08099177902280058
-2.5 -2.25 93 94 6.7335628778263 0.09097527463973544
-2.5 -2.25 94 95 6.384668404543422 0.101191763393622
-2.5 -2.25 95 96 6.048920622897597 0.1113544515778703
-2.5 -2.25 96 97 5.735352288042257 0.01104481990561432
-2.5 -2.25 97 98 5.423525236005453 0.009325570478134463
-2.5 -2.25 98 99 5.124468857806495 0.007828437837105824
-2.5 -2.25 99 100 4.837956274218092 0.006560861280009993
-2.25 -2 50 51 35.98248826557429 0.1005803301783518
-2.25 -2 51 52 34.85781543657689 0.1003080130416431
-2.25 -2 52 53 33.76379548080413 0.09716720648945169
-2.25 -2 53 54 32.7006170269415 0.09155014884983494
-2.25 -2 54 55 31.65506436794377 1.297457048729939
-2.25 -2 55 56 30.65453842825625 1.14085940910045
-2.25 -2 56 57 29.68370868866813 0.9976291014461044
-2.25 -2 57 58 28.74203580496166 0.8686671123184476
-2.25 -2 58 59 27.82912335911898 0.7532233626763319
-2.25 -2 59 60 26.94450453053084 0.6505377635745465
-2.25 -2 60 61 26.08765554051686 0.5598442139331691
-2.25 -2 61 62 25.25800767467042 0.480374175684637
-2.25 -2 62 63 24.45493519660373 0.4112140223272034
-2.25 -2 63 64 23.67726715116353 0.3485756323254895
-2.25 -2 64 65 22.92392703044068 0.2893463796295345
-2.25 -2 65 66 22.194289616163 0.2338086229751665
-2.25 -2 66 67 21.48698467207656 0.1861036299535318
-2.25 -2 67 68 20.80048535680525 0.1452285928526577
-2.25 -2 68 69 20.13168074797578 0.109520813968305
-2.25 -2 69 70 19.47556311223802 0.0787161209053177
-2.25 -2 70 71 18.82826445852118 0.05303427061399042
-2.25 -2 71 72 18.18874042683625 0.03010058169868519
-2.25 -2 72 73 17.55698516264804 0.0117395696422581
-2.25 -2 73 74 16.93348372814064 0.007374888630398021
-2.25 -2 74 75 16.31892608979755 0.0119990524835522
-2.25 -2 75 76 15.71369141375579 0.019034699273235
-2.25 -2 76 77 15.11834367405712 0.02483481593958034
-2.25 -2 77 78 14.53350991760999 0.02959479347577135
-2.25 -2 78 79 13.93420935545933 0.3364566697170749
-2.25 -2 79 80 13.39324133431844 0.3629773584026507
-2.25 -2 80 81 12.84277358468659 0.2946507005282077
-2.25 -2 81 82 12.3048483291403 0.2400605549749786
-2.25 -2 82 83 11.77981122628299 0.1975903254582144
-2.25 -2 83 84 11.26796025779083 0.1657306272661968
-2.25 -2 84 85 10.76954724677002 0.1430771064838617
-2.25 -2 85 86 10.28477942761241 0.1283323185668682
-2.25 -2 86 87 9.813821064748282 0.1203126498630309
-2.25 -2 87 88 9.356795117025001 0.1179548274464146
-2.25 -2 88 89 8.91378494399423 0.1203134314990779
-2.25 -2 89 90 8.484836050200546 0.126547993677316
-2.25 -2 90 91 8.069948286087065 0.1357436071120457
-2.25 -2 91 92 7.669059966566291 0.1466067770854251
-2.25 -2 92 93 7.282108183299872 0.1584667410125469
-2.25 -2 93 94 6.899401970548954 0.1266797920128713
-2.25 -2 94 95 6.541854664920447 0.1371784374867742
-2.25 -2 95 96 6.203259252666717 0.008226257891359568
-2.25 -2 96 97 5.870479958726838 0.005782270127639143
-2.25 -2 97 98 5.550988858046848 0.003638157922202682
-2.25 -2 98 99 5.244576637613863 0.002373841795175273
-2.25 -2 99 100 4.951013637002983 0.001667043568176581
-2 -1.75 50 51 35.59718102108729 0.1021126760702236
-2 -1.75 51 52 34.5204819231547 0.102063103826603
-2 -1.75 52 53 33.47015928688072 0.09896685609935532
-2 -1.75 53 54 32.44679639438843 0.0932339801215286
-2 -1.75 54 55 31.44028564771233 1.354517713787964
-2 -1.75 55 56 30.4727532957005 1.190521074459783
-2 -1.75 56 57 29.53200062265248 1.04043267086186
-2 -1.75 57 58 28.61774557056449 0.9052369176619394
-2 -1.75 58 59 27.72982800937615 0.7841642800264159
-2 -1.75 59 60 26.86799499969304 0.6764335507243787
-2 -1.75 60 61 26.03191651211223 0.5812559491636374
-2 -1.75 61 62 25.22119950646093 0.4978387779291143
-2 -1.75 62 63 24.43537899103889 0.4252333828705183
-2 -1.75 63 64 23.67345141074628 0.359430604877948
-2 -1.75 64 65 22.93449214138515 0.2971343134930212
-2 -1.75 65 66 22.21799561600994 0.2386626641060635
-2 -1.75 66 67 21.52271428068103 0.1884503817807082
-2 -1.75 67 68 20.847247213282 0.145448643386328
-2 -1.75 68 69 20.18858726890814 0.1079036602780364
-2 -1.75 69 70 19.54180016243731 0.07559723024632192
-2 -1.75 70 71 18.90303676302275 0.04883204886336368
-2 -1.75 71 72 18.27126777130655 0.02546211175416536
-2 -1.75 72 73 17.64650178397649 0.01249621783507071
-2 -1.75 73 74 17.02925341597658 0.01802862235214428
-2 -1.75 74 75 16.42024755977646 0.02372536916672663
-2 -1.75 75 76 15.81988113397887 0.02893156869049888
-2 -1.75 76 77 15.22874870795312 0.03463891752591521
-2 -1.75 77 78 14.64751348421452 0.03935935323108718
-2 -1.75 78 79 14.03929053035478 0.3352201198553487
-2 -1.75 79 80 13.50109196063671 0.3609954915781748
-2 -1.75 80 81 12.95300034816083 0.2875961211024899
-2 -1.75 81 82 12.41695751821215 0.2289560126609439
-2 -1.75 82 83 11.89333971892365 0.1833829728714465
-2 -1.75 83 84 11.38247457374443 0.1492835002913525
-2 -1.75 84 85 10.88464261610401 0.1251465883490708
-2 -1.75 85 86 10.40007887214077 0.1095368382343919
-2 -1.75 86 87 9.928974489658469 0.1011168186885608
-2 -1.75 87 88 9.471478410079929 0.09869596004320545
-2 -1.75 88 89 9.027699080727846 0.1012625644171071
-2 -1.75 89 90 8.597706203044062 0.107963622481838
-2 -1.75 90 91 8.181523289203028 0.1178811885601109
-2 -1.75 91 92 7.779112465084136 0.1296788344445926
-2 -1.75 92 93 7.390432666260367 0.1426534968512472
-2 -1.75 93 94 7.015420780249528 0.15634184464357
-2 -1.75 94 95 6.646170610223077 0.1176506581173661
-2 -1.75 95 96 6.29997889220142 0.1292137678332046
-2 -1.75 96 97 5.975899101715907 0.009970073513711143
-2 -1.75 97 98 5.653681824423401 0.007379379177030655
-2 -1.75 98 99 5.344459195347913 0.005066839916311368
-2 -1.75 99 100 5.048016858993778 0.003135218584712397
-1.75 -1.5 50 51 35.662790643032 0.09955777497598697
-1.75 -1.5 51 52 34.56988184806247 0.09975643386911441
-1.75 -1.5 52 53 33.50384063473962 0.09677844610565521
-1.75 -1.5 53 54 32.46528100786531 0.09104616459113259
-1.75 -1.5 54 55 31.45439211348253 1.426010567468745
-1.75 -1.5 55 56 30.47241275689464 1.253785990926214
-1.75 -1.5 56 57 29.5177502069445 1.096084321879597
-1.75 -1.5 57 58 28.59012219832252 0.9539635860759518
-1.75 -1.5 58 59 27.68937074067728 0.8266304743094192
-1.75 -1.5 59 60 26.81524179337913 0.7132784212691546
-1.75 -1.5 60 61 25.96740151513974 0.6130918616685931
-1.75 -1.5 61 62 25.14545083120139 0.5252500235747783
-1.75 -1.5 62 63 24.3489159989349 0.4487649971328282
-1.75 -1.5 63 64 23.57676009442753 0.3793887185249735
-1.75 -1.5 64 65 22.82802926017865 0.3136241051626831
-1.75 -1.5 65 66 22.10220977417842 0.251818460003821
-1.75 -1.5 66 67 21.3980273923849 0.1987015486705804
-1.75 -1.5 67 68 20.71406924413036 0.1531782755203822
-1.75 -1.5 68 69 20.04731774682882 0.1133971270819511
-1.75 -1.5 69 70 19.39287658742893 0.07915062455052146
-1.75 -1.5 70 71 18.74695785965881 0.05079139383475547
-1.75 -1.5 71 72 18.10857772692252 0.02618683379517615
-1.75 -1.5 72 73 17.47776921952179 0.0109338897398861
-1.75 -1.5 73 74 16.85506015976333 0.01670833093822039
-1.75 -1.5 74 75 16.24117446814161 0.02547916336777011
-1.75 -1.5 75 76 15.63651804096732 0.03273152414037383
-1.75 -1.5 76 77 15.04168324916071 0.0388667442250758
-1.75 -1.5 77 78 14.41842360587645 0.4211615592404008
-1.75 -1.5 78 79 13.86550395261241 0.4571265458247105
-1.75 -1.5 79 80 13.30381879872107 0.3626192779905449
-1.75 -1.5 80 81 12.75430130646964 0.2856213730613514
-1.75 -1.5 81 82 12.21735760224622 0.2242472172022751
-1.75 -1.5 82 83 11.69334259121005 0.1767224777405048
-1.75 -1.5 83 84 11.18256159919098 0.1413659984521249
-1.75 -1.5 84 85 10.68527205973536 0.1165645589193236
-1.75 -1.5 85 86 10.20168524468785 0.1007629113695555
-1.75 -1.5 86 87 9.731968036154889 0.0925062655815386
-1.75 -1.5 87 88 9.276244736300534 0.09052949796944651
-1.75 -1.5 88 89 8.83459891171179 0.09380642733094401
-1.75 -1.5 89 90 8.407075267488469 0.1014985494229768
-1.75 -1.5 90 91 7.993672424055543 0.1126780288381655
-1.75 -1.5 91 92 7.594328000223584 0.1259354777050517
-1.75 -1.5 92 93 7.208976306771252 0.140513765815705
-1.75 -1.5 93 94 6.837529831968698 0.1559067014267614
-1.75 -1.5 94 95 6.470544523609107 0.1182656655581276
-1.75 -1.5 95 96 6.128478441370373 0.1313225503218647
-1.75 -1.5 96 97 5.811122613751095 0.01269077582163
-1.75 -1.5 97 98 5.493125284039163 0.009854227907532197
-1.75 -1.5 98 99 5.18824871864336 0.007303028229201576
-1.75 -1.5 99 100 4.896257788441257 0.005065100129292407
-1.5 -1.25 50 51 35.11144455067407 0.1072503534834803
-1.5 -1.25 51 52 34.05179841422392 0.1074936368315834
-1.5 -1.25 52 53 33.01626746535817 0.1044068209509255
-1.5 -1.25 53 54 32.00572570911203 0.09842833827217654
-1.5 -1.25 54 55 31.01380679269485 1.521433286971148
-1.5 -1.25 55 56 30.05570652958153 1.341276809622812
-1.5 -1.25 56 57 29.12308363783194 1.176090925421405
-1.5 -1.25 57 58 28.21582821494255 1.027006784533017
-1.5 -1.25 58 59 27.33393456405815 0.8932215236188863
-1.5 -1.25 59 60 26.4772858508897 0.7739171296522821
-1.5 -1.25 60 61 25.64567190278447 0.6682648459473295
-1.5 -1.25 61 62 24.83880517993924 0.5754291161949625
-1.5 -1.25 62 63 24.05631335872791 0.4943973816453641
-1.5 -1.25 63 64 23.29726213340548 0.4207254369192614
-1.5 -1.25 64 65 22.56079070704753 0.3507481976649475
-1.5 -1.25 65 66 21.84645985296926 0.2848366048489451
-1.5 -1.25 66 67 21.15306762530116 0.2279894946546894
-1.5 -1.25 67 68 20.47928187416387 0.1790596483111041
-1.5 -1.25 68 69 19.82216625466151 0.1360969878901352
-1.5 -1.25 69 70 19.17692924972229 0.09883554924659982
-1.5 -1.25 70 71 18.53986030162925 0.06757762618196131
-1.5 -1.25 71 72 17.91001683553601 0.04686150356662726
-1.5 -1.25 72 73 17.28745170155496 0.03720423154185871
-1.5 -1.25 73 74 16.67271043617976 0.034613218621114
-1.5 -1.25 74 75 16.06652862701772 0.03547282246084676
-1.5 -1.25 75 76 15.46931975244621 0.03754633354677343
-1.5 -1.25 76 77 14.8816857085295 0.04009616589085457
-1.5 -1.25 77 78 14.30428724122396 0.04267264917254649
-1.5 -1.25 78 79 13.72730389449834 0.4872217619710189
-1.5 -1.25 79 80 13.17138163652545 0.3853205892992496
-1.5 -1.25 80 81 12.62745912280652 0.301923251059334
-1.5 -1.25 81 82 12.09594704026389 0.2350571980434789
-1.5 -1.25 82 83 11.57720424558764 0.1828761190723863
-1.5 -1.25 83 84 11.0715394985146 0.1436543307761063
-1.5 -1.25 84 85 10.57921323290667 0.1157719461179249
-1.5 -1.25 85 86 10.10043936359175 0.09769384396301804
-1.5 -1.25 86 87 9.635387127474118 0.08796396568426555
-1.5 -1.25 87 88 9.184182955369984 0.08524184534658019
-1.5 -1.25 88 89 8.746912371758732 0.08835737772264383
-1.5 -1.25 89 90 8.323621917634522 0.09631734735316196
-1.5 -1.25 90 91 7.914311833517331 0.1080603150014959
-1.5 -1.25 91 92 7.518920924627096 0.1220510727908097
-1.5 -1.25 92 93 7.137385130542242 0.1374837628366285
-1.5 -1.25 93 94 6.769618727453597 0.1538279585720307
-1.5 -1.25 94 95 6.415506669848991 0.1706203559692788
-1.5 -1.25 95 96 6.06689247317895 0.1342730024545555
-1.5 -1.25 96 97 5.741524354460417 0.1475101530214069
-1.5 -1.25 97 98 5.438071095601423 0.01567594372812759
-1.5 -1.25 98 99 5.136353593507398 0.01400782828961085
-1.5 -1.25 99 100 4.847383187357877 0.01260606525023943
-1.25 -1 50 51 35.57935427198353 0.1130629595023139
-1.25 -1 51 52 34.51031736730573 0.1133375866680403
-1.25 -1 52 53 33.46487676582379 0.1101526901270257
-1.25 -1 53 54 32.44402255928199 0.1039598574673455
-1.25 -1 54 55 31.43842005543752 1.579957308160705
-1.25 -1 55 56 30.46954871900849 1.393558561335429
-1.25 -1 56 57 29.52601648399116 1.222602045782854
-1.25 -1 57 58 28.60777612671623 1.068277194959945
-1.25 -1 58 59 27.71487509975782 0.9297624037160439
-1.25 -1 59 60 26.84724199535844 0.8062196723903565
-1.25 -1 60 61 26.00470531108803 0.6967991470302177
-1.25 -1 61 62 25.18701029163296 0.6006431837864004
-1.25 -1 62 63 24.39381188995515 0.516708139106608
-1.25 -1 63 64 23.6241867856763 0.4403562320612022
-1.25 -1 64 65 22.87728394797642 0.3677586742213003
-1.25 -1 65 66 22.15268105473388 0.2993089563457064
-1.25 -1 66 67 21.4491749385941 0.2402485267797609
-1.25 -1 67 68 20.76543554715263 0.1893889459518106
-1.25 -1 68 69 20.09849812733039 0.1446994245430652
-1.25 -1 69 70 19.44351971785008 0.1059056589308438
-1.25 -1 70 71 18.79675026125362 0.07333387867601468
-1.25 -1 71 72 18.15724844243141 0.04402772613092894
-1.25 -1 72 73 17.52507943369476 0.02917152005611309
-1.25 -1 73 74 16.90080992176645 0.02365947992988668
-1.25 -1 74 75 16.28519738554978 0.02393431180998834
-1.25 -1 75 76 15.67867270224176 0.02657583669696216
-1.25 -1 76 77 15.08185692591329 0.03004174964842631
-1.25 -1 77 78 14.4681384466879 0.4447246000289129
-1.25 -1 78 79 13.91409417581465 0.4719326815484662
-1.25 -1 79 80 13.34940408545732 0.3672503966096273
-1.25 -1 80 81 12.79690777122563 0.2818541133477082
-1.25 -1 81 82 12.25702758235963 0.2137318342258732
-1.25 -1 82 83 11.73013258839661 0.1610062354806311
-1.25 -1 83 84 11.21654036625523 0.121914585534973
-1.25 -1 84 85 10.71651882612612 0.09475047012297096
-1.25 -1 85 86 10.23028807485574 0.0777726689803743
-1.25 -1 86 87 9.758022314644094 0.06919441672989383
-1.25 -1 87 88 9.299851773779665 0.06740393261044197
-1.25 -1 88 89 8.855864666226203 0.0712326668587791
-1.25 -1 89 90 8.42610917494406 0.07989879307920374
-1.25 -1 90 91 8.010586387599133 0.09253380928710109
-1.25 -1 91 92 7.609235593359028 0.1076522260154203
-1.25 -1 92 93 7.221991767335918 0.1244111404461988
-1.25 -1 93 94 6.848767227251994 0.1422281963902133
-1.25 -1 94 95 6.489444228953143 0.1605912050427233
-1.25 -1 95 96 6.143876996018719 0.1790607414379529
-1.25 -1 96 97 5.804894622118017 0.1365534235644814
-1.25 -1 97 98 5.49541584268248 0.009430269061307183
-1.25 -1 98 99 5.189548124489914 0.007609993434884076
-1.25 -1 99 100 4.896649823619491 0.006140764599644631
-1 -0.75 50 51 35.47730979533449 0.1187041679463206
-1 -0.75 51 52 34.40436722650199 0.118953333336558
-1 -0.75 52 53 33.35491069914482 0.1156336583441841
-1 -0.75 53 54 32.3299823568625 0.1092081503159273
-1 -0.75 54 55 31.31716331395691 1.630312342156818
-1 -0.75 55 56 30.34437421145955 1.438507484898427
-1 -0.75 56 57 29.39696325549912 1.262500205364861
-1 -0.75 57 58 28.47490620696126 1.103535448333656
-1 -0.75 58 59 27.57827368605524 0.9607808276493394
-1 -0.75 59 60 26.70701351682271 0.833386348935223
-1 -0.75 60 61 25.86096998341574 0.7204890336102378
-1 -0.75 61 62 25.03990112380606 0.6212170604348051
-1 -0.75 62 63 24.24347227720759 0.534505449718467
-1 -0.75 63 64 23.47076904934241 0.4555718161567603
-1 -0.75 64 65 22.72094870094251 0.3804658226907681
-1 -0.75 65 66 21.99359497011295 0.3096013031599696
-1 -0.75 66 67 21.28750886156449 0.2484097705375836
-1 -0.75 67 68 20.6013740370976 0.1956710690538106
-1 -0.75 68 69 19.93224279202958 0.1492897320091318
-1 -0.75 69 70 19.27531646761705 0.1089926898020239
-1 -0.75 70 71 18.62688736567597 0.07512189137745991
-1 -0.75 71 72 17.98603756885906 0.04462269664150652
-1 -0.75 72 73 17.35284085779429 0.02067628088584897
-1 -0.75 73 74 16.72786748159028 0.01452980630615004
-1 -0.75 74 75 16.11187093538869 0.01731572182497841
-1 -0.75 75 76 15.50528107515586 0.02278587910258454
-1 -0.75 76 77 14.90871383693302 0.03125461811631369
-1 -0.75 77 78 14.29228362516427 0.474829455215297
-1 -0.75 78 79 13.73995047405577 0.495637082490044
-1 -0.75 79 80 13.17642148451071 0.3858990895286407
-1 -0.75 80 81 12.62536924199941 0.2961235265757892
-1 -0.75 81 82 12.08720214450484 0.2242222644499555
-1 -0.75 82 83 11.56227468620484 0.1682445483273301
-1 -0.75 83 84 11.05088936249801 0.1263701855880243
-1 -0.75 84 85 10.55329860903088 0.09688001345274345
-1 -0.75 85 86 10.06970677265324 0.07809457566259399
-1 -0.75 86 87 9.600272112404461 0.0683319303989767
-1 -0.75 87 88 9.14510882665811 0.0660101469265799
-1 -0.75 88 89 8.704289103271719 0.06984966596807109
-1 -0.75 89 90 8.277845187326484 0.0788915450536159
-1 -0.75 90 91 7.865762478581949 0.09211006933701335
-1 -0.75 91 92 7.467965053244892 0.1078981437604385
-1 -0.75 92 93 7.084372714259707 0.1253778198365499
-1 -0.75 93 94 6.714882889545603 0.1439558731327049
-1 -0.75 94 95 6.359363366851309 0.163111511545394
-1 -0.75 95 96 6.017654371371513 0.1823965174563409
-1 -0.75 96 97 5.681584457934509 0.1422853391750895
-1 -0.75 97 98 5.378043469441611 0.01100005307857691
-1 -0.75 98 99 5.07604575817718 0.008131649767334008
-1 -0.75 99 100 4.787024332965004 0.006292287949092884
-0.75 -0.5 50 51 35.17962224947757 0.1198313371482625
-0.75 -0.5 51 52 34.12009860238726 0.1201987217743608
-0.75 -0.5 52 53 33.08294244926412 0.1169167728221988
-0.75 -0.5 53 54 32.06930949777842 0.1104567078673074
-0.75 -0.5 54 55 31.06812167728549 1.679104200363174
-0.75 -0.5 55 56 30.1048168685067 1.482728664969678
-0.75 -0.5 56 57 29.16616383109485 1.302452655510562
-0.75 -0.5 57 58 28.25221152680385 1.139559559554455
-0.75 -0.5 58 59 27.36309521160084 0.9932072267196385
-0.75 -0.5 59 60 26.4988205050889 0.862534920359979
-0.75 -0.5 60 61 25.65928337900476 0.7466680267269404
-0.75 -0.5 61 62 24.84428811614251 0.6447222734563194
-0.75 -0.5 62 63 24.05354178114899 0.5556146321374378
-0.75 -0.5 63 64 23.28617152788026 0.4744471016495798
-0.75 -0.5 64 65 22.54137238499756 0.3971719353745291
-0.75 -0.5 65 66 21.81875860682744 0.3242173954402064
-0.75 -0.5 66 67 21.11716243025562 0.2611641514192545
-0.75 -0.5 67 68 20.43530547485226 0.2067655537300458
-0.75 -0.5 68 69 19.7702820470825 0.1588776773031064
-0.75 -0.5 69 70 19.1173529144064 0.1172214887175495
-0.75 -0.5 70 71 18.4728537011446 0.08215667228700119
-0.75 -0.5 71 72 17.83588696781254 0.05439270743755652
-0.75 -0.5 72 73 17.20653449909086 0.04031353658156524
-0.75 -0.5 73 74 16.58537268108002 0.03426767855879605
-0.75 -0.5 74 75 15.97315731735738 0.03340717775966615
-0.75 -0.5 75 76 15.37032095628916 0.03489787230614388
-0.75 -0.5 76 77 14.77748117901116 0.03750832080419372
-0.75 -0.5 77 78 14.16727423312125 0.4933311612021006
-0.75 -0.5 78 79 13.61830947643018 0.5086987749803498
-0.75 -0.5 79 80 13.05820022509867 0.3955751719416334
-0.75 -0.5 80 81 12.51055692210572 0.3029361803628773
-0.75 -0.5 81 82 11.97578523213402 0.2286383227000579
-0.75 -0.5 82 83 11.45423668337352 0.1706772925713415
-0.75 -0.5 83 84 10.9462106246776 0.127186559967823
-0.75 -0.5 84 85 10.45195621248185 0.09642037720582733
-0.75 -0.5 85 86 9.971674426104727 0.07670796498283904
-0.75 -0.5 86 87 9.505520109231661 0.06640260003969981
-0.75 -0.5 87 88 9.053604034194088 0.06393038316037611
-0.75 -0.5 88 89 8.615994985771025 0.06795362602803684
-0.75 -0.5 89 90 8.192721859089772 0.07742000847801957
-0.75 -0.5 90 91 7.783766777968943 0.09121502666434986
-0.75 -0.5 91 92 7.389050628669853 0.1076520223551882
-0.75 -0.5 92 93 7.008490178276148 0.125824634747651
-0.75 -0.5 93 94 6.64197997184797 0.1451269501830106
-0.75 -0.5 94 95 6.289385075131772 0.1650277659485543
-0.75 -0.5 95 96 5.95054316584044 0.1850693419351791
-0.75 -0.5 96 97 5.617199727188893 0.1463985121206058
-0.75 -0.5 97 98 5.316446487060468 0.01452239853648552
-0.75 -0.5 98 99 5.017164972055898 0.01267294158720647
-0.75 -0.5 99 100 4.730789715814037 0.0111391518339387
-0.5 -0.25 50 51 35.26790152190074 0.1253607615150236
-0.5 -0.25 51 52 34.2088000111807 0.1235489801557644
-0.5 -0.25 52 53 33.17161703535106 0.1197478658629729
-0.5 -0.25 53 54 32.15757238032228 0.1141869568632346
-0.5 -0.25 54 55 31.15639742550081 1.7034916269901
-0.5 -0.25 55 56 30.19206963731614 1.50433777388225
-0.5 -0.25 56 57 29.25215599822818 1.321482624720686
-0.5 -0.25 57 58 28.33674312656436 1.156236820009988
-0.5 -0.25 58 59 27.44599945224974 1.007751183093182
-0.5 -0.25 59 60 26.57995971756739 0.8751573476172493
-0.5 -0.25 60 61 25.73854543591111 0.7575725209216839
-0.5 -0.25 61 62 24.92158327570149 0.6541037528790742
-0.5 -0.25 62 63 24.12879995463064 0.5636554490177484
-0.5 -0.25 63 64 23.35933905074967 0.48124851619672
-0.5 -0.25 64 65 22.61241033904604 0.4027665512157542
-0.5 -0.25 65 66 21.88764135194705 0.3286480818041769
-0.5 -0.25 66 67 21.18387226146508 0.2645797532990392
-0.5 -0.25 67 68 20.49983434366973 0.2092967600224857
-0.5 -0.25 68 69 19.83262104862563 0.1606184293365663
-0.5 -0.25 69 70 19.17748668580626 0.1182658566544766
-0.5 -0.25 70 71 18.5307620332924 0.08260728223880617
-0.5 -0.25 71 72 17.89155486718663 0.05655155346638576
-0.5 -0.25 72 73 17.25995364323171 0.04306238378337583
-0.5 -0.25 73 74 16.6365437594941 0.0375287072173047
-0.5 -0.25 74 75 16.02208929635164 0.03683423408209462
-0.5 -0.25 75 76 15.41702939557203 0.03827904071832536
-0.5 -0.25 76 77 14.82198882673656 0.0407593507711201
-0.5 -0.25 77 78 14.20803388970681 0.4980252497312846
-0.5 -0.25 78 79 13.65754752514931 0.5139049971499638
-0.5 -0.25 79 80 13.09537899768678 0.3987494402283532
-0.5 -0.25 80 81 12.54572185855239 0.3044350548208393
-0.5 -0.25 81 82 12.00898575835732 0.2287893464126678
-0.5 -0.25 82 83 11.48552569054524 0.1697815776800223
-0.5 -0.25 83 84 10.97564397476943 0.125521927024531
-0.5 -0.25 84 85 10.47959227002324 0.09424309812816677
-0.5 -0.25 85 86 9.997573615681574 0.07424646007372343
-0.5 -0.25 86 87 9.529744498518326 0.06383691589251736
-0.5 -0.25 87 88 9.076216942157735 0.06137870166751603
-0.5 -0.25 88 89 8.63706061584562 0.06550106725823464
-0.5 -0.25 89 90 8.212304956743324 0.07515896274434029
-0.5 -0.25 90 91 7.801932336283848 0.08924585439705361
-0.5 -0.25 91 92 7.405863668378906 0.106054445427487
-0.5 -0.25 92 93 7.024015414690687 0.1246593948850837
-0.5 -0.25 93 94 6.656281543073138 0.1444393694787573
-0.5 -0.25 94 95 6.302526314608613 0.1648495069974502
-0.5 -0.25 95 96 5.962586396497766 0.1854203966691166
-0.5 -0.25 96 97 5.627789858835992 0.1464914064786647
-0.5 -0.25 97 98 5.316933908711068 0.1620719338643281
-0.5 -0.25 98 99 5.026658554022525 0.01366683399419516
-0.5 -0.25 99 100 4.739403050855131 0.0120258065650096
-0.25 0 50 51 35.44283209519116 0.1242122375020856
-0.25 0 51 52 34.37628325111814 0.1225742848745573
-0.25 0 52 53 33.33186073625836 0.119174062057159
-0.25 0 53 54 32.31078825482746 0.1133895557348086
-0.25 0 54 55 31.30213479400524 1.716321090439997
-0.25 0 55 56 30.33122507287024 1.515785810225494
-0.25 0 56 57 29.3849401397523 1.331645840821576
-0.25 0 57 58 28.46336413050079 1.165226621996116
-0.25 0 58 59 27.56666342233009 1.015675606395687
-0.25 0 59 60 26.69487005082664 0.8821207655417801
-0.25 0 60 61 25.84790228543147 0.7636753753887551
-0.25 0 61 62 25.02558311907691 0.6594423045721636
-0.25 0 62 63 24.22763513452156 0.5683197241461535
-0.25 0 63 64 23.45319426623072 0.4852858885318307
-0.25 0 64 65 22.7014633418049 0.4061885510752914
-0.25 0 65 66 21.97206578961614 0.3314721749621029
-0.25 0 66 67 21.26383354003646 0.2668782863634644
-0.25 0 67 68 20.57549093156941 0.2111333424865371
-0.25 0 68 69 19.90411812644786 0.1620391741201372
-0.25 0 69 70 19.24495236719559 0.1193163436751601
-0.25 0 70 71 18.59431224525011 0.08333930557900897
-0.25 0 71 72 17.95130361313282 0.05682187880620915
-0.25 0 72 73 17.31601550198511 0.04313259545721652
-0.25 0 73 74 16.68903588371167 0.03751669577821484
-0.25 0 74 75 16.07113147569575 0.03684235980658839
-0.25 0 75 76 15.46274288177599 0.03835194969178077
-0.25 0 76 77 14.86449668465561 0.04091201231712992
-0.25 0 77 78 14.27155937303185 0.6536766654324366
-0.25 0 78 79 13.69437571653209 0.514223556456215
-0.25 0 79 80 13.12936421315592 0.3981163519381007
-0.25 0 80 81 12.57699113774 0.3030311605224673
-0.25 0 81 82 12.03766569980144 0.2267824853074481
-0.25 0 82 83 11.511742025907 0.1673287839780139
-0.25 0 83 84 10.99952117323256 0.1227722449271366
-0.25 0 84 85 10.50125317262012 0.09133873606913856
-0.25 0 85 86 10.0171390995007 0.07131419899554953
-0.25 0 86 87 9.5473331704505 0.06096195492883973
-0.25 0 87 88 9.091944861803391 0.05858750428306182
-0.25 0 88 89 8.651041046976573 0.06279685078707548
-0.25 0 89 90 8.224648146683776 0.07256906744594897
-0.25 0 90 91 7.812745344513232 0.08682231280708542
-0.25 0 91 92 7.415250266495171 0.1038469155299539
-0.25 0 92 93 7.032075882501864 0.122706494982192
-0.25 0 93 94 6.663112529442181 0.1427692904177079
-0.25 0 94 95 6.308220743103593 0.163481486483695
-0.25 0 95 96 5.967233393411764 0.1843663395784898
-0.25 0 96 97 5.631052661009917 0.1454988629958691
-0.25 0 97 98 5.31934536990153 0.1613250539733513
-0.25 0 98 99 5.028457500602833 0.01416472868786865
-0.25 0 99 100 4.740477482158198 0.01252275087245468
0 0.25 50 51 35.44800718708393 0.1242133979862799
0 0.25 51 52 34.38113653618541 0.1225754237371424
0 0.25 52 53 33.33641383760755 0.1191751240204607
0 0.25 53 54 32.31506123735545 0.1133905041592003
0 0.25 54 55 31.30614519273772 1.716333722358155
0 0.25 55 56 30.33499142023351 1.515796330061598
0 0.25 56 57 29.38847837761304 1.33165450008784
0 0.25 57 58 28.46668904204671 1.165233671680385
0 0.25 58 59 27.56978874512191 1.015681275358502
0 0.25 59 60 26.69780855434604 0.8821252615765378
0 0.25 60 61 25.85066584309351 0.7636788862714937
0 0.25 61 62 25.02818277506091 0.6594449991586215
0 0.25 62 63 24.23008116310615 0.5683217516204732
0 0.25 63 64 23.45549617928231 0.485287343531253
0 0.25 64 65 22.70362995671287 0.4061894854239049
0 0.25 65 66 21.97410532591694 0.3314726410965456
0 0.25 66 67 21.26575360418015 0.2668783830606059
0 0.25 67 68 20.57729853779897 0.2111331525440776
0 0.25 68 69 19.90581962326743 0.1620387578575311
0 0.25 69 70 19.24655332963674 0.1193157542733227
0 0.25 70 71 18.59581763797105 0.08333859642145015
0 0.25 71 72 17.95271806071321 0.05682115757235375
0 0.25 72 73 17.31734339893842 0.04313211722608869
0 0.25 73 74 16.690281442478 0.03751660067226407
0 0.25 74 75 16.07229875462451 0.03684257920678573
0 0.25 75 76 15.46383577114261 0.0383523703133104
0 0.25 76 77 14.86551892769776 0.04091254347897741
0 0.25 77 78 14.27251372986879 0.6536676348610856
0 0.25 78 79 13.69526658523688 0.5142146619453103
0 0.25 79 80 13.1301949401721 0.3981077345355599
0 0.25 80 81 12.57776494125797 0.3030229465866088
0 0.25 81 82 12.03838567265569 0.2267747922271349
0 0.25 82 83 11.51241113852758 0.1673217261190429
0 0.25 83 84 11.00014227644027 0.122765936110251
0 0.25 84 85 10.50182900047366 0.09133327632985884
0 0.25 85 86 10.01767227205803 0.0713096226163656
0 0.25 86 87 9.54782619656568 0.06095814880332247
0 0.25 87 88 9.092400141847442 0.05858421344548807
0 0.25 88 89 8.65146087554259 0.06279383982031618
0 0.25 89 90 8.225034715321605 0.07256624561503083
0 0.25 90 91 7.813100744066205 0.08681970333098082
0 0.25 91 92 7.415576488740626 0.1038445735547533
0 0.25 92 93 7.03237482418151 0.1227044590296064
0 0.25 93 94 6.663385995337734 0.1427675786195956
0 0.25 94 95 6.308470448695406 0.1634801014356846
0 0.25 95 96 5.967460967551407 0.1843652732357572
0 0.25 96 97 5.631259648581658 0.1454977883953141
0 0.25 97 98 5.319533234487086 0.1613243866906814
0 0.25 98 99 5.028627501228367 0.01416465983577966
0 0.25 99 100 4.740631053066394 0.01252269448170675
0.25 0.5 50 51 35.28317981262455 0.1253637858852547
0.25 0.5 51 52 34.22313069558317 0.1235519752421114
0.25 0.5 52 53 33.18506360481206 0.1197506782699786
0.25 0.5 53 54 32.17019377484692 0.1141894639368727
0.25 0.5 54 55 31.16824546015405 1.70352287278132
0.25 0.5 55 56 30.20319846891866 1.504363077565887
0.25 0.5 56 57 29.26261250554791 1.321502719119351
0.25 0.5 57 58 28.34657079232045 1.156252436098811
0.25 0.5 58 59 27.45523869272441 1.007762986644599
0.25 0.5 59 60 26.5886481087046 0.8751659423387285
0.25 0.5 60 61 25.74671792347746 0.7575784516641472
0.25 0.5 61 62 24.92927237043185 0.6541075088004658
0.25 0.5 62 63 24.13603590567112 0.5636574614502626
0.25 0.5 63 64 23.3661498672711 0.4812490559880089
0.25 0.5 64 65 22.61882198891833 0.4027657628455819
0.25 0.5 65 66 21.89367804492197 0.3286461115155508
0.25 0.5 66 67 21.18955640189374 0.2645768856087982
0.25 0.5 67 68 20.50518659038005 0.2092932322503795
0.25 0.5 68 69 19.83766009423852 0.1606144101606567
0.25 0.5 69 70 19.18222893709085 0.1182614969315884
0.25 0.5 70 71 18.53522209680145 0.08260273075809707
0.25 0.5 71 72 17.89574635050937 0.05654737617670771
0.25 0.5 72 73 17.26388947986769 0.04305980492774062
0.25 0.5 73 74 16.64023634987574 0.03752823182808975
0.25 0.5 74 75 16.02555058962317 0.03683539274857347
0.25 0.5 75 76 15.42027084845301 0.03828123273214688
0.25 0.5 76 77 14.82502146510956 0.04076211470956945
0.25 0.5 77 78 14.21086391289595 0.4979904918472252
0.25 0.5 78 79 13.66018996347229 0.5138788992861377
0.25 0.5 79 80 13.09784370563623 0.3987241909539043
0.25 0.5 80 81 12.54801831454847 0.3044110145954789
0.25 0.5 81 82 12.01112307329198 0.2287668452877376
0.25 0.5 82 83 11.48751261614369 0.1697609298576483
0.25 0.5 83 84 10.97748891193932 0.1255034345874918
0.25 0.5 84 85 10.48130327700291 0.09422701279344876
0.25 0.5 85 86 9.999158416125887 0.0742328520350997
0.25 0.5 86 87 9.53121048956897 0.06382548457170564
0.25 0.5 87 88 9.077571202412066 0.06136880544989956
0.25 0.5 88 89 8.638309913280494 0.06549211381377656
0.25 0.5 89 90 8.213455756624384 0.07515070910911079
0.25 0.5 90 91 7.802990807911492 0.08923833932637548
0.25 0.5 91 92 7.406835689902785 0.1060477917948788
0.25 0.5 92 93 7.02490658489079 0.1246536877973838
0.25 0.5 93 94 6.657097190322812 0.1444346441591521
0.25 0.5 94 95 6.303271504669695 0.1648457594907732
0.25 0.5 95 96 5.963265940328373 0.1854175956674698
0.25 0.5 96 97 5.62840832032543 0.1464887325435844
0.25 0.5 97 98 5.317495612483743 0.1620704491804506
0.25 0.5 98 99 5.02716749307621 0.01366677842074651
0.25 0.5 99 100 4.739863160939759 0.0120257459581944
0.5 0.75 50 51 35.20395014722789 0.1198357373003669
0.5 0.75 51 52 34.14292394983062 0.1202030654093917
0.5 0.75 52 53 33.10436542395598 0.1169208717381348
0.5 0.75 53 54 32.08942315100532 0.1104604098931712
0.5 0.75 54 55 31.08700825930322 1.679153915442096
0.5 0.75 55 56 30.12256151492039 1.482768832392058
0.5 0.75 56 57 29.18284066881807 1.302484461861267
0.5 0.75 57 58 28.26788934276917 1.139584187052556
0.5 0.75 58 59 27.37783796915645 0.9932257518438983
0.5 0.75 59 60 26.51268769624843 0.8625483189000729
0.5 0.75 60 61 25.67233035243285 0.7466771789829536
0.5 0.75 61 62 24.85656638203756 0.6447279694092954
0.5 0.75 62 63 24.06509928231193 0.5556175680291862
0.5 0.75 63 64 23.29705266859578 0.4744477153498612
0.5 0.75 64 65 22.55161834377571 0.397170460801509
0.5 0.75 65 66 21.8284077852522 0.3242140679156307
0.5 0.75 66 67 21.12625037428847 0.2611594264322066
0.5 0.75 67 68 20.44386496761328 0.206759810453112
0.5 0.75 68 69 19.77834275370888 0.1588711838526073
0.5 0.75 69 70 19.12494086628476 0.117214482743335
0.5 0.75 70 71 18.47999206577221 0.08214938596293075
0.5 0.75 71 72 17.84259732701581 0.05438575023482899
0.5 0.75 72 73 17.21283736781005 0.0403090007865935
0.5 0.75 73 74 16.59128773288046 0.03426656672482747
0.5 0.75 74 75 15.97870351517517 0.03340883225789873
0.5 0.75 75 76 15.37551648509753 0.03490125800685048
0.5 0.75 76 77 14.78234354437694 0.03751261943314686
0.5 0.75 77 78 14.17181360227269 0.4932686900547262
0.5 0.75 78 79 13.62254943381177 0.5086520071340843
0.5 0.75 79 80 13.06215642544299 0.3955300890461355
0.5 0.75 80 81 12.5142444267457 0.3028933514600286
0.5 0.75 81 82 11.97921852217414 0.2285982674338118
0.5 0.75 82 83 11.45742967281242 0.1706405026722476
0.5 0.75 83 84 10.94917667321643 0.1271535009318164
0.5 0.75 84 85 10.45470813828837 0.09639142221449545
0.5 0.75 85 86 9.974224518414843 0.07668319137622709
0.5 0.75 86 87 9.50788014089806 0.06638151696661705
0.5 0.75 87 88 9.055785274055019 0.06391199263453128
0.5 0.75 88 89 8.618008211097205 0.06793699728018773
0.5 0.75 89 90 8.19457736790811 0.0774047241973688
0.5 0.75 90 91 7.785474399543283 0.09120110223774169
0.5 0.75 91 92 7.390619730907083 0.1076396193649809
0.5 0.75 92 93 7.009929686332605 0.1258138691336416
0.5 0.75 93 94 6.643298382220138 0.1451178664959565
0.5 0.75 94 95 6.290590467887352 0.1650203500444913
0.5 0.75 95 96 5.951643216793016 0.1850635375852572
0.5 0.75 96 97 5.618201720106104 0.1463925268678809
0.5 0.75 97 98 5.3173568715793 0.01452211139136978
0.5 0.75 98 99 5.017990681278032 0.01267266337454721
0.5 0.75 99 100 4.731536950196521 0.01113891436228131
0.75 1 50 51 35.50942097364384 0.1187083469874845
0.75 1 51 52 34.43449137712332 0.1189575428366419
0.75 1 52 53 33.38318056032887 0.1156376422870098
0.75 1 53 54 32.35652119759203 0.1092117012853045
0.75 1 54 55 31.3420817607367 1.630386953445444
0.75 1 55 56 30.36778319944321 1.438568819228881
0.75 1 56 57 29.41896093327233 1.262549878264385
0.75 1 57 58 28.49558363877392 1.103575067343741
0.75 1 58 59 27.59771553867969 0.9608118578028276
0.75 1 59 60 26.72529852811127 0.8334101194685593
0.75 1 60 61 25.87817139837696 0.7205067447893632
0.75 1 61 62 25.05608709974274 0.6212297904430484
0.75 1 62 63 24.25870624387187 0.5345141501978431
0.75 1 63 64 23.48510974825305 0.4555770959553821
0.75 1 64 65 22.73445060060101 0.3804680213423791
0.75 1 65 66 22.00630886118192 0.3096007616704035
0.75 1 66 67 21.29948175528128 0.2484071158825756
0.75 1 67 68 20.61264928949886 0.1956668266562165
0.75 1 68 69 19.94285963819421 0.1492842847583263
0.75 1 69 70 19.2853093438257 0.1089863808328572
0.75 1 70 71 18.63628692484397 0.07511506533478261
0.75 1 71 72 17.9948723653756 0.04461554252617224
0.75 1 72 73 17.36113803168135 0.02066970585874445
0.75 1 73 74 16.73565305606284 0.01452977493431664
0.75 1 74 75 16.11916998951958 0.01732107319655929
0.75 1 75 76 15.5121176558964 0.02279252894743131
0.75 1 76 77 14.91511108912999 0.03126071510119415
0.75 1 77 78 14.298256883116 0.4747484466284634
0.75 1 78 79 13.74552887170827 0.495577104836861
0.75 1 79 80 13.1816257203773 0.3858413335879141
0.75 1 80 81 12.63021922622052 0.2960688097163352
0.75 1 81 82 12.09171701671587 0.224171345467147
0.75 1 82 83 11.56647283310939 0.1681981516404395
0.75 1 83 84 11.05478843525012 0.1263289838638732
0.75 1 84 85 10.55691554034796 0.09684449020506933
0.75 1 85 86 10.07305779380896 0.07806468859659703
0.75 1 86 87 9.603372770034177 0.06830676119678063
0.75 1 87 88 9.147973999420842 0.06598813189994958
0.75 1 88 89 8.706933018508927 0.06982947701946442
0.75 1 89 90 8.280281437561577 0.07887266086566709
0.75 1 90 91 7.868004035631955 0.09209260409080823
0.75 1 91 92 7.470024278203272 0.1078824171254858
0.75 1 92 93 7.086261382208015 0.1253640689525601
0.75 1 93 94 6.716612208364968 0.1439442166580417
0.75 1 94 95 6.360943993483197 0.163101972001879
0.75 1 95 96 6.019096428106273 0.1823890486411318
0.75 1 96 97 5.682897548642426 0.142277566414458
0.75 1 97 98 5.379235764275165 0.01099927494363002
0.75 1 98 99 5.077126761627824 0.008130821612872889
0.75 1 99 100 4.78800221448153 0.006291522321807428
1 1.25 50 51 35.61790359707396 0.1130728947161322
1 1.25 51 52 34.54646606777442 0.1133472536089239
1 1.25 52 53 33.49878629537514 0.1101617941448114
1 1.25 53 54 32.47584273928373 0.103968162210767
1 1.25 54 55 31.46828024663841 1.580043052481356
1 1.25 55 56 30.4975889067147 1.393628498423239
1 1.25 56 57 29.55235569851732 1.222658104496761
1 1.25 57 58 28.6325247406854 1.06832129789414
1 1.25 58 59 27.73813567500702 0.9297963029727169
1 1.25 59 60 26.86910986194135 0.8062449576326024
1 1.25 60 61 26.02526910508138 0.6968172536570952
1 1.25 61 62 25.20635245395403 0.6006554011996904
1 1.25 62 63 24.41200910959816 0.5167156053397289
1 1.25 63 64 23.64131005739323 0.4403596739085747
1 1.25 64 65 22.89339907930409 0.3677584951357502
1 1.25 65 66 22.16784938671512 0.2993055615354563
1 1.25 66 67 21.46345323198092 0.2402426648459146
1 1.25 67 68 20.77887613824768 0.1893812431166109
1 1.25 68 69 20.11114837980188 0.144690332091013
1 1.25 69 70 19.45542122533831 0.1058955787491701
1 1.25 70 71 18.80794007029554 0.07332320325611598
1 1.25 71 72 18.16776106614398 0.04401662297269886
1 1.25 72 73 17.53494766919745 0.02916393498502283
1 1.25 73 74 16.91006520542079 0.0236594571367155
1 1.25 74 75 16.29386999924735 0.02393877440479647
1 1.25 75 76 15.6867916718022 0.02658310845074695
1 1.25 76 77 15.08945017638347 0.03005015997233847
1 1.25 77 78 14.47522226817473 0.444634232734801
1 1.25 78 79 13.92070599090226 0.4718669421504709
1 1.25 79 80 13.35556883217835 0.3671872849436674
1 1.25 80 81 12.80264942654978 0.2817947113192634
1 1.25 81 82 12.26236918468448 0.2136771759951376
1 1.25 82 83 11.73509625963732 0.1609573260935617
1 1.25 83 84 11.22114733358625 0.1218723323759714
1 1.25 84 85 10.72078944349533 0.09471540222524739
1 1.25 85 86 10.2342418441384 0.07774439742797805
1 1.25 86 87 9.761677906632904 0.06917127980264841
1 1.25 87 88 9.303227048980034 0.06738360196716615
1 1.25 88 89 8.85897669551381 0.07121340878041874
1 1.25 89 90 8.428974260106727 0.07988008019546496
1 1.25 90 91 8.013220078953978 0.09251598018784425
1 1.25 91 92 7.611652702549296 0.1076358744854916
1 1.25 92 93 7.224206397375767 0.1243967130706185
1 1.25 93 94 6.850792795515247 0.1422159500252188
1 1.25 94 95 6.491293487290815 0.1605812461593442
1 1.25 95 96 6.145562050742463 0.1790530699925237
1 1.25 96 97 5.806426954020427 0.1365455424701183
1 1.25 97 98 5.496805855663098 0.009429905746084703
1 1.25 98 99 5.190806478647033 0.007609606135637314
1 1.25 99 100 4.89778627344425 0.006140425810696097
1.25 1.5 50 51 35.1544580814807 0.1072625462056064
1.25 1.5 51 52 34.09213895496197 0.1075055604621229
1.25 1.5 52 53 33.05411428217354 0.1044181325974772
1.25 1.5 53 54 32.04124523094399 0.09843876245581593
1.25 1.5 54 55 31.04714100011424 1.521533656470247
1.25 1.5 55 56 30.08701285383057 1.34135901665232
1.25 1.5 56 57 29.15249445948365 1.176157199920584
1.25 1.5 57 58 28.24346632092318 1.027059341523006
1.25 1.5 58 59 27.35991408072266 0.8932623809184486
1.25 1.5 59 60 26.50171288109848 0.7739481172282777
1.25 1.5 60 61 25.66864511861931 0.6682876154705433
1.25 1.5 61 62 24.86041637311561 0.5754451505629981
1.25 1.5 62 63 24.0766479298357 0.4944079891915695
1.25 1.5 63 64 23.31639914660983 0.420731458922771
1.25 1.5 64 65 22.57880345319302 0.3507501089405247
1.25 1.5 65 66 21.86341665617964 0.2848348813161221
1.25 1.5 66 67 21.16903171046309 0.2279849945779543
1.25 1.5 67 68 20.49431153896383 0.1790530935648209
1.25 1.5 68 69 19.8363142551722 0.1360889100580872
1.25 1.5 69 70 19.19024190717811 0.09882643306429367
1.25 1.5 70 71 18.55237886621489 0.06756796860117037
1.25 1.5 71 72 17.92177973508227 0.04685320941262654
1.25 1.5 72 73 17.29849545425385 0.03720031475294379
1.25 1.5 73 74 16.68307004743363 0.0346142123727503
1.25 1.5 74 75 16.0762378199955 0.03547695673090626
1.25 1.5 75 76 15.47841085413394 0.03755214822562499
1.25 1.5 76 77 14.89018982287411 0.04010274354165817
1.25 1.5 77 78 14.31223435231172 0.04267939847071533
1.25 1.5 78 79 13.7347142630796 0.4871283499664349
1.25 1.5 79 80 13.178292616013 0.3852308083002595
1.25 1.5 80 81 12.63389742702323 0.3018381030370429
1.25 1.5 81 82 12.10193833965303 0.234977559954976
1.25 1.5 82 83 11.58277319170961 0.1828027475552827
1.25 1.5 83 84 11.07670974829647 0.1435878203922753
1.25 1.5 84 85 10.58400747238998 0.1157126054369128
1.25 1.5 85 86 10.1048793315179 0.0976414998624278
1.25 1.5 86 87 9.639493638533629 0.08791785485380138
1.25 1.5 87 88 9.187975923308549 0.08520083358087083
1.25 1.5 88 89 8.750410832270617 0.08832044251367925
1.25 1.5 89 90 8.3268440511339 0.09628390394578953
1.25 1.5 90 91 7.917274984766976 0.1080301907607627
1.25 1.5 91 92 7.52164161712831 0.1220242926462584
1.25 1.5 92 93 7.139879099550779 0.1374603508064791
1.25 1.5 93 94 6.771900945498622 0.153807884566023
1.25 1.5 94 95 6.417591368938123 0.1706035312037121
1.25 1.5 95 96 6.068793167013951 0.134253856084751
1.25 1.5 96 97 5.743253860601943 0.1474952484664897
1.25 1.5 97 98 5.439639762438194 0.01567492151077379
1.25 1.5 98 99 5.137774658144671 0.01400693102894928
1.25 1.5 99 100 4.848667544553892 0.01260534180916356
1.5 1.75 50 51 35.70757567921507 0.09957201894604867
1.5 1.75 51 52 34.61187779108167 0.0997703890595933
1.5 1.75 52 53 33.54323484148364 0.0967917284125088
1.5 1.75 53 54 32.50224739258391 0.09105846519112559
1.5 1.75 54 55 31.48907645965502 1.426121407854581
1.5 1.75 55 56 30.50498221812197 1.253877612121915
1.5 1.75 56 57 29.54834305927693 1.096159039263704
1.5 1.75 57 58 28.61886668195297 0.9540237071454771
1.5 1.75 58 59 27.71638604045887 0.8266781044820356
1.5 1.75 59 60 26.84063870597998 0.7133154728324165
1.5 1.75 60 61 25.99128306954005 0.6131200629289143
1.5 1.75 61 62 25.16791286475492 0.5252709279851677
1.5 1.75 62 63 24.37004766946269 0.4487799768161143
1.5 1.75 63 64 23.59664394140476 0.3793986668896049
1.5 1.75 64 65 22.84674179335791 0.31362954681077
1.5 1.75 65 66 22.11982231352626 0.2518199307944698
1.5 1.75 66 67 21.41460593178519 0.1986999774531501
1.5 1.75 67 68 20.72967463260794 0.1531744599094599
1.5 1.75 68 69 20.06200505323828 0.1133917001686956
1.5 1.75 69 70 19.40669417883383 0.07914423463504255
1.5 1.75 70 71 18.75994882321977 0.05078486127996561
1.5 1.75 71 72 18.12078220505086 0.0261818473568738
1.5 1.75 72 73 17.48922535694665 0.01093938741480233
1.5 1.75 73 74 16.86580451521642 0.01672014160935477
1.5 1.75 74 75 16.25124225370745 0.02548994001855887
1.5 1.75 75 76 15.64594300421547 0.03274121859022473
1.5 1.75 76 77 15.05049785368854 0.03887546364270302
1.5 1.75 77 78 14.42665030228829 0.421045727361936
1.5 1.75 78 79 13.87318255369764 0.457043013541711
1.5 1.75 79 80 13.31097829462659 0.3625390122947163
1.5 1.75 80 81 12.76096956566699 0.2855456041233742
1.5 1.75 81 82 12.22356139818697 0.2241770206923513
1.5 1.75 82 83 11.69910762846192 0.1766587355221418
1.5 1.75 83 84 11.18791253920595 0.1413092775570387
1.5 1.75 84 85 10.69023254621856 0.1165148982746239
1.5 1.75 85 86 10.20627792865977 0.1007196262821523
1.5 1.75 86 87 9.736214600704059 0.09246803099422217
1.5 1.75 87 88 9.280165921125821 0.090494843839173
1.5 1.75 88 89 8.838214537424101 0.09377432455771055
1.5 1.75 89 90 8.410404259820595 0.1014686301110456
1.5 1.75 90 91 7.996732834722572 0.1126504145592492
1.5 1.75 91 92 7.597137022427699 0.1259104727468252
1.5 1.75 92 93 7.211550309850622 0.1404916108207083
1.5 1.75 93 94 6.839884388294173 0.155887523823118
1.5 1.75 94 95 6.472694432039294 0.1182421822156523
1.5 1.75 95 96 6.130437750686404 0.1313036595610451
1.5 1.75 96 97 5.812902993611651 0.01268929227313742
1.5 1.75 97 98 5.494740930471476 0.009852645791993499
1.5 1.75 98 99 5.189711607497388 0.007301367960207424
1.5 1.75 99 100 4.897579233730278 0.005063380153492052
1.75 2 50 51 35.64233751544828 0.1021241504514323
1.75 2 51 52 34.56279983906487 0.1020743207508219
1.75 2 52 53 33.50983124604375 0.09897745359816945
1.75 2 53 54 32.48400101241566 0.09324366765664607
1.75 2 54 55 31.47517738047051 1.354643972989233
1.75 2 55 56 30.50549840379648 1.19062624179935
1.75 2 56 57 29.56274072283452 1.040519253933764
1.75 2 57 58 28.6466118906477 0.9053074034547671
1.75 2 58 59 27.75694240978581 0.7842209388284493
1.75 2 59 60 26.89347067462144 0.6764784458853437
1.75 2 60 61 26.0558586401487 0.5812909470668373
1.75 2 61 62 25.24370585341433 0.4978655579100982
1.75 2 62 63 24.45654044516117 0.4252534310799142
1.75 2 63 64 23.69335205259918 0.359444906604338
1.75 2 64 65 22.95320985451495 0.297143465320043
1.75 2 65 66 22.23560295583462 0.2386672654037706
1.75 2 66 67 21.53927834505063 0.1884514277435999
1.75 2 67 68 20.86282983827527 0.1454469880989278
1.75 2 68 69 20.20324440822432 0.1078999770534802
1.75 2 69 70 19.5555809916832 0.07559218073319211
1.75 2 70 71 18.91598512741675 0.04882641623506026
1.75 2 71 72 18.28342452588772 0.02545724829557963
1.75 2 72 73 17.6579057410721 0.01249883339334313
1.75 2 73 74 17.03994175531165 0.01803700854010663
1.75 2 74 75 16.4302560672859 0.02373468241531581
1.75 2 75 76 15.82924409281111 0.02894061553260924
1.75 2 76 77 15.23749907685259 0.03464712318990458
1.75 2 77 78 14.65568300528906 0.03936676775985944
1.75 2 78 79 14.04690207653339 0.3350927818236506
1.75 2 79 80 13.5081833547402 0.3609045027306443
1.75 2 80 81 12.95959982160581 0.2875099964565383
1.75 2 81 82 12.42309217334845 0.228875779623043
1.75 2 82 83 11.89903555755372 0.1833094487277206
1.75 2 83 84 11.38775652498723 0.1492171992164589
1.75 2 84 85 10.88953456383813 0.125087571981374
1.75 2 85 86 10.40460368192911 0.1094845939090482
1.75 2 86 87 9.933154035300504 0.1010703320186815
1.75 2 87 88 9.47533359985184 0.09865405629018806
1.75 2 88 89 9.031249883273308 0.1012243213523206
1.75 2 89 90 8.600971673058257 0.1079285669288376
1.75 2 90 91 8.184521589850654 0.1178492306186117
1.75 2 91 92 7.781860885238142 0.1296500735813073
1.75 2 92 93 7.392947655874853 0.1426280263807471
1.75 2 93 94 7.017717978287465 0.1563196955713485
1.75 2 94 95 6.648264869233046 0.1176233416959064
1.75 2 95 96 6.301884302806108 0.1291914004523028
1.75 2 96 97 5.977627364079058 0.009968588838092141
1.75 2 97 98 5.655247161387827 0.007377794360393266
1.75 2 98 99 5.345873594845271 0.005065169139383734
1.75 2 99 100 5.049291638848834 0.003133508867741259
2 2.25 50 51 36.02467068931614 0.1005887739039883
2 2.25 51 52 34.89734176841765 0.1003163921085986
2 2.25 52 53 33.80084601601899 0.09717514642752693
2 2.25 53 54 32.73535895270703 0.09155734718946495
2 2.25 54 55 31.68764475470982 1.297565764734088
2 2.25 55 56 30.68511029991737 1.140948050191521
2 2.25 56 57 29.7124045878619 0.9977001039610557
2 2.25 57 58 28.76897854869881 0.8687228922180887
2 2.25 58 59 27.85442700576674 0.7532661223799011
2 2.25 59 60 26.96827503452963 0.6505695018792603
2 2.25 60 61 26.10999135986954 0.5598667361389675
2 2.25 61 62 25.27900033387353 0.4803891036754561
2 2.25 62 63 24.47466978649999 0.4112227894984414
2 2.25 63 64 23.69582239631654 0.3485791929971013
2 2.25 64 65 22.94137586045598 0.2893453118787324
2 2.25 65 66 22.21069997621373 0.2338034954887309
2 2.25 66 67 21.50241940759891 0.1860953740901403
2 2.25 67 68 20.81500239835867 0.1452179935020847
2 2.25 68 69 20.14533253806873 0.1095084501780777
2 2.25 69 70 19.48839577149803 0.07870250753548329
2 2.25 70 71 18.84031912593322 0.05301988917417737
2 2.25 71 72 18.20005543546444 0.03008565525775445
2 2.25 72 73 17.5675969224959 0.01172506956813911
2 2.25 73 74 16.94342711070875 0.007379259412353573
2 2.25 74 75 16.32823465264288 0.01201221091191509
2 2.25 75 76 15.72239729667594 0.01904730972118929
2 2.25 76 77 15.12647776819507 0.02484668090816719
2 2.25 77 78 14.54110196779732 0.02960584230868751
2 2.25 78 79 13.94127460862244 0.3363312026076803
2 2.25 79 80 13.39982181398973 0.3628858919213541
2 2.25 80 81 12.84889571039734 0.2945632740605368
2 2.25 81 82 12.31053745715096 0.2399779794405479
2 2.25 82 83 11.78509167684639 0.1975131816571047
2 2.25 83 84 11.27285534175958 0.1656592362167445
2 2.25 84 85 10.77407929184979 0.1430115034123269
2 2.25 85 86 10.28896980404392 0.1282722691901821
2 2.25 86 87 9.817690210680791 0.1202577430945597
2 2.25 87 88 9.36036256348687 0.1179046247427367
2 2.25 88 89 8.917069339603987 0.1202675942070213
2 2.25 89 90 8.487855185549556 0.1265063241391625
2 2.25 90 91 8.072719115293854 0.1357060117333031
2 2.25 91 92 7.671598623991304 0.1465731916575803
2 2.25 92 93 7.284430016671116 0.1584370771449396
2 2.25 93 94 6.901521567292516 0.1266448946000682
2 2.25 94 95 6.543785875473414 0.1371486948707492
2 2.25 95 96 6.20501540845645 0.008226387965545173
2 2.25 96 97 5.872073073871597 0.005782244613480733
2 2.25 97 98 5.552430760815628 0.003638050614775941
2 2.25 98 99 5.245878505814886 0.00237399116382697
2 2.25 99 100 4.952186020731629 0.001667427587040657
2.25 2.5 50 51 35.40587216576657 0.09475805218891958
2.25 2.5 51 52 34.28224836264889 0.09438660543027928
2.25 2.5 52 53 33.19089960198068 0.09131338303713846
2.25 2.5 53 54 32.13178468932458 0.08591382513529225
2.25 2.5 54 55 31.0941257454995 1.19755262499343
2.25 2.5 55 56 30.099840661865 1.049881531315365
2.25 2.5 56 57 29.13610493939791 0.9149862407463183
2.25 2.5 57 58 28.2022429065922 0.793683281090328
2.25 2.5 58 59 27.29773853999218 0.6852426022836696
2.25 2.5 59 60 26.42201973881781 0.5889258676594099
2.25 2.5 60 61 25.5744701225626 0.5039902599151329
2.25 2.5 61 62 24.75443957083213 0.4296918696002908
2.25 2.5 62 63 23.96123108434266 0.3651541735206836
2.25 2.5 63 64 23.19362209412174 0.3068549718536609
2.25 2.5 64 65 22.450489848118 0.2519092609510508
2.25 2.5 65 66 21.73116129398929 0.200569356672995
2.25 2.5 66 67 21.03425046566826 0.1566189869703137
2.25 2.5 67 68 20.35821676949477 0.1191244315341269
2.25 2.5 68 69 19.69999633954941 0.08655530627361695
2.25 2.5 69 70 19.05467571927402 0.0587206554348776
2.25 2.5 70 71 18.41844739798061 0.03592214532519024
2.25 2.5 71 72 17.79024957096628 0.02221803343491034
2.25 2.5 72 73 17.17003770007793 0.02252488716334437
2.25 2.5 73 74 16.55824934691097 0.02670254415834067
2.25 2.5 74 75 15.95552920797549 0.03043178578062612
2.25 2.5 75 76 15.3622091099088 0.0334913776269792
2.25 2.5 76 77 14.7788106161289 0.03608321550721095
2.25 2.5 77 78 14.20592433553622 0.03873967786652911
2.25 2.5 78 79 13.60760235060101 0.2734296787451694
2.25 2.5 79 80 13.05560017385403 0.2141274419000652
2.25 2.5 80 81 12.53919476610854 0.2530909609083103
2.25 2.5 81 82 12.01331158126773 0.2040735677858452
2.25 2.5 82 83 11.50013655263404 0.1663804048735623
2.25 2.5 83 84 10.99994704585098 0.1385125840794798
2.25 2.5 84 85 10.51297635863635 0.1190151888541773
2.25 2.5 85 86 10.03941520503626 0.1065046658553441
2.25 2.5 86 87 9.579413248752456 0.09974287029898965
2.25 2.5 87 88 9.13308068211354 0.09771194457726827
2.25 2.5 88 89 8.700489847212719 0.09962240716215377
2.25 2.5 89 90 8.281676895723276 0.1048456053418718
2.25 2.5 90 91 7.876634271144965 0.1126890888488991
2.25 2.5 91 92 7.485295479654422 0.1220871868105552
2.25 2.5 92 93 7.097847192624585 0.08095579552176059
2.25 2.5 93 94 6.735477492678122 0.09094423702914815
2.25 2.5 94 95 6.386412559831481 0.1011654124967068
2.25 2.5 95 96 6.050506232060346 0.1113324713790589
2.25 2.5 96 97 5.736789689208775 0.01104403184537917
2.25 2.5 97 98 5.424825912568833 0.009324715653094343
2.25 2.5 98 99 5.125642940004401 0.007827580405507356
2.25 2.5 99 100 4.839013321266078 0.006560069114850698
2.5 2.75 50 51 35.51024036076058 0.1057291519259768
2.5 2.75 51 52 34.35445153726093 0.1029230900691745
2.5 2.75 52 53 33.23440175651447 0.09894100306399231
2.5 2.75 53 54 32.14969812544631 0.09393452426466625
2.5 2.75 54 55 31.04221216418772 0.8528044973030657
2.5 2.75 55 56 30.07436167817995 0.9800486652377577
2.5 2.75 56 57 29.09265780055017 0.8529849081365194
2.5 2.75 57 58 28.14287065832141 0.7388165702087888
2.5 2.75 58 59 27.22428267036175 0.6368370579895356
2.5 2.75 59 60 26.33614047214445 0.5463330310714243
2.5 2.75 60 61 25.47766454986196 0.4665880678092998
2.5 2.75 61 62 24.64805783116995 0.3968859310811936
2.5 2.75 62 63 23.84649078780413 0.3363907188631354
2.5 2.75 63 64 23.07162676132572 0.2818555814985192
2.5 2.75 64 65 22.32223885308403 0.2306266729290715
2.5 2.75 65 66 21.59755595776907 0.1829160858612885
2.5 2.75 66 67 20.89611456471165 0.1421389044477343
2.5 2.75 67 68 20.21629235499194 0.1074202055282038
2.5 2.75 68 69 19.55497533993261 0.07734739860317913
2.5 2.75 69 70 18.90721290904393 0.05172405714208673
2.5 2.75 70 71 18.26916909943959 0.03831600438183962
2.5 2.75 71 72 17.63973960753844 0.03288090033759875
2.5 2.75 72 73 17.01884098408493 0.03261336009470128
2.5 2.75 73 74 16.40686618185226 0.0345933067219613
2.5 2.75 74 75 15.80441872016095 0.03644886442580972
2.5 2.75 75 76 15.21179567736198 0.037977530658435
2.5 2.75 76 77 14.62948141296095 0.03926211116177001
2.5 2.75 77 78 14.02646542212654 0.3057354460620526
2.5 2.75 78 79 13.46463663651937 0.2397074799995844
2.5 2.75 79 80 12.91507885362567 0.1853837535545464
2.5 2.75 80 81 12.40028094652414 0.2244177182314946
2.5 2.75 81 82 11.877022275413 0.1801702720774249
2.5 2.75 82 83 11.36665898349682 0.1463516851493646
2.5 2.75 83 84 10.86944369818277 0.1215222295214888
2.5 2.75 84 85 10.38558653041727 0.1042610366163896
2.5 2.75 85 86 9.91525649843911 0.09320680307252859
2.5 2.75 86 87 9.458583002230839 0.08715950449461719
2.5 2.75 87 88 9.015657345335427 0.08517736047933834
2.5 2.75 88 89 8.586534300377732 0.08658234607040739
2.5 2.75 89 90 8.171233715016012 0.09086908350143458
2.5 2.75 90 91 7.769733294636154 0.09747625395792374
2.5 2.75 91 92 7.381953991925997 0.1055001122988186
2.5 2.75 92 93 6.99880290537188 0.06685560127381139
2.5 2.75 93 94 6.639826903984982 0.07600713084336508
2.5 2.75 94 95 6.294144068871084 0.0852673664676822
2.5 2.75 95 96 5.961599635667042 0.09441366047398204
2.5 2.75 96 97 5.648064959730627 0.01055045965792522
2.5 2.75 97 98 5.339588099866416 0.009210941803297018
2.5 2.75 98 99 5.043842697030485 0.008117213093065078
2.5 2.75 99 100 4.76059433375158 0.00726560750026348
2.75 3 50 51 35.00954150890601 0.1252474305054299
2.75 3 51 52 33.83106034203615 0.1206137994019943
2.75 3 52 53 32.69196474567626 0.1152435793920212
2.75 3 53 54 31.59146024781303 0.1092292881221849
2.75 3 54 55 30.47426264255884 0.7959706964743209
2.75 3 55 56 29.49258028033134 0.9079932150252534
2.75 3 56 57 28.50285870298804 0.788739522678371
2.75 3 57 58 27.54708897240947 0.6816577701898114
2.75 3 58 59 26.62432855987339 0.5860679612914068
2.75 3 59 60 25.73362268980823 0.5012847849849587
2.75 3 60 61 24.87401140208659 0.4266211280017078
2.75 3 61 62 24.04453583564627 0.3613911974933659
2.75 3 62 63 23.2442215064212 0.3048037546713501
2.75 3 63 64 22.47161284202059 0.2539203258681417
2.75 3 64 65 21.72537490798685 0.2063470337072345
2.75 3 65 66 21.00463158243251 0.1622526886497572
2.75 3 66 67 20.30784883500062 0.1246344310309562
2.75 3 67 68 19.63333686812243 0.0926931215320962
2.75 3 68 69 18.97798234194019 0.06516809634868163
2.75 3 69 70 18.33689935855546 0.04876904978088426
2.75 3 70 71 17.7063073687125 0.04105710294291686
2.75 3 71 72 17.08508085413954 0.03790441954220731
2.75 3 72 73 16.47309302835247 0.03835834859052537
2.75 3 73 74 15.87067529244221 0.03997434668756977
2.75 3 74 75 15.27836640374387 0.04120017951017162
2.75 3 75 76 14.69641235226138 0.04206740059450108
2.75 3 76 77 14.12523879634732 0.04269394510329063
2.75 3 77 78 13.53197922894874 0.2653874657461984
2.75 3 78 79 12.9824882008214 0.2051193295905119
2.75 3 79 80 12.44555322852939 0.1556709309879597
2.75 3 80 81 11.94269264951126 0.1868375785311464
2.75 3 81 82 11.43219976090661 0.1472797198214439
2.75 3 82 83 10.93475306502907 0.1173019573604769
2.75 3 83 84 10.45056103451491 0.09555479608425764
2.75 3 84 85 9.979792226099757 0.08065153173638843
2.75 3 85 86 9.522576655529168 0.07120427985774838
2.75 3 86 87 9.079007220798534 0.06597331198886021
2.75 3 87 88 8.649141170335874 0.06403663657532654
2.75 3 88 89 8.233001612358278 0.06482603760230082
2.75 3 89 90 7.830579062643928 0.0680012400333717
2.75 3 90 91 7.441824598081789 0.0731862229396687
2.75 3 91 92 7.066636014073033 0.07968487508788176
2.75 3 92 93 6.696568881273516 0.0474530703889705
2.75 3 93 94 6.349636577461398 0.05547094245381548
2.75 3 94 95 6.01578743117558 0.06360494002457545
2.75 3 95 96 5.694851162876086 0.07163810858048468
2.75 3 96 97 5.386638910834115 0.07939764180794219
2.75 3 97 98 5.095921743696644 0.008276466463795198
2.75 3 98 99 4.811134116671075 0.007045500659320382
2.75 3 99 100 4.53856175705513 0.006028606136576821
3 3.25 50 51 33.58998259315663 0.1538692608345055
3 3.25 51 52 32.41215226310904 0.1470689291224009
3 3.25 52 53 31.27687766080236 0.1399463832200844
3 3.25 53 54 30.18294718805151 0.1325487580547372
3 3.25 54 55 29.12911506489803 0.1249648759646229
3 3.25 55 56 28.06832189391335 0.6549465101185873
3 3.25 56 57 27.12673775290149 0.7318488971402813
3 3.25 57 58 26.18532928078181 0.6317635430002181
3 3.25 58 59 25.27823770935866 0.5424019690271581
3 3.25 59 60 24.404310130978 0.4631150224620624
3 3.25 60 61 23.56241094440063 0.3932527119833061
3 3.25 61 62 22.75142555160975 0.3321671964302342
3 3.25 62 63 21.97024208511129 0.2791212535623391
3 3.25 63 64 21.21730579491076 0.2315356672481791
3 3.25 64 65 20.49119206601507 0.1873171597764841
3 3.25 65 66 19.79092876749671 0.1465813796231861
3 3.25 66 67 19.11493919708736 0.1118388773123564
3 3.25 67 68 18.4615014541663 0.08237800259215595
3 3.25 68 69 17.82758347424284 0.06602014520988167
3 3.25 69 70 17.20850481507838 0.05565620352244719
3 3.25 70 71 16.60065061095818 0.0495776896066278
3 3.25 71 72 16.00290313904874 0.04689711982385135
3 3.25 72 73 15.41508988495371 0.04664923863033184
3 3.25 73 74 14.83746395118906 0.04715909537760723
3 3.25 74 75 14.27047551712497 0.04739490363135402
3 3.25 75 76 13.71430495230189 0.04738563172397592
3 3.25 76 77 13.16929845342344 0.04720402448891567
3 3.25 77 78 12.60215756070325 0.2181300360879432
3 3.25 78 79 12.0796219981548 0.1636735342025584
3 3.25 79 80 11.56979793013125 0.1192099068587951
3 3.25 80 81 11.09227275151781 0.1391185687385211
3 3.25 81 82 10.60876841762797 0.1047596799694021
3 3.25 82 83 10.13826113978389 0.07946642758302067
3 3.25 83 84 9.680898052092413 0.06209506141791304
3 3.25 84 85 9.236790285775498 0.05120640055911681
3 3.25 85 86 8.806014288243778 0.04498109329064856
3 3.25 86 87 8.388613183766481 0.04161011092615315
3 3.25 87 88 7.984598172324354 0.03986662765314724
3 3.25 88 89 7.593949963061711 0.03929583268714296
3 3.25 89 90 7.216620240293729 0.03999558219952293
3 3.25 90 91 6.852525635581806 0.04219196125494092
3 3.25 91 92 6.501535500099584 0.04577534275562652
3 3.25 92 93 6.163519374095006 0.05050109902886914
3 3.25 93 94 5.832093766534599 0.02543620331869865
3 3.25 94 95 5.520693929065057 0.03197277963053734
3 3.25 95 96 5.221661826880585 0.03863938904172882
3 3.25 96 97 4.934792407958082 0.04517709764695439
3 3.25 97 98 4.659865618021597 0.05141597299047946
3 3.25 98 99 4.401074799406068 0.007264956357376343
3 3.25 99 100 4.1482037605191 0.006129403942708282
3.25 3.5 50 51 30.76196335820993 0.1340110854270133
3.25 3.5 51 52 29.63189611005875 0.1267493481225337
3.25 3.5 52 53 28.54585731454401 0.1192708621558219
3.25 3.5 53 54 27.50227287016664 0.1115939335407089
3.25 3.5 54 55 26.49958386398296 0.1037772276030973
3.25 3.5 55 56 25.53617044154765 0.09603782285400388
3.25 3.5 56 57 24.57183937856123 0.5290155330975204
3.25 3.5 57 58 23.68487058720668 0.4566594131868333
3.25 3.5 58 59 22.8557291811335 0.4982757223533887
3.25 3.5 59 60 22.03368893708744 0.4250307498669775
3.25 3.5 60 61 21.24335600530913 0.3603992579649832
3.25 3.5 61 62 20.4835063403557 0.3037819830428091
3.25 3.5 62 63 19.75293638653221 0.2545085977018876
3.25 3.5 63 64 19.05005438657405 0.2104188678563234
3.25 3.5 64 65 18.37340319415413 0.169764683332311
3.25 3.5 65 66 17.72195433817676 0.1325929495106102
3.25 3.5 66 67 17.09415251421994 0.1008494639311483
3.25 3.5 67 68 16.48831573230108 0.07391623847014644
3.25 3.5 68 69 15.90162087459372 0.05088235764364894
3.25 3.5 69 70 15.32979524738061 0.03376785385427307
3.25 3.5 70 71 14.76954815065118 0.02640779540304309
3.25 3.5 71 72 14.21981971449772 0.0240671769542484
3.25 3.5 72 73 13.68039912034519 0.02562982080839707
3.25 3.5 73 74 13.15144911185741 0.02820903785199241
3.25 3.5 74 75 12.63330935724516 0.03026712094225266
3.25 3.5 75 76 12.1260852912511 0.0318329103927615
3.25 3.5 76 77 11.63002594410797 0.03328125169698863
3.25 3.5 77 78 11.11345664062356 0.165673870323631
3.25 3.5 78 79 10.63970298182409 0.1173781708639034
3.25 3.5 79 80 10.17838964389083 0.07811164436066653
3.25 3.5 80 81 9.746461396408927 0.08436938008827734
3.25 3.5 81 82 9.310412398435876 0.05675314159363775
3.25 3.5 82 83 8.886841268385835 0.03943203728362434
3.25 3.5 83 84 8.475821405986229 0.03256958750263314
3.25 3.5 84 85 8.052290176327375 0.08169035970461165
3.25 3.5 85 86 7.687551032317197 0.05577192033033274
3.25 3.5 86 87 7.278477901828481 0.01715525780617515
3.25 3.5 87 88 6.900282856886149 0.0167285751751892
3.25 3.5 88 89 6.549646949675599 0.02154908614730262
3.25 3.5 89 90 6.223574532136904 0.01696131205816885
3.25 3.5 90 91 5.919085023744251 0.01619389541266096
3.25 3.5 91 92 5.632702862572347 0.03488056984640166
3.25 3.5 92 93 5.36222701963491 0.06200922431893316
3.25 3.5 93 94 5.051753097872479 0.02362553980623231
3.25 3.5 94 95 4.771553769607857 0.006144386541864275
3.25 3.5 95 96 4.507730200600398 0.00644365820648825
3.25 3.5 96 97 4.255001952006365 0.01048809555829665
3.25 3.5 97 98 4.013141423549998 0.01527122312100287
3.25 3.5 98 99 3.781910316967735 0.01995985639029139
3.25 3.5 99 100 3.561060623472017 0.02432204564827848
3.5 3.75 50 51 26.16935475018819 0.07025731041360313
3.5 3.75 51 52 25.15814518017374 0.06618749717225424
3.5 3.75 52 53 24.18923771389112 0.06157116779329404
3.5 3.75 53 54 23.26085391190356 0.05642270057285127
3.5 3.75 54 55 22.371271942864 0.05098286293834181
3.5 3.75 55 56 21.51875076921638 0.04588973474477712
3.5 3.75 56 57 20.70135385762754 0.04154543247469957
3.5 3.75 57 58 19.91749959507779 0.03819872902784434
3.5 3.75 58 59 19.16576901024791 0.03571803515706537
3.5 3.75 59 60 18.41656492120754 0.311595313488104
3.5 3.75 60 61 17.74416274631361 0.3327610769108118
3.5 3.75 61 62 17.08090116334048 0.2812214446679721
3.5 3.75 62 63 16.44447758882467 0.2361777985638288
3.5 3.75 63 64 15.83337537568151 0.1959540333486326
3.5 3.75 64 65 15.24620754984986 0.1591959304868514
3.5 3.75 65 66 14.68196813016838 0.1258707713146811
3.5 3.75 66 67 14.13922664322511 0.0972933420552838
3.5 3.75 67 68 13.61645146167448 0.0729440103486246
3.5 3.75 68 69 13.11119721574974 0.05208437376522596
3.5 3.75 69 70 12.61984700423698 0.03451110932309837
3.5 3.75 70 71 12.13962649961543 0.02029016953708044
3.5 3.75 71 72 11.66960254476169 0.01597122250385358
3.5 3.75 72 73 11.20954619542869 0.01861204031319686
3.5 3.75 73 74 10.7595292669679 0.02264619341310214
3.5 3.75 74 75 10.31976947968272 0.02617924253775212
3.5 3.75 75 76 9.890298720749222 0.02903822060952754
3.5 3.75 76 77 9.471261944306548 0.03128294942479568
3.5 3.75 77 78 9.062850629837813 0.03294991833959657
3.5 3.75 78 79 8.639318479813742 0.08296041099405978
3.5 3.75 79 80 8.263050490123611 0.06798800485646048
3.5 3.75 80 81 7.887441908889951 0.03795445252170868
3.5 3.75 81 82 7.523015202226484 0.02366216419894028
3.5 3.75 82 83 7.149935634913223 0.06124438419000244
3.5 3.75 83 84 6.767270612782432 0.0321214225970386
3.5 3.75 84 85 6.496940945077948 0.04731113159067864
3.5 3.75 85 86 6.177239262761315 0.05217092865776215
3.5 3.75 86 87 5.875811290389408 0.05472698235455723
3.5 3.75 87 88 5.578527648500044 0.05242013986917741
3.5 3.75 88 89 5.291205444085419 0.05083039315159645
3.5 3.75 89 90 5.029311738516626 0.0208759820451055
3.5 3.75 90 91 4.756735011963293 0.01419453319834681
3.5 3.75 91 92 4.500133048362586 0.01222932809178757
3.5 3.75 92 93 4.253891086469647 0.01058707340408959
3.5 3.75 93 94 4.008641792855012 0.0310897560390617
3.5 3.75 94 95 3.783861156164235 0.02670840924763633
3.5 3.75 95 96 3.567582638647538 0.02188107270376687
3.5 3.75 96 97 3.362378562561001 0.01745606834606469
3.5 3.75 97 98 3.166351682308029 0.01326718747398076
3.5 3.75 98 99 2.979192630613633 0.009375473706825605
3.5 3.75 99 100 2.793000061751343 0.0006994401066697539
3.75 4 50 51 19.88289907695707 0.1631419222571488
3.75 4 51 52 19.07411335462446 0.1611128067932816
3.75 4 52 53 18.30149899203373 0.1587970070271071
3.75 4 53 54 17.56333424905248 0.1562517899718961
3.75 4 54 55 16.8579779030141 0.1535411601900118
3.75 4 55 56 16.1837994769783 0.1507665764938251
3.75 4 56 57 15.53902453251708 0.1481178308869769
3.75 4 57 58 14.92246328543579 0.03156699360219958
3.75 4 58 59 14.33227804898721 0.02952528961546666
3.75 4 59 60 13.76752545949358 0.02797341995041521
3.75 4 60 61 13.22691814830916 0.02648630433390214
3.75 4 61 62 12.70917286688534 0.02456074772749781
3.75 4 62 63 12.21325111952182 0.02227327070846843
3.75 4 63 64 11.72055563553126 0.1510557467617988
3.75 4 64 65 11.266477081132 0.124480304809367
3.75 4 65 66 10.83906235188646 0.1215871448431267
3.75 4 66 67 10.42012468824533 0.09683775704808875
3.75 4 67 68 10.01739292585026 0.07561819779263837
3.75 4 68 69 9.628972036643368 0.05739036209727879
3.75 4 69 70 9.252128751459972 0.04191137630673678
3.75 4 70 71 8.884777889184406 0.02904248301143091
3.75 4 71 72 8.526185006629824 0.01827731517461009
3.75 4 72 73 8.17613499115504 0.009835773689925368
3.75 4 73 74 7.834625762970079 0.004922656254237173
3.75 4 74 75 7.501761921513765 0.005821405578668093
3.75 4 75 76 7.177519429553971 0.008868914843713528
3.75 4 76 77 6.861951551267627 0.01157667763874148
3.75 4 77 78 6.555144307723914 0.01362607273376027
3.75 4 78 79 6.25716251064472 0.01504024063472058
3.75 4 79 80 5.952533882369705 0.04501188085589785
3.75 4 80 81 5.671932406443993 0.02289441130621277
3.75 4 81 82 5.400571086777695 0.006060587626320038
3.75 4 82 83 5.141605127469467 0.01127172167366084
3.75 4 83 84 4.848330071329867 0.01861316632957927
3.75 4 84 85 4.643428854153317 0.02639876483343963
3.75 4 85 86 4.42086073813537 0.01330684525062519
3.75 4 86 87 4.192625806253091 0.01226203238159671
3.75 4 87 88 3.9729046919538 0.01116613953859137
3.75 4 88 89 3.761610150089478 0.01013896916570139
3.75 4 89 90 3.55863760971762 0.009343243460534332
3.75 4 90 91 3.363865410126663 0.008931883477198673
3.75 4 91 92 3.178265580665718 0.006886261237730273
3.75 4 92 93 2.999798452276871 0.006008326990555229
3.75 4 93 94 2.829025184020726 0.005234605543222365
3.75 4 94 95 2.665775983073069 0.004568546920482477
3.75 4 95 96 2.509873674237068 0.004009419514719051
3.75 4 96 97 2.361134596631777 0.003552159714732616
3.75 4 97 98 2.219369479131511 0.003187351864754854
3.75 4 98 99 2.084384291745319 0.002901739584154841
3.75 4 99 100 1.955981070436494 0.002679531937067548
4 5 50 51 16.88106079418323 0.1029555992916347
4 5 51 52 16.1037141015205 0.1022211978672753
4 5 52 53 15.36494475279634 0.1002798195508898
4 5 53 54 14.66266377986371 0.09732737271017745
4 5 54 55 13.99491085869844 0.09354896211696456
4 5 55 56 13.3597444245905 0.08927372140498539
4 5 56 57 12.75500895786316 0.08529525689304913
4 5 57 58 12.17903430402627 0.08175575090975751
4 5 58 59 11.63037647355696 0.07858445964636401
4 5 59 60 11.10766941182058 0.07571297807825265
4 5 60 61 10.60949201176591 0.07288569662084192
4 5 61 62 10.13444405425932 0.0698165935204863
4 5 62 63 9.681402576368274 0.06657072367185431
4 5 63 64 9.249188611824366 0.06340116870252277
4 5 64 65 8.836689672021336 0.06045959170246845
4 5 65 66 8.442845369316569 0.05756432513752247
4 5 66 67 8.088395539686838 0.02207996474975321
4 5 67 68 7.726904661795754 0.02101551544334686
4 5 68 69 7.382495570784924 0.02023297945867877
4 5 69 70 7.048925960888735 0.01953231038390447
4 5 70 71 6.726725881254132 0.01883905959861921
4 5 71 72 6.414942327145193 0.01817212132200475
4 5 72 73 6.112787974355014 0.01752548903129164
4 5 73 74 5.820620110816504 0.01689176263082724
4 5 74 75 5.535248081259562 0.02126589964583074
4 5 75 76 5.255148362372148 0.01466327420081765
4 5 76 77 4.992055615465675 0.01306472999716733
4 5 77 78 4.738413608970387 0.01122382918616961
4 5 78 79 4.491138271868373 0.007452250180853068
4 5 79 80 4.257612502888385 0.004673527579986523
4 5 80 81 4.030987350062831 0.003638174806098051
4 5 81 82 3.813374511943985 0.004626368311586281
4 5 82 83 3.60520595073315 0.004746432889462755
4 5 83 84 3.40800872857379 0.007012095045434304
4 5 84 85 3.216732958218822 0.008374365080022291
4 5 85 86 3.038249332872486 0.01297977168003335
4 5 86 87 2.863031303746414 0.01372384060494321
4 5 87 88 2.714255295972301 0.0303568785191175
4 5 88 89 2.552850857998929 0.01813409195150062
4 5 89 90 2.399143322099604 0.01366520204198797
4 5 90 91 2.222174787984377 0.01728224968115622
4 5 91 92 2.079296165801676 0.02600878578057375
4 5 92 93 1.962929576455616 0.02039099372392585
4 5 93 94 1.838732285909806 0.01996095843283949
4 5 94 95 1.720897406728989 0.01944718794983382
4 5 95 96 1.609206698783349 0.01885528047396115
4 5 96 97 1.503442130923573 0.01819358049226614
4 5 97 98 1.217354303368671 0.01808681074758963
4 5 98 99 1.308823703880883 0.01670228986994638
4 5 99 100 1.219539753231706 0.01589532346504183
-5 5 50 100 26124.00405850593 15.31761736290652
