#ylo yhi qTlo qThi PDF0  uncertainty
-5 -4 51 52 17.0531313393537 0.1424055391007295
-5 -4 52 53 16.4323206619912 0.1397095199736811
-5 -4 53 54 15.83686406649431 0.1360107539412692
-5 -4 54 55 15.26573604545467 0.1314752016245531
-5 -4 55 56 14.71781479197037 0.1264244275928322
-5 -4 56 57 14.19162696248721 0.1216818089337136
-5 -4 57 58 13.68614418637551 0.1173933323698049
-5 -4 58 59 13.20051992326861 0.1134860460018492
-5 -4 59 60 12.73393793857263 0.109892760806513
-5 -4 60 61 12.33089692822177 0.04653913660215269
-5 -4 61 62 11.89812306399678 0.04484489260674226
-5 -4 62 63 11.48186021040802 0.04321122423909775
-5 -4 63 64 11.08136039418699 0.04166468476796877
-5 -4 64 65 10.69627687274284 0.04037038615827466
-5 -4 65 66 10.32315086859055 0.03858626467059588
-5 -4 66 67 9.967454516403748 0.03733386223640355
-5 -4 67 68 9.622086076031549 0.03624900570550291
-5 -4 68 69 9.288022530578576 0.0350627832567107
-5 -4 69 70 8.963865009619484 0.03548090100691914
-5 -4 70 71 8.643642753147901 0.03285788669073611
-5 -4 71 72 8.330858564733484 0.03177760862432829
-5 -4 72 73 8.009597313443379 0.01509753526117893
-5 -4 73 74 7.709264867219514 0.01466954937865277
-5 -4 74 75 7.415027194281853 0.0142194408234282
-5 -4 75 76 7.122313334937688 0.0275420030992024
-5 -4 76 77 6.840658269460381 0.02422823927591157
-5 -4 77 78 6.559762770591622 0.01798369460088619
-5 -4 78 79 6.291413547839138 0.01431564151091817
-5 -4 79 80 6.032404932552697 0.009750718768640827
-5 -4 80 81 5.776114011295911 0.005778629437049035
-5 -4 81 82 5.527210462253647 0.004246004937840671
-5 -4 82 83 5.286687843145387 0.00462777324025665
-5 -4 83 84 5.053379623090748 0.005186364438568854
-5 -4 84 85 4.823625531172584 0.008353603239437728
-5 -4 85 86 4.602987840126628 0.01044770439253506
-5 -4 86 87 4.39311726122048 0.01422880026260095
-5 -4 87 88 4.186005317653887 0.01552211658447033
-5 -4 88 89 3.970787268201386 0.02881786625121712
-5 -4 89 90 3.776134920166283 0.01256325422683937
-5 -4 90 91 3.58848958836801 0.008614040053116173
-5 -4 91 92 3.367317323646092 0.03115800693740977
-5 -4 92 93 3.239781454677442 0.03393785496107138
-5 -4 93 94 3.090013420672059 0.02126174750327644
-5 -4 94 95 2.928935877289573 0.0208185807112244
-5 -4 95 96 2.54569194386029 0.02113799475872302
-5 -4 96 97 2.625533752552299 0.01957591698670427
-5 -4 97 98 2.482982716722819 0.01880985363083922
-5 -4 98 99 2.346370291679516 0.01797071571297253
-5 -4 99 100 2.215568474877414 0.0170758460194907
-4 -3.75 51 52 18.03405125266233 0.1853244978569402
-4 -3.75 52 53 17.45579654159024 0.1827497699960318
-4 -3.75 53 54 16.89769315901426 0.1799487578521986
-4 -3.75 54 55 16.35913029697202 0.1769820508239845
-4 -3.75 55 56 15.83922948302076 0.03946680589891437
-4 -3.75 56 57 15.3374561821423 0.03601908469701415
-4 -3.75 57 58 14.85298862585051 0.03327749619799457
-4 -3.75 58 59 14.38526969632619 0.03114270698794232
-4 -3.75 59 60 13.93374566368138 0.02951521229653292
-4 -3.75 60 61 13.49775569225821 0.02795499841115399
-4 -3.75 61 62 13.07659155100887 0.02594124707391623
-4 -3.75 62 63 12.66975091257834 0.02355323731451421
-4 -3.75 63 64 12.25792072134967 0.1622771275999503
-4 -3.75 64 65 11.88857459922855 0.1582103374439437
-4 -3.75 65 66 11.52154428161 0.1282466181165522
-4 -3.75 66 67 11.16620967517023 0.1023722927329733
-4 -3.75 67 68 10.82164208320578 0.08016212485670775
-4 -3.75 68 69 10.48616608015891 0.06105244969011511
-4 -3.75 69 70 10.15712121959307 0.0447787796303418
-4 -3.75 70 71 9.832471271721973 0.03118246876112437
-4 -3.75 71 72 9.511609988630155 0.01967940565133031
-4 -3.75 72 73 9.194487209192239 0.0103161158648351
-4 -3.75 73 74 8.88128400431588 0.003554580461394471
-4 -3.75 74 75 8.572302250273157 0.003808545702162193
-4 -3.75 75 76 8.267700825045985 0.007678176064427356
-4 -3.75 76 77 7.967726501564455 0.01086935184353653
-4 -3.75 77 78 7.67266631391206 0.01325572192266549
-4 -3.75 78 79 7.382786311747401 0.01493096519249992
-4 -3.75 79 80 7.098330926343707 0.01600519485180498
-4 -3.75 80 81 6.803298808745986 0.0340877913926084
-4 -3.75 81 82 6.533225856220656 0.01533536629123669
-4 -3.75 82 83 6.265912746917039 0.002820315189426031
-4 -3.75 83 84 6.005265732859735 0.02576403504377322
-4 -3.75 84 85 5.748890358954135 0.02262657005053168
-4 -3.75 85 86 5.502374571745012 0.02891349308375273
-4 -3.75 86 87 5.274316510767524 0.01333641408413792
-4 -3.75 87 88 5.038549886027686 0.01244227335017855
-4 -3.75 88 89 4.809477244014925 0.01188742717075868
-4 -3.75 89 90 4.587162305051881 0.0118448246816608
-4 -3.75 90 91 4.37365623072393 0.00914630532947472
-4 -3.75 91 92 4.165343805661808 0.008224505790933334
-4 -3.75 92 93 3.96377703724699 0.007389219424163321
-4 -3.75 93 94 3.768941342180794 0.006644962180401323
-4 -3.75 94 95 3.580807638099304 0.005991619708077583
-4 -3.75 95 96 3.399333106505074 0.005425054769526667
-4 -3.75 96 97 3.224461970030621 0.004937856366018783
-4 -3.75 97 98 3.05612628057844 0.00452026567071715
-4 -3.75 98 99 2.894246714562303 0.004161238426230161
-4 -3.75 99 100 2.738733371781631 0.003849524274056296
-3.75 -3.5 51 52 22.23737375948911 0.07101125242141443
-3.75 -3.5 52 53 21.57498854838934 0.06577394971815821
-3.75 -3.5 53 54 20.93240077584439 0.06008421264776805
-3.75 -3.5 54 55 20.3093287416087 0.05397384485870612
-3.75 -3.5 55 56 19.70536406144071 0.04769519591763894
-3.75 -3.5 56 57 19.11981316115034 0.04316171435140756
-3.75 -3.5 57 58 18.55221762724182 0.03969082476108689
-3.75 -3.5 58 59 18.00219072673192 0.03711858521366972
-3.75 -3.5 59 60 17.44020646239962 0.3270082421683944
-3.75 -3.5 60 61 16.94417413296252 0.3488205743388264
-3.75 -3.5 61 62 16.44433060504864 0.2949136918355886
-3.75 -3.5 62 63 15.96021207670956 0.2477909683277743
-3.75 -3.5 63 64 15.49101684532704 0.2057057232510661
-3.75 -3.5 64 65 15.03601292978895 0.1672439790798708
-3.75 -3.5 65 66 14.59479564702296 0.1323638282355681
-3.75 -3.5 66 67 14.16649125018888 0.1024269012836244
-3.75 -3.5 67 68 13.75007413557189 0.07688323552403029
-3.75 -3.5 68 69 13.34353136055407 0.05494682649687275
-3.75 -3.5 69 70 12.94357065097296 0.03636077229998102
-3.75 -3.5 70 71 12.54765625830662 0.02170277760110337
-3.75 -3.5 71 72 12.1550763029359 0.01791839572545731
-3.75 -3.5 72 73 11.7658221196274 0.01961315437944245
-3.75 -3.5 73 74 11.38019059175868 0.02341650523704918
-3.75 -3.5 74 75 10.99863186626972 0.02705726553743195
-3.75 -3.5 75 76 10.62140346430634 0.03013210259111112
-3.75 -3.5 76 77 10.24888239594513 0.03262296646950481
-3.75 -3.5 77 78 9.881498370787526 0.0345360376919062
-3.75 -3.5 78 79 9.493401013671804 0.09780565967718458
-3.75 -3.5 79 80 9.148262758261696 0.07164384105873522
-3.75 -3.5 80 81 8.798264935925291 0.03826857728846608
-3.75 -3.5 81 82 8.454964325960923 0.0262113485022599
-3.75 -3.5 82 83 8.118625341566293 0.02986905936800804
-3.75 -3.5 83 84 7.754711474644322 0.02696613578719647
-3.75 -3.5 84 85 7.46775864109559 0.0467236770654865
-3.75 -3.5 85 86 7.1541750867186 0.04587254916871199
-3.75 -3.5 86 87 6.855339905840948 0.05199085871991452
-3.75 -3.5 87 88 6.556312277157786 0.05268737938814909
-3.75 -3.5 88 89 6.264465954457883 0.05306135477417065
-3.75 -3.5 89 90 5.976452815564805 0.04926591923380219
-3.75 -3.5 90 91 5.717194776577001 0.01500424140909658
-3.75 -3.5 91 92 5.449552928563161 0.01334105209351959
-3.75 -3.5 92 93 5.190228255705703 0.01227120050566956
-3.75 -3.5 93 94 4.937909236176622 0.0103868187974063
-3.75 -3.5 94 95 4.686856286289355 0.02965583270919987
-3.75 -3.5 95 96 4.454221902285314 0.02507799911629848
-3.75 -3.5 96 97 4.229538508042023 0.0206010003054058
-3.75 -3.5 97 98 4.013132175717899 0.01631716205147868
-3.75 -3.5 98 99 3.80455288669426 0.01229579819294169
-3.75 -3.5 99 100 3.603844501677016 0.008593473863446261
-3.5 -3.25 51 52 24.70724257708285 0.1369329506069706
-3.5 -3.25 52 53 24.02887711612533 0.1286366266342818
-3.5 -3.25 53 54 23.36690644687123 0.1202215431191039
-3.5 -3.25 54 55 22.72153083306304 0.1117340079132508
-3.5 -3.25 55 56 22.09276444883513 0.1033756578350922
-3.5 -3.25 56 57 21.48027836419394 0.09572604727894748
-3.5 -3.25 57 58 20.8480814943624 0.4749724926638582
-3.5 -3.25 58 59 20.29601528241957 0.5225912701216425
-3.5 -3.25 59 60 19.73183280221851 0.4458156834432687
-3.5 -3.25 60 61 19.18317460541372 0.3780569086289701
-3.5 -3.25 61 62 18.64982832508429 0.3186865108923181
-3.5 -3.25 62 63 18.13153435869397 0.2670024871746441
-3.5 -3.25 63 64 17.62760677442176 0.2207512679002958
-3.5 -3.25 64 65 17.13741849264536 0.1781053083371752
-3.5 -3.25 65 66 16.66068694112374 0.1391030377782666
-3.5 -3.25 66 67 16.19657605846482 0.1057620505105598
-3.5 -3.25 67 68 15.74407699182722 0.07742460139130526
-3.5 -3.25 68 69 15.30101148939166 0.05310922241631803
-3.5 -3.25 69 70 14.86371059270718 0.03666422700766674
-3.5 -3.25 70 71 14.4293351878267 0.02804441912968797
-3.5 -3.25 71 72 13.99713779037168 0.02451132159769829
-3.5 -3.25 72 73 13.5671701268536 0.02544384533420593
-3.5 -3.25 73 74 13.13984360011826 0.02792292664916805
-3.5 -3.25 74 75 12.71574365372697 0.030105487418351
-3.5 -3.25 75 76 12.29522639885862 0.03187697945048606
-3.5 -3.25 76 77 11.87879087209687 0.0344024764135084
-3.5 -3.25 77 78 11.46699705413965 0.03657314746762555
-3.5 -3.25 78 79 11.02657111408827 0.1327132601742067
-3.5 -3.25 79 80 10.64278950769756 0.1286270213921394
-3.5 -3.25 80 81 10.24788165370389 0.08837829001659092
-3.5 -3.25 81 82 9.85959359687269 0.05818482216181873
-3.5 -3.25 82 83 9.478296773052396 0.03844442723407934
-3.5 -3.25 83 84 9.104330432234283 0.03020193612817037
-3.5 -3.25 84 85 8.715485933739407 0.1002297732349537
-3.5 -3.25 85 86 8.388717985091105 0.07031089600022483
-3.5 -3.25 86 87 7.995445247512666 0.02318896677827264
-3.5 -3.25 87 88 7.63012388255208 0.01770980102202791
-3.5 -3.25 88 89 7.289580289172262 0.02668862849630588
-3.5 -3.25 89 90 6.970963648260147 0.02528730596453488
-3.5 -3.25 90 91 6.671424930340836 0.01937104310607723
-3.5 -3.25 91 92 6.38758239195896 0.02709711309599942
-3.5 -3.25 92 93 6.117367761761196 0.04986503671210506
-3.5 -3.25 93 94 5.804383190054752 0.05071295626342232
-3.5 -3.25 94 95 5.537077391048113 0.008833753315167996
-3.5 -3.25 95 96 5.267327509455765 0.00729178918199951
-3.5 -3.25 96 97 5.006564423534736 0.009721080426889355
-3.5 -3.25 97 98 4.754759774729646 0.01400421804868823
-3.5 -3.25 98 99 4.511866730728404 0.01859552490226759
-3.5 -3.25 99 100 4.277820754504781 0.02302414136848924
-3.25 -3 51 52 25.61115744897967 0.1575443050772894
-3.25 -3 52 53 24.96803017523419 0.1498462005996394
-3.25 -3 53 54 24.33603035632143 0.1419299900202706
-3.25 -3 54 55 23.71590583092805 0.1338753079899026
-3.25 -3 55 56 23.06178848535056 0.6788934030194135
-3.25 -3 56 57 22.50553139498619 0.7712657844047169
-3.25 -3 57 58 21.92359614068364 0.6660793943636316
-3.25 -3 58 59 21.35444349110944 0.5721376630907762
-3.25 -3 59 60 20.7982533139766 0.488759237328972
-3.25 -3 60 61 20.25513041187263 0.4152621655487361
-3.25 -3 61 62 19.72511579396296 0.3509670738986549
-3.25 -3 62 63 19.20817790355984 0.2951018356329186
-3.25 -3 63 64 18.70381776723686 0.2449751452084823
-3.25 -3 64 65 18.21157844141364 0.1983985733148512
-3.25 -3 65 66 17.73134410607935 0.1554818884283412
-3.25 -3 66 67 17.26238848567871 0.1188320569049178
-3.25 -3 67 68 16.80380199090067 0.08796303397297098
-3.25 -3 68 69 16.35338819674188 0.07211193554355541
-3.25 -3 69 70 15.90733796206487 0.06073609949423846
-3.25 -3 70 71 15.46269404823399 0.05368748178157169
-3.25 -3 71 72 15.01873233212626 0.05012578279189873
-3.25 -3 72 73 14.57557339059292 0.04922324906470908
-3.25 -3 73 74 14.13372958439518 0.04935585428571045
-3.25 -3 74 75 13.69389608985555 0.04940632832505471
-3.25 -3 75 76 13.25651617533615 0.04931030014358614
-3.25 -3 76 77 12.82219014942755 0.04909854768275607
-3.25 -3 77 78 12.39158298636584 0.04871280441842758
-3.25 -3 78 79 11.92993193263236 0.1800837389546709
-3.25 -3 79 80 11.50776703835837 0.1326459950059928
-3.25 -3 80 81 11.11216760745682 0.1477084206778792
-3.25 -3 81 82 10.70242006085271 0.1110982089838971
-3.25 -3 82 83 10.29918363296173 0.08405134242607183
-3.25 -3 83 84 9.902883604553196 0.0654818885317367
-3.25 -3 84 85 9.513909551714907 0.05401764881064722
-3.25 -3 85 86 9.132615899276441 0.04781093579388958
-3.25 -3 86 87 8.75932253615674 0.04488535963110517
-3.25 -3 87 88 8.394315492288804 0.04379799581231153
-3.25 -3 88 89 8.037847676558048 0.04390810393812977
-3.25 -3 89 90 7.690139676600971 0.04516826376740999
-3.25 -3 90 91 7.351373025592741 0.04771293703691218
-3.25 -3 91 92 7.02167695899975 0.05142747524743663
-3.25 -3 92 93 6.693894181046693 0.01817428334623556
-3.25 -3 93 94 6.383985748005744 0.0237473485381314
-3.25 -3 94 95 6.083333820871225 0.03012415087335444
-3.25 -3 95 96 5.791986951987062 0.03677523427057022
-3.25 -3 96 97 5.509970811349631 0.04339208693028931
-3.25 -3 97 98 5.237288858520412 0.04977703664747916
-3.25 -3 98 99 4.973923095975889 0.05579487108997363
-3.25 -3 99 100 4.723942673035875 0.006835216485567279
-3 -2.75 51 52 25.39644496204568 0.1241603471935644
-3 -2.75 52 53 24.81734607658572 0.1185229009404729
-3 -2.75 53 54 24.24347835488929 0.1122582578449705
-3 -2.75 54 55 23.62104093710323 0.8203943997219956
-3 -2.75 55 56 23.10874279209996 0.9566909230461006
-3 -2.75 56 57 22.55769262351069 0.8313091690947864
-3 -2.75 57 58 22.01512639603611 0.7187027680954717
-3 -2.75 58 59 21.48166079707464 0.6181572615866945
-3 -2.75 59 60 20.95779210213789 0.5289528564621676
-3 -2.75 60 61 20.44391214065806 0.4503681249299439
-3 -2.75 61 62 19.94032262670474 0.3816833269647875
-3 -2.75 62 63 19.44722942184839 0.3220690796330055
-3 -2.75 63 64 18.96434735714443 0.2684568121663157
-3 -2.75 64 65 18.49141437618849 0.2183428831967896
-3 -2.75 65 66 18.02849233593702 0.1718937754410231
-3 -2.75 66 67 17.57500029017944 0.1322268109707026
-3 -2.75 67 68 17.13017252658459 0.09849844394311896
-3 -2.75 68 69 16.6918927318824 0.06936908250830665
-3 -2.75 69 70 16.25638139925232 0.05092471372189977
-3 -2.75 70 71 15.82069683681355 0.04192399163323383
-3 -2.75 71 72 15.38417443242881 0.03771382366230679
-3 -2.75 72 73 14.94700136592469 0.03759944743800268
-3 -2.75 73 74 14.50977070556379 0.03911759331976221
-3 -2.75 74 75 14.0732579147392 0.04045128657457964
-3 -2.75 75 76 13.63797589695095 0.04150120154388317
-3 -2.75 76 77 13.20460074478085 0.04234029941738041
-3 -2.75 77 78 12.77387327946787 0.04291289853870907
-3 -2.75 78 79 12.31127998505665 0.2198875555627812
-3 -2.75 79 80 11.88680093521537 0.1675272304809248
-3 -2.75 80 81 11.49021036298725 0.1965397735546881
-3 -2.75 81 82 11.07672145589394 0.1547779640604225
-3 -2.75 82 83 10.66900941071626 0.1231595011120554
-3 -2.75 83 84 10.26756451337484 0.10032287212466
-3 -2.75 84 85 9.872838921467782 0.08484895154996105
-3 -2.75 85 86 9.485247200648182 0.07526588611668832
-3 -2.75 86 87 9.10516692730377 0.07019509603141932
-3 -2.75 87 88 8.732939357468958 0.06855786974846111
-3 -2.75 88 89 8.368870161617291 0.06965862325347275
-3 -2.75 89 90 8.013230226133292 0.07308593444896663
-3 -2.75 90 91 7.66624841215644 0.07844773755771134
-3 -2.75 91 92 7.318111210306476 0.03753392895398833
-3 -2.75 92 93 6.990621580081473 0.04506638426409768
-3 -2.75 93 94 6.672148508976427 0.05310366047348491
-3 -2.75 94 95 6.362800656647035 0.06132779395222701
-3 -2.75 95 96 6.062661319940352 0.06951087524035794
-3 -2.75 96 97 5.771789006621276 0.0774701955013406
-3 -2.75 97 98 5.496027323780971 0.008206858773584267
-3 -2.75 98 99 5.222305984575318 0.006826513919679789
-3 -2.75 99 100 4.95804567332323 0.005656215510768095
-2.75 -2.5 51 52 24.47874253676136 0.1079183512142273
-2.75 -2.5 52 53 23.97548853939367 0.1037579019929249
-2.75 -2.5 53 54 23.4717012348066 0.09860262563272708
-2.75 -2.5 54 55 22.91069976707601 0.8769001045179095
-2.75 -2.5 55 56 22.4624404924262 1.033306644084072
-2.75 -2.5 56 57 21.9668548474997 0.8996179229369898
-2.75 -2.5 57 58 21.47569623206893 0.7794714856607541
-2.75 -2.5 58 59 20.98990338346171 0.6721249644368319
-2.75 -2.5 59 60 20.51026567642121 0.5768290859436243
-2.75 -2.5 60 61 20.03744200832031 0.4928315260274955
-2.75 -2.5 61 62 19.57197776250464 0.4193803764681474
-2.75 -2.5 62 63 19.11430213691733 0.3555990930856949
-2.75 -2.5 63 64 18.66434119996688 0.2980963670146244
-2.75 -2.5 64 65 18.22202568425362 0.2440975139585376
-2.75 -2.5 65 66 17.78758689314641 0.1938165716859424
-2.75 -2.5 66 67 17.36059872872775 0.1508084670768368
-2.75 -2.5 67 68 16.94045661543235 0.1141544290878759
-2.75 -2.5 68 69 16.52518453354307 0.08236548490643197
-2.75 -2.5 69 70 16.11114916642165 0.05521194904907473
-2.75 -2.5 70 71 15.69551559095594 0.04199302046398744
-2.75 -2.5 71 72 15.27769765510104 0.03565930320515932
-2.75 -2.5 72 73 14.85794051937667 0.03460558444905087
-2.75 -2.5 73 74 14.43689683794798 0.03617349214649421
-2.75 -2.5 74 75 14.01539524449316 0.03789646410048115
-2.75 -2.5 75 76 13.59399898615482 0.03941578914693982
-2.75 -2.5 76 77 13.17343545486961 0.04074987637484995
-2.75 -2.5 77 78 12.75449455448963 0.04181593084464998
-2.75 -2.5 78 79 12.30392145766307 0.2508600096017347
-2.75 -2.5 79 80 11.88891141759623 0.1937554793002279
-2.75 -2.5 80 81 11.50193073062147 0.2339820060928622
-2.75 -2.5 81 82 11.09653501525704 0.1874776733657693
-2.75 -2.5 82 83 10.69611927323547 0.1520334092317377
-2.75 -2.5 83 84 10.30121752915045 0.1261618417066455
-2.75 -2.5 84 85 9.912324459862891 0.108362115741875
-2.75 -2.5 85 86 9.529895923750956 0.09714712434601123
-2.75 -2.5 86 87 9.154349556085108 0.09116201340723659
-2.75 -2.5 87 88 8.786065430726921 0.08932411922445756
-2.75 -2.5 88 89 8.425386788392167 0.09086590786528062
-2.75 -2.5 89 90 8.072620831743972 0.09525227804384342
-2.75 -2.5 90 91 7.728031471607267 0.101933539956953
-2.75 -2.5 91 92 7.380836909640772 0.05328573872340551
-2.75 -2.5 92 93 7.055070285035738 0.06197010903499096
-2.75 -2.5 93 94 6.737930613365993 0.07114508746230419
-2.75 -2.5 94 95 6.429554529234602 0.0805219399555638
-2.75 -2.5 95 96 6.130052485546074 0.08986044363490621
-2.75 -2.5 96 97 5.839509287867759 0.0989634786447484
-2.75 -2.5 97 98 5.563304861401775 0.01024366872860385
-2.75 -2.5 98 99 5.289265361172058 0.009015047332892615
-2.75 -2.5 99 100 5.024461215411979 0.008021822255658083
-2.5 -2.25 51 52 23.01654694342952 0.0990834680645256
-2.5 -2.25 52 53 22.59364496345762 0.09588312991080081
-2.5 -2.25 53 54 22.16492322543616 0.09024494150008065
-2.5 -2.25 54 55 21.67074252604397 0.9342952630473687
-2.5 -2.25 55 56 21.29199735862088 1.107586841736335
-2.5 -2.25 56 57 20.85793373241822 0.9655328193076083
-2.5 -2.25 57 58 20.42448836894795 0.8377648850930687
-2.5 -2.25 58 59 19.99288153876932 0.7235154386326631
-2.5 -2.25 59 60 19.56415975232784 0.62200833324414
-2.5 -2.25 60 61 19.13921703985099 0.5324628762867919
-2.5 -2.25 61 62 18.71881408447155 0.4540974263286694
-2.5 -2.25 62 63 18.30357835864187 0.3859920517978925
-2.5 -2.25 63 64 17.89362873626 0.3244654299984189
-2.5 -2.25 64 65 17.48907252740263 0.2664996733615954
-2.5 -2.25 65 66 17.09029385100291 0.2123513612041604
-2.5 -2.25 66 67 16.6970186231509 0.1659612949965047
-2.5 -2.25 67 68 16.30880869267997 0.126350046262373
-2.5 -2.25 68 69 15.92387195918275 0.09190582293665449
-2.5 -2.25 69 70 15.53881972580697 0.06241204590788799
-2.5 -2.25 70 71 15.15100758074171 0.03813108481647488
-2.5 -2.25 71 72 14.75994842068553 0.0245144989157677
-2.5 -2.25 72 73 14.3659393585861 0.02395072083146174
-2.5 -2.25 73 74 13.96967297946697 0.02780137600418801
-2.5 -2.25 74 75 13.57200399359014 0.03156283607041416
-2.5 -2.25 75 76 13.17352690245237 0.0347718109919029
-2.5 -2.25 76 77 12.77499534884031 0.03755165261944148
-2.5 -2.25 77 78 12.37722040484405 0.04058382880771709
-2.5 -2.25 78 79 11.94312123990491 0.2923630128998345
-2.5 -2.25 79 80 11.57094423998346 0.3342532465748986
-2.5 -2.25 80 81 11.17972563194876 0.2687986500222977
-2.5 -2.25 81 82 10.79214050523469 0.2168910052455736
-2.5 -2.25 82 83 10.40878275725093 0.1769277405988197
-2.5 -2.25 83 84 10.03020630383379 0.147369884712456
-2.5 -2.25 84 85 9.656925567182434 0.1267192968997486
-2.5 -2.25 85 86 9.289416022843575 0.1135295591400666
-2.5 -2.25 86 87 8.928114808042213 0.1064705804273221
-2.5 -2.25 87 88 8.573421391650591 0.1044137105268209
-2.5 -2.25 88 89 8.225698306583787 0.1064654869600454
-2.5 -2.25 89 90 7.885271944880945 0.1119221462624367
-2.5 -2.25 90 91 7.552425100535636 0.1200450626130299
-2.5 -2.25 91 92 7.227382270500165 0.1297336348235822
-2.5 -2.25 92 93 6.900414865344473 0.08134814993590633
-2.5 -2.25 93 94 6.593520944548057 0.09128685384509938
-2.5 -2.25 94 95 6.294860470752194 0.1015923919830962
-2.5 -2.25 95 96 6.004560895497574 0.1118577910340037
-2.5 -2.25 96 97 5.733606691060981 0.01278304335514785
-2.5 -2.25 97 98 5.458363368326658 0.01093717901041858
-2.5 -2.25 98 99 5.191894464338338 0.009301997815793276
-2.5 -2.25 99 100 4.934224289195734 0.007879998876588827
-2.25 -2 51 52 22.91345863525959 0.1059009924317467
-2.25 -2 52 53 22.51701601642608 0.1026228062219234
-2.25 -2 53 54 22.1120436768287 0.09674819075962467
-2.25 -2 54 55 21.69000928196996 1.375423525135051
-2.25 -2 55 56 21.27572271403264 1.210363635777166
-2.25 -2 56 57 20.85884230127911 1.059365976215941
-2.25 -2 57 58 20.44082072363236 0.9233697405696734
-2.25 -2 58 59 20.02304659208335 0.8015867955691376
-2.25 -2 59 60 19.60671765313712 0.6932185590839899
-2.25 -2 60 61 19.19286392398216 0.5974601866385388
-2.25 -2 61 62 18.7823684975808 0.5135043370612066
-2.25 -2 62 63 18.37596960677061 0.4403920678374696
-2.25 -2 63 64 17.97388860796855 0.3741621721760566
-2.25 -2 64 65 17.57632506387121 0.3115594057549544
-2.25 -2 65 66 17.18374210822208 0.2528766545256631
-2.25 -2 66 67 16.7959215217401 0.2024374468384444
-2.25 -2 67 68 16.41248151112114 0.1591928686133177
-2.25 -2 68 69 16.03163831914071 0.1214069469037607
-2.25 -2 69 70 15.64998480410573 0.08880881158479859
-2.25 -2 70 71 15.26487317127459 0.06164338345476544
-2.25 -2 71 72 14.8758562043534 0.03750007421376225
-2.25 -2 72 73 14.48327873038762 0.01783650437790234
-2.25 -2 73 74 14.08788362916558 0.006652118209725348
-2.25 -2 74 75 13.69056984252456 0.01018834375004837
-2.25 -2 75 76 13.29198698694133 0.01683846044908274
-2.25 -2 76 77 12.89293338670871 0.02280617341571916
-2.25 -2 77 78 12.49425578801707 0.02783388185955467
-2.25 -2 78 79 12.09676142747673 0.03200584821511995
-2.25 -2 79 80 11.70348371498912 0.3901642186998381
-2.25 -2 80 81 11.30985731783929 0.3178744172422407
-2.25 -2 81 82 10.91964841376 0.2600006449602345
-2.25 -2 82 83 10.53347777130837 0.2148563354274353
-2.25 -2 83 84 10.15192465643311 0.1808723984156477
-2.25 -2 84 85 9.775527360666352 0.156593213847084
-2.25 -2 85 86 9.404783788501831 0.1406729775871586
-2.25 -2 86 87 9.040152105829954 0.1318748980678939
-2.25 -2 87 88 8.682051450424495 0.1290734614196041
-2.25 -2 88 89 8.330862704890677 0.1312558662571495
-2.25 -2 89 90 7.986929332272904 0.1375183238878655
-2.25 -2 90 91 7.650549922493177 0.146886578081029
-2.25 -2 91 92 7.321963388240533 0.1580014288765184
-2.25 -2 92 93 7.001400760757939 0.1701609761084164
-2.25 -2 93 94 6.678787654583282 0.1341160211038473
-2.25 -2 94 95 6.382482181119077 0.01008291461101538
-2.25 -2 95 96 6.086738763062296 0.007430360313272517
-2.25 -2 96 97 5.799676387659371 0.005147226521232705
-2.25 -2 97 98 5.521381649602565 0.003676075917195298
-2.25 -2 98 99 5.251912807043336 0.00280171497424056
-2.25 -2 99 100 4.991301179581656 0.00340719707041778
-2 -1.75 51 52 20.87396172133836 0.1053290866511753
-2 -1.75 52 53 20.5894992802298 0.1021622618943012
-2 -1.75 53 54 20.28949058825151 0.09622372712343702
-2 -1.75 54 55 19.97206450910176 1.41896970719609
-2 -1.75 55 56 19.65003448645834 1.246594856612436
-2 -1.75 56 57 19.31984584767952 1.088851797070715
-2 -1.75 57 58 18.98334922342403 0.9467689103833251
-2 -1.75 58 59 18.64229803194698 0.8195359591810044
-2 -1.75 59 60 18.29822472763237 0.7063306049497133
-2 -1.75 60 61 17.95246674073201 0.60632269184904
-2 -1.75 61 62 17.60618983167423 0.5186780989192324
-2 -1.75 62 63 17.26039517178189 0.4424000000742359
-2 -1.75 63 64 16.91559587666163 0.3733009363429797
-2 -1.75 64 65 16.57225754315097 0.3079385016643205
-2 -1.75 65 66 16.23104684672353 0.2466435092905774
-2 -1.75 66 67 15.89198470620873 0.1940337434162388
-2 -1.75 67 68 15.55494366119297 0.1490171474153704
-2 -1.75 68 69 15.21843426532422 0.109764274180606
-2 -1.75 69 70 14.87939133498443 0.07608749761473638
-2 -1.75 70 71 14.53537595372887 0.04835379621680614
-2 -1.75 71 72 14.18601195657281 0.02473265094859374
-2 -1.75 72 73 13.83166374997853 0.01879179360249679
-2 -1.75 73 74 13.47309390011867 0.02480092915121561
-2 -1.75 74 75 13.1112188674271 0.03021186882901782
-2 -1.75 75 76 12.74669277888044 0.03463579306934596
-2 -1.75 76 77 12.38033047612624 0.03978350372059238
-2 -1.75 77 78 12.01300118779442 0.04453451315534442
-2 -1.75 78 79 11.6265495576512 0.4730390229974882
-2 -1.75 79 80 11.25983882158398 0.3782078503290062
-2 -1.75 80 81 10.89457540020479 0.3007556752789742
-2 -1.75 81 82 10.53144890397637 0.2388011736036158
-2 -1.75 82 83 10.17110783624906 0.1905867948619985
-2 -1.75 83 84 9.814160032870426 0.1544668258415758
-2 -1.75 84 85 9.461173149518963 0.1288854537852509
-2 -1.75 85 86 9.112675199775119 0.1123548990233258
-2 -1.75 86 87 8.769155147590297 0.1034605058038621
-2 -1.75 87 88 8.431063555296827 0.1009092528770266
-2 -1.75 88 89 8.098813288935904 0.1035854409405337
-2 -1.75 89 90 7.772780281392876 0.1105566313601426
-2 -1.75 90 91 7.453296610738878 0.1208507028649743
-2 -1.75 91 92 7.140636782650599 0.1330818993642671
-2 -1.75 92 93 6.835065776488836 0.1465275415408741
-2 -1.75 93 94 6.536823186739824 0.1607131837775563
-2 -1.75 94 95 6.238192619396525 0.1149485936477293
-2 -1.75 95 96 5.95710957998692 0.1265847452396517
-2 -1.75 96 97 5.694341138701432 0.01144740789705316
-2 -1.75 97 98 5.42640894210037 0.008698653235492602
-2 -1.75 98 99 5.166588644992558 0.006388248736144048
-2 -1.75 99 100 4.914943844273703 0.004477625401695415
-1.75 -1.5 51 52 20.32926836077152 0.1019544480202441
-1.75 -1.5 52 53 20.04566400233796 0.09891660531522788
-1.75 -1.5 53 54 19.74664217471559 0.09300458442648289
-1.75 -1.5 54 55 19.44489006751502 1.505218444197217
-1.75 -1.5 55 56 19.12363175774431 1.323490202712124
-1.75 -1.5 56 57 18.79437021833553 1.157078210763664
-1.75 -1.5 57 58 18.4589631460037 1.007086902810963
-1.75 -1.5 58 59 18.1191663412252 0.8726800412633536
-1.75 -1.5 59 60 17.7765126315125 0.7530074987070023
-1.75 -1.5 60 61 17.43233817453023 0.6472097378251606
-1.75 -1.5 61 62 17.08780615460405 0.5544218478751517
-1.75 -1.5 62 63 16.74391324911669 0.4736040639642582
-1.75 -1.5 63 64 16.40114367843738 0.4003070696851068
-1.75 -1.5 64 65 16.05993836349117 0.3308658465407673
-1.75 -1.5 65 66 15.72096126226751 0.2656373878374679
-1.75 -1.5 66 67 15.38421534606999 0.2095577830956412
-1.75 -1.5 67 68 15.04957591065383 0.1614779389971422
-1.75 -1.5 68 69 14.715579586342 0.1194482692848939
-1.75 -1.5 69 70 14.37927856907604 0.08324983150934219
-1.75 -1.5 70 71 14.03837062296232 0.05322333957636613
-1.75 -1.5 71 72 13.69255673531954 0.02706246879147451
-1.75 -1.5 72 73 13.34223645873023 0.01179856153447182
-1.75 -1.5 73 74 12.98818408214431 0.02016604059188002
-1.75 -1.5 74 75 12.63130552464463 0.0273768989769016
-1.75 -1.5 75 76 12.27226625928537 0.03463283673562059
-1.75 -1.5 76 77 11.9118725499465 0.04120981758835536
-1.75 -1.5 77 78 11.51038418514528 0.433695108190412
-1.75 -1.5 78 79 11.17260784324673 0.4763305749387736
-1.75 -1.5 79 80 10.81299533751327 0.3770080468160145
-1.75 -1.5 80 81 10.45524010247526 0.2960842575300628
-1.75 -1.5 81 82 10.1000028463169 0.2315924052776942
-1.75 -1.5 82 83 9.747902746892926 0.1816886781738317
-1.75 -1.5 83 84 9.399518035913751 0.1446302550201408
-1.75 -1.5 84 85 9.055386625884516 0.118737216052067
-1.75 -1.5 85 86 8.716006782784866 0.1023618887642655
-1.75 -1.5 86 87 8.381837847297241 0.09392235114383232
-1.75 -1.5 87 88 8.053301005747741 0.09201850149151106
-1.75 -1.5 88 89 7.730780112025329 0.09552663753489365
-1.75 -1.5 89 90 7.414622560166471 0.1035648451560255
-1.75 -1.5 90 91 7.105132930323411 0.1151905520610338
-1.75 -1.5 91 92 6.802560203239612 0.1289695103772667
-1.75 -1.5 92 93 6.507143058467307 0.1441296784813747
-1.75 -1.5 93 94 6.219095160768656 0.1601509800064271
-1.75 -1.5 94 95 5.928752064531793 0.1144058374290828
-1.75 -1.5 95 96 5.658061058852681 0.1277664829888893
-1.75 -1.5 96 97 5.395021978476091 0.140980851257555
-1.75 -1.5 97 98 5.149749913216425 0.0114858129733367
-1.75 -1.5 98 99 4.900006022125105 0.009437271209935393
-1.75 -1.5 99 100 4.658340848337 0.007682451995785925
-1.5 -1.25 51 52 18.43437993052871 0.1118373515993901
-1.5 -1.25 52 53 18.23205139292901 0.108721373888863
-1.5 -1.25 53 54 18.00963580189884 0.1040836979236462
-1.5 -1.25 54 55 17.77031792869636 1.604545704049608
-1.5 -1.25 55 56 17.5175985049994 1.414686835427543
-1.5 -1.25 56 57 17.25318782309026 1.240582191311039
-1.5 -1.25 57 58 16.97921033768375 1.083415735868188
-1.5 -1.25 58 59 16.69765778756266 0.9423436004705534
-1.5 -1.25 59 60 16.41027921532446 0.816505947896136
-1.5 -1.25 60 61 16.11860910082405 0.7050315890648347
-1.5 -1.25 61 62 15.82399272651452 0.6070421589729329
-1.5 -1.25 62 63 15.52759594367828 0.5214741085420094
-1.5 -1.25 63 64 15.23009004631984 0.4436784176434651
-1.5 -1.25 64 65 14.93208636823643 0.369819966951866
-1.5 -1.25 65 66 14.63437888152826 0.3002832893803534
-1.5 -1.25 66 67 14.33711966659995 0.2402843149976087
-1.5 -1.25 67 68 14.04035129435769 0.18862230882464
-1.5 -1.25 68 69 13.74282786983596 0.1432488332083342
-1.5 -1.25 69 70 13.4419162317562 0.1038942780751539
-1.5 -1.25 70 71 13.13555380250536 0.07085886876697031
-1.5 -1.25 71 72 12.82353752286971 0.05449944517413154
-1.5 -1.25 72 73 12.50629706619478 0.0456160115446569
-1.5 -1.25 73 74 12.18461727767391 0.04314832911565671
-1.5 -1.25 74 75 11.85939835173539 0.04369541916881219
-1.5 -1.25 75 76 11.53130503399825 0.0453647311240766
-1.5 -1.25 76 77 11.20113923476505 0.04753085646440298
-1.5 -1.25 77 78 10.86973984912126 0.04978177176081226
-1.5 -1.25 78 79 10.52726572197337 0.5191180754527625
-1.5 -1.25 79 80 10.19493139633984 0.4111976868657816
-1.5 -1.25 80 81 9.863758480469826 0.3227231830480321
-1.5 -1.25 81 82 9.534402818306347 0.2516205892888961
-1.5 -1.25 82 83 9.207479544402659 0.1959530946412177
-1.5 -1.25 83 84 8.883563744995158 0.1539205070973082
-1.5 -1.25 84 85 8.563191148794481 0.1238504053103456
-1.5 -1.25 85 86 8.246858850719498 0.1041766072836102
-1.5 -1.25 86 87 7.935026072123954 0.0934139847200368
-1.5 -1.25 87 88 7.628114958886286 0.09016124201817441
-1.5 -1.25 88 89 7.326511419401569 0.09314545961147863
-1.5 -1.25 89 90 7.03056600250823 0.1012601731560041
-1.5 -1.25 90 91 6.740587507905211 0.1133467036029683
-1.5 -1.25 91 92 6.45683011853912 0.1277823791940589
-1.5 -1.25 92 93 6.17953887464958 0.1437248639883684
-1.5 -1.25 93 94 5.908934868665867 0.1606241046529935
-1.5 -1.25 94 95 5.645208800498541 0.1780004503446806
-1.5 -1.25 95 96 5.380162313028645 0.135766708719868
-1.5 -1.25 96 97 5.132670825978494 0.1489538268705331
-1.5 -1.25 97 98 4.903131764263595 0.01976146930327229
-1.5 -1.25 98 99 4.667675343180711 0.01790689561225034
-1.5 -1.25 99 100 4.439663255565105 0.01629809978384918
-1.25 -1 51 52 18.25492455875016 0.1176272685875905
-1.25 -1 52 53 18.07163406539132 0.1143641888674723
-1.25 -1 53 54 17.86646153018921 0.1079423192040627
-1.25 -1 54 55 17.63915087591019 1.668713971519341
-1.25 -1 55 56 17.40060768311486 1.472227342888618
-1.25 -1 56 57 17.14908588765275 1.29200660917126
-1.25 -1 57 58 16.88683967457126 1.129294892673634
-1.25 -1 58 59 16.61596843917732 0.9832273293673559
-1.25 -1 59 60 16.33831776154545 0.8529217689760298
-1.25 -1 60 61 16.05550877730403 0.7374835374396101
-1.25 -1 61 62 15.76896465934851 0.6360097413913312
-1.25 -1 62 63 15.47992140361731 0.5474026604762112
-1.25 -1 63 64 15.18910950965619 0.4668045993266735
-1.25 -1 64 65 14.8971940359672 0.3902041627648015
-1.25 -1 65 66 14.6050202587889 0.3180098160643664
-1.25 -1 66 67 14.31278087973297 0.255696728035278
-1.25 -1 67 68 14.02056582923827 0.2020201999757246
-1.25 -1 68 69 13.7271635977043 0.1548482704970498
-1.25 -1 69 70 13.42997703684806 0.1139007286527894
-1.25 -1 70 71 13.12696823685795 0.07950993350993657
-1.25 -1 71 72 12.81795805044294 0.05052999039064616
-1.25 -1 72 73 12.50339502783426 0.03599821106202646
-1.25 -1 73 74 12.18408675965753 0.02929085419054549
-1.25 -1 74 75 11.86095434791791 0.02807059314518031
-1.25 -1 75 76 11.53468232401036 0.0294678357113953
-1.25 -1 76 77 11.20609278387475 0.03210453129162735
-1.25 -1 77 78 10.85028910768654 0.4559604411404244
-1.25 -1 78 79 10.54335730077526 0.4888803908622256
-1.25 -1 79 80 10.21178085324663 0.3788395218703486
-1.25 -1 80 81 9.881182538989968 0.2890676705213601
-1.25 -1 81 82 9.552234591344501 0.2174673660175871
-1.25 -1 82 83 9.22556773255863 0.1620976357596781
-1.25 -1 83 84 8.901771838733204 0.1211586368423695
-1.25 -1 84 85 8.581396636212943 0.0929198882519653
-1.25 -1 85 86 8.264952432844318 0.07556692363293678
-1.25 -1 86 87 7.952910887620988 0.06710745440682597
-1.25 -1 87 88 7.64570582044302 0.06564262408975974
-1.25 -1 88 89 7.343734063770242 0.06982550384308106
-1.25 -1 89 90 7.047356355993124 0.0788706865969846
-1.25 -1 90 91 6.756891366969725 0.09197345850015541
-1.25 -1 91 92 6.472603603410292 0.1076703055886793
-1.25 -1 92 93 6.194746501383126 0.1251082693094432
-1.25 -1 93 94 5.923548491844166 0.1436841762712392
-1.25 -1 94 95 5.65920698576544 0.1628615287738666
-1.25 -1 95 96 5.401889503415259 0.1821775808125313
-1.25 -1 96 97 5.144465392183058 0.1309395804561065
-1.25 -1 97 98 4.903569817034274 0.1458461825200649
-1.25 -1 98 99 4.675115557825006 0.00860447059602764
-1.25 -1 99 100 4.446672081747764 0.00714722209689639
-1 -0.75 51 52 17.55005845984695 0.12536804013246
-1 -0.75 52 53 17.3821275013191 0.1218922329154147
-1 -0.75 53 54 17.19157451489716 0.1151527349447837
-1 -0.75 54 55 16.97286501481364 1.716912646493181
-1 -0.75 55 56 16.74790398262527 1.514907061877513
-1 -0.75 56 57 16.50939317363213 1.329534745148766
-1 -0.75 57 58 16.25963245466124 1.162098895589946
-1 -0.75 58 59 16.00076418001083 1.011723340845791
-1 -0.75 59 60 15.73467253946299 0.8775133727250382
-1 -0.75 60 61 15.46301338804147 0.75856059433763
-1 -0.75 61 62 15.18724115750496 0.653947308237798
-1 -0.75 62 63 14.90862059307079 0.5625534371631282
-1 -0.75 63 64 14.62791633431243 0.479368845953474
-1 -0.75 64 65 14.34582511889857 0.4002536944446089
-1 -0.75 65 66 14.06321449921082 0.3256378881320252
-1 -0.75 66 67 13.78030691087758 0.2611966444695598
-1 -0.75 67 68 13.49723658914095 0.2056520606809513
-1 -0.75 68 69 13.21286162748899 0.156800610767328
-1 -0.75 69 70 12.92471662855263 0.1143656871737067
-1 -0.75 70 71 12.63087701790587 0.07868829450240965
-1 -0.75 71 72 12.33121206261653 0.04657699652978772
-1 -0.75 72 73 12.02618435816129 0.01958919745336089
-1 -0.75 73 74 11.71660139340449 0.004444284269676669
-1 -0.75 74 75 11.40337092184342 0.01381738992811556
-1 -0.75 75 76 11.08717395981122 0.0244516254687065
-1 -0.75 76 77 10.76882027112647 0.03339129170582748
-1 -0.75 77 78 10.41762645273442 0.4882166910579859
-1 -0.75 78 79 10.1225176498798 0.5154763651363357
-1 -0.75 79 80 9.801730335324208 0.4000444658829035
-1 -0.75 80 81 9.482007676742597 0.3055813711214859
-1 -0.75 81 82 9.164001713683064 0.2299006410159433
-1 -0.75 82 83 8.848322993323258 0.1709687941529371
-1 -0.75 83 84 8.535541347435903 0.1269041120690706
-1 -0.75 84 85 8.226186694270183 0.09594734802837682
-1 -0.75 85 86 7.920749868474147 0.07637379831238252
-1 -0.75 86 87 7.619683482301056 0.06638622015064648
-1 -0.75 87 88 7.323402819587699 0.06419840861326923
-1 -0.75 88 89 7.032286764286923 0.06835118160368138
-1 -0.75 89 90 6.746678762956307 0.07782401363478873
-1 -0.75 90 91 6.466881197217752 0.09159641082419767
-1 -0.75 91 92 6.193143866122512 0.1080463980656037
-1 -0.75 92 93 5.925705392102888 0.1262780233367803
-1 -0.75 93 94 5.664779962785712 0.1456777257756601
-1 -0.75 94 95 5.410551643821602 0.1657023603760744
-1 -0.75 95 96 5.163175533562384 0.1858823149702316
-1 -0.75 96 97 4.914210696361934 0.1376216751611129
-1 -0.75 97 98 4.682985955046995 0.1527856915782485
-1 -0.75 98 99 4.466430782946556 0.008965541771520806
-1 -0.75 99 100 4.247031159673394 0.006252881910116368
-0.75 -0.5 51 52 16.54332814213882 0.1258785994854872
-0.75 -0.5 52 53 16.41396698877546 0.122480748500565
-0.75 -0.5 53 54 16.25988327904275 0.1157427261452983
-0.75 -0.5 54 55 16.078196451482 1.773050165097079
-0.75 -0.5 55 56 15.88578708564347 1.566018361039738
-0.75 -0.5 56 57 15.6781679104694 1.375942227381506
-0.75 -0.5 57 58 15.45775899373783 1.204165652726875
-0.75 -0.5 58 59 15.22680828934671 1.049802585907533
-0.75 -0.5 59 60 14.98729653332623 0.9119473306347997
-0.75 -0.5 60 61 14.74096793785452 0.7896794817766229
-0.75 -0.5 61 62 14.48935789278801 0.6820683936690795
-0.75 -0.5 62 63 14.23380623305096 0.5879751066617718
-0.75 -0.5 63 64 13.97516033417241 0.5022686621753363
-0.75 -0.5 64 65 13.71419248004219 0.42070777617267
-0.75 -0.5 65 66 13.45182833249348 0.3437379001123014
-0.75 -0.5 66 67 13.18836075953625 0.2771898181150039
-0.75 -0.5 67 68 12.92400674286904 0.2197580089155663
-0.75 -0.5 68 69 12.6577377919063 0.1691896423961469
-0.75 -0.5 69 70 12.38725722351008 0.125202028673638
-0.75 -0.5 70 71 12.11076653918562 0.08815737003605839
-0.75 -0.5 71 72 11.82818201386081 0.05929874021538498
-0.75 -0.5 72 73 11.53997825384172 0.04447464258473512
-0.75 -0.5 73 74 11.24696432591752 0.03757143360599992
-0.75 -0.5 74 75 10.95004088417161 0.03596192428798305
-0.75 -0.5 75 76 10.6498876297902 0.03692292907781656
-0.75 -0.5 76 77 10.34730864225631 0.03921508836514766
-0.75 -0.5 77 78 10.06862612979504 0.4419713875176499
-0.75 -0.5 78 79 9.734766889575866 0.5324719276067932
-0.75 -0.5 79 80 9.428591807268461 0.4132277019222478
-0.75 -0.5 80 81 9.123202563239722 0.315508502666076
-0.75 -0.5 81 82 8.819242824220467 0.2370608019164829
-0.75 -0.5 82 83 8.517315337893713 0.1757818555275705
-0.75 -0.5 83 84 8.21798275061748 0.1297244552040598
-0.75 -0.5 84 85 7.921768443127519 0.09708865764036119
-0.75 -0.5 85 86 7.629157387821451 0.07617488409480228
-0.75 -0.5 86 87 7.340597031130507 0.06529271512670946
-0.75 -0.5 87 88 7.056498202882018 0.06274786164231601
-0.75 -0.5 88 89 6.777236054434219 0.06703293114862377
-0.75 -0.5 89 90 6.503151025542373 0.07697416653813345
-0.75 -0.5 90 91 6.234543323132435 0.09139797135188274
-0.75 -0.5 91 92 5.971661591773582 0.1085653997536934
-0.75 -0.5 92 93 5.714743663236273 0.1275454621693323
-0.75 -0.5 93 94 5.464003524935254 0.1477135013712917
-0.75 -0.5 94 95 5.219625726443752 0.1685186479736601
-0.75 -0.5 95 96 4.981766514094115 0.1894841258400497
-0.75 -0.5 96 97 4.742123585814422 0.1433046725586732
-0.75 -0.5 97 98 4.519801278143948 0.1588151153796852
-0.75 -0.5 98 99 4.311600948930661 0.01365264058124328
-0.75 -0.5 99 100 4.100452165430454 0.0120256277189589
-0.5 -0.25 51 52 16.25894494300661 0.1323478863082523
-0.5 -0.25 52 53 16.14546630960604 0.1282280266538083
-0.5 -0.25 53 54 16.00614092441137 0.1224415710616622
-0.5 -0.25 54 55 15.83915965249295 1.797213102741506
-0.5 -0.25 55 56 15.65953339412548 1.587297990305491
-0.5 -0.25 56 57 15.46383933272256 1.394549395014419
-0.5 -0.25 57 58 15.25456946227135 1.220339560758962
-0.5 -0.25 58 59 15.03403402195676 1.063774842422484
-0.5 -0.25 59 60 14.80427025619915 0.9239413198801633
-0.5 -0.25 60 61 14.56707370405081 0.7999097933881945
-0.5 -0.25 61 62 14.3240264406343 0.6907403090453478
-0.5 -0.25 62 63 14.07651117115662 0.5952805198940977
-0.5 -0.25 63 64 13.82541938738288 0.5083140888842117
-0.5 -0.25 64 65 13.57156339209544 0.4255272206146876
-0.5 -0.25 65 66 13.31590086795245 0.3473758494864878
-0.5 -0.25 66 67 13.05875666988823 0.2798025271712172
-0.5 -0.25 67 68 12.80038341311156 0.2214822461444847
-0.5 -0.25 68 69 12.53978836682739 0.170122287133857
-0.5 -0.25 69 70 12.27472018324271 0.1254403933109979
-0.5 -0.25 70 71 12.00341437082211 0.0878060733708526
-0.5 -0.25 71 72 11.7258063290236 0.06239087132544337
-0.5 -0.25 72 73 11.44238135927235 0.0486506612977607
-0.5 -0.25 73 74 11.15395786418564 0.04263467985709181
-0.5 -0.25 74 75 10.86144297872866 0.04134959084746337
-0.5 -0.25 75 76 10.5655235798593 0.04226391012476859
-0.5 -0.25 76 77 10.26701025111471 0.04433084381305119
-0.5 -0.25 77 78 9.963282595132839 0.6833036936766964
-0.5 -0.25 78 79 9.66082081690675 0.5376627477934732
-0.5 -0.25 79 80 9.358303742642448 0.4163467846225797
-0.5 -0.25 80 81 9.05642175290086 0.3169265168317932
-0.5 -0.25 81 82 8.755823370149841 0.2371183719493499
-0.5 -0.25 82 83 8.457116070128208 0.1747924906574601
-0.5 -0.25 83 84 8.16086710544598 0.1279783822214631
-0.5 -0.25 84 85 7.867604346343676 0.09485590441857097
-0.5 -0.25 85 86 7.577817142604474 0.07369987263073555
-0.5 -0.25 86 87 7.29195720985026 0.06276850432297076
-0.5 -0.25 87 88 7.010439542374193 0.06029033983602326
-0.5 -0.25 88 89 6.733643354519785 0.06471038589202838
-0.5 -0.25 89 90 6.461913050123279 0.07486431846066263
-0.5 -0.25 90 91 6.195552799931924 0.08959681461665625
-0.5 -0.25 91 92 5.934815397564819 0.1071544978689165
-0.5 -0.25 92 93 5.679942434146639 0.1265885205391625
-0.5 -0.25 93 94 5.431151469483755 0.1472583216453633
-0.5 -0.25 94 95 5.188630537557934 0.1685985099000855
-0.5 -0.25 95 96 4.952539282844242 0.190119800410705
-0.5 -0.25 96 97 4.714099793213219 0.1434891008296336
-0.5 -0.25 97 98 4.493439836787285 0.1593837917483278
-0.5 -0.25 98 99 4.287704044340316 0.015247919188702
-0.5 -0.25 99 100 4.077980169435484 0.01349598018381298
-0.25 0 51 52 16.32056410040536 0.128971461899973
-0.25 0 52 53 16.20452623470601 0.125079252760654
-0.25 0 53 54 16.06263743932837 0.1194352923174498
-0.25 0 54 55 15.89223897031795 1.80991495635698
-0.25 0 55 56 15.71009563035616 1.598609870347757
-0.25 0 56 57 15.51191304410898 1.404571441859157
-0.25 0 57 58 15.30019034634134 1.229187459066609
-0.25 0 58 59 15.07724369037609 1.071560614249955
-0.25 0 59 60 14.84511517152686 0.9307730352131519
-0.25 0 60 61 14.6056042601717 0.8058913023609745
-0.25 0 61 62 14.36029617389326 0.6959709932073549
-0.25 0 62 63 14.11057601459811 0.5998530843911541
-0.25 0 63 64 13.85733470050255 0.5122751501873594
-0.25 0 64 65 13.60138411591862 0.4288846497158361
-0.25 0 65 66 13.34368326157528 0.3501440288355546
-0.25 0 66 67 13.08455500963295 0.2820548701569978
-0.25 0 67 68 12.82425195575345 0.2232831727533199
-0.25 0 68 69 12.56177813403056 0.1715176977129661
-0.25 0 69 70 12.29488034022107 0.1264761658530394
-0.25 0 70 71 12.02179388869308 0.08853532033324417
-0.25 0 71 72 11.74245685832182 0.06170651115670437
-0.25 0 72 73 11.45735653577071 0.04758485016834271
-0.25 0 73 74 11.16731430727236 0.04140216423315442
-0.25 0 74 75 10.87323980309372 0.04016531304790399
-0.25 0 75 76 10.57582184866818 0.04122742784569825
-0.25 0 76 77 10.2758730358029 0.04347520030243984
-0.25 0 77 78 9.971489167855125 0.681611632452773
-0.25 0 78 79 9.667725561927824 0.5349500871414923
-0.25 0 79 80 9.36397065662301 0.4128133304574851
-0.25 0 80 81 9.060915669270798 0.3127592616693924
-0.25 0 81 82 8.759209591950103 0.2324942535564677
-0.25 0 82 83 8.459460025762127 0.1698827765113185
-0.25 0 83 84 8.162234027630184 0.1229547334754276
-0.25 0 84 85 7.868058974494311 0.08989391366920789
-0.25 0 85 86 7.577423448566861 0.06896177624091875
-0.25 0 86 87 7.290778147063293 0.05833985569724471
-0.25 0 87 88 7.008536818115438 0.05612519171537185
-0.25 0 88 89 6.731077224942347 0.06070687455532325
-0.25 0 89 90 6.458742137666277 0.07098567124576884
-0.25 0 90 91 6.191833989412231 0.08588461674854721
-0.25 0 91 92 5.930603862961981 0.1036741735072605
-0.25 0 92 93 5.675291343279667 0.1233952408920829
-0.25 0 93 94 5.426111826784346 0.144392483851516
-0.25 0 94 95 5.18325110313112 0.1660874074787362
-0.25 0 95 96 4.946866509531688 0.1879801979236176
-0.25 0 96 97 4.707620703398835 0.1411691800453423
-0.25 0 97 98 4.486787039957438 0.1573910615432634
-0.25 0 98 99 4.280930926702169 0.01545935127079529
-0.25 0 99 100 4.071092039033203 0.01372773390763751
0 0.25 51 52 16.32544052399743 0.1289728007447845
0 0.25 52 53 16.20910150837142 0.1250805020690312
0 0.25 53 54 16.0669316556579 0.119436409084113
0 0.25 54 55 15.89626943298694 1.80992798511945
0 0.25 55 56 15.71388117886491 1.598620842459045
0 0.25 56 57 15.51546964450577 1.404580596567897
0 0.25 57 58 15.30353280599732 1.229195036078566
0 0.25 58 59 15.08038577131612 1.071566832560578
0 0.25 59 60 14.8480696679475 0.9307780940595557
0 0.25 60 61 14.60838307040095 0.8058953821721344
0 0.25 61 62 14.36291036707652 0.695974256584214
0 0.25 62 63 14.11303588990791 0.5998556753088934
0 0.25 63 64 13.85964979392995 0.5122771596082837
0 0.25 64 65 13.60356326823296 0.4288861269257938
0 0.25 65 66 13.34573471553307 0.3501450239850433
0 0.25 66 67 13.08648639410842 0.2820554791982967
0 0.25 67 68 12.82607030662699 0.2232834763448528
0 0.25 68 69 12.56348982014826 0.171517754955566
0 0.25 69 70 12.29649095502397 0.1264760284417009
0 0.25 70 71 12.02330841379003 0.08853504067701322
0 0.25 71 72 11.74387993482247 0.06170615909161878
0 0.25 72 73 11.45869257463194 0.04758458260630594
0 0.25 73 74 11.16856753756571 0.04140208932231094
0 0.25 74 75 10.87441429996407 0.04016541373099976
0 0.25 75 76 10.57692151917091 0.04122764713744338
0 0.25 76 77 10.27690164000849 0.04347548644504266
0 0.25 77 78 9.972449845879765 0.6816025860556454
0 0.25 78 79 9.668622344467664 0.5349411539182771
0 0.25 79 80 9.36480690800532 0.4128046511114657
0 0.25 80 81 9.061694625377498 0.3127509643169415
0 0.25 81 82 8.759934363107497 0.2324864607578901
0 0.25 82 83 8.460133599593625 0.1698756141378904
0 0.25 83 84 8.162859271828268 0.1229483388677131
0 0.25 84 85 7.868638639624052 0.08988842933946216
0 0.25 85 86 7.577960170794995 0.06895729181805736
0 0.25 86 87 7.291274450917598 0.05833628043957809
0 0.25 87 88 7.008995119168638 0.05612221262816212
0 0.25 88 89 6.731499832551052 0.06070416260209743
0 0.25 89 90 6.459131257643712 0.07098307969256107
0 0.25 90 91 6.192191726373977 0.08588215947847494
0 0.25 91 92 5.930932221909273 0.1036719184980348
0 0.25 92 93 5.675592233703263 0.1233932410612682
0 0.25 93 94 5.426387065661771 0.1443907691120434
0 0.25 94 95 5.183502417657284 0.1660859895645987
0 0.25 95 96 4.947095539738136 0.1879790758038652
0 0.25 96 97 4.707829004832313 0.1411679387346946
0 0.25 97 98 4.486976086364351 0.1573902338256863
0 0.25 98 99 4.281101889688312 0.01545923023555553
0 0.25 99 100 4.071246465288951 0.0137276364387424
0.25 0.5 51 52 16.27334545435954 0.1323511112752812
0.25 0.5 52 53 16.15898130791348 0.1282310507818526
0.25 0.5 53 54 16.01882922266492 0.1224442715750896
0.25 0.5 54 55 15.85107253679362 1.797242566912032
0.25 0.5 55 56 15.67072540978873 1.587321754647977
0.25 0.5 56 57 15.47435730017247 1.394568158952916
0.25 0.5 57 58 15.2644568238058 1.22035402340946
0.25 0.5 58 59 15.04333116888287 1.063785641230315
0.25 0.5 59 60 14.81301475270558 0.9239490335398169
0.25 0.5 60 61 14.57530049539562 0.7999149448237668
0.25 0.5 61 62 14.331768046527 0.6907433684131
0.25 0.5 62 63 14.08379785764035 0.595281902341305
0.25 0.5 63 64 13.83227918658062 0.5083140538834767
0.25 0.5 64 65 13.57802229977273 0.4255259043960476
0.25 0.5 65 66 13.32198312602813 0.3473733898982013
0.25 0.5 66 67 13.06448471680255 0.2797991988121837
0.25 0.5 67 68 12.8057779421168 0.2214782776979101
0.25 0.5 68 69 12.54486810116471 0.1701178387904307
0.25 0.5 69 70 12.27950155181654 0.1254356072167095
0.25 0.5 70 71 12.00791199712963 0.08780108679434882
0.25 0.5 71 72 11.73003383848081 0.06238642132402835
0.25 0.5 72 73 11.44635170609233 0.04864788163184811
0.25 0.5 73 74 11.15768347275387 0.0426339987466033
0.25 0.5 74 75 10.86493582533031 0.04135057530861162
0.25 0.5 75 76 10.56879515093269 0.04226601421882983
0.25 0.5 76 77 10.27007160462871 0.04433362146659922
0.25 0.5 77 78 9.966139496823658 0.6832781882880805
0.25 0.5 78 79 9.66348881906508 0.5376375831923577
0.25 0.5 79 80 9.360792736935764 0.4163223576149163
0.25 0.5 80 81 9.058741256091551 0.3169031817293977
0.25 0.5 81 82 8.757982532358696 0.2370964573234045
0.25 0.5 82 83 8.459123683012031 0.1747723189086967
0.25 0.5 83 84 8.162731610250056 0.1279602847726136
0.25 0.5 84 85 7.86933384193037 0.09484020252392175
0.25 0.5 85 86 7.579419393325509 0.07368675295303934
0.25 0.5 86 87 7.293439653457185 0.06275776927545981
0.25 0.5 87 88 7.011809297829032 0.06028133271850381
0.25 0.5 88 89 6.734907229816848 0.06470239559738271
0.25 0.5 89 90 6.463077550063517 0.07485699017947163
0.25 0.5 90 91 6.196624132782254 0.08959013212481345
0.25 0.5 91 92 5.935799479735181 0.1071485722234606
0.25 0.5 92 93 5.680844901925425 0.1265834411988927
0.25 0.5 93 94 5.431977687947771 0.1472541332646702
0.25 0.5 94 95 5.189385608282461 0.1685952190471813
0.25 0.5 95 96 4.953228051650576 0.1901173858632778
0.25 0.5 96 97 4.714726857893574 0.1434867753957648
0.25 0.5 97 98 4.494009554844279 0.1593826347352787
0.25 0.5 98 99 4.28822059999754 0.01524795173195926
0.25 0.5 99 100 4.078447360069305 0.01349598733626668
0.5 0.75 51 52 16.56606086735212 0.1258824982503868
0.5 0.75 52 53 16.43530801115782 0.1224844281087463
0.5 0.75 53 54 16.2799245674118 0.1157460394378887
0.5 0.75 54 55 16.0970196109601 1.773096564261418
0.5 0.75 55 56 15.90347601466445 1.56605564381995
0.5 0.75 56 57 15.69479594178586 1.375971524825031
0.5 0.75 57 58 15.47339419927667 1.204188093687752
0.5 0.75 58 59 15.24151398877942 1.04981919929103
0.5 0.75 59 60 15.00113163957118 0.9119590500979062
0.5 0.75 60 61 14.75398727885553 0.7896871505368249
0.5 0.75 61 62 14.50161251072612 0.6820727693831115
0.5 0.75 62 63 14.2453436502918 0.5879768579305861
0.5 0.75 63 64 13.98602457838581 0.5022682081092027
0.5 0.75 64 65 13.72442439220808 0.4207053376357205
0.5 0.75 65 66 13.46146601071209 0.343733698548626
0.5 0.75 66 67 13.19743947718605 0.2771842907169389
0.5 0.75 67 68 12.93255903815502 0.2197515188721264
0.5 0.75 68 69 12.66579311010018 0.1691824423017221
0.5 0.75 69 70 12.39484139848547 0.1251943399354153
0.5 0.75 70 71 12.11790255944932 0.08814940383699593
0.5 0.75 71 72 11.83489129775072 0.0592911570157487
0.5 0.75 72 73 11.54628116659809 0.04446952282719199
0.5 0.75 73 74 11.25288040418938 0.03756974634014629
0.5 0.75 74 75 10.95558896587909 0.03596314090223383
0.5 0.75 75 76 10.65508578564487 0.03692609342798207
0.5 0.75 76 77 10.35217427370277 0.03921936277452387
0.5 0.75 77 78 10.07317602672899 0.4419718408674767
0.5 0.75 78 79 9.739010609402058 0.5324251352991238
0.5 0.75 79 80 9.432552187445594 0.4131824936465233
0.5 0.75 80 81 9.126894592386208 0.315465437383364
0.5 0.75 81 82 8.822680917788936 0.2370203984922729
0.5 0.75 82 83 8.52051335069951 0.1757446237714886
0.5 0.75 83 84 8.220953989209299 0.1296909179378656
0.5 0.75 84 85 7.924525678063397 0.09705931541531568
0.5 0.75 85 86 7.631712865833876 0.07615001712590203
0.5 0.75 86 87 7.342962487268636 0.06527200438896515
0.5 0.75 87 88 7.0586848725412 0.06273027492018499
0.5 0.75 88 89 6.779254685435774 0.06701731857052377
0.5 0.75 89 90 6.505011890110296 0.07695989678576422
0.5 0.75 90 91 6.236256228094135 0.09138494691128519
0.5 0.75 91 92 5.973235885646559 0.1085537518164493
0.5 0.75 92 93 5.716188254576227 0.1275353091135157
0.5 0.75 93 94 5.465326896235894 0.1477049013702326
0.5 0.75 94 95 5.220835946068501 0.1685116034200414
0.5 0.75 95 96 4.982871248286127 0.1894785966734507
0.5 0.75 96 97 4.743130110720863 0.1432986827800242
0.5 0.75 97 98 4.52071649181584 0.1588111605765615
0.5 0.75 98 99 4.312430975703094 0.01365241688569089
0.5 0.75 99 100 4.101203544924964 0.01202542605292938
0.75 1 51 52 17.57998241189051 0.1253706098964776
0.75 1 52 53 17.41021303963976 0.1218946694574377
0.75 1 53 54 17.21794357836825 0.1151548336947727
0.75 1 54 55 16.99762870670492 1.716987347098733
0.75 1 55 56 16.77117030424549 1.514968841605838
0.75 1 56 57 16.53125924528842 1.329585149654918
0.75 1 57 58 16.28018839999899 1.162139466504347
0.75 1 58 59 16.02009380629394 1.011755485647035
0.75 1 59 60 15.75285380004755 0.8775383707699959
0.75 1 60 61 15.48011881251045 0.7585796030766062
0.75 1 61 62 15.2033382511716 0.6539613694897509
0.75 1 62 63 14.92377219180037 0.5625634725067011
0.75 1 63 64 14.64218064021443 0.4793754470158522
0.75 1 64 65 14.35925611042714 0.4002571927906398
0.75 1 65 66 14.0758625205608 0.3256386164619152
0.75 1 66 67 13.79221856846748 0.261195212954091
0.75 1 67 68 13.50845487301956 0.2056489815340936
0.75 1 68 69 13.22342544622533 0.1567962577428947
0.75 1 69 70 12.93466013275795 0.1143603926976458
0.75 1 70 71 12.64023060735381 0.07868238985213155
0.75 1 71 72 12.34000406030897 0.04657063989415584
0.75 1 72 73 12.03444168983422 0.0195825836762335
0.75 1 73 74 11.72434988296034 0.004444178769324647
0.75 1 74 75 11.41063546245842 0.01382355251006268
0.75 1 75 76 11.09397842532752 0.02445741721413242
0.75 1 76 77 10.77518764491143 0.0333966619640531
0.75 1 77 78 10.42357250888016 0.4881381450097229
0.75 1 78 79 10.12807073764189 0.5154187772213513
0.75 1 79 80 9.806911025984647 0.3999888250907086
0.75 1 80 81 9.48683576158939 0.3055285196192425
0.75 1 81 82 9.168496221316992 0.2298513839768007
0.75 1 82 83 8.852502206707044 0.1709239418064997
0.75 1 83 84 8.539422820802663 0.1268644902366021
0.75 1 84 85 8.229787269800561 0.09591367807038251
0.75 1 85 86 7.924085692825493 0.07634628823708678
0.75 1 86 87 7.622770023058386 0.06636399295598741
0.75 1 87 88 7.326254881570087 0.0641796003960184
0.75 1 88 89 7.034918505859331 0.06833404596385198
0.75 1 89 90 6.749103712204459 0.07780777093379407
0.75 1 90 91 6.469112265776573 0.09158111919102661
0.75 1 91 92 6.195193358856194 0.1080324316462553
0.75 1 92 93 5.927585031589899 0.1262656903212595
0.75 1 93 94 5.666500907909601 0.1456672076584702
0.75 1 94 95 5.412124505784174 0.1656937309952217
0.75 1 95 96 5.164610391961279 0.1858755691440448
0.75 1 96 97 4.915517115271907 0.137614314487438
0.75 1 97 98 4.684172999088435 0.1527809862004125
0.75 1 98 99 4.467506008234643 0.008964660433071784
0.75 1 99 100 4.248003693664774 0.006251960894602564
1 1.25 51 52 18.29105143852541 0.117638462877027
1 1.25 52 53 18.10552527396328 0.1143747361918768
1 1.25 53 54 17.89826648598537 0.1079519945084248
1 1.25 54 55 17.66899633732052 1.668794201880925
1 1.25 55 56 17.4286356555279 1.472292546159318
1 1.25 56 57 17.17541507347892 1.292058609797912
1 1.25 57 58 16.91158014732463 1.12933551495487
1 1.25 58 59 16.6392224901426 0.9832582376589151
1 1.25 59 60 16.36018047749334 0.8529444750754877
1 1.25 60 61 16.0760685767178 0.7374994081428662
1 1.25 61 62 15.78830378943269 0.6360200061483043
1 1.25 62 63 15.49811638167193 0.5474084058090157
1 1.25 63 64 15.20623117863707 0.4668065133949825
1 1.25 64 65 14.9133080697457 0.3902026183326662
1 1.25 65 66 14.62018788145431 0.318005187026077
1 1.25 66 67 14.32705875020292 0.2556897272390826
1 1.25 67 68 14.03400619549073 0.2020114214454468
1 1.25 68 69 13.73981374665748 0.1548381324859782
1 1.25 69 70 13.44187849545284 0.1138895954203254
1 1.25 70 71 13.13815799456758 0.07949814714337529
1 1.25 71 72 12.82847057258149 0.05051807322038291
1 1.25 72 73 12.51326307235747 0.03598987591627523
1 1.25 73 74 12.19334173129846 0.0292883409519037
1 1.25 74 75 11.86962650344034 0.02807325498682143
1 1.25 75 76 11.54280067050428 0.02947383423721213
1 1.25 76 77 11.21368523285823 0.03211227631388797
1 1.25 77 78 10.85737108125953 0.455872033314905
1 1.25 78 79 10.54996711767154 0.4888168439779673
1 1.25 79 80 10.2179434477808 0.3787784632001002
1 1.25 80 81 9.886921887474266 0.2890102082963357
1 1.25 81 82 9.557573734178852 0.2174146027949477
1 1.25 82 83 9.230528795947393 0.1620507164992601
1 1.25 83 84 8.906376056037573 0.1211187147210215
1 1.25 84 85 8.585664369134271 0.09288782537323007
1 1.25 85 86 8.268903192267054 0.07554255957217726
1 1.25 86 87 7.956563354388351 0.06708894813375224
1 1.25 87 88 7.649077865851552 0.06562708061595278
1 1.25 88 89 7.346842770064193 0.06981062998569333
1 1.25 89 90 7.050218036673066 0.07885567352956785
1 1.25 90 91 6.759521584285821 0.09195862763740092
1 1.25 91 92 6.47501718100035 0.1076563642604948
1 1.25 92 93 6.196957554152121 0.125095784248045
1 1.25 93 94 5.92557044890135 0.1436735023021332
1 1.25 94 95 5.661052610393341 0.1628528477162584
1 1.25 95 96 5.40357091301339 0.182170949993606
1 1.25 96 97 5.145994078201067 0.1309324984868506
1 1.25 97 98 4.904956664871257 0.1458421631782492
1 1.25 98 99 4.676370555147745 0.00860427971071669
1 1.25 99 100 4.447805186164601 0.007147037040488512
1.25 1.5 51 52 18.47467031340696 0.1118497466921855
1.25 1.5 52 53 18.269860886879 0.1087331936503698
1.25 1.5 53 54 18.04512924701208 0.1040945075495782
1.25 1.5 54 55 17.80363430440499 1.604646137366405
1.25 1.5 55 56 17.54889558360966 1.414769626798804
1.25 1.5 56 57 17.28259687773919 1.240649482181367
1.25 1.5 57 58 17.00685317297041 1.083469656314087
1.25 1.5 58 59 16.72364765770442 0.9423860938347589
1.25 1.5 59 60 16.43472144967879 0.8165387793091069
1.25 1.5 60 61 16.1416016861171 0.7050563542228816
1.25 1.5 61 62 15.84562684776981 0.6070602929317622
1.25 1.5 62 63 15.54795646481455 0.5214868796217403
1.25 1.5 63 64 15.24925555579301 0.4436866409935355
1.25 1.5 64 65 14.95012973517261 0.3698241009257026
1.25 1.5 65 66 14.65136805726431 0.3002837934936698
1.25 1.5 66 67 14.35311754544686 0.2402820240461462
1.25 1.5 67 68 14.05541588020422 0.1886179258580818
1.25 1.5 68 69 13.75701165509874 0.1432428765047039
1.25 1.5 69 70 13.45526529614639 0.1038872178889646
1.25 1.5 70 71 13.14810917368638 0.07085118863556845
1.25 1.5 71 72 12.83533742642055 0.05449342411169245
1.25 1.5 72 73 12.51737783811333 0.04561335301701511
1.25 1.5 73 74 12.19501376062723 0.04314914819075232
1.25 1.5 74 75 11.86914412482186 0.04369846677016536
1.25 1.5 75 76 11.54043229626008 0.04536901678336962
1.25 1.5 76 77 11.20967897770655 0.04753572758995706
1.25 1.5 77 78 10.87772195917735 0.04978677681700552
1.25 1.5 78 79 10.53471214914826 0.5190185106992669
1.25 1.5 79 80 10.20187757636354 0.4111017475013848
1.25 1.5 80 81 9.870231068139105 0.322631832930421
1.25 1.5 81 82 9.540427435349635 0.2515346836339766
1.25 1.5 82 83 9.213080803144372 0.1958734012062409
1.25 1.5 83 84 8.888765271645859 0.1538476952689778
1.25 1.5 84 85 8.568015606515729 0.1237849634401708
1.25 1.5 85 86 8.251327962394882 0.104118661754336
1.25 1.5 86 87 7.939160642984454 0.09336310923249189
1.25 1.5 87 88 7.631934898942703 0.090116500022855
1.25 1.5 88 89 7.330035765755895 0.0931057766307279
1.25 1.5 89 90 7.033812941588423 0.1012247313539735
1.25 1.5 90 91 6.743574394579422 0.1133150614884414
1.25 1.5 91 92 6.459573489981985 0.1277543522723163
1.25 1.5 92 93 6.182054482998979 0.1437003430243268
1.25 1.5 93 94 5.911237706078136 0.1606029826882818
1.25 1.5 94 95 5.647313121028713 0.1779825979710863
1.25 1.5 95 96 5.382081654452161 0.1357454897091891
1.25 1.5 96 97 5.134418031674517 0.1489369742302567
1.25 1.5 97 98 4.90471652493536 0.01976010715947766
1.25 1.5 98 99 4.6691116487725 0.01790569816372353
1.25 1.5 99 100 4.440962028420582 0.01629710425846324
1.5 1.75 51 52 20.37097654003588 0.101968690697612
1.5 1.75 52 53 20.08479410974797 0.09893024461352286
1.5 1.75 53 54 19.78336607916651 0.09301729397395797
1.5 1.75 54 55 19.47934952586229 1.505317495440517
1.5 1.75 55 56 19.15599439929954 1.323571586083699
1.5 1.75 56 57 18.82477275617853 1.157144058295203
1.5 1.75 57 58 18.4875323925163 1.007139351041317
1.5 1.75 58 59 18.14602017907015 0.8727210419144266
1.5 1.75 59 60 17.80176067084 0.7530388264248997
1.5 1.75 60 61 17.45608236400574 0.6472329981267637
1.5 1.75 61 62 17.11014134846147 0.554438485191298
1.5 1.75 62 63 16.76492771086602 0.4736153545927909
1.5 1.75 63 64 16.4209191366547 0.4003138335909758
1.5 1.75 64 65 16.07855059229033 0.330868552311989
1.5 1.75 65 66 15.73848091211086 0.2656365198324399
1.5 1.75 66 67 15.40070780338007 0.2095542112220619
1.5 1.75 67 68 15.06510147427687 0.1614724116089735
1.5 1.75 68 69 14.73019283213326 0.1194413792513604
1.5 1.75 69 70 14.39302743106478 0.08324219708214939
1.5 1.75 70 71 14.05129780570245 0.05321575871972705
1.5 1.75 71 72 13.70470203365511 0.02705666877042715
1.5 1.75 72 73 13.35363769722971 0.01180420061032715
1.5 1.75 73 74 12.99887752272647 0.02017715068845303
1.5 1.75 74 75 12.64132610303378 0.02738830183339395
1.5 1.75 75 76 12.28164746600099 0.03464325531473854
1.5 1.75 76 77 11.92064660910633 0.0412191680988205
1.5 1.75 77 78 11.51857252933679 0.4335822401276586
1.5 1.75 78 79 11.18025095341078 0.4762501030541516
1.5 1.75 79 80 10.82012199958484 0.3769306152954664
1.5 1.75 80 81 10.46187799494905 0.2960111393742075
1.5 1.75 81 82 10.1061785658387 0.2315247552541264
1.5 1.75 82 83 9.753641833558341 0.1816275030069379
1.5 1.75 83 84 9.404844998126279 0.1445762891470415
1.5 1.75 84 85 9.060324964936619 0.1186906673970102
1.5 1.75 85 86 8.720579017180874 0.1023221523202283
1.5 1.75 86 87 8.386065536820752 0.09388800794481543
1.5 1.75 87 88 8.057204775395974 0.09198783444674316
1.5 1.75 88 89 7.734379675684508 0.09549833856094159
1.5 1.75 89 90 7.417936744271334 0.1035383462805014
1.5 1.75 90 91 7.108179694239166 0.1151658894792433
1.5 1.75 91 92 6.805356654185946 0.1289469946156629
1.5 1.75 92 93 6.509705485797465 0.1441095919520601
1.5 1.75 93 94 6.221439062489416 0.1601335018702844
1.5 1.75 94 95 5.93089217039492 0.1143830011777183
1.5 1.75 95 96 5.660011353431702 0.1277481670414893
1.5 1.75 96 97 5.396795724205855 0.1409667136564169
1.5 1.75 97 98 5.151358098392862 0.01148443883706406
1.5 1.75 98 99 4.901462062661455 0.00943593923770315
1.5 1.75 99 100 4.659656011170727 0.00768123944157042
1.75 2 51 52 20.91651245637641 0.1053417701928328
1.75 2 52 53 20.62939564577368 0.1021742615301773
1.75 2 53 54 20.32691134031458 0.09623476655544562
1.75 2 54 55 20.00716199675705 1.419102165612509
1.75 2 55 56 19.68297753241987 1.246706519360659
1.75 2 56 57 19.35077626983983 1.088945064692838
1.75 2 57 58 19.01239846355909 0.9468461703869556
1.75 2 58 59 18.66958817125152 0.8195993970046561
1.75 2 59 60 18.32386918567687 0.7063822123122475
1.75 2 60 61 17.97657092406239 0.6063642753947914
1.75 2 61 62 17.62885173496487 0.5187112890255434
1.75 2 62 63 17.28170591125337 0.4424262438685692
1.75 2 63 64 16.93563975436724 0.373321193756415
1.75 2 64 65 16.59111265695563 0.3079533530066346
1.75 2 65 66 16.24878596208293 0.246653538099024
1.75 2 66 67 15.90867511887247 0.194039927246392
1.75 2 67 68 15.57064739022651 0.1490203247965028
1.75 2 68 69 15.23320742202122 0.1097651056119959
1.75 2 69 70 14.89328321806215 0.07608661852003562
1.75 2 70 71 14.5484305121835 0.04835195617355944
1.75 2 71 72 14.19827014897228 0.02473110032976494
1.75 2 72 73 13.84316449750948 0.01879421853584684
1.75 2 73 74 13.48387449685768 0.02480573940945852
1.75 2 74 75 13.12131521857536 0.0302173027888467
1.75 2 75 76 12.75613929161659 0.03464127188940263
1.75 2 76 77 12.38916023657463 0.03978859686701052
1.75 2 77 78 12.02124606778527 0.0445391101927749
1.75 2 78 79 11.63423555907662 0.4729457667941502
1.75 2 79 80 11.2670006621959 0.378117752476462
1.75 2 80 81 10.90124146059859 0.3006699910530277
1.75 2 81 82 10.53764643488871 0.238721013612085
1.75 2 82 83 10.17686298659928 0.1905131078703385
1.75 2 83 84 9.819497877298744 0.1544003188608617
1.75 2 84 85 9.466117715421042 0.1288264309421702
1.75 2 85 86 9.117249493996425 0.1123030771503476
1.75 2 86 87 8.77338118268684 0.1034149873645644
1.75 2 87 88 8.434962375494763 0.1008688090876169
1.75 2 88 89 8.102404995876242 0.1035489657993658
1.75 2 89 90 7.776084059576515 0.1105234357565897
1.75 2 90 91 7.456330749845101 0.1208205262184005
1.75 2 91 92 7.143418694663346 0.1330547442996201
1.75 2 92 93 6.837612030916365 0.1465034583632771
1.75 2 93 94 6.539149538434341 0.1606921939371947
1.75 2 94 95 6.240314033117045 0.1149212673775596
1.75 2 95 96 5.95904025478281 0.1265623552700338
1.75 2 96 97 5.696092349949836 0.01144538274189257
1.75 2 97 98 5.427995601089529 0.008696566413390453
1.75 2 98 99 5.168022831683031 0.006386161325253595
1.75 2 99 100 4.916236965076259 0.00447563021487892
2 2.25 51 52 22.95269537331407 0.1059087009974317
2 2.25 52 53 22.55379796759865 0.1026301121874043
2 2.25 53 54 22.1465363755915 0.09675479900097496
2 2.25 54 55 21.72235881182229 1.375529063431392
2 2.25 55 56 21.30608009865225 1.210449682418849
2 2.25 56 57 20.88733876823238 1.059434864927664
2 2.25 57 58 20.46757787790159 0.9234237920165901
2 2.25 58 59 20.0481773777706 0.8016281284273323
2 2.25 59 60 19.63032700191933 0.6932490992072136
2 2.25 60 61 19.21504935623591 0.597481676430294
2 2.25 61 62 18.80322067900276 0.5135183450421116
2 2.25 62 63 18.39557284208543 0.4403999832268973
2 2.25 63 64 17.99232090154122 0.3741649148914832
2 2.25 64 65 17.59365868563208 0.3115575215738763
2 2.25 65 66 17.20004440016115 0.2528706742906778
2 2.25 66 67 16.8112547793904 0.2024282618603832
2 2.25 67 68 16.42690316569232 0.1591812235977076
2 2.25 68 69 16.04520036808519 0.1213933683121542
2 2.25 69 70 15.6627329850451 0.08879373809419905
2 2.25 70 71 15.27684829257082 0.06162718471220129
2 2.25 71 72 14.88709630156437 0.03748268028102099
2 2.25 72 73 14.49381993989896 0.01781739704470123
2 2.25 73 74 14.09776056817741 0.006635792341647948
2 2.25 74 75 13.69981583055041 0.01019260493996853
2 2.25 75 76 13.30063394133329 0.01684727773349
2 2.25 76 77 12.90101199011169 0.02281595709328986
2 2.25 77 78 12.50179558942162 0.02784368000586084
2 2.25 78 79 12.10379086715758 0.03201529468175589
2 2.25 79 80 11.71001690802013 0.3900702286278489
2 2.25 80 81 11.31593489834485 0.3177840040963172
2 2.25 81 82 10.92529558570907 0.2599146645226152
2 2.25 82 83 10.53871871138543 0.214775455567473
2 2.25 83 84 10.15678254014063 0.1807970836439742
2 2.25 84 85 9.780024387984554 0.1565237015228408
2 2.25 85 86 9.40894120912305 0.1406092679278255
2 2.25 86 87 9.043990244043147 0.1318167881992944
2 2.25 87 88 8.685589729691127 0.1290206313893419
2 2.25 88 89 8.334119672150109 0.1312079810204846
2 2.25 89 90 7.989922681974861 0.1374751002406497
2 2.25 90 91 7.653296517796086 0.14684779651973
2 2.25 91 92 7.324479277348292 0.1579669009934187
2 2.25 92 93 7.003701209849673 0.1701305172980857
2 2.25 93 94 6.680887173873892 0.1340797646489703
2 2.25 94 95 6.384395646981673 0.01008353337267023
2 2.25 95 96 6.088477826563352 0.007430731105668853
2 2.25 96 97 5.801253485413545 0.005147383576460107
2 2.25 97 98 5.52280854845416 0.0036761753661508
2 2.25 98 99 5.253200626654145 0.00280161861200853
2 2.25 99 100 4.992460415038508 0.003407176006482601
2.25 2.5 51 52 23.05245820973263 0.09909149895841517
2.25 2.5 52 53 22.62731114615298 0.09589077865037801
2.25 2.5 53 54 22.19649545888856 0.09025193154076518
2.25 2.5 54 55 21.70035286289553 0.9344391134061902
2.25 2.5 55 56 21.31978526313532 1.107674583144934
2.25 2.5 56 57 20.8840191822882 0.9656041059536995
2.25 2.5 57 58 20.44898257898785 0.8378219159356769
2.25 2.5 58 59 20.01588782989752 0.7235602243841804
2.25 2.5 59 60 19.58577413607833 0.6220427044638699
2.25 2.5 60 61 19.15952876159014 0.5324884916513279
2.25 2.5 61 62 18.73790612755556 0.4541157809260906
2.25 2.5 62 63 18.32152789233214 0.3860044720121775
2.25 2.5 63 64 17.91050717110997 0.324472819075145
2.25 2.5 64 65 17.50494602991402 0.2665026077335876
2.25 2.5 65 66 17.10522407673504 0.2123504187023496
2.25 2.5 66 67 16.71106260685868 0.1659573775060896
2.25 2.5 67 68 16.32201901233162 0.1263439421671482
2.25 2.5 68 69 15.93629620830801 0.09189818646668513
2.25 2.5 69 70 15.55049974927867 0.06240358558995585
2.25 2.5 70 71 15.16198069641172 0.03812278803340449
2.25 2.5 71 72 14.77024940266681 0.02451077993772916
2.25 2.5 72 73 14.37560124127368 0.0239553926555951
2.25 2.5 73 74 13.97872740569495 0.02781053425692825
2.25 2.5 74 75 13.58048141762526 0.0315734544160659
2.25 2.5 75 76 13.18145649783371 0.03478275375288944
2.25 2.5 76 77 12.78240515904163 0.03756241119102061
2.25 2.5 77 78 12.38413743446402 0.04059393107787464
2.25 2.5 78 79 11.9495608422917 0.2922501954475448
2.25 2.5 79 80 11.5769429945526 0.3341774267572243
2.25 2.5 80 81 11.18530754081599 0.2687277672750258
2.25 2.5 81 82 10.79732860406377 0.2168261549391496
2.25 2.5 82 83 10.41359914005675 0.1768697486591042
2.25 2.5 83 84 10.0346721473159 0.147319141133707
2.25 2.5 84 85 9.661061154550669 0.1266755592115623
2.25 2.5 85 86 9.293240767365059 0.1134918772390364
2.25 2.5 86 87 8.931647276120874 0.106437506587623
2.25 2.5 87 88 8.576679325617931 0.1043837561640557
2.25 2.5 88 89 8.228698647248152 0.1064375548822384
2.25 2.5 89 90 7.888030853774364 0.1118957016051529
2.25 2.5 90 91 7.554957979717113 0.1200200554027766
2.25 2.5 91 92 7.229703778335733 0.1297102999122184
2.25 2.5 92 93 6.902538946029054 0.08131121052600498
2.25 2.5 93 94 6.595460851895318 0.09125485521823505
2.25 2.5 94 95 6.296628789384684 0.1015651004366458
2.25 2.5 95 96 6.006169561985157 0.1118348802722221
2.25 2.5 96 97 5.735066073253384 0.01278224171346794
2.25 2.5 97 98 5.45968497000873 0.01093629436356514
2.25 2.5 98 99 5.193088444043108 0.009301085741341975
2.25 2.5 99 100 4.935300235663696 0.007879115030315268
2.5 2.75 51 52 24.50914081751733 0.1079251393231895
2.5 2.75 52 53 24.00397189550762 0.1037644076473477
2.5 2.75 53 54 23.49839945852003 0.09860853508786274
2.5 2.75 54 55 22.93572515952101 0.8770355935101783
2.5 2.75 55 56 22.48591378921358 1.033390040788586
2.5 2.75 56 57 21.98887888968167 0.899686035901534
2.5 2.75 57 58 21.49636629576176 0.7795263260884377
2.5 2.75 58 59 21.00930793822134 0.6721683725666701
2.5 2.75 59 60 20.52848689367018 0.5768627382976513
2.5 2.75 60 61 20.05455623328307 0.4928569428588213
2.5 2.75 61 62 19.58805595164031 0.4193989292192964
2.5 2.75 62 63 19.1294102463295 0.3556120002510151
2.5 2.75 63 64 18.67854023605362 0.2981044737055101
2.5 2.75 64 65 18.23537214872886 0.2441013760357298
2.5 2.75 65 66 17.8001334152885 0.1938167402359932
2.5 2.75 66 67 17.37239397702054 0.1508057653282144
2.5 2.75 67 68 16.9515454437678 0.1141495771423855
2.5 2.75 68 69 16.5356075469908 0.08235908061530879
2.5 2.75 69 70 16.12094209421031 0.05520462836211215
2.5 2.75 70 71 15.70471032580419 0.04198725151597971
2.5 2.75 71 72 15.28632392088092 0.03565749183383119
2.5 2.75 72 73 14.86602654633956 0.03460841314708295
2.5 2.75 73 74 14.44446965461098 0.03617938005188467
2.5 2.75 74 75 14.02248084819114 0.03790380863424752
2.5 2.75 75 76 13.60062227012212 0.03942378637579123
2.5 2.75 76 77 13.17962033420621 0.04075807787389089
2.5 2.75 77 78 12.76026404300426 0.04182403236055515
2.5 2.75 78 79 12.30928791827834 0.2507639623357068
2.5 2.75 79 80 11.89390672065432 0.1936613939278947
2.5 2.75 80 81 11.50657530067106 0.2339247195875823
2.5 2.75 81 82 11.10084844009897 0.1874264809961606
2.5 2.75 82 83 10.70012032639043 0.1519892182026053
2.5 2.75 83 84 10.30492419192616 0.1261250373206256
2.5 2.75 84 85 9.915753942878741 0.108332278956988
2.5 2.75 85 86 9.533064688109341 0.09712294363710407
2.5 2.75 86 87 9.157273334114226 0.09114159903769441
2.5 2.75 87 88 8.788759246410777 0.08930560672575846
2.5 2.75 88 89 8.427864977447747 0.09084797978566427
2.5 2.75 89 90 8.074897061500423 0.09523434837349298
2.5 2.75 90 91 7.730118758699945 0.1019156460977212
2.5 2.75 91 92 7.382747634477314 0.05324969983046079
2.5 2.75 92 93 7.056816217284929 0.06193829846402158
2.5 2.75 93 94 6.739522932757646 0.07111743100913902
2.5 2.75 94 95 6.431003844218505 0.08049825919447059
2.5 2.75 95 96 6.131368851808134 0.08984050359451616
2.5 2.75 96 97 5.840702226679461 0.09894701580926347
2.5 2.75 97 98 5.56438261275771 0.01024327140378736
2.5 2.75 98 99 5.290237099268653 0.00901468833004092
2.5 2.75 99 100 5.025334999198405 0.008021550170244862
2.75 3 51 52 25.42053099474202 0.1241651581724002
2.75 3 52 53 24.83990482726607 0.1185275583701759
2.75 3 53 54 24.26461387532174 0.1122625208897821
2.75 3 54 55 23.6408426160033 0.8205140896881082
2.75 3 55 56 23.12730799525868 0.9567654520298494
2.75 3 56 57 22.57510369648152 0.8313702462773548
2.75 3 57 58 22.03145959782647 0.7187521378933951
2.75 3 58 59 21.49698691662444 0.6181965219305019
2.75 3 59 60 20.97217686860212 0.5289834648692961
2.75 3 60 61 20.45741660404138 0.4503914047786607
2.75 3 61 62 19.95300351051166 0.3817004738130284
2.75 3 62 63 19.45913943611021 0.3220811580617548
2.75 3 63 64 18.97553523999412 0.2684645772826612
2.75 3 64 65 18.50192525249328 0.2183468507516615
2.75 3 65 66 18.0383682260556 0.1718944544974215
2.75 3 66 67 17.58428004301874 0.1322249266763232
2.75 3 67 68 17.13889194030796 0.09849464095751215
2.75 3 68 69 16.70008421856114 0.06936392244018794
2.75 3 69 70 16.26407350142128 0.05091957279544244
2.75 3 70 71 15.8279150532828 0.04192079456349219
2.75 3 71 72 15.39094253112725 0.03771381749177821
2.75 3 72 73 14.9533419152292 0.03760301939661895
2.75 3 73 74 14.5157053037028 0.03912332431673481
2.75 3 74 75 14.07880732421713 0.04045806488123071
2.75 3 75 76 13.64315999030649 0.04150845220444645
2.75 3 76 77 13.20943860330648 0.04234768478402708
2.75 3 77 78 12.77838325401827 0.04292017975593991
2.75 3 78 79 12.31547110868903 0.2198065141847486
2.75 3 79 80 11.89069945778978 0.1674476856742775
2.75 3 80 81 11.49383254831389 0.1964907763413385
2.75 3 81 82 11.08008289025543 0.1547345501010394
2.75 3 82 83 10.67212502193787 0.1231227480730232
2.75 3 83 84 10.27044858940723 0.1002934067682069
2.75 3 84 85 9.875505128548159 0.08482654041090171
2.75 3 85 86 9.487708601078374 0.07524920194449289
2.75 3 86 87 9.107435996846924 0.07018201622024949
2.75 3 87 88 8.735028002390777 0.06854620766279895
2.75 3 88 89 8.370789735492504 0.06964679081463512
2.75 3 89 90 8.014991546302962 0.07307319984515012
2.75 3 90 91 7.667861774679407 0.07843412454209894
2.75 3 91 92 7.319586402402397 0.03750218584020409
2.75 3 92 93 6.991967900539668 0.04503796564910704
2.75 3 93 94 6.673374785058257 0.05307865447960049
2.75 3 94 95 6.363915259411291 0.06130610062496744
2.75 3 95 96 6.063672179409517 0.06949231921449542
2.75 3 96 97 5.772703626823477 0.0774545663936992
2.75 3 97 98 5.496852242016525 0.008206465537823227
2.75 3 98 99 5.223048362146254 0.006826102520386995
2.75 3 99 100 4.958711852646958 0.005655834094200352
3 3.25 51 52 25.62881156109536 0.157547071742502
3 3.25 52 53 24.98455694420983 0.1498488981117089
3 3.25 53 54 24.35150697401181 0.1419324682161196
3 3.25 54 55 23.7304038193065 0.1338774495325151
3 3.25 55 56 23.07536930439133 0.6789763201202822
3 3.25 56 57 22.51826158938484 0.7713179178969104
3 3.25 57 58 21.93553220209465 0.6661217262499709
3 3.25 58 59 21.3656378449999 0.5721715065716666
3 3.25 59 60 20.80875462545933 0.4887857920228048
3 3.25 60 61 20.26498386933154 0.4152825224717807
3 3.25 61 62 19.73436337177621 0.3509822204647767
3 3.25 62 63 19.21685859522678 0.2951126535580349
3 3.25 63 64 18.71196761617446 0.2449822757394544
3 3.25 64 65 18.21923080831923 0.1984024715236197
3 3.25 65 66 17.73853004829177 0.1554830005834805
3 3.25 66 67 17.26913670984338 0.1188309881633374
3 3.25 67 68 16.81013894509721 0.08796033908729774
3 3.25 68 69 16.35933783137974 0.07210869234132045
3 3.25 69 70 15.91292138665258 0.06073335257923523
3 3.25 70 71 15.46793013932739 0.05368611544315126
3 3.25 71 72 15.02363868872914 0.05012639251061318
3 3.25 72 73 14.58016672026047 0.04922580287273203
3 3.25 73 74 14.13802586948788 0.0493597740153854
3 3.25 74 75 13.69791068518902 0.04941102407876666
3 3.25 75 76 13.26026377148369 0.04931542130416292
3 3.25 76 77 12.82568484393121 0.04910386186089945
3 3.25 77 78 12.3948383280507 0.04871813070179454
3 3.25 78 79 11.93295385911918 0.1800211174502105
3 3.25 79 80 11.5105756799827 0.1325847675043539
3 3.25 80 81 11.11477495523144 0.147670966263268
3 3.25 81 82 10.7048375968614 0.1110666691669659
3 3.25 82 83 10.30142234538154 0.08402766354954186
3 3.25 83 84 9.904954002245436 0.06546777277053477
3 3.25 84 85 9.515821678455847 0.05401338408262903
3 3.25 85 86 9.134379347646282 0.04781445850635157
3 3.25 86 87 8.760946461099554 0.04489302914982636
3 3.25 87 88 8.395808624408104 0.04380624538661677
3 3.25 88 89 8.039218335073858 0.04391434794631308
3 3.25 89 90 7.691395782132826 0.04517107998792524
3 3.25 90 91 7.35252211179065 0.04771203931161981
3 3.25 91 92 7.022726182534869 0.05142350765465734
3 3.25 92 93 6.694850336746617 0.01815548986036225
3 3.25 93 94 6.384855281626507 0.02372848291245318
3 3.25 94 95 6.084122840807876 0.03010686380403996
3 3.25 95 96 5.792701240807805 0.03676000035253311
3 3.25 96 97 5.510615837178781 0.04337897268805519
3 3.25 97 98 5.237869786280054 0.04976596190088013
3 3.25 98 99 4.974444798511093 0.05578570032789212
3 3.25 99 100 4.724409179524073 0.006834878440155063
3.25 3.5 51 52 24.71904546059481 0.1369350938340523
3.25 3.5 52 53 24.03992077686816 0.1286387596764657
3.25 3.5 53 54 23.37724308148547 0.1202235474871451
3.25 3.5 54 55 22.73120879750945 0.1117357859452075
3.25 3.5 55 56 22.10182850707186 0.103377159225906
3.25 3.5 56 57 21.48876984670078 0.09572733317436141
3.25 3.5 57 58 20.85603584877691 0.4750175869215744
3.25 3.5 58 59 20.30347107777271 0.5226196603790882
3.25 3.5 59 60 19.7388229084377 0.4458382217466777
3.25 3.5 60 61 19.18972953950112 0.378074440470071
3.25 3.5 61 62 18.65597642887636 0.3186998033842153
3.25 3.5 62 63 18.13730195655814 0.2670122278055302
3.25 3.5 63 64 17.63301819326407 0.220757970351303
3.25 3.5 64 65 17.14249624347084 0.1781093499826415
3.25 3.5 65 66 16.66545197689737 0.1391047832834463
3.25 3.5 66 67 16.2010477434576 0.105761969165433
3.25 3.5 67 68 15.74827316557935 0.0774231172438074
3.25 3.5 68 69 15.30494831174081 0.05310672070405558
3.25 3.5 69 70 14.86740232230213 0.03666151337369526
3.25 3.5 70 71 14.43279458997906 0.02804290582353506
3.25 3.5 71 72 14.00037677021028 0.02451232166874933
3.25 3.5 72 73 13.57019998475519 0.02544729316476941
3.25 3.5 73 74 13.14267514137577 0.02792775218643731
3.25 3.5 74 75 12.71838725311953 0.03011091443649481
3.25 3.5 75 76 12.29769197821938 0.03188261333373312
3.25 3.5 76 77 11.88108794706464 0.03440790524655565
3.25 3.5 77 78 11.46913476355476 0.03657824544272385
3.25 3.5 78 79 11.0285528958623 0.1326686940554205
3.25 3.5 79 80 10.64462951155595 0.1285962009877291
3.25 3.5 80 81 10.24958795834814 0.08835151932244509
3.25 3.5 81 82 9.861173930917976 0.05816557244658974
3.25 3.5 82 83 9.479758525840639 0.03843919308580927
3.25 3.5 83 84 9.105680664359308 0.03021620229055261
3.25 3.5 84 85 8.716694811987738 0.1000142687684221
3.25 3.5 85 86 8.389622786419206 0.07005573379727499
3.25 3.5 86 87 7.996273390611142 0.02299749171730224
3.25 3.5 87 88 7.630881683715621 0.0178522027755988
3.25 3.5 88 89 7.290273504196453 0.02686617530320085
3.25 3.5 89 90 6.971597525816216 0.02543634725908864
3.25 3.5 90 91 6.672004250136867 0.01941850174242886
3.25 3.5 91 92 6.388111480426798 0.02699837873456602
3.25 3.5 92 93 6.117850569875854 0.04973814225340174
3.25 3.5 93 94 5.804925624486144 0.05061153450832113
3.25 3.5 94 95 5.537582596074417 0.008842230760051936
3.25 3.5 95 96 5.26778375349717 0.007291800841515509
3.25 3.5 96 97 5.006975340727086 0.009714581832647578
3.25 3.5 97 98 4.755128794897709 0.01399699230333203
3.25 3.5 98 99 4.512197087028094 0.01858896306214181
3.25 3.5 99 100 4.278115491021049 0.02301855114226333
3.5 3.75 51 52 22.24452759621123 0.07101358128113007
3.5 3.75 52 53 21.58167814431435 0.06577632688958295
3.5 3.75 53 54 20.93865816891188 0.06008652272015519
3.5 3.75 54 55 20.31518361279206 0.05397598978291159
3.5 3.75 55 56 19.71084388535882 0.04769711731601879
3.5 3.75 56 57 19.12494329922699 0.04316341827525146
3.5 3.75 57 58 18.5570215705337 0.03969236937319715
3.5 3.75 58 59 18.00669026547532 0.0371200204690839
3.5 3.75 59 60 17.44442015546645 0.3270296686158136
3.5 3.75 60 61 16.94812244616687 0.3488339513319719
3.5 3.75 61 62 16.44803092339422 0.2949239096950046
3.5 3.75 62 63 15.96368054559004 0.247798520136014
3.5 3.75 63 64 15.49426838210707 0.2057109868614527
3.5 3.75 64 65 15.03906133557323 0.1672472404353277
3.5 3.75 65 66 14.59765376574429 0.1323653592912586
3.5 3.75 66 67 14.16917095068276 0.1024270340056977
3.5 3.75 67 68 13.75258635201319 0.07688226579293572
3.5 3.75 68 69 13.34588600215662 0.05494500963806129
3.5 3.75 69 70 12.94577647383268 0.03635836798045638
3.5 3.75 70 71 12.54972111339425 0.02170020327379909
3.5 3.75 71 72 12.15700751541925 0.01791751077085329
3.5 3.75 72 73 11.76762664162116 0.01961436790411324
3.5 3.75 73 74 11.38187506762235 0.02341888197212317
3.5 3.75 74 75 11.00020267122497 0.02706013390026485
3.5 3.75 75 76 10.6228666922636 0.03013515281234361
3.5 3.75 76 77 10.25024388727787 0.03262603385627119
3.5 3.75 77 78 9.882763729933266 0.03453901880276188
3.5 3.75 78 79 9.494571745512673 0.09777741049320295
3.5 3.75 79 80 9.149348162226246 0.07162030772948343
3.5 3.75 80 81 8.799269958742435 0.0382476205116773
3.5 3.75 81 82 8.455893694626763 0.02620698437976781
3.5 3.75 82 83 8.119483570501881 0.02988207686859941
3.5 3.75 83 84 7.75532587020111 0.02692460422695498
3.5 3.75 84 85 7.468487317982439 0.04674368522110222
3.5 3.75 85 86 7.154844960006464 0.04589502901282675
3.5 3.75 86 87 6.855954707005486 0.05201095729132921
3.5 3.75 87 88 6.556875557841879 0.05270634495150797
3.5 3.75 88 89 6.264981092480373 0.05307858232731438
3.5 3.75 89 90 5.976923020820006 0.04928227733540468
3.5 3.75 90 91 5.717623749858364 0.01500489201671713
3.5 3.75 91 92 5.449942732449145 0.01334153007142794
3.5 3.75 92 93 5.190581649948023 0.01227151337201977
3.5 3.75 93 94 4.938228834188804 0.01038701160385245
3.5 3.75 94 95 4.687144478821261 0.02966515285197106
3.5 3.75 95 96 4.454481201321089 0.02508613641359214
3.5 3.75 96 97 4.229771100999407 0.02060803933050965
3.5 3.75 97 98 4.013340124802149 0.01632318603097741
3.5 3.75 98 99 3.804738133745256 0.01230088826564823
3.5 3.75 99 100 3.604008872954537 0.008597704263974541
3.75 4 51 52 18.037974222835 0.1853248969010963
3.75 4 52 53 17.4594612997605 0.182750160346269
3.75 4 53 54 16.90111764798323 0.1799491158896876
3.75 4 54 55 16.36233113820421 0.1769823595407376
3.75 4 55 56 15.84222205994583 0.03946792074186037
3.75 4 56 57 15.34025469061735 0.0360200808956584
3.75 4 57 58 14.85560621195009 0.0332784068062533
3.75 4 58 59 14.3877185517657 0.03114355975819211
3.75 4 59 60 13.93603709671369 0.0295160297362631
3.75 4 60 61 13.49990017320253 0.02795578034349967
3.75 4 61 62 13.07859876869334 0.02594196620324347
3.75 4 62 63 12.67162986531121 0.02355387091193285
3.75 4 63 64 12.25967912031627 0.1622814618984646
3.75 4 64 65 11.89022087744308 0.1582126415762523
3.75 4 65 66 11.52308560998106 0.1282477388453039
3.75 4 66 67 11.16765267863507 0.1023724450908391
3.75 4 67 68 10.82299286444748 0.08016149902734009
3.75 4 68 69 10.48743017322455 0.06105120534489832
3.75 4 69 70 10.15830352428469 0.04477706254898129
3.75 4 70 71 9.833576189936696 0.03118042044603866
3.75 4 71 72 9.512641629075246 0.0196771595822969
3.75 4 72 73 9.195449469802389 0.01031389445024661
3.75 4 73 74 8.882180607385962 0.003553481746552941
3.75 4 74 75 8.573136763368709 0.003811465873451228
3.75 4 75 76 8.268476655450176 0.007681086158668669
3.75 4 76 77 7.968446911192807 0.01087212149069303
3.75 4 77 78 7.673334428961931 0.01325834330204404
3.75 4 78 79 7.383405126523639 0.01493342796480864
3.75 4 79 80 7.09890330695753 0.01600748929663275
3.75 4 80 81 6.803825330887321 0.03407025895852168
3.75 4 81 82 6.533711497796713 0.01531970326837052
3.75 4 82 83 6.266360010878529 0.002830172810885141
3.75 4 83 84 6.005569321608877 0.02564817560574398
3.75 4 84 85 5.749267909344547 0.02264150166902351
3.75 4 85 86 5.502720562701487 0.02892751502272448
3.75 4 86 87 5.274634031442347 0.01333744654484792
3.75 4 87 88 5.038839692088088 0.01244312902400061
3.75 4 88 89 4.809741202496736 0.0118880985154651
3.75 4 89 90 4.587402188757068 0.01184531233927389
3.75 4 90 91 4.373873721257548 0.00914674385286139
3.75 4 91 92 4.165540496380765 0.008224827480303567
3.75 4 92 93 3.963954436347021 0.007389439336126145
3.75 4 93 94 3.76910087570027 0.006645096020869302
3.75 4 94 95 3.580950652840708 0.005991683516781208
3.75 4 95 96 3.399460872927444 0.005425064462101215
3.75 4 96 97 3.224575685117059 0.004937827126976462
3.75 4 97 98 3.056227070669294 0.004520211287549498
3.75 4 98 99 2.894335638140368 0.004161170687789073
3.75 4 99 100 2.738811422235754 0.003849452578412821
4 5 51 52 17.05584842945796 0.1423470750669885
4 5 52 53 16.43484203221556 0.1396615854559605
4 5 53 54 15.83920382573425 0.1359720287178057
4 5 54 55 15.26790748062581 0.1314443982552963
4 5 55 56 14.71983032569406 0.1264003432233198
4 5 56 57 14.19349810327752 0.1216633858131615
4 5 57 58 13.68788157988191 0.1173796372859129
4 5 58 59 13.20213339437649 0.1134762638297607
4 5 59 60 12.73543653456577 0.1098861926360643
4 5 60 61 12.33229148579117 0.04654160211239104
4 5 61 62 11.89941916952734 0.04484784125501538
4 5 62 63 11.48306476239813 0.04321453096176915
4 5 63 64 11.08247976151186 0.04166825021731092
4 5 64 65 10.69731693997796 0.04037411633069497
4 5 65 66 10.32411707469263 0.03859015075313117
4 5 66 67 9.968351883843917 0.0373378067324103
4 5 67 68 9.622919221423855 0.03625294946069636
4 5 68 69 9.288795644048175 0.0350667043620537
4 5 69 70 8.964581822411242 0.03548459857453978
4 5 70 71 8.644306634791116 0.03286167145952968
4 5 71 72 8.331472655950714 0.03178129658440642
4 5 72 73 8.010162898161177 0.01509914463352806
4 5 73 74 7.709786505106619 0.01467109205153471
4 5 74 75 7.415507565833236 0.01422091712939523
4 5 75 76 7.122754988443168 0.02754270755485282
4 5 76 77 6.841063627685259 0.02422897688259356
4 5 77 78 6.560133500156231 0.01798389742075331
4 5 78 79 6.291752503912788 0.01431587488699777
4 5 79 80 6.032714479892988 0.009750796810627986
4 5 80 81 5.776395685108706 0.005778659818257897
4 5 81 82 5.527466197302747 0.004246005530006836
4 5 82 83 5.286919577607777 0.004627804559976608
4 5 83 84 5.053589073957211 0.00518646455673095
4 5 84 85 4.823813949169852 0.008353828402473496
4 5 85 86 4.603156963465133 0.01044786685232438
4 5 86 87 4.393268905777894 0.01422927973806222
4 5 87 88 4.186140414260836 0.01552251117433574
4 5 88 89 3.970907086943757 0.02881805670972341
4 5 89 90 3.776240658254888 0.01256364500368327
4 5 90 91 3.58858237312185 0.008614548935858873
4 5 91 92 3.367398837497245 0.03115858522928304
4 5 92 93 3.239852033229222 0.03393832714985769
4 5 93 94 3.090074000588866 0.02126241656988609
4 5 94 95 2.928987336411619 0.02081918617310801
4 5 95 96 2.54573510379353 0.02113852216849511
4 5 96 97 2.625569381196403 0.01957641976008294
4 5 97 98 2.483011530740681 0.01881031474307354
4 5 98 99 2.346392958888722 0.01797114027737327
4 5 99 100 2.215585616592991 0.01707623836459306
-5 5 51 100 19602.50130614461 16.05963025358558
