#ylo yhi qTlo qThi PDF0  uncertainty
-5 -4 51 52 15.21168834731351 0.0696512981759887
-5 -4 52 53 14.37908694831361 0.06840588142654595
-5 -4 53 54 13.59146984732664 0.06619039732746965
-5 -4 54 55 12.84624142909919 0.06317340000272158
-5 -4 55 56 12.14088515246324 0.05966649576906313
-5 -4 56 57 11.47275504193239 0.05643119597090945
-5 -4 57 58 10.83970021433093 0.05360505150235269
-5 -4 58 59 10.23981864773623 0.05112110950062383
-5 -4 59 60 9.67131892064004 0.04891431817625129
-5 -4 60 61 9.132400206334188 0.0467326209640692
-5 -4 61 62 8.621319365442645 0.04429058387497126
-5 -4 62 63 8.136615891880949 0.04165115651321134
-5 -4 63 64 7.67680779226542 0.03907208942506377
-5 -4 64 65 7.240503589563591 0.03670929893446277
-5 -4 65 66 6.826383367024922 0.03436812916336655
-5 -4 66 67 6.433171198250065 0.03210781732142436
-5 -4 67 68 6.059544343812089 0.02992209176209699
-5 -4 68 69 5.703895605965184 0.02782910128042491
-5 -4 69 70 5.364227321050142 0.02583428492126801
-5 -4 70 71 5.039022359471035 0.02394632345169212
-5 -4 71 72 4.727080266817951 0.02211469878811316
-5 -4 72 73 4.429450100405528 0.0205117081503982
-5 -4 73 74 4.144379109472535 0.01897354845278624
-5 -4 74 75 3.874019245230474 0.006498118631392691
-5 -4 75 76 3.617134547657344 0.006612586659023999
-5 -4 76 77 3.369494663879328 0.006012021681763347
-5 -4 77 78 3.133478568108358 0.005672900021780079
-5 -4 78 79 2.9069121704009 0.002832732519339888
-5 -4 79 80 2.693212311492185 0.002383049139659015
-5 -4 80 81 2.491870789552714 0.002913097741664292
-5 -4 81 82 2.301749050322093 0.004246600076126447
-5 -4 82 83 2.123252564565366 0.006312483122050174
-5 -4 83 84 1.977101752048169 0.005822407199055426
-5 -4 84 85 1.815744968064082 0.009472476783380345
-5 -4 85 86 1.630442992388984 0.019046338799987
-5 -4 86 87 1.487979869364678 0.01218279087858801
-5 -4 87 88 1.354404190065272 0.007927294261771547
-5 -4 88 89 1.223809433333203 0.01828987493934015
-5 -4 89 90 1.136314417030677 0.01631070248260916
-5 -4 90 91 1.0268732246818 0.02054631745211283
-5 -4 91 92 0.9355602017115552 0.01108793996305979
-5 -4 92 93 0.8409029488679898 0.01074871801513075
-5 -4 93 94 0.7529595593427962 0.01184245132072891
-5 -4 94 95 0.6714010331976925 0.01403680422673834
-5 -4 95 96 0.5959073291939663 0.01678460175601656
-5 -4 96 97 0.5069409525247952 0.01113108901453427
-5 -4 97 98 0.4434569608480765 0.01074473942698669
-5 -4 98 99 0.3851615361148983 0.01031165845537039
-5 -4 99 100 0.331762473151529 0.009841053102528389
-4 -3.75 51 52 19.66388229164505 0.1317167554271499
-4 -3.75 52 53 18.73795183428813 0.1299477660132247
-4 -3.75 53 54 17.85757443332566 0.1279103153245507
-4 -3.75 54 55 17.02032573518657 0.1256774370031183
-4 -3.75 55 56 16.22385425156816 0.1233652647770778
-4 -3.75 56 57 15.46572505837845 0.1211917490157293
-4 -3.75 57 58 14.74388444690802 0.11917267872089
-4 -3.75 58 59 14.05648096107048 0.1172728591262074
-4 -3.75 59 60 13.40176184223435 0.1154646950297866
-4 -3.75 60 61 12.77796253940701 0.1136723526655086
-4 -3.75 61 62 12.18379134073049 0.02380019731447856
-4 -3.75 62 63 11.61691388195602 0.02160994574136119
-4 -3.75 63 64 11.05954846704755 0.1458163401706564
-4 -3.75 64 65 10.54522046500803 0.120087317639556
-4 -3.75 65 66 10.06270044998452 0.1211607135031293
-4 -3.75 66 67 9.593069108195538 0.09705356347501397
-4 -3.75 67 68 9.144013718419163 0.07633666843050201
-4 -3.75 68 69 8.71350150383466 0.05849748217200182
-4 -3.75 69 70 8.29880486252177 0.04332269860173497
-4 -3.75 70 71 7.897853814297463 0.03070205443291769
-4 -3.75 71 72 7.509836341474204 0.0201849969234338
-4 -3.75 72 73 7.134416741980485 0.01206383922852502
-4 -3.75 73 74 6.771451748575052 0.00728184218678119
-4 -3.75 74 75 6.420888644230585 0.006924091714321753
-4 -3.75 75 76 6.082559618567333 0.009088704047748185
-4 -3.75 76 77 5.756362179097402 0.01148041438179473
-4 -3.75 77 78 5.442217816117689 0.0134338492045726
-4 -3.75 78 79 5.140025598991263 0.01484502221670335
-4 -3.75 79 80 4.834355073658036 0.04341231270116722
-4 -3.75 80 81 4.555327704976375 0.02198060173674118
-4 -3.75 81 82 4.288157390345583 0.006214819691148248
-4 -3.75 82 83 4.032613508371353 0.00995255759572145
-4 -3.75 83 84 3.753987382102518 0.01929582815962992
-4 -3.75 84 85 3.559378666352487 0.02645206578364273
-4 -3.75 85 86 3.349819831487364 0.01310461036861142
-4 -3.75 86 87 3.136647433568307 0.01207233606797288
-4 -3.75 87 88 2.933574718468095 0.01177640243770598
-4 -3.75 88 89 2.740534950016881 0.01023182495965016
-4 -3.75 89 90 2.555210495485345 0.008941018307492686
-4 -3.75 90 91 2.381621699652712 0.007669709057818606
-4 -3.75 91 92 2.217146921808642 0.006656327987895218
-4 -3.75 92 93 2.062191540608814 0.005805942034177653
-4 -3.75 93 94 1.915165425979638 0.004837138495442734
-4 -3.75 94 95 1.775556664108271 0.004091681493416819
-4 -3.75 95 96 1.644358245822876 0.00363413652615267
-4 -3.75 96 97 1.52084277751884 0.003472529182954287
-4 -3.75 97 98 1.404711338427348 0.003525578927584038
-4 -3.75 98 99 1.295665130700056 0.003670866529910302
-4 -3.75 99 100 1.193406566628871 0.003804463013555653
-3.75 -3.5 51 52 27.20872585063884 0.06663575534917437
-3.75 -3.5 52 53 25.99269341589485 0.0622173395994285
-3.75 -3.5 53 54 24.83370488763935 0.05726483644842557
-3.75 -3.5 54 55 23.7289066847725 0.05183632091088353
-3.75 -3.5 55 56 22.67551086883948 0.04619303514175448
-3.75 -3.5 56 57 21.67060684960391 0.04119779470224087
-3.75 -3.5 57 58 20.7117307819748 0.03702693722806358
-3.75 -3.5 58 59 19.79665159600542 0.03454167757858279
-3.75 -3.5 59 60 18.89579097951057 0.3012444504187702
-3.75 -3.5 60 61 18.08048489161668 0.3226801408626816
-3.75 -3.5 61 62 17.28466330970514 0.2734554955995566
-3.75 -3.5 62 63 16.52464281793144 0.2303746776844098
-3.75 -3.5 63 64 15.79834893710646 0.1918255645289934
-3.75 -3.5 64 65 15.10388354980248 0.1565063908334182
-3.75 -3.5 65 66 14.43976573107614 0.1244055683960704
-3.75 -3.5 66 67 13.80413425446562 0.09683069573648762
-3.75 -3.5 67 68 13.19507366934656 0.07329864969413512
-3.75 -3.5 68 69 12.60983632042415 0.05311621106327657
-3.75 -3.5 69 70 12.04462655704486 0.03613042875758812
-3.75 -3.5 70 71 11.49654917495289 0.02247000010147707
-3.75 -3.5 71 72 10.96452424056229 0.01230984986581584
-3.75 -3.5 72 73 10.44815853021652 0.013142045454022
-3.75 -3.5 73 74 9.947347341529913 0.01789479394946793
-3.75 -3.5 74 75 9.462119422237169 0.02176094713935897
-3.75 -3.5 75 76 8.992326484865357 0.02477715952157856
-3.75 -3.5 76 77 8.537923162281892 0.02709895934864956
-3.75 -3.5 77 78 8.098901798298295 0.02880065929794729
-3.75 -3.5 78 79 7.649951118452705 0.07987160051751302
-3.75 -3.5 79 80 7.241035563778665 0.04806753867958408
-3.75 -3.5 80 81 6.858966295398393 0.04890057260158369
-3.75 -3.5 81 82 6.481220951175469 0.02996344502757074
-3.75 -3.5 82 83 6.099433027187541 0.06724386356405593
-3.75 -3.5 83 84 5.721163852952344 0.01997672575600122
-3.75 -3.5 84 85 5.43656341721984 0.04345330220884285
-3.75 -3.5 85 86 5.117108941202461 0.04845131555242802
-3.75 -3.5 86 87 4.811606398850149 0.05114932400175316
-3.75 -3.5 87 88 4.514684809774508 0.05423654137666638
-3.75 -3.5 88 89 4.247893610300181 0.04870546841984875
-3.75 -3.5 89 90 4.002922963324647 0.01518462059049147
-3.75 -3.5 90 91 3.749396038580887 0.01331716093434549
-3.75 -3.5 91 92 3.505070473577349 0.01188144981927329
-3.75 -3.5 92 93 3.270644281865711 0.01168686070934878
-3.75 -3.5 93 94 3.037637562292947 0.03189222883275108
-3.75 -3.5 94 95 2.832844440094731 0.02575524458298954
-3.75 -3.5 95 96 2.63846358640454 0.02117916312091929
-3.75 -3.5 96 97 2.454662018708916 0.01680884617029403
-3.75 -3.5 97 98 2.281068702258876 0.01275520652172227
-3.75 -3.5 98 99 2.093933129794563 0.01456830541220447
-3.75 -3.5 99 100 1.959422578602391 0.006341070482027986
-3.5 -3.25 51 52 33.33351715394249 0.120570838192109
-3.5 -3.25 52 53 31.91130235265999 0.1137857840877092
-3.5 -3.25 53 54 30.55286591221089 0.1067550220101942
-3.5 -3.25 54 55 29.25522044763056 0.09954600155533495
-3.5 -3.25 55 56 28.01542049829748 0.09238187446176772
-3.5 -3.25 56 57 26.79294036439871 0.511248806399428
-3.5 -3.25 57 58 25.66304507975252 0.4413059967002554
-3.5 -3.25 58 59 24.60464755265743 0.4775146835377772
-3.5 -3.25 59 60 23.56926057663468 0.4081424869757178
-3.5 -3.25 60 61 22.57889967886396 0.346867165108324
-3.5 -3.25 61 62 21.63151991126775 0.29313512265306
-3.5 -3.25 62 63 20.72515174276015 0.2463225122366124
-3.5 -3.25 63 64 19.85747554044789 0.2043590652380203
-3.5 -3.25 64 65 19.02636726879842 0.1655707100381977
-3.5 -3.25 65 66 18.2301934092529 0.1300241441966934
-3.5 -3.25 66 67 17.46682555703988 0.09963105302401698
-3.5 -3.25 67 68 16.73405361373151 0.07381826805859081
-3.5 -3.25 68 69 16.02857633138532 0.05173701714089871
-3.5 -3.25 69 70 15.34571999162608 0.03485444255899795
-3.5 -3.25 70 71 14.68190548042733 0.0282205219776462
-3.5 -3.25 71 72 14.03585258038524 0.02606947742297029
-3.5 -3.25 72 73 13.4071499668348 0.0272843326079192
-3.5 -3.25 73 74 12.79576138238125 0.0294075448300791
-3.5 -3.25 74 75 12.20182231601182 0.03108743431782416
-3.5 -3.25 75 76 11.6252342548628 0.03234083107693909
-3.5 -3.25 76 77 11.06603687811752 0.03324699393449813
-3.5 -3.25 77 78 10.49343485823304 0.1608894274657631
-3.5 -3.25 78 79 9.96837832903007 0.1139799586804298
-3.5 -3.25 79 80 9.461304363361105 0.07588605770275232
-3.5 -3.25 80 81 8.988386701942808 0.09047668115012703
-3.5 -3.25 81 82 8.517270466325074 0.0625027148803613
-3.5 -3.25 82 83 8.063475921214744 0.04400956350783859
-3.5 -3.25 83 84 7.626841861286062 0.03494804097384428
-3.5 -3.25 84 85 7.183063705122693 0.08728725132732525
-3.5 -3.25 85 86 6.808294550847188 0.06420571379576796
-3.5 -3.25 86 87 6.38705537687145 0.02389340458217945
-3.5 -3.25 87 88 5.999849066107634 0.009230892369516845
-3.5 -3.25 88 89 5.643219806689649 0.0108092089409112
-3.5 -3.25 89 90 5.314028392035819 0.008105348376626803
-3.5 -3.25 90 91 5.009150264748918 0.01847772262707329
-3.5 -3.25 91 92 4.724975741305121 0.04069576678150175
-3.5 -3.25 92 93 4.41536583718598 0.04543750860835899
-3.5 -3.25 93 94 4.149500606287658 0.01630084231012854
-3.5 -3.25 94 95 3.883590214769018 0.01641594875785578
-3.5 -3.25 95 96 3.631068052987435 0.01866114404813266
-3.5 -3.25 96 97 3.391528732468412 0.02220767917169759
-3.5 -3.25 97 98 3.161269564415137 0.01452328429759517
-3.5 -3.25 98 99 2.947054088629832 0.01927210544029093
-3.5 -3.25 99 100 2.744500272521503 0.02361714785983912
-3.25 -3 51 52 37.71062596618329 0.1365920463880067
-3.25 -3 52 53 36.16185101600207 0.1301122790795996
-3.25 -3 53 54 34.67971122772015 0.1233042054002566
-3.25 -3 54 55 33.26129508613285 0.1162635783643317
-3.25 -3 55 56 31.85902846609854 0.630550401133777
-3.25 -3 56 57 30.59305865018682 0.6940566146728778
-3.25 -3 57 58 29.34924285641293 0.5998543020099074
-3.25 -3 58 59 28.15780213770739 0.5156851777696443
-3.25 -3 59 60 27.0164745951241 0.4409520746425057
-3.25 -3 60 61 25.92309275009746 0.375055977251455
-3.25 -3 61 62 24.87558077850456 0.3173987352813642
-3.25 -3 62 63 23.87192860847823 0.2672945873245088
-3.25 -3 63 64 22.90971196364128 0.2222779898753703
-3.25 -3 64 65 21.98670959976352 0.1803492220104115
-3.25 -3 65 66 21.10123845577692 0.1416410488694668
-3.25 -3 66 67 20.25102765246761 0.1086017141193623
-3.25 -3 67 68 19.43370106323933 0.08057017200027559
-3.25 -3 68 69 18.64558391722784 0.06210150863751641
-3.25 -3 69 70 17.88137261011775 0.05223839240092402
-3.25 -3 70 71 17.13699446372335 0.04659697273993829
-3.25 -3 71 72 16.41104238418762 0.04429551066536997
-3.25 -3 72 73 15.70311491375124 0.04433991193884453
-3.25 -3 73 74 15.01325324825829 0.04504773601353758
-3.25 -3 74 75 14.34169921755579 0.04542014497749362
-3.25 -3 75 76 13.68841508049757 0.04551650018238549
-3.25 -3 76 77 13.05352950728187 0.04542331720921631
-3.25 -3 77 78 12.40445130182936 0.2116670379246913
-3.25 -3 78 79 11.80590352891657 0.1589038527808211
-3.25 -3 79 80 11.22659335052957 0.1158361159526503
-3.25 -3 80 81 10.68505835507545 0.1410134313103421
-3.25 -3 81 82 10.14465173654302 0.1066566979966834
-3.25 -3 82 83 9.623037799514186 0.08089987570845196
-3.25 -3 83 84 9.120112958754728 0.06262032562566242
-3.25 -3 84 85 8.635736504576105 0.05049595714408887
-3.25 -3 85 86 8.169732671209566 0.04292776589501917
-3.25 -3 86 87 7.721892730629598 0.0382917865717799
-3.25 -3 87 88 7.291977105161747 0.03541036888344958
-3.25 -3 88 89 6.879717492184772 0.03381396943738953
-3.25 -3 89 90 6.4848189954568 0.03363106261450684
-3.25 -3 90 91 6.10695512619489 0.03517016477031956
-3.25 -3 91 92 5.745757185430781 0.03835535389929211
-3.25 -3 92 93 5.400860107343938 0.04289915263805362
-3.25 -3 93 94 5.071887926322669 0.04840868948493907
-3.25 -3 94 95 4.752191423318166 0.0323480917253505
-3.25 -3 95 96 4.454906687222497 0.03883479007922585
-3.25 -3 96 97 4.172236930134823 0.04518577424972416
-3.25 -3 97 98 3.903753365136717 0.05123915260603936
-3.25 -3 98 99 3.653154576930163 0.007309543447028132
-3.25 -3 99 100 3.410649385269275 0.006244534614265349
-3 -2.75 51 52 40.5604144009785 0.1143906075847373
-3 -2.75 52 53 38.94330875534838 0.1094257620467878
-3 -2.75 53 54 37.39326202790909 0.1037910942239527
-3 -2.75 54 55 35.85439093427996 0.767484113159152
-3 -2.75 55 56 34.47149240346631 0.8582486587888989
-3 -2.75 56 57 33.10726440895293 0.7463006020615219
-3 -2.75 57 58 31.79872324281057 0.6457107111743922
-3 -2.75 58 59 30.5435985094438 0.5558553119718861
-3 -2.75 59 60 29.33970073766562 0.4761047189549656
-3 -2.75 60 61 28.18492053991643 0.4058264627970108
-3 -2.75 61 62 27.07722778162167 0.3443881223446251
-3 -2.75 62 63 26.0146457585175 0.2910545249880217
-3 -2.75 63 64 24.9947350044925 0.2430231776722024
-3 -2.75 64 65 24.01525921259127 0.1980118088325943
-3 -2.75 65 66 23.07454769761974 0.1562028824180145
-3 -2.75 66 67 22.170272836418 0.1205040665664423
-3 -2.75 67 68 21.29998490787521 0.09017016648548537
-3 -2.75 68 69 20.45978363905333 0.0640207653130072
-3 -2.75 69 70 19.64395790462515 0.04688715269611
-3 -2.75 70 71 18.84811457025944 0.03970608140157719
-3 -2.75 71 72 18.07077867369315 0.03692338672439818
-3 -2.75 72 73 17.31157298285502 0.03754543323800462
-3 -2.75 73 74 16.57061051243257 0.03919173158489489
-3 -2.75 74 75 15.84822384139375 0.04040037141285699
-3 -2.75 75 76 15.14443316570908 0.0412378256464219
-3 -2.75 76 77 14.45944498182925 0.04183307474280763
-3 -2.75 77 78 13.76109447086372 0.2591316712489577
-3 -2.75 78 79 13.11323587657393 0.2006829868787072
-3 -2.75 79 80 12.48524548348892 0.1527407413810745
-3 -2.75 80 81 11.89720208728086 0.1868722285478589
-3 -2.75 81 82 11.30978112209123 0.1475619331661741
-3 -2.75 82 83 10.7419747028525 0.1173764005059373
-3 -2.75 83 84 10.19373210246962 0.09502760312609666
-3 -2.75 84 85 9.664960280633149 0.07922469959486962
-3 -2.75 85 86 9.155526082168905 0.06871133326561839
-3 -2.75 86 87 8.665258470065627 0.06238429543174554
-3 -2.75 87 88 8.193950785822107 0.05942730247051181
-3 -2.75 88 89 7.741363030083598 0.05933645197658863
-3 -2.75 89 90 7.307224156631593 0.06179926890044239
-3 -2.75 90 91 6.891226055011876 0.06643390999517373
-3 -2.75 91 92 6.493010908158571 0.07251305194489678
-3 -2.75 92 93 6.112224485814966 0.07956428416820707
-3 -2.75 93 94 5.740651851356109 0.0560222636184643
-3 -2.75 94 95 5.394900910137762 0.06390508561641703
-3 -2.75 95 96 5.065316343486568 0.07168565333612159
-3 -2.75 96 97 4.757682104143349 0.00995837444682322
-3 -2.75 97 98 4.457641706314718 0.008601097203209569
-3 -2.75 98 99 4.172627680643254 0.007451331001393725
-3 -2.75 99 100 3.902181790061006 0.006507274229742168
-2.75 -2.5 51 52 42.36203233163566 0.09636253048162241
-2.75 -2.5 52 53 40.70886878840929 0.09266498104009774
-2.75 -2.5 53 54 39.12215735913472 0.08791313023168827
-2.75 -2.5 54 55 37.54324434162504 0.8224413836864795
-2.75 -2.5 55 56 36.12602631765004 0.9242560655200799
-2.75 -2.5 56 57 34.72441622216203 0.8051656847516375
-2.75 -2.5 57 58 33.37852993419625 0.6980948121886421
-2.75 -2.5 58 59 32.08621233964436 0.6023959129226317
-2.75 -2.5 59 60 30.84537280859416 0.5174140981518021
-2.75 -2.5 60 61 29.65398635967613 0.4424905006576056
-2.75 -2.5 61 62 28.51009462142126 0.3769652459222136
-2.75 -2.5 62 63 27.41178056417986 0.3200623514976799
-2.75 -2.5 63 64 26.35662818300324 0.268689610328179
-2.75 -2.5 64 65 25.34242180459312 0.2203193607147248
-2.75 -2.5 65 66 24.36752698510006 0.1751732904561821
-2.75 -2.5 66 67 23.42960254605497 0.1365537482003429
-2.75 -2.5 67 68 22.52617552913772 0.103641563495579
-2.75 -2.5 68 69 21.65321706641377 0.07510664477096494
-2.75 -2.5 69 70 20.80476782754714 0.05079487032773662
-2.75 -2.5 70 71 19.97623900091586 0.03506485063211675
-2.75 -2.5 71 72 19.166124654623 0.02988616736384186
-2.75 -2.5 72 73 18.37407446350828 0.02994894158709257
-2.75 -2.5 73 74 17.60026029260179 0.03218252904196556
-2.75 -2.5 74 75 16.84508471177944 0.03418400444116854
-2.75 -2.5 75 76 16.10861535004706 0.03580709736257882
-2.75 -2.5 76 77 15.39111915564667 0.03716221442240239
-2.75 -2.5 77 78 14.66226476934289 0.3011396367393788
-2.75 -2.5 78 79 13.98200905187036 0.2370101077116541
-2.75 -2.5 79 80 13.32198648717681 0.1842344354910865
-2.75 -2.5 80 81 12.70311296019301 0.2235663264694326
-2.75 -2.5 81 82 12.08477944417089 0.1797910337928801
-2.75 -2.5 82 83 11.48655910557323 0.1459426246054805
-2.75 -2.5 83 84 10.90844085002337 0.1206650547362515
-2.75 -2.5 84 85 10.35036748847295 0.1026496408019683
-2.75 -2.5 85 86 9.812238042637073 0.09067275342208801
-2.75 -2.5 86 87 9.293910090047572 0.08367088000938511
-2.75 -2.5 87 88 8.79520214112566 0.08080433334996318
-2.75 -2.5 88 89 8.315896040551557 0.08144701368061449
-2.75 -2.5 89 90 7.855739385614978 0.08510144152536928
-2.75 -2.5 90 91 7.414438886874848 0.09118685127045797
-2.75 -2.5 91 92 6.991646454976397 0.09877226991788887
-2.75 -2.5 92 93 6.587017215528956 0.107322792783207
-2.75 -2.5 93 94 6.191966264852248 0.07800922075441787
-2.75 -2.5 94 95 5.824008414436394 0.08698493051075518
-2.75 -2.5 95 96 5.472958529372001 0.09583508433990796
-2.75 -2.5 96 97 5.144101798430979 0.00981407948705385
-2.75 -2.5 97 98 4.823964646551902 0.00853039536373598
-2.75 -2.5 98 99 4.519596640935861 0.007494152702222747
-2.75 -2.5 99 100 4.230534048206092 0.006703353568587063
-2.5 -2.25 51 52 43.52101997789421 0.08927464214685243
-2.5 -2.25 52 53 41.84594898213697 0.08638434564671889
-2.5 -2.25 53 54 40.17217589856999 0.9927774991200505
-2.5 -2.25 54 55 38.67713157609791 1.127415517790794
-2.5 -2.25 55 56 37.19360323026224 0.9892888397347701
-2.5 -2.25 56 57 35.76798824758501 0.8630136722647233
-2.5 -2.25 57 58 34.3979072460005 0.7493929830320341
-2.5 -2.25 58 59 33.08131156922686 0.6477587125260731
-2.5 -2.25 59 60 31.81620271397556 0.5574339747951547
-2.5 -2.25 60 61 30.60063519538298 0.4777365692363312
-2.5 -2.25 61 62 29.43271903578282 0.4079820710784537
-2.5 -2.25 62 63 28.3105951375253 0.3473577748559599
-2.5 -2.25 63 64 27.23187733002675 0.2925135293917853
-2.5 -2.25 64 65 26.19437682818221 0.2407041889273959
-2.5 -2.25 65 66 25.19649663350414 0.1921883443673141
-2.5 -2.25 66 67 24.23589708985261 0.1506169899601722
-2.5 -2.25 67 68 23.3101035538572 0.1151137625596217
-2.5 -2.25 68 69 22.41501498621405 0.08423393763547452
-2.5 -2.25 69 70 21.54452847651863 0.05781430997039478
-2.5 -2.25 70 71 20.69394394059139 0.03617533681509768
-2.5 -2.25 71 72 19.86174691335751 0.02023116217929306
-2.5 -2.25 72 73 19.04761137883089 0.02032144141406097
-2.5 -2.25 73 74 18.25175361250498 0.02445260372620786
-2.5 -2.25 74 75 17.47462557996656 0.02813051136903264
-2.5 -2.25 75 76 16.71632879987763 0.0311325978717899
-2.5 -2.25 76 77 15.97717226274754 0.03367160971017726
-2.5 -2.25 77 78 15.25753787462777 0.03612770223565356
-2.5 -2.25 78 79 14.52329807118358 0.2665295010572882
-2.5 -2.25 79 80 13.8419643418758 0.2090269716502986
-2.5 -2.25 80 81 13.20304051868816 0.2484508045779141
-2.5 -2.25 81 82 12.56434390757359 0.2004064993462976
-2.5 -2.25 82 83 11.94615363374442 0.1631514113552648
-2.5 -2.25 83 84 11.34848240247095 0.1352640705648551
-2.5 -2.25 84 85 10.77129408328259 0.1153810018751758
-2.5 -2.25 85 86 10.21450612368367 0.1022272380479026
-2.5 -2.25 86 87 9.677992003557573 0.09467906128194371
-2.5 -2.25 87 88 9.161583722382954 0.09181860720562736
-2.5 -2.25 88 89 8.665074311562083 0.09292642061068032
-2.5 -2.25 89 90 8.188220363691229 0.09741042681293011
-2.5 -2.25 90 91 7.730735000213098 0.1045899082139407
-2.5 -2.25 91 92 7.292273131060703 0.1134018531531703
-2.5 -2.25 92 93 6.872492674187839 0.1232579427142124
-2.5 -2.25 93 94 6.46230736830641 0.09055046531323779
-2.5 -2.25 94 95 6.080377251189365 0.1004406885365485
-2.5 -2.25 95 96 5.715866412369735 0.1102761945756219
-2.5 -2.25 96 97 5.376362855958581 0.009759311362014064
-2.5 -2.25 97 98 5.043607666669226 0.008137386834776843
-2.5 -2.25 98 99 4.727124894700673 0.006748103927441959
-2.5 -2.25 99 100 4.42644454956694 0.005606791981040343
-2.25 -2 51 52 44.87079202170568 0.09429897741593231
-2.25 -2 52 53 43.15702468516685 0.09135539648795378
-2.25 -2 53 54 41.50935068321209 0.08606877315293626
-2.25 -2 54 55 39.91035200351178 1.214804822842834
-2.25 -2 55 56 38.38965823712356 1.068541757342184
-2.25 -2 56 57 36.92750873574343 0.9346727450179551
-2.25 -2 57 58 35.52157107872226 0.8140804064890127
-2.25 -2 58 59 34.16984022196358 0.7060784344103868
-2.25 -2 59 60 32.87035205282524 0.6099700985833498
-2.25 -2 60 61 31.6211874798379 0.5250519379023689
-2.25 -2 61 62 30.42047602052571 0.4506170287762755
-2.25 -2 62 63 29.26637127899323 0.3858185484843248
-2.25 -2 63 64 28.15647246662928 0.3270586609554267
-2.25 -2 64 65 27.08857686299056 0.2713795126123426
-2.25 -2 65 66 26.0610892277585 0.2190668261593727
-2.25 -2 66 67 25.07163235026385 0.1741032087513395
-2.25 -2 67 68 24.11769001322271 0.135548161231595
-2.25 -2 68 69 23.1950440086561 0.1018296175764222
-2.25 -2 69 70 22.29740201349378 0.07271532090594029
-2.25 -2 70 71 21.41992905284666 0.04843921129201053
-2.25 -2 71 72 20.56109571589798 0.02678530058346029
-2.25 -2 72 73 19.72059946257744 0.0103139970057595
-2.25 -2 73 74 18.89869690428277 0.0107037534092406
-2.25 -2 74 75 18.09588305297476 0.01519741903701035
-2.25 -2 75 76 17.3122958281495 0.02040784611171601
-2.25 -2 76 77 16.54828153885817 0.02587829216619373
-2.25 -2 77 78 15.80425661964268 0.03040758596374447
-2.25 -2 78 79 15.05252979675333 0.3179577249604064
-2.25 -2 79 80 14.3687893695233 0.3477530013697912
-2.25 -2 80 81 13.68648006261017 0.2816139927295679
-2.25 -2 81 82 13.02521594322459 0.2285988172381896
-2.25 -2 82 83 12.38507735336518 0.1871740076040245
-2.25 -2 83 84 11.76609061423981 0.1559023545541096
-2.25 -2 84 85 11.16823051986208 0.1334446750232926
-2.25 -2 85 86 10.59142287935234 0.1185683215269911
-2.25 -2 86 87 10.03554710077713 0.1101604070192517
-2.25 -2 87 88 9.500438808109429 0.1072345220356401
-2.25 -2 88 89 8.985892483472952 0.10891987419028
-2.25 -2 89 90 8.491664125655443 0.1144373362166489
-2.25 -2 90 91 8.017463786488126 0.1229195412195594
-2.25 -2 91 92 7.56293988554787 0.1331161779160004
-2.25 -2 92 93 7.127743970251831 0.144372556303986
-2.25 -2 93 94 6.711510078312575 0.1562621577470142
-2.25 -2 94 95 6.305602120347576 0.1284167565108201
-2.25 -2 95 96 5.934728603839197 0.009668876036691733
-2.25 -2 96 97 5.572431272995097 0.007212625742635987
-2.25 -2 97 98 5.227455954948676 0.004994882815107175
-2.25 -2 98 99 4.899332870590472 0.003041427292321174
-2.25 -2 99 100 4.587578480116598 0.002247861674142707
-2 -1.75 51 52 45.83868349497789 0.09730297713882684
-2 -1.75 52 53 44.11039334439081 0.09436364099411067
-2 -1.75 53 54 42.44720148107373 0.08893687293465408
-2 -1.75 54 55 40.83258415934438 1.278757269000539
-2 -1.75 55 56 39.29489678094095 1.12529341854118
-2 -1.75 56 57 37.81523431847768 0.9847245807795364
-2 -1.75 57 58 36.39138301089571 0.8580112265107332
-2 -1.75 58 59 35.02144908246008 0.744450496567617
-2 -1.75 59 60 33.7035656234976 0.6433274807171948
-2 -1.75 60 61 32.43589828739253 0.5539190212387357
-2 -1.75 61 62 31.21665032690819 0.4754970716487125
-2 -1.75 62 63 30.04403950104921 0.4071832117483417
-2 -1.75 63 64 28.91571904064749 0.3451664342630399
-2 -1.75 64 65 27.82953450901977 0.2863104380311869
-2 -1.75 65 66 26.78393280284918 0.230933511043976
-2 -1.75 66 67 25.77655892446681 0.1833055591069291
-2 -1.75 67 68 24.8049152681468 0.1424395374970971
-2 -1.75 68 69 23.86473961071324 0.1066739596014394
-2 -1.75 69 70 22.94961615041895 0.07579544930772232
-2 -1.75 70 71 22.05459225529933 0.0500947956523668
-2 -1.75 71 72 21.17811113807591 0.02736623598485202
-2 -1.75 72 73 20.31987725352852 0.01035727158510262
-2 -1.75 73 74 19.4801788337759 0.01377033234264636
-2 -1.75 74 75 18.65955243141651 0.01936239290770627
-2 -1.75 75 76 17.85815780691726 0.02459567863599572
-2 -1.75 76 77 17.07637596742155 0.03029708012807684
-2 -1.75 77 78 16.31466291535619 0.03506937742813912
-2 -1.75 78 79 15.53970666577742 0.3249084181797471
-2 -1.75 79 80 14.83886020184671 0.352284517511652
-2 -1.75 80 81 14.13941507238814 0.2812932219337477
-2 -1.75 81 82 13.46123357822893 0.224372414723158
-2 -1.75 82 83 12.80442174601581 0.1799133131959883
-2 -1.75 83 84 12.1690293314623 0.1463961343129728
-2 -1.75 84 85 11.55505238913064 0.1223824784697642
-2 -1.75 85 86 10.96243589088724 0.1065202326477954
-2 -1.75 86 87 10.39107638597638 0.09757174686472447
-2 -1.75 87 88 9.840824694302885 0.09445260273010085
-2 -1.75 88 89 9.31148862508272 0.09624221346141219
-2 -1.75 89 90 8.802835711632085 0.1021485555873542
-2 -1.75 90 91 8.314585919150954 0.111289255410859
-2 -1.75 91 92 7.846396237381523 0.1223558404284012
-2 -1.75 92 93 7.397924968260426 0.1346543596651146
-2 -1.75 93 94 6.968811323524935 0.1477257803063709
-2 -1.75 94 95 6.550153247629854 0.1170770261728121
-2 -1.75 95 96 6.160287285766614 0.128424505771371
-2 -1.75 96 97 5.796455860617097 0.009581567567415031
-2 -1.75 97 98 5.440073030884832 0.007076831118812021
-2 -1.75 98 99 5.100948805235172 0.004808662831396002
-2 -1.75 99 100 4.778597661482713 0.00277679881178208
-1.75 -1.5 51 52 46.62809304147925 0.09667883042937038
-1.75 -1.5 52 53 44.85915546848267 0.09381836004957209
-1.75 -1.5 53 54 43.15674789097969 0.08834982497278379
-1.75 -1.5 54 55 41.51062020266232 1.341642290410062
-1.75 -1.5 55 56 39.93633525590113 1.180878412471599
-1.75 -1.5 56 57 38.42140868893671 1.033548054491657
-1.75 -1.5 57 58 36.96359179040127 0.9006823793816867
-1.75 -1.5 58 59 35.56096505642039 0.7815585057612202
-1.75 -1.5 59 60 34.211633672532 0.6754400074762347
-1.75 -1.5 60 61 32.91373368754121 0.5815808503550864
-1.75 -1.5 61 62 31.66543748660727 0.4992288618178572
-1.75 -1.5 62 63 30.46493003364564 0.4274711879098081
-1.75 -1.5 63 64 29.30980616553678 0.3622797950583584
-1.75 -1.5 64 65 28.19785883651373 0.3003361242455428
-1.75 -1.5 65 66 27.12750582390534 0.2419869993130637
-1.75 -1.5 66 67 26.09633870168446 0.1917760787080975
-1.75 -1.5 67 68 25.10181490979872 0.1486744583367473
-1.75 -1.5 68 69 24.13960239564632 0.1109330954533008
-1.75 -1.5 69 70 23.20321673197249 0.07835334459218229
-1.75 -1.5 70 71 22.28767341054436 0.051278911594266
-1.75 -1.5 71 72 21.39142379726292 0.02753828507110201
-1.75 -1.5 72 73 20.51418478143701 0.01105892271783653
-1.75 -1.5 73 74 19.65625864325617 0.01476258742358227
-1.75 -1.5 74 75 18.81819002822808 0.02185182968935901
-1.75 -1.5 75 76 18.00014617848672 0.02876848610218204
-1.75 -1.5 76 77 17.20251204192052 0.03477740224107087
-1.75 -1.5 77 78 16.3903000690285 0.4155880577709597
-1.75 -1.5 78 79 15.63163596153667 0.3297667183154397
-1.75 -1.5 79 80 14.9188942730185 0.3570316924936682
-1.75 -1.5 80 81 14.20683539526051 0.2822714897141101
-1.75 -1.5 81 82 13.51681613777071 0.2223931180217446
-1.75 -1.5 82 83 12.84892732721328 0.1757133121947824
-1.75 -1.5 83 84 12.20320176484086 0.1406368947288343
-1.75 -1.5 84 85 11.57961696539337 0.1156442119402508
-1.75 -1.5 85 86 10.97809794186795 0.09929389194908762
-1.75 -1.5 86 87 10.3985200286205 0.09026139053965426
-1.75 -1.5 87 88 9.84071173402824 0.08739972811496106
-1.75 -1.5 88 89 9.304457614271531 0.08975929171914847
-1.75 -1.5 89 90 8.789501158301274 0.09653385913079708
-1.75 -1.5 90 91 8.2955374947222 0.1068062315662252
-1.75 -1.5 91 92 7.822197846025507 0.1191836991914998
-1.75 -1.5 92 93 7.36911485307736 0.132919412300937
-1.75 -1.5 93 94 6.935901976227861 0.1475163910284775
-1.75 -1.5 94 95 6.522145620088438 0.1625416399660225
-1.75 -1.5 95 96 6.119517182637615 0.1309972389588704
-1.75 -1.5 96 97 5.755478404599689 0.01211651793770204
-1.75 -1.5 97 98 5.396697675197448 0.009375494529416131
-1.75 -1.5 98 99 5.055564432711796 0.006888236635263562
-1.75 -1.5 99 100 4.731568209062628 0.004656825651593065
-1.5 -1.25 51 52 47.23697450279528 0.1027350422048224
-1.5 -1.25 52 53 45.45234273935876 0.09980158738599973
-1.5 -1.25 53 54 43.73391531725892 0.0941390582097051
-1.5 -1.25 54 55 42.06720609477986 1.427289668065588
-1.5 -1.25 55 56 40.47667149655689 1.259186322424576
-1.5 -1.25 56 57 38.9454600961717 1.104947192127122
-1.5 -1.25 57 58 37.47139318649721 0.9656708972593188
-1.5 -1.25 58 59 36.05261391459919 0.8406244217103421
-1.5 -1.25 59 60 34.68728080653021 0.7290594960282879
-1.5 -1.25 60 61 33.37357504608273 0.6302166812703224
-1.5 -1.25 61 62 32.10970694621398 0.5433289831199359
-1.5 -1.25 62 63 30.89389299058394 0.4674594342774536
-1.5 -1.25 63 64 29.72374844865949 0.3983926638081732
-1.5 -1.25 64 65 28.59708428677956 0.332649483610178
-1.5 -1.25 65 66 27.51233669050926 0.2705987495145344
-1.5 -1.25 66 67 26.46709783925813 0.2170389534773406
-1.5 -1.25 67 68 25.45882776747159 0.1708930923346787
-1.5 -1.25 68 69 24.48316149732284 0.130320949987513
-1.5 -1.25 69 70 23.5335522153996 0.09507738853203831
-1.5 -1.25 70 71 22.60496539796448 0.06547893587181222
-1.5 -1.25 71 72 21.69584905600748 0.04140115510421913
-1.5 -1.25 72 73 20.80592908138183 0.03092133351762608
-1.5 -1.25 73 74 19.93552733002497 0.02803493592021405
-1.5 -1.25 74 75 19.08520927826235 0.02911885374466378
-1.5 -1.25 75 76 18.25515261537445 0.03154921956321456
-1.5 -1.25 76 77 17.44575827194189 0.03444802587256551
-1.5 -1.25 77 78 16.65749818521471 0.0373245737784426
-1.5 -1.25 78 79 15.88032161271482 0.4695606985799868
-1.5 -1.25 79 80 15.13483919628303 0.3718511831976306
-1.5 -1.25 80 81 14.41159511842867 0.2917302629557834
-1.5 -1.25 81 82 13.71074787018387 0.2273424025135961
-1.5 -1.25 82 83 13.0323934786061 0.1769424727467534
-1.5 -1.25 83 84 12.37656830869754 0.1388887851162116
-1.5 -1.25 84 85 11.74325191514621 0.111630344818248
-1.5 -1.25 85 86 11.13236993658985 0.09369638669455052
-1.5 -1.25 86 87 10.54379702478545 0.0837095787467783
-1.5 -1.25 87 88 9.977359799792779 0.08043355648168199
-1.5 -1.25 88 89 9.432839822825422 0.08281175901763052
-1.5 -1.25 89 90 8.90997657625411 0.08994313814757686
-1.5 -1.25 90 91 8.408460046649722 0.1008281616533694
-1.5 -1.25 91 92 7.927914875513174 0.1139808483588819
-1.5 -1.25 92 93 7.467967102312343 0.128613249767174
-1.5 -1.25 93 94 7.028223143333726 0.1442042680051944
-1.5 -1.25 94 95 6.608261765626356 0.1602991372385481
-1.5 -1.25 95 96 6.207636930489539 0.1765071609367373
-1.5 -1.25 96 97 5.819160662420398 0.1443190859460888
-1.5 -1.25 97 98 5.465312013883036 0.012927082433384
-1.5 -1.25 98 99 5.119300071273933 0.01135300709993493
-1.5 -1.25 99 100 4.790695529401717 0.01006542435461039
-1.25 -1 51 52 48.26766226531242 0.1076914648732093
-1.25 -1 52 53 46.44592061293676 0.1046713563203627
-1.25 -1 53 54 44.69133959628519 0.09881497044285824
-1.25 -1 54 55 42.98712913925539 1.481305934847726
-1.25 -1 55 56 41.36247920513384 1.307408147254399
-1.25 -1 56 57 39.7981309447643 1.147797650301207
-1.25 -1 57 58 38.29190133817303 1.003629609935972
-1.25 -1 58 59 36.84193050658621 0.8741553473083961
-1.25 -1 59 60 35.44637000882861 0.7586097085448918
-1.25 -1 60 61 34.10339075778006 0.6562152685058523
-1.25 -1 61 62 32.81119006660317 0.5661860516175461
-1.25 -1 62 63 31.56796847577391 0.4875577599443358
-1.25 -1 63 64 30.37130571100364 0.4159382781964254
-1.25 -1 64 65 29.2189800378293 0.3476988663969298
-1.25 -1 65 66 28.10941004020698 0.2832298536671765
-1.25 -1 66 67 27.04014652842494 0.2275548107402535
-1.25 -1 67 68 26.00860889737997 0.1795589153858385
-1.25 -1 68 69 25.01034670724286 0.13732704325532
-1.25 -1 69 70 24.03868382690186 0.1006076373114019
-1.25 -1 70 71 23.08848844426807 0.06973833180241686
-1.25 -1 71 72 22.15818795149694 0.04190326510135584
-1.25 -1 72 73 21.247512795094 0.02549312459051395
-1.25 -1 73 74 20.35680287630849 0.02064977290060444
-1.25 -1 74 75 19.4866449796468 0.02165743066234287
-1.25 -1 75 76 18.63723019321502 0.02487604749971783
-1.25 -1 76 77 17.80897626775513 0.02868501528310986
-1.25 -1 77 78 16.97491416972434 0.4415395662189178
-1.25 -1 78 79 16.20945826987863 0.4656710923345436
-1.25 -1 79 80 15.44663421386855 0.3646553207566952
-1.25 -1 80 81 14.7066032560764 0.2819597198514373
-1.25 -1 81 82 13.98953022830777 0.2156782796171775
-1.25 -1 82 83 13.29551548115418 0.1640188206013621
-1.25 -1 83 84 12.62459778303535 0.1252877340961416
-1.25 -1 84 85 11.97675727047277 0.09785603374368515
-1.25 -1 85 86 11.35191844213595 0.08011917297258796
-1.25 -1 86 87 10.74995318881628 0.07051531268331653
-1.25 -1 87 88 10.17068384998042 0.06766458451154635
-1.25 -1 88 89 9.613886288335486 0.07050809824271928
-1.25 -1 89 90 9.079292971408684 0.07824450967666215
-1.25 -1 90 91 8.566585671510957 0.08995033691059913
-1.25 -1 91 92 8.075379764175178 0.1041231746398703
-1.25 -1 92 93 7.605290996847266 0.1199309230035375
-1.25 -1 93 94 7.155914563369301 0.1368094385229644
-1.25 -1 94 95 6.726817184079135 0.1542658885244181
-1.25 -1 95 96 6.317540043858848 0.1718780799983464
-1.25 -1 96 97 5.920097574228972 0.1387120012989473
-1.25 -1 97 98 5.55814015266251 0.009338756392116615
-1.25 -1 98 99 5.204888449291538 0.007455708833629275
-1.25 -1 99 100 4.869471073777284 0.005979213851557349
-1 -0.75 51 52 48.77713791780872 0.111789149446675
-1 -0.75 52 53 46.92901136375926 0.1086902779215098
-1 -0.75 53 54 45.14891438506729 0.1026650610600347
-1 -0.75 54 55 43.41829407522758 1.530521104729028
-1 -0.75 55 56 41.76994442160199 1.351539494775774
-1 -0.75 56 57 40.1827302273426 1.187175858377557
-1 -0.75 57 58 38.65445268145427 1.038636427536219
-1 -0.75 58 59 37.18324080326536 0.9051628297395982
-1 -0.75 59 60 35.76723293475956 0.7859790572585392
-1 -0.75 60 61 34.40458502846434 0.6802957535748637
-1 -0.75 61 62 33.09347803451803 0.5873140077412941
-1 -0.75 62 63 31.83209481591136 0.5060498585162093
-1 -0.75 63 64 30.61798974845496 0.4319754199470891
-1 -0.75 64 65 29.44891787730361 0.3613476372091362
-1 -0.75 65 66 28.32328054113121 0.2945757275477525
-1 -0.75 66 67 27.23860069157095 0.2368628162595022
-1 -0.75 67 68 26.19227500297039 0.1870641098416928
-1 -0.75 68 69 25.17981267097468 0.1432051999931176
-1 -0.75 69 70 24.19449158143627 0.1050330963250745
-1 -0.75 70 71 23.23115048239967 0.07290346372716287
-1 -0.75 71 72 22.28821438475995 0.04390676259694443
-1 -0.75 72 73 21.36541596583234 0.02465902705912149
-1 -0.75 73 74 20.46310078587338 0.01943096464350626
-1 -0.75 74 75 19.58185894801059 0.02094667729588452
-1 -0.75 75 76 18.72188197913199 0.02486952552181103
-1 -0.75 76 77 17.88358790758261 0.02929797753753268
-1 -0.75 77 78 17.03838523949188 0.4676067150044931
-1 -0.75 78 79 16.26455026499248 0.4856621438583328
-1 -0.75 79 80 15.49317083194904 0.3800699802924175
-1 -0.75 80 81 14.74510579700667 0.29344267809344
-1 -0.75 81 82 14.02051028379665 0.2238120639060062
-1 -0.75 82 83 13.31947366421197 0.169328732453859
-1 -0.75 83 84 12.64202258345328 0.1282548815008494
-1 -0.75 84 85 11.98812403359133 0.09894397163154188
-1 -0.75 85 86 11.35768846753811 0.0798096478249464
-1 -0.75 86 87 10.75057294540275 0.06932155852780059
-1 -0.75 87 88 10.16658430363652 0.06608677129759052
-1 -0.75 88 89 9.605482338065222 0.06895998495550214
-1 -0.75 89 90 9.066982989326071 0.07702041187879435
-1 -0.75 90 91 8.550751080484179 0.08923631985234391
-1 -0.75 91 92 8.056384600770969 0.1040120412223998
-1 -0.75 92 93 7.583481954560757 0.1204848744494593
-1 -0.75 93 94 7.131620967389271 0.1380781515054193
-1 -0.75 94 95 6.700350978680824 0.1562881753217999
-1 -0.75 95 96 6.289195854650721 0.1746820512620189
-1 -0.75 96 97 5.889368802137732 0.1432927707589537
-1 -0.75 97 98 5.527520296432737 0.01099185071431536
-1 -0.75 98 99 5.173125836331121 0.009088484128260273
-1 -0.75 99 100 4.836794147513022 0.007507959647122032
-0.75 -0.5 51 52 49.11159016521125 0.1134472713923399
-0.75 -0.5 52 53 47.25090371080142 0.1103580903647087
-0.75 -0.5 53 54 45.45837666298149 0.1042753112818731
-0.75 -0.5 54 55 43.71590115181823 1.572722026413027
-0.75 -0.5 55 56 42.05545222828061 1.389654155869886
-0.75 -0.5 56 57 40.45636129111841 1.221477213957648
-0.75 -0.5 57 58 38.91644991159717 1.069433863895229
-0.75 -0.5 58 59 37.43386578474642 0.9327569341878433
-0.75 -0.5 59 60 36.0067620029883 0.8106607298283601
-0.75 -0.5 60 61 34.63330585109031 0.7023453970274101
-0.75 -0.5 61 62 33.31168665268935 0.6070007876004982
-0.75 -0.5 62 63 32.04009300078351 0.5236264554099508
-0.75 -0.5 63 64 30.81607882272529 0.4475860330633494
-0.75 -0.5 64 65 29.63739852319202 0.3750448183607314
-0.75 -0.5 65 66 28.50245484115423 0.3064256642147439
-0.75 -0.5 66 67 27.40876395434617 0.2470729440727817
-0.75 -0.5 67 68 26.35371858439586 0.1958172100546989
-0.75 -0.5 68 69 25.33280780857484 0.1506379129165014
-0.75 -0.5 69 70 24.33927795321279 0.111276857183007
-0.75 -0.5 70 71 23.36794263625774 0.07810529791112815
-0.75 -0.5 71 72 22.41722408363981 0.05049198375270952
-0.75 -0.5 72 73 21.48685775738832 0.03675767246508504
-0.75 -0.5 73 74 20.57719689582125 0.03108882609945462
-0.75 -0.5 74 75 19.68883926259413 0.03062896011757693
-0.75 -0.5 75 76 18.82198020492289 0.03244840544972576
-0.75 -0.5 76 77 17.97704305675656 0.03529076430495334
-0.75 -0.5 77 78 17.12686100963961 0.482278249024971
-0.75 -0.5 78 79 16.34689127914734 0.4962367637055395
-0.75 -0.5 79 80 15.56944083741483 0.3875987116433744
-0.75 -0.5 80 81 14.81557067083978 0.2984140370522765
-0.75 -0.5 81 82 14.08543509883879 0.2266687569339527
-0.75 -0.5 82 83 13.37912178618457 0.1704706007950107
-0.75 -0.5 83 84 12.69665483705234 0.1280449757494109
-0.75 -0.5 84 85 12.03799793580772 0.09771973413478204
-0.75 -0.5 85 86 11.40305752661217 0.0778972307826392
-0.75 -0.5 86 87 10.79168602354776 0.06704091949319936
-0.75 -0.5 87 88 10.2036850418098 0.063735050758435
-0.75 -0.5 88 89 9.638808640750526 0.06678664020030943
-0.75 -0.5 89 90 9.096766567381394 0.07521799633035263
-0.75 -0.5 90 91 8.577216962269727 0.08794157619914755
-0.75 -0.5 91 92 8.079750540679203 0.1033014696523504
-0.75 -0.5 92 93 7.603958440416022 0.1204099719179588
-0.75 -0.5 93 94 7.149411066399768 0.1386770163375616
-0.75 -0.5 94 95 6.715650136859615 0.157587315958467
-0.75 -0.5 95 96 6.302191741487835 0.1766974402137869
-0.75 -0.5 96 97 5.908529333878359 0.1956306492275046
-0.75 -0.5 97 98 5.536462534424999 0.0137733039213229
-0.75 -0.5 98 99 5.180299069358909 0.01197019964784121
-0.75 -0.5 99 100 4.842351723652001 0.01048067145286911
-0.5 -0.25 51 52 49.52165242513252 0.1149585891351906
-0.5 -0.25 52 53 47.64623439969884 0.1118378770772939
-0.5 -0.25 53 54 45.8393153648577 0.1060511434977366
-0.5 -0.25 54 55 44.08323835977671 1.596502096042073
-0.5 -0.25 55 56 42.40911784920803 1.410831089843526
-0.5 -0.25 56 57 40.79671810782176 1.240233054963826
-0.5 -0.25 57 58 39.24386320801747 1.085976531732819
-0.5 -0.25 58 59 37.74870370408411 0.9472882388038484
-0.5 -0.25 59 60 36.30939349836154 0.8233757901262341
-0.5 -0.25 60 61 34.92409894020972 0.7134321089404712
-0.5 -0.25 61 62 33.59100694724341 0.6166393363958497
-0.5 -0.25 62 63 32.3083022853932 0.5319856624862945
-0.5 -0.25 63 64 31.07352870978426 0.4547591937457093
-0.5 -0.25 64 65 29.88443111875004 0.3810613613808995
-0.5 -0.25 65 66 28.7394068053155 0.311324869882895
-0.5 -0.25 66 67 27.63595730179486 0.2509932615196899
-0.5 -0.25 67 68 26.57146107534381 0.1988804096564314
-0.5 -0.25 68 69 25.54137422918174 0.152932431295636
-0.5 -0.25 69 70 24.53889246295196 0.1128906908267807
-0.5 -0.25 70 71 23.55879131476168 0.07913590464777959
-0.5 -0.25 71 72 22.59948558818441 0.05229519668016861
-0.5 -0.25 72 73 21.66071301450877 0.03877440694253896
-0.5 -0.25 73 74 20.74283449518548 0.03331504445038799
-0.5 -0.25 74 75 19.84645647322198 0.03288532372837807
-0.5 -0.25 75 76 18.97177933222716 0.03463914568071178
-0.5 -0.25 76 77 18.11923309434364 0.03739566817543272
-0.5 -0.25 77 78 17.26062785030261 0.4879393062493608
-0.5 -0.25 78 79 16.47393699353243 0.5016370254395197
-0.5 -0.25 79 80 15.68954161221653 0.3910335757740449
-0.5 -0.25 80 81 14.92895888354954 0.3002196971694069
-0.5 -0.25 81 82 14.19234527721958 0.2271537760903981
-0.5 -0.25 82 83 13.47978976292577 0.1699178839703643
-0.5 -0.25 83 84 12.79131694958807 0.1267140293082974
-0.5 -0.25 84 85 12.12689027145304 0.09584781636948216
-0.5 -0.25 85 86 11.48641521307875 0.07569546494406397
-0.5 -0.25 86 87 10.86974256494413 0.06468283755096089
-0.5 -0.25 87 88 10.27667169979511 0.06135075928928871
-0.5 -0.25 88 89 9.706953860807531 0.06448118894750571
-0.5 -0.25 89 90 9.160295449557381 0.07309463156125959
-0.5 -0.25 90 91 8.636350742545979 0.08609932411738651
-0.5 -0.25 91 92 8.134706062659191 0.1018133880724315
-0.5 -0.25 92 93 7.654947884960624 0.1193306188588798
-0.5 -0.25 93 94 7.196641629919782 0.138047217892851
-0.5 -0.25 94 95 6.759323712448296 0.1574358887903203
-0.5 -0.25 95 96 6.342504640029681 0.1770428799002615
-0.5 -0.25 96 97 5.945672043815151 0.196482600328879
-0.5 -0.25 97 98 5.570900413131366 0.01453826832370194
-0.5 -0.25 98 99 5.211913939294867 0.01265138383988517
-0.5 -0.25 99 100 4.871316349795396 0.01107482529758427
-0.25 0 51 52 49.79610591063332 0.1155906396760464
-0.25 0 52 53 47.90861683015621 0.1124642643236997
-0.25 0 53 54 46.09007230664307 0.1062803174407698
-0.25 0 54 55 44.32230212938055 1.608939399817487
-0.25 0 55 56 42.63742984048363 1.421951895406342
-0.25 0 56 57 41.01468344922262 1.250127096019249
-0.25 0 57 58 39.4518735105363 1.094747368100015
-0.25 0 58 59 37.9471390658376 0.9550364901371481
-0.25 0 59 60 36.49862244359343 0.8301988473817575
-0.25 0 60 61 35.10447842586646 0.719423867635515
-0.25 0 61 62 33.76288243085554 0.621889948979399
-0.25 0 62 63 32.47200767394213 0.5365796454315328
-0.25 0 63 64 31.22938236596033 0.4587420805966632
-0.25 0 64 65 30.03273719462679 0.3844458878521074
-0.25 0 65 66 28.88045931577669 0.3141291662535291
-0.25 0 66 67 27.77003503576962 0.2532861250345447
-0.25 0 67 68 26.69882827667954 0.2007224039885081
-0.25 0 68 69 25.66227120659558 0.1543679215748263
-0.25 0 69 70 24.65352702544351 0.1139632288865252
-0.25 0 70 71 23.6673472110829 0.07989469428084403
-0.25 0 71 72 22.70214009822197 0.05297570690559424
-0.25 0 72 73 21.75764251161549 0.0393255597441166
-0.25 0 73 74 20.83421745959167 0.03380101616295358
-0.25 0 74 75 19.93247413062676 0.03335459211672906
-0.25 0 75 76 19.05261378268037 0.03511863497419664
-0.25 0 76 77 18.19506804418835 0.03790085229078637
-0.25 0 77 78 17.33142677626442 0.4905346604314483
-0.25 0 78 79 16.5405032870592 0.5037213171988402
-0.25 0 79 80 15.75164252525155 0.3921218921798845
-0.25 0 80 81 14.98678323911576 0.3004829878342338
-0.25 0 81 82 14.24608072158435 0.2267491044919245
-0.25 0 82 83 13.52962225302728 0.168989573833602
-0.25 0 83 84 12.8374302756385 0.1253952054670205
-0.25 0 84 85 12.16946561473009 0.09426163046303551
-0.25 0 85 86 11.52563073882514 0.0739532762670133
-0.25 0 86 87 10.90577304998852 0.06287641874696537
-0.25 0 87 88 10.3096881946644 0.05954636488401198
-0.25 0 88 89 9.737123385595211 0.06273012271885488
-0.25 0 89 90 9.187780723058189 0.07144859969370708
-0.25 0 90 91 8.661309935000709 0.08460944071517294
-0.25 0 91 92 8.157292569108503 0.1005178393928354
-0.25 0 92 93 7.675310188063143 0.1182577904671066
-0.25 0 93 94 7.214923162754083 0.1372182042587814
-0.25 0 94 95 6.775662738855246 0.1568655094847808
-0.25 0 95 96 6.357034162316449 0.1767406097619487
-0.25 0 96 97 5.958519736561499 0.1964533461943787
-0.25 0 97 98 5.572376900128848 0.1617073345546866
-0.25 0 98 99 5.221705331025191 0.01319384668604743
-0.25 0 99 100 4.879775848527256 0.01160517557316771
0 0.25 51 52 49.8007619623861 0.1155916530765378
0 0.25 52 53 47.91298447881323 0.112465211385077
0 0.25 53 54 46.09417092992928 0.1062811684310772
0 0.25 54 55 44.32614875251159 1.608951064747467
0 0.25 55 56 42.64104219314166 1.421961507028303
0 0.25 56 57 41.01807687667551 1.250134904608987
0 0.25 57 58 39.45506223127413 1.094753622676939
0 0.25 58 59 37.95013628337952 0.955041417381298
0 0.25 59 60 36.50144042379131 0.8302026526998028
0 0.25 60 61 35.10712856829747 0.7194267363118453
0 0.25 61 62 33.7653753346577 0.6218920472460407
0 0.25 62 63 32.47435319613787 0.5365811198319983
0 0.25 63 64 31.23158963010812 0.4587430239685005
0 0.25 64 65 30.03481465670414 0.3844463509992526
0 0.25 65 66 28.88241485710778 0.3141292005051349
0 0.25 66 67 27.77187594903801 0.2532858269442819
0 0.25 67 68 26.70056128627481 0.2007218542152744
0 0.25 68 69 25.66390239819357 0.154367178581838
0 0.25 69 70 24.65506174284148 0.1139623446176788
0 0.25 70 71 23.66879021285803 0.07989372089635989
0 0.25 71 72 22.7034958173313 0.05297474587165776
0 0.25 72 73 21.75891516093257 0.03932493462163146
0 0.25 73 74 20.83541107803838 0.0338008981639555
0 0.25 74 75 19.93359260996975 0.03335488028395873
0 0.25 75 76 19.05366085407985 0.03511917222978825
0 0.25 76 77 18.19604729839756 0.0379015187675859
0 0.25 77 78 17.33234066226366 0.4905231008778596
0 0.25 78 79 16.54135624160926 0.5037126010520849
0 0.25 79 80 15.75243775876426 0.3921134860380503
0 0.25 80 81 14.98752383953049 0.3004750058536623
0 0.25 81 82 14.24676965706729 0.2267416479436617
0 0.25 82 83 13.53026237474504 0.1689827341973378
0 0.25 83 84 12.83802432041162 0.1253890635037386
0 0.25 84 85 12.17001620769736 0.09425624336292653
0 0.25 85 86 11.52614039603944 0.07394864273006337
0 0.25 86 87 10.90624418105442 0.0628724364340259
0 0.25 87 88 10.31012310527943 0.0595428502325503
0 0.25 88 89 9.7375242801795 0.0627269206266282
0 0.25 89 90 9.188149707237436 0.07144565950451304
0 0.25 90 91 8.661649017858004 0.08460678725992266
0 0.25 91 92 8.157603664685936 0.1005155123775148
0 0.25 92 93 7.675595119241905 0.1182558128425862
0 0.25 93 94 7.215183664150299 0.1372165816540895
0 0.25 94 95 6.775900459365126 0.1568642349350048
0 0.25 95 96 6.357250667627817 0.176739667986121
0 0.25 96 97 5.958716511715235 0.1964527167351195
0 0.25 97 98 5.572555352037121 0.1617068802485617
0 0.25 98 99 5.221866694669142 0.01319379239168496
0 0.25 99 100 4.879921475493031 0.01160512997061445
0.25 0.5 51 52 49.53539218155049 0.1149614368308123
0.25 0.5 52 53 47.65912431652549 0.1118405472213838
0.25 0.5 53 54 45.85141245597268 0.1060535379071659
0.25 0.5 54 55 44.09459283426048 1.596533398201619
0.25 0.5 55 56 42.41978177193258 1.410856490634568
0.25 0.5 56 57 40.8067366554906 1.240253287365807
0.25 0.5 57 58 39.25327824612523 1.085992325125152
0.25 0.5 58 59 37.75755411476763 0.9473002567643248
0.25 0.5 59 60 36.31771540688081 0.8233846336857121
0.25 0.5 60 61 34.93192592418663 0.7134383198308532
0.25 0.5 61 62 33.59837022975313 0.6166434003152866
0.25 0.5 62 63 32.3152309061004 0.5319880070928161
0.25 0.5 63 64 31.08004954973745 0.4547600883811856
0.25 0.5 64 65 29.89056909383201 0.3810609512951929
0.25 0.5 65 66 28.7451851397243 0.3113233020321926
0.25 0.5 66 67 27.64139748518991 0.2509908171861013
0.25 0.5 67 68 26.57658292197542 0.1988773233924059
0.25 0.5 68 69 25.54619566846551 0.1529288712290213
0.25 0.5 69 70 24.54342923451532 0.1128868078169981
0.25 0.5 70 71 23.56305743317738 0.07913184949762561
0.25 0.5 71 72 22.60349411009446 0.05229133624934209
0.25 0.5 72 73 21.66447635011005 0.03877196906508145
0.25 0.5 73 74 20.74636454373778 0.03331460840445211
0.25 0.5 74 75 19.8497647016945 0.03288645160718403
0.25 0.5 75 76 18.97487673568764 0.0346412217374389
0.25 0.5 76 77 18.12213025523523 0.03739823222732178
0.25 0.5 77 78 17.26333110277207 0.4879049018284697
0.25 0.5 78 79 16.47646037149924 0.5016111187645536
0.25 0.5 79 80 15.6918945759276 0.3910086154332075
0.25 0.5 80 81 14.93115053312834 0.3001960161406802
0.25 0.5 81 82 14.19438436070907 0.2271316681735434
0.25 0.5 82 83 13.48168468429611 0.1698976116669332
0.25 0.5 83 84 12.79307577654552 0.1266958193366913
0.25 0.5 84 85 12.12852074321675 0.09583182114664571
0.25 0.5 85 86 11.48792474804277 0.07568166579846829
0.25 0.5 86 87 10.8711382682698 0.06467093641086152
0.25 0.5 87 88 10.27796037100052 0.06134024538230901
0.25 0.5 88 89 9.708142001294981 0.06447163634042964
0.25 0.5 89 90 9.161389270091483 0.07308589807123281
0.25 0.5 90 91 8.637356169676401 0.08609147298214151
0.25 0.5 91 92 8.135628743187837 0.1018065243002584
0.25 0.5 92 93 7.655793197268331 0.119324802125626
0.25 0.5 93 94 7.197414692533538 0.1380424599977337
0.25 0.5 94 95 6.760029391477104 0.1574321662199762
0.25 0.5 95 96 6.34314755655766 0.1770401456409485
0.25 0.5 96 97 5.946256581382332 0.1964807926706925
0.25 0.5 97 98 5.571430526229054 0.01453813814949862
0.25 0.5 98 99 5.212393723213072 0.01265125079656868
0.25 0.5 99 100 4.87174953115376 0.01107470651908546
0.5 0.75 51 52 49.13359511902303 0.1134517708125381
0.5 0.75 52 53 47.27155186223902 0.110362332130944
0.5 0.75 53 54 45.47775871618308 0.1042791462532104
0.5 0.75 54 55 43.73409700557306 1.572772236898687
0.5 0.75 55 56 42.07254478113731 1.389694842369717
0.5 0.75 56 57 40.47242250250434 1.221509564595051
0.5 0.75 57 58 38.93154648898661 1.069459060062427
0.5 0.75 58 59 37.44805970220358 0.9327760505558594
0.5 0.75 59 60 36.02011085786731 0.8106747395922884
0.5 0.75 60 61 34.64586319397421 0.7023551772123872
0.5 0.75 61 62 33.32350229228582 0.6070071243258744
0.5 0.75 62 63 32.05121327405244 0.5236300406990113
0.5 0.75 63 64 30.82654663053788 0.4475873034954891
0.5 0.75 64 65 29.64725363737912 0.3750440099747781
0.5 0.75 65 66 28.51173434087997 0.3064230149074691
0.5 0.75 66 67 27.41750215497245 0.2470689067815895
0.5 0.75 67 68 26.3619471300527 0.1958121621092424
0.5 0.75 68 69 25.34055533371348 0.1506321241982188
0.5 0.75 69 70 24.34656958934666 0.1112705688084127
0.5 0.75 70 71 23.37480075441509 0.07809874968006257
0.5 0.75 71 72 22.42366952498151 0.05048560183797252
0.5 0.75 72 73 21.49291033299968 0.03675352031167862
0.5 0.75 73 74 20.58287560424415 0.03108796297592405
0.5 0.75 74 75 19.69416241595567 0.03063071964590589
0.5 0.75 75 76 18.82696536445255 0.03245173076399242
0.5 0.75 76 77 17.98170712787763 0.03529486240111224
0.5 0.75 77 78 17.13121424655196 0.4822188218857962
0.5 0.75 78 79 16.3509559963918 0.4961921243559966
0.5 0.75 79 80 15.57323215471438 0.3875557923017542
0.5 0.75 80 81 14.81910313506278 0.298373367186535
0.5 0.75 81 82 14.08872269675039 0.226630801248806
0.5 0.75 82 83 13.38217795691423 0.1704357697661711
0.5 0.75 83 84 12.69949248449237 0.128013614637926
0.5 0.75 84 85 12.04062944076853 0.09769205821098861
0.5 0.75 85 86 11.40549475895298 0.07787317749162125
0.5 0.75 86 87 10.79394035416875 0.06702000114672572
0.5 0.75 87 88 10.20576735453261 0.06371647561269185
0.5 0.75 88 89 9.640729344272749 0.0667697528930964
0.5 0.75 89 90 9.098535607059674 0.07520256338914209
0.5 0.75 90 91 8.578843830231705 0.08792767476301025
0.5 0.75 91 92 8.081244282874561 0.1032892474082191
0.5 0.75 92 93 7.605327674553862 0.120399512283088
0.5 0.75 93 94 7.150663995560301 0.138668330976717
0.5 0.75 94 95 6.716794561229939 0.1575803622169155
0.5 0.75 95 96 6.303235070124401 0.1766921386387129
0.5 0.75 96 97 5.909478596516102 0.1956268971260603
0.5 0.75 97 98 5.537323866616223 0.01377296305648139
0.5 0.75 98 99 5.18107925698127 0.01196987966120927
0.5 0.75 99 100 4.843056747318972 0.01048040433828023
0.75 1 51 52 48.80624674931875 0.1117943792251255
0.75 1 52 53 46.95632395946484 0.1086952135759619
0.75 1 53 54 45.17455090593492 0.1026695018628005
0.75 1 54 55 43.44236114231668 1.530592517112362
0.75 1 55 56 41.79255101392633 1.351597883908451
0.75 1 56 57 40.20397166293941 1.187222831543469
0.75 1 57 58 38.67441731822564 1.038673581238498
0.75 1 58 59 37.20201072675042 0.9051916169208817
0.75 1 59 60 35.78488443090617 0.7860007942558456
0.75 1 60 61 34.42118902093023 0.6803116271920582
0.75 1 61 62 33.10910048877315 0.5873250822898336
0.75 1 62 63 31.84679709724873 0.5060570716603427
0.75 1 63 64 30.63182866916492 0.4319793698636757
0.75 1 64 65 29.46194610381828 0.3613486562775109
0.75 1 65 66 28.33554717265561 0.2945741501393768
0.75 1 66 67 27.25015116662361 0.2368592583182772
0.75 1 67 68 26.20315122257738 0.1870590866331059
0.75 1 68 69 25.19005255195049 0.1431990867010233
0.75 1 69 70 24.20412840499749 0.1050262310898419
0.75 1 70 71 23.24021387614749 0.0728961885027221
0.75 1 71 72 22.29673194983913 0.04389928451957479
0.75 1 72 73 21.37341393787537 0.02465327797780384
0.75 1 73 74 20.47060432263201 0.01943094235697173
0.75 1 74 75 19.58889229619707 0.02095082086500307
0.75 1 75 76 18.72846838963557 0.02487536552252793
0.75 1 76 77 17.88974976112773 0.0293042593146519
0.75 1 77 78 17.04413700421947 0.4675278757084028
0.75 1 78 79 16.2699205174555 0.4856034268496136
0.75 1 79 80 15.49817958898889 0.3800135944469903
0.75 1 80 81 14.74977231503173 0.2933893591625918
0.75 1 81 82 14.02485307586785 0.2237624623826866
0.75 1 82 83 13.32351051676633 0.1692834227544089
0.75 1 83 84 12.64577057291442 0.1282143342242358
0.75 1 84 85 11.99159954261776 0.09890844311702023
0.75 1 85 86 11.36090720124117 0.07977896256368777
0.75 1 86 87 10.75354994740161 0.06929493621294196
0.75 1 87 88 10.16933397196944 0.06606305676958296
0.75 1 88 89 9.608018441036904 0.06893826898052056
0.75 1 89 90 9.069318681344981 0.07700039496703709
0.75 1 90 91 8.552898915511783 0.08921814440852092
0.75 1 91 92 8.058356541835785 0.1039959546821573
0.75 1 92 93 7.585289397523706 0.1204710313319519
0.75 1 93 94 7.133274759019997 0.1380665999198763
0.75 1 94 95 6.701861432291274 0.156278881697882
0.75 1 95 96 6.290572765754789 0.1746749260300404
0.75 1 96 97 5.890621464105902 0.1432859291082575
0.75 1 97 98 5.528656649767974 0.01099116174534442
0.75 1 98 99 5.174155037950214 0.009087828675874746
0.75 1 99 100 4.837724101237594 0.007507395683790183
1 1.25 51 52 48.30248774929422 0.1076998354606374
1 1.25 52 53 46.4785872465628 0.1046792416259288
1 1.25 53 54 44.7219924522559 0.09882213390901648
1 1.25 54 55 43.01589469207337 1.481391575665131
1 1.25 55 56 41.38949124586122 1.307478047570734
1 1.25 56 57 39.82350438559473 1.147853745969315
1 1.25 57 58 38.31574265685725 1.003673825432026
1 1.25 58 59 36.86433858509159 0.8741894345710464
1 1.25 59 60 35.46743671026684 0.7586352552986576
1 1.25 60 61 34.12320145942054 0.6562337067144111
1 1.25 61 62 32.82982415184303 0.5661986658706483
1 1.25 62 63 31.58549976995361 0.4875656825077512
1 1.25 63 64 30.3878025446627 0.4159422347309061
1 1.25 64 65 29.23450573987718 0.3476992645457241
1 1.25 65 66 28.12402363489339 0.2832271033225084
1 1.25 66 67 27.05390262890739 0.2275496570977787
1 1.25 67 68 26.02155785792897 0.179551982685666
1 1.25 68 69 25.02253409663821 0.137318787216686
1 1.25 69 70 24.05014966062525 0.1005984696406471
1 1.25 70 71 23.09926836200165 0.06972866589759256
1 1.25 71 72 22.16831515745507 0.04189335398463469
1 1.25 72 73 21.25701884608465 0.02548610684716039
1 1.25 73 74 20.36571802460267 0.0206497483961885
1 1.25 74 75 19.49499837206595 0.02166245849800922
1 1.25 75 76 18.64504977231401 0.02488341283868772
1 1.25 76 77 17.81628892173465 0.02869315477010339
1 1.25 77 78 16.98173620045905 0.4414501597588546
1 1.25 78 79 16.21582509393043 0.465605481910135
1 1.25 79 80 15.45256985742545 0.3645924230967318
1 1.25 80 81 14.71213082428996 0.2819004951475727
1 1.25 81 82 13.99467192642295 0.2156235939609088
1 1.25 82 83 13.30029263536107 0.1639694462138063
1 1.25 83 84 12.62903086094457 0.1252442837622728
1 1.25 84 85 11.98086590132363 0.0978187645155212
1 1.25 85 86 11.35572143678697 0.0800876627534808
1 1.25 86 87 10.75346855955038 0.07048829390418193
1 1.25 87 88 10.17392883010657 0.06764038943196291
1 1.25 88 89 9.616877351757537 0.07048552681525966
1 1.25 89 90 9.082045852024837 0.07822324941026389
1 1.25 90 91 8.569115379887318 0.08993068863192163
1 1.25 91 92 8.077700599465398 0.1041055819020434
1 1.25 92 93 7.607416575569324 0.1199156883375385
1 1.25 93 94 7.157857841397743 0.1367967044405116
1 1.25 94 95 6.728590475695373 0.1542556747328676
1 1.25 95 96 6.319155040907717 0.1718703215136745
1 1.25 96 97 5.921565365164209 0.1387046005182353
1 1.25 97 98 5.55947056050077 0.00933821868691773
1 1.25 98 99 5.206092013080692 0.007455168487235705
1 1.25 99 100 4.870557215080847 0.005978750719868761
1.25 1.5 51 52 47.2758001636372 0.1027455071615985
1.25 1.5 52 53 45.48876280593319 0.09981148611672021
1.25 1.5 53 54 43.76809129122844 0.09414812077534375
1.25 1.5 54 55 42.09927735777725 1.427387268638409
1.25 1.5 55 56 40.50678855156079 1.259265994536833
1.25 1.5 56 57 38.97375093925029 1.10501115226587
1.25 1.5 57 58 37.49797643404867 0.9657213445040962
1.25 1.5 58 59 36.07759973415321 0.8406633574674243
1.25 1.5 59 60 34.71077155590385 0.7290887335966657
1.25 1.5 60 61 33.39566586432348 0.6302378555423046
1.25 1.5 61 62 32.13048629951246 0.543343560235107
1.25 1.5 62 63 30.9134431558428 0.4674687062197532
1.25 1.5 63 64 29.74214557854549 0.3983974629142096
1.25 1.5 64 65 28.61439895894773 0.3326502830229575
1.25 1.5 65 66 27.52863468748266 0.2705960238808681
1.25 1.5 66 67 26.48244002713444 0.2170335503456317
1.25 1.5 67 68 25.47327026522457 0.1708857240496618
1.25 1.5 68 69 24.49675508952663 0.130312142713308
1.25 1.5 69 70 23.5463414964625 0.09506762454390361
1.25 1.5 70 71 22.61699008516867 0.06546871103182461
1.25 1.5 71 72 21.70714615245049 0.04139149152705861
1.25 1.5 72 73 20.81653375424432 0.03091631966463404
1.25 1.5 73 74 19.94547329264597 0.02803584578110103
1.25 1.5 74 75 19.09452901193872 0.0291235992666867
1.25 1.5 75 76 18.26387725985842 0.03155590709406138
1.25 1.5 76 77 17.453917791971 0.03445552301757938
1.25 1.5 77 78 16.66512146973227 0.0373322079324771
1.25 1.5 78 79 15.88742733470895 0.4694759936233842
1.25 1.5 79 80 15.14146422877431 0.3717699319431343
1.25 1.5 80 81 14.41776520679455 0.2916534228068144
1.25 1.5 81 82 13.71648775652686 0.2272707842130197
1.25 1.5 82 83 13.03772692511552 0.1768767326619137
1.25 1.5 83 84 12.38151812056329 0.1388293720052532
1.25 1.5 84 85 11.74783996323547 0.1115773803087449
1.25 1.5 85 86 11.13661717978159 0.09364951477756857
1.25 1.5 86 87 10.54772353212815 0.0836679459059194
1.25 1.5 87 88 9.98098477247553 0.0803961013413631
1.25 1.5 88 89 9.436181615977905 0.0827776723936879
1.25 1.5 89 90 8.913052720693056 0.08991209094851675
1.25 1.5 90 91 8.41128726752375 0.1008001873620535
1.25 1.5 91 92 7.930509105916951 0.113956092217635
1.25 1.5 92 93 7.47034351502792 0.1285917942806249
1.25 1.5 93 94 7.030396175300034 0.1441861053138293
1.25 1.5 94 95 6.610245139268542 0.1602841816175914
1.25 1.5 95 96 6.2094436749545 0.1764952687859667
1.25 1.5 96 97 5.820803134878837 0.1443070658417994
1.25 1.5 97 98 5.466800582399184 0.01292626836964933
1.25 1.5 98 99 5.120647084591997 0.0113522851832122
1.25 1.5 99 100 4.791911488690451 0.01006485269571317
1.5 1.75 51 52 46.66868934150048 0.09669088957414086
1.5 1.75 52 53 44.89723378751762 0.09382980166127818
1.5 1.75 53 54 43.19247735637734 0.08836035568482625
1.5 1.75 54 55 41.54414517684879 1.341753441411023
1.5 1.75 55 56 39.96781503022987 1.180970174803881
1.5 1.75 56 57 38.45097730774964 1.033622780428692
1.5 1.75 57 58 36.99137347540361 0.9007424053656985
1.5 1.75 58 59 35.58707518268147 0.7816059611704695
1.5 1.75 59 60 34.23617943690489 0.6754768241627797
1.5 1.75 60 61 32.93681472671719 0.5816087723726491
1.5 1.75 61 62 31.68714644830324 0.4992494550334484
1.5 1.75 62 63 30.48535308269803 0.4274858341154175
1.5 1.75 63 64 29.32902305255712 0.3622893984828067
1.5 1.75 64 65 28.21594347310335 0.3003412210200501
1.5 1.75 65 66 27.14452709854011 0.2419881335620094
1.5 1.75 66 67 26.11236035279855 0.1917741793647939
1.5 1.75 67 68 25.11689570372894 0.1486703201825796
1.5 1.75 68 69 24.15379551447337 0.1109273444448246
1.5 1.75 69 70 23.21656888305125 0.07834660840524263
1.5 1.75 70 71 22.30022620081122 0.0512719505265496
1.5 1.75 71 72 21.40321599176843 0.02753246387897495
1.5 1.75 72 73 20.52525321991922 0.01106128368822246
1.5 1.75 73 74 19.66663863869661 0.01477351525745374
1.5 1.75 74 75 18.82791559843708 0.02186277667356055
1.5 1.75 75 76 18.00924993209902 0.02877836232968869
1.5 1.75 76 77 17.21102535263374 0.0347862788771554
1.5 1.75 77 78 16.39824423335298 0.4154752938794311
1.5 1.75 78 79 15.63904989079704 0.3296553430094799
1.5 1.75 79 80 14.9258059999005 0.3569531082924794
1.5 1.75 80 81 14.21327187232645 0.2821973160206653
1.5 1.75 81 82 13.52280326278945 0.2223242748000208
1.5 1.75 82 83 12.85448996797379 0.1756505008467268
1.5 1.75 83 84 12.20836378362382 0.1405805043790909
1.5 1.75 84 85 11.58440124304455 0.1155941718065333
1.5 1.75 85 86 10.98252640158608 0.09924956001647724
1.5 1.75 86 87 10.40261365952696 0.09022166371760613
1.5 1.75 87 88 9.844490614473113 0.0873634536709943
1.5 1.75 88 89 9.307940935005991 0.08972572349730694
1.5 1.75 89 90 8.792707245498818 0.09650280212282189
1.5 1.75 90 91 8.29848382987927 0.1067778639339073
1.5 1.75 91 92 7.824901080625391 0.1191582972490895
1.5 1.75 92 93 7.371590841854726 0.132897161708137
1.5 1.75 93 94 6.938165802970328 0.1474973600758115
1.5 1.75 94 95 6.52421162010663 0.1625257969896282
1.5 1.75 95 96 6.121398965248556 0.1309799345152475
1.5 1.75 96 97 5.757187384855019 0.01211523538661339
1.5 1.75 97 98 5.398247486994759 0.00937412477992443
1.5 1.75 98 99 5.056966678541777 0.006886801012889263
1.5 1.75 99 100 4.732833850163917 0.004655333891050236
1.75 2 51 52 45.87931618241072 0.0973129500254791
1.75 2 52 53 44.14848768616827 0.09437306300653141
1.75 2 53 54 42.48292919786581 0.08894545135930659
1.75 2 54 55 40.86609483007527 1.278874996410114
1.75 2 55 56 39.32634868224358 1.125390634474558
1.75 2 56 57 37.84476327336336 0.9848037671374237
1.75 2 57 58 36.41911481205766 0.8580748417719506
1.75 2 58 59 35.04750049621752 0.7445007815742095
1.75 2 59 60 33.72804507908154 0.6433664687928156
1.75 2 60 61 32.45890651334739 0.5539485485250339
1.75 2 61 62 31.2382809384509 0.4755187873148621
1.75 2 62 63 30.06437951996429 0.4071985723875272
1.75 2 63 64 28.93484896956348 0.3451764045752959
1.75 2 64 65 27.84752891969698 0.2863156018853404
1.75 2 65 66 26.80086116890224 0.2309344543843358
1.75 2 66 67 25.792485500548 0.1833032516054802
1.75 2 67 68 24.81989927766021 0.1424348085321628
1.75 2 68 69 23.87883464857904 0.1066674580837615
1.75 2 69 70 22.96286931675974 0.07578780974989628
1.75 2 70 71 22.06704553972008 0.05008674638903642
1.75 2 71 72 21.18980366829206 0.02735890463598171
1.75 2 72 73 20.33084620690566 0.01035721931756886
1.75 2 73 74 19.49045983274696 0.01377996085701484
1.75 2 74 75 18.66917977361017 0.01937355440928894
1.75 2 75 76 17.86716435764226 0.02460651862583122
1.75 2 76 77 17.08479333186158 0.03030686745526577
1.75 2 77 78 16.32252154209338 0.03507821089984636
1.75 2 78 79 15.54702666733917 0.3247880031883723
1.75 2 79 80 14.84567985710856 0.3521990621186333
1.75 2 80 81 14.14576147818274 0.2812125044211051
1.75 2 81 82 13.46713275566031 0.224297323029118
1.75 2 82 83 12.80989866687287 0.1798444960099284
1.75 2 83 84 12.17410794420428 0.1463339205677636
1.75 2 84 85 11.55975564436434 0.1223267680844397
1.75 2 85 86 10.96678576651376 0.1064704391151341
1.75 2 86 87 10.3950939119448 0.0975269189785823
1.75 2 87 88 9.844529977119766 0.09441175313458684
1.75 2 88 89 9.314900872088373 0.0962046613668549
1.75 2 89 90 8.805973255050972 0.1021140465827643
1.75 2 90 91 8.317466237065741 0.1112578486617367
1.75 2 91 92 7.849035969632364 0.1223277046664362
1.75 2 92 93 7.400339950181266 0.1346296097513054
1.75 2 93 94 6.971016612373539 0.1477044428522691
1.75 2 94 95 6.552163145838627 0.1170522727338281
1.75 2 95 96 6.162115364159558 0.1284044544716109
1.75 2 96 97 5.798113753170723 0.009580536522468137
1.75 2 97 98 5.441574039840283 0.007075702846419391
1.75 2 98 99 5.102304483662577 0.004807460224196253
1.75 2 99 100 4.779818917799377 0.0027755266131327
2 2.25 51 52 44.90908344156566 0.09430766804878842
2 2.25 52 53 43.19292145140091 0.0913636318101123
2 2.25 53 54 41.54301478992056 0.08607625648481017
2 2.25 54 55 39.94192537942564 1.214914393121596
2 2.25 55 56 38.41928939222215 1.068631390096486
2 2.25 56 57 36.9553258273838 0.9347448678489839
2 2.25 57 58 35.54769280577204 0.8141374232423368
2 2.25 58 59 34.19437677666339 0.7061225354249485
2 2.25 59 60 32.89340576827156 0.6100032706708417
2 2.25 60 61 31.64285342820978 0.5250759744999827
2 2.25 61 62 30.44084256540816 0.4506335399486933
2 2.25 62 63 29.28552056453982 0.3858289560303973
2 2.25 63 64 28.17448048806828 0.327063916016925
2 2.25 64 65 27.1055140212289 0.2713802008498799
2 2.25 65 66 26.07702111332353 0.2190635292287063
2 2.25 66 67 25.08661963202788 0.1740968633996687
2 2.25 67 68 24.13178861612725 0.1355395644343346
2 2.25 68 69 23.20830455380715 0.1018193817644211
2 2.25 69 70 22.30986900296358 0.07270402623191313
2 2.25 70 71 21.43164216855845 0.04842747231674605
2 2.25 71 72 20.57209193396357 0.02677384835443342
2 2.25 72 73 19.73091391135101 0.01030705304837189
2 2.25 73 74 18.90836323766424 0.01071284720038972
2 2.25 74 75 18.10493366797889 0.01521052400986306
2 2.25 75 76 17.32076176325485 0.02042074547102296
2 2.25 76 77 16.55619263719574 0.02589003347878142
2 2.25 77 78 15.81164162725445 0.03041828984084355
2 2.25 78 79 15.05940453319289 0.3178406175325689
2 2.25 79 80 14.37519333055467 0.3476692299170358
2 2.25 80 81 13.69243881083336 0.2815342795953051
2 2.25 81 82 13.03075402095546 0.2285238996095323
2 2.25 82 83 12.39021830809143 0.1871043661784404
2 2.25 83 84 11.77085702362553 0.1558381780823213
2 2.25 84 85 11.17264401627557 0.1333858388541453
2 2.25 85 86 10.59550417407395 0.1185144281446268
2 2.25 86 87 10.03931600778235 0.1101109229331053
2 2.25 87 88 9.503914267636333 0.1071889708902495
2 2.25 88 89 8.98909258526907 0.1088779758287867
2 2.25 89 90 8.49460613203841 0.1143990175766489
2 2.25 90 91 8.020164152618921 0.1228848515194777
2 2.25 91 92 7.565414275072342 0.1330851760989634
2 2.25 92 93 7.130007286968887 0.144345243165815
2 2.25 93 94 6.713576491285835 0.1562384674557691
2 2.25 94 95 6.307485086069978 0.1283902744988202
2 2.25 95 96 5.936440679830534 0.009668724469662725
2 2.25 96 97 5.57398455833361 0.007212335512959739
2 2.25 97 98 5.228861947827179 0.004994510872857645
2 2.25 98 99 4.900602439281617 0.003041062739492078
2 2.25 99 100 4.588721884754456 0.00224800528310739
2.25 2.5 51 52 43.55570131386887 0.08928315357896387
2.25 2.5 52 53 41.878453667949 0.08639243268305219
2.25 2.5 53 54 40.20264228575584 0.9929431684147667
2.25 2.5 54 55 38.70570694727084 1.12752382644734
2.25 2.5 55 56 37.22041438150306 0.989377992902986
2.25 2.5 56 57 35.79315195949323 0.863085981926363
2.25 2.5 57 58 34.42153166178105 0.7494507355896028
2.25 2.5 58 59 33.10349706575064 0.6478039934090908
2.25 2.5 59 60 31.83704249294406 0.5574686776719697
2.25 2.5 60 61 30.62021582978285 0.4777624053375981
2.25 2.5 61 62 29.45112097450698 0.4080005783729935
2.25 2.5 62 63 28.32789315251266 0.3473703136541332
2.25 2.5 63 64 27.2481405817832 0.2925210290947516
2.25 2.5 64 65 26.20966937256888 0.2407072498336339
2.25 2.5 65 66 25.21087813735932 0.1921875698867572
2.25 2.5 66 67 24.24942273185121 0.1506133041483836
2.25 2.5 67 68 23.32282418888187 0.115107976343385
2.25 2.5 68 69 22.42697664282296 0.08422673926732498
2.25 2.5 69 70 21.55577162740101 0.05780646680842672
2.25 2.5 70 71 20.70450468446737 0.03616794786251795
2.25 2.5 71 72 19.87165888750767 0.02022775346588459
2.25 2.5 72 73 19.05690653481197 0.02032681883128064
2.25 2.5 73 74 18.26046255249177 0.02446212522224029
2.25 2.5 74 75 17.48277775304108 0.02814119453780534
2.25 2.5 75 76 16.72395241450761 0.03114343470013652
2.25 2.5 76 77 15.98429443241962 0.03368216925722821
2.25 2.5 77 78 15.26418470609633 0.03613763625579273
2.25 2.5 78 79 14.52948449772534 0.2664234730044975
2.25 2.5 79 80 13.84772561533321 0.2089234373917479
2.25 2.5 80 81 13.20839983850181 0.2483855482172418
2.25 2.5 81 82 12.56932353780702 0.2003469425562235
2.25 2.5 82 83 11.95077492718818 0.1630981091329313
2.25 2.5 83 84 11.35276582423262 0.1352171250949233
2.25 2.5 84 85 10.77525923400109 0.1153399386723602
2.25 2.5 85 86 10.21817176225462 0.1021910165916205
2.25 2.5 86 87 9.681376069510726 0.09464632865884309
2.25 2.5 87 88 9.164703357962686 0.09178812956572859
2.25 2.5 88 89 8.667945883507958 0.09289744469813357
2.25 2.5 89 90 8.190859484771902 0.09738276635319078
2.25 2.5 90 91 7.733156548346958 0.1045637896501194
2.25 2.5 91 92 7.294491264387648 0.1133776703656094
2.25 2.5 92 93 6.874520859833641 0.1232360269384233
2.25 2.5 93 94 6.46415840541172 0.09052175381257496
2.25 2.5 94 95 6.082063291452332 0.1004164300133648
2.25 2.5 95 96 5.717398980442038 0.1102560951562123
2.25 2.5 96 97 5.377752036067951 0.009758626652932112
2.25 2.5 97 98 5.044864490164656 0.008136646370678728
2.25 2.5 98 99 4.728259165307408 0.006747377088600428
2.25 2.5 99 100 4.427465519748635 0.005606155857699574
2.5 2.75 51 52 42.39143472549029 0.0963693822361972
2.5 2.75 52 53 40.73641554017975 0.09267153864798232
2.5 2.75 53 54 39.14797493754536 0.08791908393849558
2.5 2.75 54 55 37.56744237372557 0.8225708349543482
2.5 2.75 55 56 36.14872184148788 0.9243393953815119
2.5 2.75 56 57 34.74570914045644 0.8052334986664049
2.5 2.75 57 58 33.39851272900265 0.6981491905354738
2.5 2.75 58 59 32.10497082685308 0.6024387547066783
2.5 2.75 59 60 30.86298664723859 0.5174471292494517
2.5 2.75 60 61 29.67052952248804 0.4425152820671596
2.5 2.75 61 62 28.52563582918624 0.3769831819594791
2.5 2.75 62 63 27.42638367054371 0.3200746862388333
2.5 2.75 63 64 26.37035223160868 0.2686972099825447
2.5 2.75 64 65 25.35532146503246 0.2203228032763122
2.5 2.75 65 66 24.37965316805193 0.1751731534480608
2.5 2.75 66 67 23.44100232219094 0.1365508789779125
2.5 2.75 67 68 22.536892273479 0.1036367123197691
2.5 2.75 68 69 21.66329004123682 0.07510046448851623
2.5 2.75 69 70 20.81423157800708 0.05078811106815822
2.5 2.75 70 71 19.98512436045304 0.03505936948725219
2.5 2.75 71 72 19.17446035780406 0.02988518661765384
2.5 2.75 72 73 18.38188779972513 0.02995286188550336
2.5 2.75 73 74 17.60757738906855 0.03218932752251967
2.5 2.75 74 75 16.85193069905257 0.03419201232290145
2.5 2.75 75 76 16.11501429157586 0.03581555656397328
2.5 2.75 76 77 15.3970941700394 0.03717072660715526
2.5 2.75 77 78 14.66782776129386 0.301046084073766
2.5 2.75 78 79 13.98719255828231 0.2369171405825125
2.5 2.75 79 80 13.32681108542922 0.1841433532922757
2.5 2.75 80 81 12.70759839782582 0.2235105474200972
2.5 2.75 81 82 12.08894466111341 0.179740532677981
2.5 2.75 82 83 11.49042225579867 0.1458979390736227
2.5 2.75 83 84 10.91201932271636 0.1206262623382068
2.5 2.75 84 85 10.35367792876037 0.1026162202341642
2.5 2.75 85 86 9.815296371880866 0.09064359111327767
2.5 2.75 86 87 9.296731525812195 0.08364453573617694
2.5 2.75 87 88 8.797801216744762 0.08077949460454353
2.5 2.75 88 89 8.318286624457215 0.08142288249714028
2.5 2.75 89 90 7.857934700399056 0.08507783646762246
2.5 2.75 90 91 7.416451526321865 0.09116404960833087
2.5 2.75 91 92 6.993488397854184 0.09875074427866082
2.5 2.75 92 93 6.588699850205455 0.1073029530872293
2.5 2.75 93 94 6.193500409296808 0.07798253749382139
2.5 2.75 94 95 5.825404334174035 0.0869621476422316
2.5 2.75 95 96 5.474225955323909 0.09581594667648821
2.5 2.75 96 97 5.145249410211843 0.009813768674539949
2.5 2.75 97 98 4.825001561905358 0.008530076377075646
2.5 2.75 98 99 4.520531127746709 0.007493884733266044
2.5 2.75 99 100 4.231373905448281 0.006703187343748392
2.75 3 51 52 40.58374620049543 0.1143952957688285
2.75 3 52 53 38.96515974677429 0.1094302860732524
2.75 3 53 54 37.41373356104732 0.1037952198477615
2.75 3 54 55 35.87357033113729 0.7675996470771428
2.75 3 55 56 34.48947395053573 0.8583235610881589
2.75 3 56 57 33.12412809466183 0.7463618386927732
2.75 3 57 58 31.81454309213947 0.6457600858006507
2.75 3 58 59 30.55844319579836 0.5558944731408814
2.75 3 59 60 29.35363399256339 0.4761351670178657
2.75 3 60 61 28.19800153143088 0.405849556864027
2.75 3 61 62 27.0895114637687 0.3444050872274049
2.75 3 62 63 26.0261831806319 0.2910664485878214
2.75 3 63 64 25.00557335694776 0.2430308353465511
2.75 3 64 65 24.02544217774285 0.1980157387224126
2.75 3 65 66 23.08411594488838 0.1562036214214929
2.75 3 66 67 22.17926395998096 0.1205023678019439
2.75 3 67 68 21.30843354513842 0.09016671313302127
2.75 3 68 69 20.46772114678533 0.06401619344007939
2.75 3 69 70 19.65141189078049 0.04688278917182852
2.75 3 70 71 18.85510969441316 0.03970381459810957
2.75 3 71 72 18.07733791978939 0.03692433532632478
2.75 3 72 73 17.31771817465867 0.03754936897982997
2.75 3 73 74 16.57636253627008 0.03919747615942357
2.75 3 74 75 15.85360277669462 0.04040695555679732
2.75 3 75 76 15.14945823238707 0.04124476319420028
2.75 3 76 77 14.46413463616577 0.04184008412850149
2.75 3 77 78 13.76545752315981 0.2590544017339383
2.75 3 78 79 13.11729898506604 0.2006059686422978
2.75 3 79 80 12.48902505920014 0.152665173668049
2.75 3 80 81 11.90071386877544 0.1868276209512272
2.75 3 81 82 11.31304019422231 0.147522460329704
2.75 3 82 83 10.74499551507495 0.1173427836751533
2.75 3 83 84 10.19652848666359 0.09500010207886125
2.75 3 84 85 9.667545468524104 0.07920284901821878
2.75 3 85 86 9.157912722353721 0.06869382831863415
2.75 3 86 87 8.667458644669995 0.0623692488256292
2.75 3 87 88 8.195976026915893 0.05941283953785671
2.75 3 88 89 7.743224335726529 0.05932131136389796
2.75 3 89 90 7.308932006694528 0.06178306498108198
2.75 3 90 91 6.892790425469011 0.06641699110801554
2.75 3 91 92 6.494441282994378 0.072496124968778
2.75 3 92 93 6.113529876665631 0.0795480008780086
2.75 3 93 94 5.741840813814619 0.05599865690885664
2.75 3 94 95 5.395981558474357 0.06388463675390196
2.75 3 95 96 5.066296365221699 0.07166819917251062
2.75 3 96 97 4.75856838720469 0.009958133052196375
2.75 3 97 98 4.458441396735875 0.008600820932374853
2.75 3 98 99 4.173347302229558 0.007451064048494988
2.75 3 99 100 3.902827493273301 0.006507057357376519
3 3.25 51 52 37.72775143808467 0.1365949438208134
3 3.25 52 53 36.17788339688855 0.1301150999087394
3 3.25 53 54 34.69472561161311 0.1233067934206622
3 3.25 54 55 33.27536098867407 0.1162658119290182
3 3.25 55 56 31.87220573541133 0.630631809163268
3 3.25 56 57 30.60541170031873 0.6941094363721897
3 3.25 57 58 29.36082648503026 0.5998971680017987
3 3.25 58 59 28.16866717313432 0.5157194417169524
3 3.25 59 60 27.02666820025251 0.4409789706829866
3 3.25 60 61 25.93265870316708 0.3750766255802364
3 3.25 61 62 24.884559732385 0.3174141476327225
3 3.25 62 63 23.88035832017692 0.267305665323356
3 3.25 63 64 22.9176273269335 0.2222853925084684
3 3.25 64 65 21.99414290635424 0.1803534237554916
3 3.25 65 66 21.10821976438013 0.1416425198410189
3 3.25 66 67 20.25758474390352 0.108601084900152
3 3.25 67 68 19.43985953018102 0.08056802530797338
3 3.25 68 69 18.65136693184336 0.06209869023936377
3 3.25 69 70 17.88680058965044 0.05223611037920945
3 3.25 70 71 17.14208566035846 0.04659612804768791
3 3.25 71 72 16.41581381337497 0.04429664463489003
3 3.25 72 73 15.70758272956179 0.04434289285959949
3 3.25 73 74 15.01743290509805 0.04505194350418224
3 3.25 74 75 14.34560556515542 0.04542500543550939
3 3.25 75 76 13.69206232797009 0.04552168929495044
3 3.25 76 77 13.05693129235145 0.04542862732687738
3 3.25 77 78 12.40761347878914 0.211608372276097
3 3.25 78 79 11.80884644457799 0.1588452198863009
3 3.25 79 80 11.22932912108955 0.1157786948983811
3 3.25 80 81 10.68759859147928 0.1409817260613321
3 3.25 81 82 10.14700755920344 0.1066306966187663
3 3.25 82 83 9.625219852674718 0.08088110272061799
3 3.25 83 84 9.122131424429238 0.06260995799898458
3 3.25 84 85 8.637601116139988 0.05049401482020186
3 3.25 85 86 8.171452726714751 0.04293247557098651
3 3.25 86 87 7.723477105722832 0.03830000996321946
3 3.25 87 88 7.293434265805109 0.03541873512800717
3 3.25 88 89 6.881055507069238 0.03381970074621343
3 3.25 89 90 6.486045548192562 0.03363243020904476
3 3.25 90 91 6.108077526471702 0.03516687968064017
3 3.25 91 92 5.746782378491213 0.03834848547404376
3 3.25 92 93 5.401794688547652 0.04289016727200201
3 3.25 93 94 5.072738153458738 0.04839884824058768
3 3.25 94 95 4.752963227810996 0.03233155813037979
3 3.25 95 96 4.455605685211244 0.03882032508436739
3 3.25 96 97 4.172868433414585 0.04517337388918419
3 3.25 97 98 3.904322391944768 0.0512287163182525
3 3.25 98 99 3.653665420057716 0.007309293113736911
3 3.25 99 100 3.411106895514814 0.006244291405026543
3.25 3.5 51 52 33.34500785346917 0.1205730476296418
3.25 3.5 52 53 31.92205584765604 0.113787973520424
3.25 3.5 53 54 30.56293295994476 0.1067570700556273
3.25 3.5 54 55 29.26464803884886 0.09954780947976018
3.25 3.5 55 56 28.02425210807566 0.09238339265846894
3.25 3.5 56 57 26.80121314661586 0.5113036160581074
3.25 3.5 57 58 25.67079944816042 0.4413509290123123
3.25 3.5 58 59 24.61191785962566 0.4775435168812809
3.25 3.5 59 60 23.57607869748185 0.4081654115592276
3.25 3.5 60 61 22.58529520092196 0.3468850468288701
3.25 3.5 61 62 21.63752030859168 0.2931487457245375
3.25 3.5 62 63 20.73078253078807 0.2463325783025689
3.25 3.5 63 64 19.86276029603393 0.2043661007740086
3.25 3.5 64 65 19.03132780728016 0.1655751064848556
3.25 3.5 65 66 18.23485003582382 0.1300262833673077
3.25 3.5 66 67 17.47119703650071 0.09963142292043482
3.25 3.5 67 68 16.73815723228704 0.07381731970959322
3.25 3.5 68 69 16.03242774411928 0.05173518749018777
3.25 3.5 69 70 15.34933300436086 0.03485240254918905
3.25 3.5 70 71 14.68529244688146 0.02821964725317281
3.25 3.5 71 72 14.03902502061622 0.02607069514650324
3.25 3.5 72 73 13.41011881678731 0.02728747406781217
3.25 3.5 73 74 12.7985371009633 0.02941182147054785
3.25 3.5 74 75 12.20441494809018 0.03109225149242978
3.25 3.5 75 76 11.62765340896399 0.03234586990749844
3.25 3.5 76 77 11.06829177197461 0.03325205901302012
3.25 3.5 77 78 10.4955289272096 0.1608488335313289
3.25 3.5 78 79 9.970325832671389 0.1139389202440588
3.25 3.5 79 80 9.463113488002611 0.07584561572061489
3.25 3.5 80 81 8.990065286108017 0.09045734481957048
3.25 3.5 81 82 8.518826011341869 0.06249110246561797
3.25 3.5 82 83 8.064915601500456 0.04400956528911589
3.25 3.5 83 84 7.628172534364852 0.03496311493975453
3.25 3.5 84 85 7.184257523941234 0.0870863465054776
3.25 3.5 85 86 6.80919756641627 0.06396513307707272
3.25 3.5 86 87 6.387882473412967 0.02369023406056591
3.25 3.5 87 88 6.000606464400192 0.009230914965486154
3.25 3.5 88 89 5.643913179703227 0.01094632961974529
3.25 3.5 89 90 5.314662916589125 0.008105367832243013
3.25 3.5 90 91 5.009730658171131 0.01832946565084445
3.25 3.5 91 92 4.725506275830685 0.04054713856734767
3.25 3.5 92 93 4.415959596494836 0.04533231193207308
3.25 3.5 93 94 4.150055300832418 0.01630819762954194
3.25 3.5 94 95 3.884093034085802 0.01641775886737435
3.25 3.5 95 96 3.631522748362543 0.0186590745770537
3.25 3.5 96 97 3.391938849630528 0.02220378327972168
3.25 3.5 97 98 3.161638451023409 0.0145152781305722
3.25 3.5 98 99 2.947384901632287 0.01926532992999311
3.25 3.5 99 100 2.744795985424989 0.0236115428031636
3.5 3.75 51 52 27.21572122799291 0.06663804263912286
3.5 3.75 52 53 25.999237591316 0.06221965921853391
3.5 3.75 53 54 24.83982895246941 0.05726707597558335
3.5 3.75 54 55 23.73463943371472 0.05183838594927999
3.5 3.75 55 56 22.6808789491454 0.04619487057458202
3.5 3.75 56 57 21.67563485306122 0.0411994478795791
3.5 3.75 57 58 20.7164414834006 0.03702847278954047
3.5 3.75 58 59 19.80106611955568 0.03454311057558131
3.5 3.75 59 60 18.89992728662677 0.3012673531290552
3.5 3.75 60 61 18.08436284714245 0.322694583198719
3.5 3.75 61 62 17.28829976778081 0.2734667176734374
3.5 3.75 62 63 16.52805343224353 0.2303831836707573
3.5 3.75 63 64 15.80154817131493 0.1918317426894542
3.5 3.75 64 65 15.10688478617526 0.156510538268183
3.5 3.75 65 66 14.44258142570207 0.1244079696179539
3.5 3.75 66 67 13.8067759185138 0.09683169560158197
3.5 3.75 67 68 13.1975519075664 0.07329856108029796
3.5 3.75 68 69 12.61216074055527 0.05311531866006589
3.5 3.75 69 70 12.04680564132814 0.03612904967558246
3.5 3.75 70 71 11.49859052264217 0.02246860403956991
3.5 3.75 71 72 10.96643494102882 0.01230962725735346
3.5 3.75 72 73 10.44994531314468 0.013144153665388
3.5 3.75 73 74 9.94901664102958 0.01789774867908137
3.5 3.75 74 75 9.46367741464214 0.02176418065526908
3.5 3.75 75 76 8.99377907630836 0.02478045906369529
3.5 3.75 76 77 8.539276015790881 0.0271022130204299
3.5 3.75 77 78 8.100160350983407 0.0288037932577682
3.5 3.75 78 79 7.651117072301687 0.07984655354088249
3.5 3.75 79 80 7.242117664308651 0.04804329842501791
3.5 3.75 80 81 6.859969353656661 0.04889092580051143
3.5 3.75 81 82 6.482149566912671 0.02996574940185796
3.5 3.75 82 83 6.100267166107328 0.06710543466493581
3.5 3.75 83 84 5.721794129964768 0.02005038845881819
3.5 3.75 84 85 5.437294291148946 0.04347350975791075
3.5 3.75 85 86 5.117781790882804 0.04847074498880401
3.5 3.75 86 87 4.812224865063468 0.05116764604283404
3.5 3.75 87 88 4.515252359747426 0.05425285550875283
3.5 3.75 88 89 4.248413543429004 0.04872191477053423
3.5 3.75 89 90 4.00339926120895 0.0151854517282139
3.5 3.75 90 91 3.749830654583433 0.01331782291892995
3.5 3.75 91 92 3.505466254351572 0.01188194375306601
3.5 3.75 92 93 3.271003927701105 0.01168717370100346
3.5 3.75 93 94 3.037963402224767 0.0319016761550569
3.5 3.75 94 95 2.8331392336451 0.02576403115123546
3.5 3.75 95 96 2.638729606799405 0.02118689605622808
3.5 3.75 96 97 2.454901412914998 0.01681558590070348
3.5 3.75 97 98 2.281283495719679 0.01276099712230997
3.5 3.75 98 99 2.094085732386251 0.01461203465979428
3.5 3.75 99 100 1.95956009335709 0.006306777578658098
3.75 4 51 52 19.667739796997 0.1317172877887324
3.75 4 52 53 18.7415580239506 0.1299482871964819
3.75 4 53 54 17.86094668422919 0.127910794474993
3.75 4 54 55 17.02348014581291 0.125677851730445
3.75 4 55 56 16.22680572263651 0.1233656063553161
3.75 4 56 57 15.46848734068268 0.1211920337858725
3.75 4 57 58 14.74647027626458 0.1191729242673349
3.75 4 58 59 14.05890215129836 0.117273078551415
3.75 4 59 60 13.4040293537913 0.1154648980107019
3.75 4 60 61 12.78008652287144 0.113672539991006
3.75 4 61 62 12.18578119111887 0.02380096477254236
3.75 4 62 63 11.61877832748014 0.02161062753921568
3.75 4 63 64 11.06129489978625 0.1458225100165188
3.75 4 64 65 10.54685716107142 0.1200917415415261
3.75 4 65 66 10.06423437143228 0.1211630372470237
3.75 4 66 67 9.594506688278198 0.0970548692083214
3.75 4 67 68 9.145360883787818 0.07633715516607402
3.75 4 68 69 8.71476362685358 0.05849732184238934
3.75 4 69 70 8.299986694105634 0.04332205510146857
3.75 4 70 71 7.898959618022342 0.030701100075512
3.75 4 71 72 7.510870096582787 0.02018393686432352
3.75 4 72 73 7.135382224937048 0.01206306687814377
3.75 4 73 74 6.772352567739369 0.007282241601377177
3.75 4 74 75 6.42172826038967 0.006925991219141608
3.75 4 75 76 6.083341339011625 0.009091020848964489
3.75 4 76 77 5.757089172216249 0.01148273304549378
3.75 4 77 78 5.44289312076921 0.01343607804057792
3.75 4 78 79 5.140652128050974 0.01484713124176367
3.75 4 79 80 4.834933586471957 0.04339791070693864
3.75 4 80 81 4.555863039393778 0.0219663202929174
3.75 4 81 82 4.288652111081012 0.006204637348670218
3.75 4 82 83 4.033070062699537 0.009965173639411911
3.75 4 83 84 3.754315001918849 0.01938440042111486
3.75 4 84 85 3.559765779706026 0.02646490408831877
3.75 4 85 86 3.350176578920862 0.0131057304230675
3.75 4 86 87 3.136974556771318 0.01207330617994796
3.75 4 87 88 2.933874142220409 0.01177717422867438
3.75 4 88 89 2.74080850533113 0.01023249433334132
3.75 4 89 90 2.555459922513583 0.008941577102135487
3.75 4 90 91 2.381848650521566 0.007670167009743382
3.75 4 91 92 2.217352963390131 0.0066566832898395
3.75 4 92 93 2.062378157446497 0.005806201604205037
3.75 4 93 94 1.915334023104709 0.004837322143028275
3.75 4 94 95 1.775708569815261 0.004091794177887654
3.75 4 95 96 1.644494714409262 0.003634186568788099
3.75 4 96 97 1.520964991996097 0.003472532954242344
3.75 4 97 98 1.404820413209614 0.003525557189505523
3.75 4 98 99 1.29576211425081 0.003670835853269089
3.75 4 99 100 1.193492444093906 0.003804432935830944
4 5 51 52 15.21438130104812 0.06965903419801367
4 5 52 53 14.38159275816927 0.06841340917728385
4 5 53 54 13.59380209727252 0.06619764590798465
4 5 54 55 12.8484126547733 0.06318031631917155
4 5 55 56 12.14290691210187 0.05967305272000905
4 5 56 57 11.47463795857392 0.05643742478004152
4 5 57 58 10.84145409193392 0.05361099269901723
4 5 58 59 10.24145255035295 0.05112679733870031
4 5 59 60 9.672841230362943 0.04891978097030582
4 5 60 61 9.133818662016184 0.04673786600857174
4 5 61 62 8.622641108810608 0.04429559491022429
4 5 62 63 8.137847537848506 0.04165592184438025
4 5 63 64 7.677955457105239 0.03907661832966357
4 5 64 65 7.241572931232021 0.03671361325461764
4 5 65 66 6.827379619571053 0.03437223231267102
4 5 66 67 6.434099199149783 0.03211171732599474
4 5 67 68 6.060408543332057 0.02992579346654497
4 5 68 69 5.704700042758546 0.0278326109627881
4 5 69 70 5.364975586907235 0.02583760889898426
4 5 70 71 5.039717695631023 0.02394946852013772
4 5 71 72 4.72772569789459 0.02211767869245311
4 5 72 73 4.430048490056403 0.02051451641001207
4 5 73 74 4.144933181897997 0.0189761993070353
4 5 74 75 3.874533101241398 0.006499593084459816
4 5 75 76 3.617609078128336 0.006613892494504418
4 5 76 77 3.369932232255149 0.006013314183846912
4 5 77 78 3.133881427549024 0.005674130069539862
4 5 78 79 2.907281939281193 0.00283315720909753
4 5 79 80 2.693551372454799 0.00238313766213846
4 5 80 81 2.492181372243822 0.002913101961853138
4 5 81 82 2.302033096717275 0.004246802942432482
4 5 82 83 2.12351209698681 0.006313116367363216
4 5 83 84 1.977337389409249 0.00582100708714564
4 5 84 85 1.815959021166573 0.009477312198082111
4 5 85 86 1.630636545497457 0.01904688388235661
4 5 86 87 1.488154701582106 0.01218354870002258
4 5 87 88 1.354561648961121 0.007928332416775732
4 5 88 89 1.223950793182154 0.01829027697294048
4 5 89 90 1.136441518885243 0.01631382978528521
4 5 90 91 1.026986606716378 0.020547853346213
4 5 91 92 0.9356609274351166 0.01108911181936804
4 5 92 93 0.8409920191961682 0.01074843108231873
4 5 93 94 0.7530379153544398 0.01184111858940087
4 5 94 95 0.6714695587797586 0.01403503979763059
4 5 95 96 0.5959668536203551 0.01678280752348135
4 5 96 97 0.5069914971066463 0.0111313693165665
4 5 97 98 0.4435000184153104 0.01074500025195449
4 5 98 99 0.3851977915947455 0.01031190226214415
4 5 99 100 0.3317925655747569 0.00984128191110027
-5 5 51 100 29003.14381377073 14.51702477312295
