#ylo yhi qTlo qThi PDF0  uncertainty
-5 -4 51 52 13.72378957212438 0.102247562590886
-5 -4 52 53 13.11723201961874 0.1003387975180453
-5 -4 53 54 12.53900888596163 0.09748859544989134
-5 -4 54 55 11.98783050109776 0.09383628306506619
-5 -4 55 56 11.46234415340649 0.08967612427110841
-5 -4 56 57 10.96094495231716 0.08579178894759149
-5 -4 57 58 10.48238954751042 0.0823198055274129
-5 -4 58 59 10.02559299677045 0.07918969474872493
-5 -4 59 60 9.589515978790013 0.07633859987361646
-5 -4 60 61 9.173061424971156 0.07351223068509255
-5 -4 61 62 8.775140750986605 0.07042226101710369
-5 -4 62 63 8.394898546872334 0.06713960521357533
-5 -4 63 64 8.0314259351477 0.06392965291600999
-5 -4 64 65 7.683865785968859 0.06095272479682983
-5 -4 65 66 7.351400248646017 0.05801912613943111
-5 -4 66 67 7.033221502875387 0.05517632238124353
-5 -4 67 68 6.749165865596606 0.02139686305865665
-5 -4 68 69 6.455607014788975 0.02047769160657977
-5 -4 69 70 6.172210566799675 0.01960641019905801
-5 -4 70 71 5.896646338838581 0.01859060056271939
-5 -4 71 72 5.630202067812459 0.01789082532004124
-5 -4 72 73 5.372578568375038 0.01725092909350119
-5 -4 73 74 5.121141903553207 0.01807451404784785
-5 -4 74 75 4.878097645142374 0.01660179746183065
-5 -4 75 76 4.642915809545041 0.01559692170992352
-5 -4 76 77 4.40871180241593 0.007300022962750761
-5 -4 77 78 4.189367000904596 0.006981566236856892
-5 -4 78 79 3.977710488616934 0.006842820134884384
-5 -4 79 80 3.77083788018779 0.004421093541094248
-5 -4 80 81 3.575138735106116 0.004381962872434846
-5 -4 81 82 3.38617847208229 0.005462708831316557
-5 -4 82 83 3.203923012476698 0.007034553335285261
-5 -4 83 84 3.029517067355254 0.008115147152898169
-5 -4 84 85 2.864456080985943 0.01009431344211673
-5 -4 85 86 2.694020549252564 0.0218870259058831
-5 -4 86 87 2.543726558165554 0.01472423064910454
-5 -4 87 88 2.395696293871767 0.009563219567976882
-5 -4 88 89 2.246692414280449 0.02046319259890283
-5 -4 89 90 2.119492628458341 0.01829173705582181
-5 -4 90 91 1.991008134114321 0.02586523272090391
-5 -4 91 92 1.882150505924568 0.0151616111413295
-5 -4 92 93 1.759306079259516 0.01959445798983606
-5 -4 93 94 1.649147602585214 0.01907314653831546
-5 -4 94 95 1.544493972245191 0.01849720491038083
-5 -4 95 96 1.445169196310018 0.01786913434133333
-5 -4 96 97 1.350996260546999 0.01719385473151583
-5 -4 97 98 1.261797663997584 0.01647801047738106
-5 -4 98 99 1.177395924735587 0.01572936542515594
-5 -4 99 100 1.097614056192191 0.01495629144543837
-4 -3.75 51 52 15.48095084426281 0.1606314254856564
-4 -3.75 52 53 14.88298812832839 0.1584954788359665
-4 -3.75 53 54 14.30974873804115 0.1561046863760341
-4 -3.75 54 55 13.76021824422357 0.1535264730149111
-4 -3.75 55 56 13.23335939409891 0.1508668927756228
-4 -3.75 56 57 12.72799378550071 0.1483235646054465
-4 -3.75 57 58 12.24317523662549 0.145912917958313
-4 -3.75 58 59 11.77805969959514 0.1436053970399792
-4 -3.75 59 60 11.33182936594015 0.1413779690891891
-4 -3.75 60 61 10.90384930055013 0.02823341508179578
-4 -3.75 61 62 10.49271530324422 0.0262442293852771
-4 -3.75 62 63 10.09799043206435 0.02386396574995153
-4 -3.75 63 64 9.701004586212623 0.1562192816855504
-4 -3.75 64 65 9.338285364411711 0.1290147809083216
-4 -3.75 65 66 8.989738520839332 0.1044516388154772
-4 -3.75 66 67 8.663363548276097 0.1128470162892155
-4 -3.75 67 68 8.339339451142832 0.08962633361542194
-4 -3.75 68 69 8.02615325959896 0.069610503334588
-4 -3.75 69 70 7.721600033315772 0.05256699550364158
-4 -3.75 70 71 7.423998339744564 0.03836315155283785
-4 -3.75 71 72 7.132790490575376 0.02650893812141617
-4 -3.75 72 73 6.84784733051802 0.01722525452735439
-4 -3.75 73 74 6.569218894587441 0.01107160824414485
-4 -3.75 74 75 6.29704220593701 0.008652855758723842
-4 -3.75 75 76 6.031342948616341 0.009466952699944188
-4 -3.75 76 77 5.772211829315747 0.01149660965533724
-4 -3.75 77 78 5.519765960187956 0.01347243938378272
-4 -3.75 78 79 5.274103317378049 0.01501700136113119
-4 -3.75 79 80 5.019513035264024 0.04936606934047354
-4 -3.75 80 81 4.787169438831647 0.02617807800487717
-4 -3.75 81 82 4.562149855655909 0.008346266865509738
-4 -3.75 82 83 4.344425451445875 0.00829923822098399
-4 -3.75 83 84 4.103502882863738 0.00835643424275209
-4 -3.75 84 85 3.930618421289852 0.02642400185508115
-4 -3.75 85 86 3.751713584944532 0.01546184051235266
-4 -3.75 86 87 3.561012044409319 0.01345387433005403
-4 -3.75 87 88 3.377110066536688 0.01195731056265522
-4 -3.75 88 89 3.199972868624317 0.01069403252889543
-4 -3.75 89 90 3.027882460438675 0.009453775375187589
-4 -3.75 90 91 2.864573327669314 0.008347383982140945
-4 -3.75 91 92 2.707837843070139 0.007325866288431393
-4 -3.75 92 93 2.557466115652485 0.00630943221404391
-4 -3.75 93 94 2.413361615695468 0.006505411337650762
-4 -3.75 94 95 2.275174173905731 0.006391881233670417
-4 -3.75 95 96 2.143086480287623 0.00650174791072479
-4 -3.75 96 97 2.016961049959459 0.006735797687920624
-4 -3.75 97 98 1.896653296336705 0.006994405714480026
-4 -3.75 98 99 1.782012564582419 0.007198734535358343
-4 -3.75 99 100 1.67288310918767 0.007294488144826161
-3.75 -3.5 51 52 19.7217206623756 0.07726328917121014
-3.75 -3.5 52 53 19.00581161214102 0.07175767289818889
-3.75 -3.5 53 54 18.31684390688763 0.06584841426431273
-3.75 -3.5 54 55 17.65394514695802 0.05957312238894352
-3.75 -3.5 55 56 17.01617925609607 0.05316728478020937
-3.75 -3.5 56 57 16.40241737897843 0.0474373875436799
-3.75 -3.5 57 58 15.81176261545968 0.04254588075150759
-3.75 -3.5 58 59 15.24340835895337 0.03844081144624432
-3.75 -3.5 59 60 14.66779756716175 0.3202885374802861
-3.75 -3.5 60 61 14.14291039414587 0.2724551982558562
-3.75 -3.5 61 62 13.65765408540007 0.3129223929343595
-3.75 -3.5 62 63 13.17068210048719 0.2644519176743255
-3.75 -3.5 63 64 12.70179862886474 0.2210622778009143
-3.75 -3.5 64 65 12.25007789402683 0.181340503727582
-3.75 -3.5 65 66 11.81488037030502 0.1452656921346328
-3.75 -3.5 66 67 11.39520321101763 0.1142278794289134
-3.75 -3.5 67 68 10.98996232494082 0.08769772727614054
-3.75 -3.5 68 69 10.59730253988896 0.0649160858608607
-3.75 -3.5 69 70 10.21440787992536 0.04571044601818902
-3.75 -3.5 70 71 9.839118871550607 0.03015560930583875
-3.75 -3.5 71 72 9.470761267690314 0.01808713983113763
-3.75 -3.5 72 73 9.109221488939777 0.01260952906556313
-3.75 -3.5 73 74 8.754631901956692 0.01772064228664877
-3.75 -3.5 74 75 8.4072387204822 0.02199328880767331
-3.75 -3.5 75 76 8.067132779346016 0.02537313518448195
-3.75 -3.5 76 77 7.734496877742853 0.02801041997353233
-3.75 -3.5 77 78 7.409549450720764 0.02998194676947144
-3.75 -3.5 78 79 7.066308584995316 0.08779246786000533
-3.75 -3.5 79 80 6.756656076356677 0.05379045356556789
-3.75 -3.5 80 81 6.455611368249341 0.02886550408314413
-3.75 -3.5 81 82 6.175803966742455 0.04047440514086326
-3.75 -3.5 82 83 5.874068847687299 0.0760490908214899
-3.75 -3.5 83 84 5.568151878417735 0.02139646794899946
-3.75 -3.5 84 85 5.3503896116818 0.04525054631132281
-3.75 -3.5 85 86 5.092214653932356 0.05081564071287609
-3.75 -3.5 86 87 4.842526110311468 0.05396011943866968
-3.75 -3.5 87 88 4.60129870617967 0.05504434631197902
-3.75 -3.5 88 89 4.377318930780577 0.05361886963662601
-3.75 -3.5 89 90 4.158210042329886 0.02524607327098755
-3.75 -3.5 90 91 3.942292007221189 0.02130848177282166
-3.75 -3.5 91 92 3.730726788111777 0.02071686277959385
-3.75 -3.5 92 93 3.536954761102498 0.01657244888742845
-3.75 -3.5 93 94 3.32830419799919 0.03282426023123679
-3.75 -3.5 94 95 3.144146933762801 0.0280266125382339
-3.75 -3.5 95 96 2.967681150379395 0.02331345559985572
-3.75 -3.5 96 97 2.798759196370879 0.01882742944266774
-3.75 -3.5 97 98 2.637224265218225 0.01470178765007419
-3.75 -3.5 98 99 2.482911318094888 0.01108237072458526
-3.75 -3.5 99 100 2.321875623168079 0.004176383932549149
-3.5 -3.25 51 52 22.61311632866797 0.1422066031497283
-3.5 -3.25 52 53 21.84560908374942 0.1340174883941423
-3.5 -3.25 53 54 21.10389186716201 0.1257207861716331
-3.5 -3.25 54 55 20.38742310928434 0.1173681528740763
-3.5 -3.25 55 56 19.69554845819528 0.1091566524639875
-3.5 -3.25 56 57 19.02736919297908 0.1016314821533775
-3.5 -3.25 57 58 18.3464268163502 0.4697935247004275
-3.5 -3.25 58 59 17.75333619636699 0.5442982742002183
-3.5 -3.25 59 60 17.1525712571283 0.4662539680809496
-3.5 -3.25 60 61 16.5727402176343 0.397232249431549
-3.5 -3.25 61 62 16.01321321527619 0.3366172170944783
-3.5 -3.25 62 63 15.47334702910823 0.2837170566531113
-3.5 -3.25 63 64 14.95216710555202 0.2362794046311646
-3.5 -3.25 64 65 14.4487806910474 0.1924836292884792
-3.5 -3.25 65 66 13.96260668072378 0.1523929697970245
-3.5 -3.25 66 67 13.4926180405648 0.118050808324348
-3.5 -3.25 67 68 13.03768987714165 0.08882748901245067
-3.5 -3.25 68 69 12.59574752454051 0.06378641035067771
-3.5 -3.25 69 70 12.16355067209881 0.04285831362396222
-3.5 -3.25 70 71 11.73860302053763 0.03443756889473881
-3.5 -3.25 71 72 11.32017139765399 0.03128821190126473
-3.5 -3.25 72 73 10.9081823148743 0.03149522274462802
-3.5 -3.25 73 74 10.5028626320361 0.03291670319031228
-3.5 -3.25 74 75 10.10457326390397 0.03416441527172336
-3.5 -3.25 75 76 9.713483569439401 0.03513561912177156
-3.5 -3.25 76 77 9.329877440426966 0.03584835992144742
-3.5 -3.25 77 78 8.921929149500308 0.1740404482863734
-3.5 -3.25 78 79 8.55320714195339 0.1240044178793784
-3.5 -3.25 79 80 8.19333843607663 0.08343464002638021
-3.5 -3.25 80 81 7.860871035912812 0.1095520632664125
-3.5 -3.25 81 82 7.519626204299151 0.07743472698144399
-3.5 -3.25 82 83 7.187317783344252 0.05526242497998096
-3.5 -3.25 83 84 6.864076216732569 0.04275612107467536
-3.5 -3.25 84 85 6.525503561258189 0.092682843023149
-3.5 -3.25 85 86 6.247039080690916 0.06473495530746777
-3.5 -3.25 86 87 5.912598971065277 0.02203357990098626
-3.5 -3.25 87 88 5.606455634646885 0.01599858288636911
-3.5 -3.25 88 89 5.325297523934829 0.02124879577573368
-3.5 -3.25 89 90 5.066142101510575 0.01662469553461822
-3.5 -3.25 90 91 4.826020705908035 0.0123242633808693
-3.5 -3.25 91 92 4.601455537208311 0.03016183027908011
-3.5 -3.25 92 93 4.390269715332022 0.05732420609446963
-3.5 -3.25 93 94 4.140906411234488 0.02019818737015848
-3.5 -3.25 94 95 3.918929314241577 0.02026816182923508
-3.5 -3.25 95 96 3.705757531129644 0.02228247602095676
-3.5 -3.25 96 97 3.496859928743045 0.008888051682767094
-3.5 -3.25 97 98 3.301650637027807 0.0137853936132178
-3.5 -3.25 98 99 3.114714410949726 0.01879578639037358
-3.5 -3.25 99 100 2.935884012897846 0.02341969362615031
-3.25 -3 51 52 24.13840881067394 0.160525851193205
-3.25 -3 52 53 23.3727266946013 0.152866885252612
-3.25 -3 53 54 22.62943115796455 0.1449985937867432
-3.25 -3 54 55 21.90841035313714 0.1370024522526796
-3.25 -3 55 56 21.16300123665704 0.67076214326257
-3.25 -3 56 57 20.49005248114028 0.5835858743654373
-3.25 -3 57 58 19.86963924252197 0.6843664764554573
-3.25 -3 58 59 19.23418542082975 0.5895351349990805
-3.25 -3 59 60 18.61881676007069 0.5052354533835047
-3.25 -3 60 61 18.02311375300441 0.4307998594283579
-3.25 -3 61 62 17.44663147443576 0.3655617766345164
-3.25 -3 62 63 16.88889053960311 0.3087597115240404
-3.25 -3 63 64 16.349036101496 0.257707324074611
-3.25 -3 64 65 15.82628398480159 0.2102258432739985
-3.25 -3 65 66 15.32016882426304 0.1664483458424361
-3.25 -3 66 67 14.82971752511701 0.1290005026232208
-3.25 -3 67 68 14.35384814926569 0.09715333959296697
-3.25 -3 68 69 13.89039927708886 0.07381029968751499
-3.25 -3 69 70 13.435904147862 0.06330873804166845
-3.25 -3 70 71 12.98768278465487 0.05689322313534776
-3.25 -3 71 72 12.54499548771147 0.05365356918376034
-3.25 -3 72 73 12.10782185199049 0.05274009553635479
-3.25 -3 73 74 11.67647918090824 0.05266422448216568
-3.25 -3 74 75 11.25143041409896 0.05244611041244641
-3.25 -3 75 76 10.83292153118068 0.05206519644446105
-3.25 -3 76 77 10.42132890543071 0.05156682453536188
-3.25 -3 77 78 9.983188576777845 0.2275885771332531
-3.25 -3 78 79 9.585487166530246 0.1716145860967077
-3.25 -3 79 80 9.196324533682048 0.1258892298555098
-3.25 -3 80 81 8.815919211707765 0.08943552279294199
-3.25 -3 81 82 8.466419568310712 0.1252320631226067
-3.25 -3 82 83 8.104611226290615 0.0957248218633994
-3.25 -3 83 84 7.751876351324196 0.07448307690026881
-3.25 -3 84 85 7.408388547890965 0.06010213650389733
-3.25 -3 85 86 7.074291190650293 0.05092781608210504
-3.25 -3 86 87 6.749698459756114 0.04525878546419203
-3.25 -3 87 88 6.434696412226824 0.04178163061462944
-3.25 -3 88 89 6.129344087131811 0.03985969590509932
-3.25 -3 89 90 5.833674643764661 0.03947034639153132
-3.25 -3 90 91 5.547690389089851 0.04082819230918393
-3.25 -3 91 92 5.271352685256367 0.04384549999607101
-3.25 -3 92 93 5.004620612901183 0.04827726525532763
-3.25 -3 93 94 4.747438428887905 0.05376253038476377
-3.25 -3 94 95 4.492647020966118 0.03201848027268077
-3.25 -3 95 96 4.25550509434787 0.03856061852441885
-3.25 -3 96 97 4.027522961484618 0.04507867962475268
-3.25 -3 97 98 3.80857343080234 0.05136439920084648
-3.25 -3 98 99 3.60325773718065 0.009115257390203401
-3.25 -3 99 100 3.400790189079233 0.007932249870684445
-3 -2.75 51 52 24.59860646779848 0.1287639424691957
-3 -2.75 52 53 23.86802464383115 0.123073833432768
-3 -2.75 53 54 23.15539640238849 0.116791782345992
-3 -2.75 54 55 22.40590446386805 0.8124542450355262
-3 -2.75 55 56 21.73594758356295 0.7108521222042476
-3 -2.75 56 57 21.1216378052552 0.8480715284233831
-3 -2.75 57 58 20.48263577629821 0.734851492176555
-3 -2.75 58 59 19.86149094780414 0.6336232629514164
-3 -2.75 59 60 19.25807439159223 0.5436836002004397
-3 -2.75 60 61 18.67219860627141 0.4643262329840669
-3 -2.75 61 62 18.10362797459003 0.3948450494992779
-3 -2.75 62 63 17.55207199042221 0.3344224316345348
-3 -2.75 63 64 17.01683490086504 0.2799999650197481
-3 -2.75 64 65 16.49727738059106 0.2290864784908817
-3 -2.75 65 66 15.99307289404969 0.181868053463113
-3 -2.75 66 67 15.50334625691282 0.141472607754502
-3 -2.75 67 68 15.02710877233849 0.107079004465922
-3 -2.75 68 69 14.56220883004785 0.07737962726275105
-3 -2.75 69 70 14.10511002407704 0.05386436246568695
-3 -2.75 70 71 13.653071312687 0.04586564856297686
-3 -2.75 71 72 13.20538213301818 0.04221350959817701
-3 -2.75 72 73 12.76207712757541 0.04206737282929367
-3 -2.75 73 74 12.32355022840214 0.04321248854396091
-3 -2.75 74 75 11.8903449665556 0.04412950854302204
-3 -2.75 75 76 11.46277283529653 0.0447759421780291
-3 -2.75 76 77 11.04128490507282 0.04523326095163913
-3 -2.75 77 78 10.59284871621972 0.2746869001948549
-3 -2.75 78 79 10.18354363817565 0.2127600801500285
-3 -2.75 79 80 9.782156488393056 0.1618784557189303
-3 -2.75 80 81 9.412106139313657 0.2115180263425116
-3 -2.75 81 82 9.028374810442909 0.1672947301299272
-3 -2.75 82 83 8.653094363167785 0.13321758099134
-3 -2.75 83 84 8.28653128121956 0.1078747627581827
-3 -2.75 84 85 7.928917978550707 0.08985344525759507
-3 -2.75 85 86 7.580453806236104 0.07776805652620981
-3 -2.75 86 87 7.241306101962859 0.07037618638510945
-3 -2.75 87 88 6.911611280099912 0.06672556364508364
-3 -2.75 88 89 6.591475960574098 0.06620410322667442
-3 -2.75 89 90 6.280978135119867 0.06843548437139639
-3 -2.75 90 91 5.980161604674439 0.07300737438363887
-3 -2.75 91 92 5.689024727333836 0.07916186852965811
-3 -2.75 92 93 5.407562921103247 0.08640569542282092
-3 -2.75 93 94 5.126823666202569 0.055058923047854
-3 -2.75 94 95 4.866133619485517 0.06322147301594284
-3 -2.75 95 96 4.614867542589831 0.07133153387999426
-3 -2.75 96 97 4.372938443133128 0.07920394826177778
-3 -2.75 97 98 4.145567752232857 0.009571888605800102
-3 -2.75 98 99 3.920562107946063 0.008304004245384541
-3 -2.75 99 100 3.704699870222604 0.007243122790063567
-2.75 -2.5 51 52 24.3774649832896 0.1077469048154473
-2.75 -2.5 52 53 23.69640791806015 0.1035983817681455
-2.75 -2.5 53 54 23.02878413527577 0.0984592263460355
-2.75 -2.5 54 55 22.31698252153802 0.8690647839840802
-2.75 -2.5 55 56 21.73038332275677 1.046882198630606
-2.75 -2.5 56 57 21.10718105751708 0.9129776406778153
-2.75 -2.5 57 58 20.49880754961839 0.7925081732300076
-2.75 -2.5 58 59 19.90547426447642 0.6847493633394575
-2.75 -2.5 59 60 19.32729692024085 0.5889687255085626
-2.75 -2.5 60 61 18.76430978031105 0.5044294537227292
-2.75 -2.5 61 62 18.21647849487314 0.4303937779048259
-2.75 -2.5 62 63 17.6836956691059 0.3659977811812778
-2.75 -2.5 63 64 17.16542934513663 0.3078637668275038
-2.75 -2.5 64 65 16.66118961053226 0.2532302281794636
-2.75 -2.5 65 66 16.17078696651842 0.2023258271457035
-2.75 -2.5 66 67 15.6934584604362 0.1587100286006219
-2.75 -2.5 67 68 15.22832919692162 0.1214814630079422
-2.75 -2.5 68 69 14.77331623117446 0.08917074711725156
-2.75 -2.5 69 70 14.32492185539663 0.06160718294538897
-2.75 -2.5 70 71 13.88042866964724 0.04168594632084802
-2.75 -2.5 71 72 13.43917433266192 0.03584284566778437
-2.75 -2.5 72 73 13.00124275380966 0.03505646495396995
-2.75 -2.5 73 74 12.56708711124186 0.0366504463543263
-2.75 -2.5 74 75 12.13730875084192 0.03829188997717751
-2.75 -2.5 75 76 11.71226937953786 0.03969450674261714
-2.75 -2.5 76 77 11.29247454251779 0.04090039757083438
-2.75 -2.5 77 78 10.8467301135702 0.3149496989687037
-2.75 -2.5 78 79 10.43716686168641 0.2471951634064301
-2.75 -2.5 79 80 10.03485484546677 0.1913675430873914
-2.75 -2.5 80 81 9.664199929932757 0.2485503345596937
-2.75 -2.5 81 82 9.278623601948695 0.1996619456296408
-2.75 -2.5 82 83 8.900964629630934 0.1618151523144259
-2.75 -2.5 83 84 8.531534248247535 0.1335087898689586
-2.75 -2.5 84 85 8.170607929992464 0.1132828751191841
-2.75 -2.5 85 86 7.818426397656797 0.09975374600914728
-2.75 -2.5 86 87 7.475196681505089 0.09169996697772917
-2.75 -2.5 87 88 7.141093217716783 0.08814911776534927
-2.75 -2.5 88 89 6.816258986712345 0.08838693143262452
-2.75 -2.5 89 90 6.500806689902301 0.09187157898353554
-2.75 -2.5 90 91 6.194812971811821 0.09799633550371759
-2.75 -2.5 91 92 5.898306718201404 0.1057873270746195
-2.75 -2.5 92 93 5.611312957930275 0.1146765710246813
-2.75 -2.5 93 94 5.324510170636101 0.0754198671511634
-2.75 -2.5 94 95 5.05821499884493 0.08476392035033592
-2.75 -2.5 95 96 4.801251772154451 0.09403032462588007
-2.75 -2.5 96 97 4.559997003939943 0.01154332007354479
-2.75 -2.5 97 98 4.319780652005614 0.01015669956245213
-2.75 -2.5 98 99 4.08882798189061 0.009009855382876663
-2.75 -2.5 99 100 3.86701973989822 0.008097111011496757
-2.5 -2.25 51 52 23.69391862759028 0.09847173303094749
-2.5 -2.25 52 53 23.06697306415506 0.09535933314965082
-2.5 -2.25 53 54 22.44930256818196 0.08980952486553172
-2.5 -2.25 54 55 21.78067970730669 0.9262778998239406
-2.5 -2.25 55 56 21.24014255969138 1.11767043227519
-2.5 -2.25 56 57 20.6563867756899 0.9757723967353031
-2.5 -2.25 57 58 20.08454783622145 0.8480270344093518
-2.5 -2.25 58 59 19.52507468969144 0.7336854956597159
-2.5 -2.25 59 60 18.97829880280007 0.6319893053763755
-2.5 -2.25 60 61 18.44445065456084 0.5421742481534897
-2.5 -2.25 61 62 17.92367456953956 0.4634738607108779
-2.5 -2.25 62 63 17.41602645512923 0.394982202866681
-2.5 -2.25 63 64 16.92112492965859 0.3330371615973548
-2.5 -2.25 64 65 16.43861787741142 0.2746379556851919
-2.5 -2.25 65 66 15.9684398044495 0.2200538861841923
-2.5 -2.25 66 67 15.5099392542061 0.1732250272996753
-2.5 -2.25 67 68 15.06236073137927 0.1331885679747851
-2.5 -2.25 68 69 14.62372752511833 0.09835135160887401
-2.5 -2.25 69 70 14.19066226994013 0.0685448023057515
-2.5 -2.25 70 71 13.76053905677269 0.04407335067846849
-2.5 -2.25 71 72 13.33275904888233 0.02399475380506248
-2.5 -2.25 72 73 12.9074491735396 0.02355851120996177
-2.5 -2.25 73 74 12.48510485434358 0.02735193109912167
-2.5 -2.25 74 75 12.06636268209521 0.03098205978722916
-2.5 -2.25 75 76 11.65161806955367 0.03404317120568107
-2.5 -2.25 76 77 11.24141020332935 0.03667589574685384
-2.5 -2.25 77 78 10.83632443048239 0.03899726755067637
-2.5 -2.25 78 79 10.40015813831514 0.2808381037622072
-2.5 -2.25 79 80 10.00508316660561 0.2200360152007487
-2.5 -2.25 80 81 9.642191791843551 0.2761433506650209
-2.5 -2.25 81 82 9.262998741058325 0.2225540839172666
-2.5 -2.25 82 83 8.89120460581178 0.1809330147356363
-2.5 -2.25 83 84 8.527146376798385 0.1497149529770429
-2.5 -2.25 84 85 8.171124519588549 0.1273956263723779
-2.5 -2.25 85 86 7.823404009667339 0.1125570262463291
-2.5 -2.25 86 87 7.484215407500447 0.1039320677506759
-2.5 -2.25 87 88 7.153755972262598 0.1004711965910705
-2.5 -2.25 88 89 6.83219081298213 0.1013492911710139
-2.5 -2.25 89 90 6.519654075417243 0.1058991430026547
-2.5 -2.25 90 91 6.216242964905035 0.1133787380045136
-2.5 -2.25 91 92 5.922005640704821 0.1226487308118031
-2.5 -2.25 92 93 5.636986395479326 0.1330759749887023
-2.5 -2.25 93 94 5.351395815246903 0.09033495631846601
-2.5 -2.25 94 95 5.086702945483275 0.1005838954447245
-2.5 -2.25 95 96 4.831093405504511 0.1108604702227226
-2.5 -2.25 96 97 4.594080608589737 0.01160782992105708
-2.5 -2.25 97 98 4.354579423668437 0.00985218724113175
-2.5 -2.25 98 99 4.124147087114636 0.00832049986567974
-2.5 -2.25 99 100 3.902679879712849 0.007019408661577507
-2.25 -2 51 52 23.76677439861479 0.1043746553906374
-2.25 -2 52 53 23.15755620848043 0.1011929207985993
-2.25 -2 53 54 22.55544546738642 0.09541972987161192
-2.25 -2 54 55 21.8955120051078 1.013652816046128
-2.25 -2 55 56 21.36921383463766 1.208637839810013
-2.25 -2 56 57 20.79582043167875 1.058241981858302
-2.25 -2 57 58 20.23296666824129 0.9226951652155236
-2.25 -2 58 59 19.68124457013758 0.8012274656450026
-2.25 -2 59 60 19.14111372489248 0.6930576169268847
-2.25 -2 60 61 18.61291941063858 0.5973971209943486
-2.25 -2 61 62 18.09690890597813 0.513453968276427
-2.25 -2 62 63 17.59323059412333 0.4402838805093918
-2.25 -2 63 64 17.10158128705905 0.3739483135715873
-2.25 -2 64 65 16.62167967787015 0.3112077622959259
-2.25 -2 65 66 16.15352640594963 0.252358954334174
-2.25 -2 66 67 15.69651114490442 0.2017125312694626
-2.25 -2 67 68 15.2499209655153 0.1582312966729982
-2.25 -2 68 69 14.81177643574046 0.1201766481463499
-2.25 -2 69 70 14.37867271432951 0.08729417370442918
-2.25 -2 70 71 13.94797325665915 0.05979645807761663
-2.25 -2 71 72 13.51911175998096 0.03522650025132592
-2.25 -2 72 73 13.09225508976999 0.01475430106685017
-2.25 -2 73 74 12.66794233594749 0.007546737479123279
-2.25 -2 74 75 12.24684877733961 0.01104589877356506
-2.25 -2 75 76 11.82941453277154 0.01825113409025746
-2.25 -2 76 77 11.4162168107642 0.02471225458958487
-2.25 -2 77 78 11.00787237217173 0.03004917467787313
-2.25 -2 78 79 10.57905430583236 0.3429916771024259
-2.25 -2 79 80 10.2047290531379 0.3880405521984954
-2.25 -2 80 81 9.814163674442284 0.3145082322303358
-2.25 -2 81 82 9.430499825294682 0.2554826998658232
-2.25 -2 82 83 9.054134392156833 0.2092702235580399
-2.25 -2 83 84 8.685425344122926 0.174289999480291
-2.25 -2 84 85 8.324692776957107 0.1490740561994525
-2.25 -2 85 86 7.972219995690871 0.1322705832805519
-2.25 -2 86 87 7.628254636150924 0.1226500561481433
-2.25 -2 87 88 7.293009823999789 0.1191081287134888
-2.25 -2 88 89 6.966665370281394 0.1206584861941192
-2.25 -2 89 90 6.649369001496552 0.1264172270291309
-2.25 -2 90 91 6.341230170794276 0.1354168414044809
-2.25 -2 91 92 6.042307456558923 0.1462916163701296
-2.25 -2 92 93 5.752655309481518 0.1583259636832826
-2.25 -2 93 94 5.472308930472149 0.1710535583090204
-2.25 -2 94 95 5.191810500681346 0.136023135754243
-2.25 -2 95 96 4.937875717866106 0.009656641592529786
-2.25 -2 96 97 4.685082939103147 0.007085959448135632
-2.25 -2 97 98 4.44152816404632 0.004821999046212964
-2.25 -2 98 99 4.207132008656879 0.003239448170894802
-2.25 -2 99 100 3.981795958943446 0.002155375977831597
-2 -1.75 51 52 22.92363093057824 0.1062752804963317
-2 -1.75 52 53 22.37929685051148 0.1031339242664163
-2 -1.75 53 54 21.83733000182781 0.0972374709897708
-2 -1.75 54 55 21.23342095723183 1.044887643366447
-2 -1.75 55 56 20.7614210482441 1.260417459494128
-2 -1.75 56 57 20.23605669012778 1.102977261346596
-2 -1.75 57 58 19.71785560865081 0.961031032345848
-2 -1.75 58 59 19.20767478060611 0.8337885430209256
-2 -1.75 59 60 18.70621527172941 0.720446483372472
-2 -1.75 60 61 18.21404266023451 0.6201926653195736
-2 -1.75 61 62 17.73160542804405 0.532209808846978
-2 -1.75 62 63 17.25923754013776 0.4555170982840304
-2 -1.75 63 64 16.79683283647071 0.3859483997364519
-2 -1.75 64 65 16.34428924614602 0.3200765262127976
-2 -1.75 65 66 15.90174811997582 0.258237101732634
-2 -1.75 66 67 15.46874951209494 0.2050419380726883
-2 -1.75 67 68 15.04473721132656 0.159408709322085
-2 -1.75 68 69 14.62788155292814 0.1195102487300237
-2 -1.75 69 70 14.21491934455599 0.08514682949471583
-2 -1.75 70 71 13.80328431053111 0.05662546262869162
-2 -1.75 71 72 13.39244190407464 0.03174793873832001
-2 -1.75 72 73 12.98257623233343 0.01404914177226506
-2 -1.75 73 74 12.57425350275147 0.01808637077046596
-2 -1.75 74 75 12.16817865364807 0.02374922674121305
-2 -1.75 75 76 11.76480816240625 0.02852184322333255
-2 -1.75 76 77 11.36474659146194 0.03454171205219231
-2 -1.75 77 78 10.96864291303783 0.03972883134574985
-2 -1.75 78 79 10.53927557686654 0.3417427783406507
-2 -1.75 79 80 10.17575101322313 0.385453363164953
-2 -1.75 80 81 9.795347955002548 0.3068857758449398
-2 -1.75 81 82 9.42106804494037 0.2438585676320545
-2 -1.75 82 83 9.053339134942959 0.1945965063468914
-2 -1.75 83 84 8.69254993169934 0.157428378335419
-2 -1.75 84 85 8.339051022456587 0.1307745824120539
-2 -1.75 85 86 7.99315593484274 0.1131437089588993
-2 -1.75 86 87 7.65514223158776 0.1031546052673069
-2 -1.75 87 88 7.325252639502388 0.09958042784876975
-2 -1.75 88 89 7.003696212449764 0.1013745572792666
-2 -1.75 89 90 6.690649526278563 0.1076458333977933
-2 -1.75 90 91 6.386250883794904 0.1174255659758641
-2 -1.75 91 92 6.090588493935396 0.1293019390136594
-2 -1.75 92 93 5.803744585041319 0.1425237265787596
-2 -1.75 93 94 5.525781157181761 0.156591811138172
-2 -1.75 94 95 5.24733981948614 0.1165200993249325
-2 -1.75 95 96 4.989195366276761 0.1282442128972976
-2 -1.75 96 97 4.749171702489281 0.01091208168891069
-2 -1.75 97 98 4.506291664210185 0.008168823291832401
-2 -1.75 98 99 4.272279915347809 0.0056971700228245
-2 -1.75 99 100 4.047060764243495 0.003513066994194149
-1.75 -1.5 51 52 22.55213097755887 0.1045373524060935
-1.75 -1.5 52 53 22.00981651098579 0.1014994979580655
-1.75 -1.5 53 54 21.46968163236681 0.09558482943269291
-1.75 -1.5 54 55 20.93736791463104 1.505645670505685
-1.75 -1.5 55 56 20.40696211865145 1.325339389394394
-1.75 -1.5 56 57 19.88275200350796 1.160116408343862
-1.75 -1.5 57 58 19.36564787957963 1.011090410034727
-1.75 -1.5 58 59 18.85653179514114 0.8774469641061363
-1.75 -1.5 59 60 18.35612586369228 0.7583569108948457
-1.75 -1.5 60 61 17.86501322430027 0.6529807283091299
-1.75 -1.5 61 62 17.383656932197 0.5604724627558864
-1.75 -1.5 62 63 16.91240233130368 0.479811161687197
-1.75 -1.5 63 64 16.45113447549656 0.4065861427853962
-1.75 -1.5 64 65 15.99974470305638 0.3371644216890419
-1.75 -1.5 65 66 15.55838326048998 0.2719113869283702
-1.75 -1.5 66 67 15.12658622411463 0.2157419510387316
-1.75 -1.5 67 68 14.70381067599958 0.1675255944642167
-1.75 -1.5 68 69 14.2882539453076 0.1253340099325952
-1.75 -1.5 69 70 13.87674589048818 0.08897604724659436
-1.75 -1.5 70 71 13.46682252328242 0.05880429718617133
-1.75 -1.5 71 72 13.05800777085523 0.03258536977930932
-1.75 -1.5 72 73 12.65051206501575 0.0146874061889434
-1.75 -1.5 73 74 12.24491260619156 0.0160333558163713
-1.75 -1.5 74 75 11.84190894508843 0.02439458687223499
-1.75 -1.5 75 76 11.44196541068072 0.03200417684141264
-1.75 -1.5 76 77 11.04568173098598 0.03862364984614935
-1.75 -1.5 77 78 10.6148074736775 0.4295644668805688
-1.75 -1.5 78 79 10.22442367437665 0.3397753021729671
-1.75 -1.5 79 80 9.867761425523355 0.3869564543238009
-1.75 -1.5 80 81 9.492422956433586 0.3046959205638143
-1.75 -1.5 81 82 9.123488926843862 0.2388612954486528
-1.75 -1.5 82 83 8.761366396244881 0.1875930032887963
-1.75 -1.5 83 84 8.406422939243285 0.1491302735537435
-1.75 -1.5 84 85 8.058987793049283 0.1217899515499821
-1.75 -1.5 85 86 7.719353033504184 0.1039595455190032
-1.75 -1.5 86 87 7.387774780311013 0.09413800425354797
-1.75 -1.5 87 88 7.064474430543733 0.09102045308244688
-1.75 -1.5 88 89 6.749639919947654 0.09354446469628311
-1.75 -1.5 89 90 6.44342700961333 0.1008345207230607
-1.75 -1.5 90 91 6.145953764015804 0.1119121306456145
-1.75 -1.5 91 92 5.857289130539286 0.1252896779995616
-1.75 -1.5 92 93 5.57749597836245 0.1401590569130746
-1.75 -1.5 93 94 5.306617365771743 0.1559763184903282
-1.75 -1.5 94 95 5.044670846536501 0.172266383516369
-1.75 -1.5 95 96 4.782864509027057 0.1301295096003024
-1.75 -1.5 96 97 4.540710932923588 0.1431848335385154
-1.75 -1.5 97 98 4.316581937329637 0.01060669914545151
-1.75 -1.5 98 99 4.089514646531754 0.007908406983375572
-1.75 -1.5 99 100 3.871178200861364 0.00550482332638318
-1.5 -1.25 51 52 21.60253591504778 0.1120894863884594
-1.5 -1.25 52 53 21.10807569127027 0.1089453989746199
-1.5 -1.25 53 54 20.61262991942715 0.1027842102338645
-1.5 -1.25 54 55 20.11540960878727 1.6008012721174
-1.5 -1.25 55 56 19.62427455738276 1.412441154035033
-1.5 -1.25 56 57 19.13690299723902 1.239626776192747
-1.5 -1.25 57 58 18.65440176604289 1.083546926585667
-1.5 -1.25 58 59 18.17782654597428 0.9433768340039859
-1.5 -1.25 59 60 17.7080573293407 0.8182751053517422
-1.5 -1.25 60 61 17.24582092384605 0.707388264003706
-1.5 -1.25 61 62 16.79171124916934 0.6098548556642105
-1.5 -1.25 62 63 16.34619399933104 0.5246282714295507
-1.5 -1.25 63 64 15.90928020707976 0.4470932705834789
-1.5 -1.25 64 65 15.48097584858763 0.3734403965158754
-1.5 -1.25 65 66 15.06152188188672 0.3040575400269605
-1.5 -1.25 66 67 14.65054897941538 0.2441396274815374
-1.5 -1.25 67 68 14.24762016169873 0.1925011830800597
-1.5 -1.25 68 69 13.85105281668177 0.1471078045468658
-1.5 -1.25 69 70 13.45784018763791 0.1077056739569944
-1.5 -1.25 70 71 13.06563969909803 0.07459606244111942
-1.5 -1.25 71 72 12.67403029233296 0.04908901311890457
-1.5 -1.25 72 73 12.28324384242522 0.03915838826975376
-1.5 -1.25 73 74 11.89387231640481 0.03627872816975577
-1.5 -1.25 74 75 11.50662148417298 0.03692366565751939
-1.5 -1.25 75 76 11.12196123113709 0.038863377910347
-1.5 -1.25 76 77 10.74049711711696 0.04133941601446355
-1.5 -1.25 77 78 10.36286810299384 0.04388363155964764
-1.5 -1.25 78 79 9.980026590104821 0.5157317059542572
-1.5 -1.25 79 80 9.611456183842677 0.4077347600420901
-1.5 -1.25 80 81 9.248443945329491 0.3191517987551301
-1.5 -1.25 81 82 8.891440896631764 0.2479223149812954
-1.5 -1.25 82 83 8.540857499490933 0.192114509854685
-1.5 -1.25 83 84 8.197064840748475 0.149920407504654
-1.5 -1.25 84 85 7.860395836417446 0.1196435059210281
-1.5 -1.25 85 86 7.531146455510182 0.0996821510263773
-1.5 -1.25 86 87 7.209576964950813 0.08852719977769551
-1.5 -1.25 87 88 6.895913194694657 0.08479657514831404
-1.5 -1.25 88 89 6.590347823215701 0.08728336619190553
-1.5 -1.25 89 90 6.293041681174856 0.09495546587161829
-1.5 -1.25 90 91 6.004118173096998 0.1066991255523185
-1.5 -1.25 91 92 5.723651728637265 0.120900863894414
-1.5 -1.25 92 93 5.451711255808394 0.1367060258645828
-1.5 -1.25 93 94 5.188346258396738 0.153548689446016
-1.5 -1.25 94 95 4.933581062533914 0.1709349592716101
-1.5 -1.25 95 96 4.687416189133824 0.1884402543396837
-1.5 -1.25 96 97 4.442494181814297 0.1464775853197812
-1.5 -1.25 97 98 4.224637806693163 0.01632482094702435
-1.5 -1.25 98 99 4.003621908396578 0.014603847780133
-1.5 -1.25 99 100 3.791028039457188 0.01314970521350365
-1.25 -1 51 52 21.69707740481326 0.117873073723046
-1.25 -1 52 53 21.20783167823271 0.1146335215391374
-1.25 -1 53 54 20.71659227000831 0.1082575903143922
-1.25 -1 54 55 20.21977116675603 1.660674292566672
-1.25 -1 55 56 19.73122954293581 1.465904179540056
-1.25 -1 56 57 19.24578481177002 1.287162962124474
-1.25 -1 57 58 18.76462935609294 1.125699545436244
-1.25 -1 58 59 18.28889179038313 0.980670065886866
-1.25 -1 59 60 17.81951659945329 0.8512127405224212
-1.25 -1 60 61 17.35728762204911 0.7364525492108377
-1.25 -1 61 62 16.9028492332767 0.63550547256476
-1.25 -1 62 63 16.45671165009449 0.547293102015975
-1.25 -1 63 64 16.01891823058125 0.4670015343713417
-1.25 -1 64 65 15.58950435024269 0.3906529742850812
-1.25 -1 65 66 15.16874242437767 0.3186579500994505
-1.25 -1 66 67 14.75628157902848 0.2564606502563077
-1.25 -1 67 68 14.35170885557004 0.2028327133430022
-1.25 -1 68 69 13.95334600545824 0.1556552513332611
-1.25 -1 69 70 13.55818319467014 0.1146637572969429
-1.25 -1 70 71 13.16387431216444 0.08018000581184334
-1.25 -1 71 72 12.77001076954282 0.04914283432654473
-1.25 -1 72 73 12.37683816891952 0.03071604538711961
-1.25 -1 73 74 11.98496745110324 0.02482273109411521
-1.25 -1 74 75 11.59512217982881 0.02482653955773852
-1.25 -1 75 76 11.20778820944015 0.02730800973364179
-1.25 -1 76 77 10.82358763737756 0.0307217344029527
-1.25 -1 77 78 10.41567785209409 0.4533042062862224
-1.25 -1 78 79 10.06213422577859 0.5011497038209777
-1.25 -1 79 80 9.6906260508987 0.3902466477858607
-1.25 -1 80 81 9.324665511224453 0.299558661854434
-1.25 -1 81 82 8.964714900163955 0.2269818676569484
-1.25 -1 82 83 8.61119505466359 0.1705489081464577
-1.25 -1 83 84 8.26448656996709 0.1284107642023388
-1.25 -1 84 85 7.924931033351072 0.09878432964526881
-1.25 -1 85 86 7.592832278150084 0.07986791130770955
-1.25 -1 86 87 7.268457659169044 0.06982455657466598
-1.25 -1 87 88 6.952039349002632 0.06698954243213212
-1.25 -1 88 89 6.643775655206412 0.07014985246717109
-1.25 -1 89 90 6.343832355713985 0.07849690852856583
-1.25 -1 90 91 6.05233740509717 0.09112318354503283
-1.25 -1 91 92 5.769369895455853 0.106464036282871
-1.25 -1 92 93 5.49500202164619 0.1236202995915973
-1.25 -1 93 94 5.229285768190458 0.1419678274905473
-1.25 -1 94 95 4.972247425657965 0.1609597713448534
-1.25 -1 95 96 4.723888996186197 0.1801281801955182
-1.25 -1 96 97 4.475979628204627 0.135487476185508
-1.25 -1 97 98 4.246920249695879 0.1501290947710371
-1.25 -1 98 99 4.03172992054046 0.007943665594625038
-1.25 -1 99 100 3.817377974576306 0.006401680746411354
-1 -0.75 51 52 21.30645422775996 0.1234578648279443
-1 -0.75 52 53 20.82472886564705 0.1200858142230485
-1 -0.75 53 54 20.34050957646497 0.1134771556772148
-1 -0.75 54 55 19.8472344714929 1.712133151692996
-1 -0.75 55 56 19.36502339820896 1.511829077527963
-1 -0.75 56 57 18.88555786956005 1.32791985155363
-1 -0.75 57 58 18.41006887710552 1.161711123190982
-1 -0.75 58 59 17.93972168895218 1.01234783439491
-1 -0.75 59 60 17.47549314287699 0.8789557499162064
-1 -0.75 60 61 17.01819560987758 0.7606462263535838
-1 -0.75 61 62 16.56849862283315 0.6565205301208451
-1 -0.75 62 63 16.12693494095612 0.5654781627051151
-1 -0.75 63 64 15.69357194608975 0.4825563691006448
-1 -0.75 64 65 15.26846725357186 0.4036523158036104
-1 -0.75 65 66 14.8519097964698 0.3291975800593092
-1 -0.75 66 67 14.44356723115258 0.2648317632432721
-1 -0.75 67 68 14.04305656114376 0.2092940536819092
-1 -0.75 68 69 13.64874151564469 0.160399433003728
-1 -0.75 69 70 13.25769420780964 0.117885697164338
-1 -0.75 70 71 12.86763923649946 0.08209222843399558
-1 -0.75 71 72 12.47820029084529 0.04986462060570518
-1 -0.75 72 73 12.08963266935301 0.02278969280085908
-1 -0.75 73 74 11.70254900116991 0.01452922988270311
-1 -0.75 74 75 11.31766536767357 0.01707655180318244
-1 -0.75 75 76 10.93546547155826 0.02247730201528219
-1 -0.75 76 77 10.55656401601456 0.03128572508184988
-1 -0.75 77 78 10.15084138959804 0.4829379427020402
-1 -0.75 78 79 9.803823058778292 0.5238451455284787
-1 -0.75 79 80 9.438069404686459 0.4078630017130589
-1 -0.75 80 81 9.07798927312389 0.3127904092067932
-1 -0.75 81 82 8.724030452091228 0.2364480700987263
-1 -0.75 82 83 8.37659908801016 0.1767963711373841
-1 -0.75 83 84 8.036060999407646 0.1319289448246333
-1 -0.75 84 85 7.702743003916297 0.1000456632416659
-1 -0.75 85 86 7.376934259504324 0.07939611600586201
-1 -0.75 86 87 7.0588876210902 0.06823861636826344
-1 -0.75 87 88 6.748821011863718 0.06493883993897796
-1 -0.75 88 89 6.446918809088039 0.06817710481965977
-1 -0.75 89 90 6.153333241777219 0.07696627732693606
-1 -0.75 90 91 5.868179294583747 0.09023712974148766
-1 -0.75 91 92 5.591523974218617 0.1063015794783457
-1 -0.75 92 93 5.323427460514303 0.1242268918071267
-1 -0.75 93 94 5.063930149534922 0.1433799171717458
-1 -0.75 94 95 4.813047348575747 0.1632064950709141
-1 -0.75 95 96 4.570770707924087 0.1832305872300245
-1 -0.75 96 97 4.327847060981526 0.1410250517845414
-1 -0.75 97 98 4.104787369933582 0.1560481858827784
-1 -0.75 98 99 3.897242726045157 0.008908493233705444
-1 -0.75 99 100 3.688518331057484 0.006497780387135608
-0.75 -0.5 51 52 20.7793500962151 0.1248142436988808
-0.75 -0.5 52 53 20.31956919561517 0.1214759470353283
-0.75 -0.5 53 54 19.85592037664688 0.1148267615382014
-0.75 -0.5 54 55 19.38323852142682 1.761480749099013
-0.75 -0.5 55 56 18.9190843875123 1.556514939784032
-0.75 -0.5 56 57 18.45662373026488 1.368253711543685
-0.75 -0.5 57 58 17.99717386869327 1.198042370520769
-0.75 -0.5 58 59 17.54197617234996 1.045015801545919
-0.75 -0.5 59 60 17.09207640348927 0.9082887099201958
-0.75 -0.5 60 61 16.64834940706268 0.7869604821709777
-0.75 -0.5 61 62 16.21152140261276 0.6801195875607916
-0.75 -0.5 62 63 15.78217712856031 0.5866469541071518
-0.75 -0.5 63 64 15.36043840859915 0.5014601965190665
-0.75 -0.5 64 65 14.94641252658784 0.4203553863506593
-0.75 -0.5 65 66 14.54042772512271 0.3437786092751097
-0.75 -0.5 66 67 14.14219519074018 0.2775239619223127
-0.75 -0.5 67 68 13.75138387532071 0.2203030660641446
-0.75 -0.5 68 69 13.36642126287779 0.1698798225191818
-0.75 -0.5 69 70 12.9844718740048 0.1259848195607567
-0.75 -0.5 70 71 12.60332834804179 0.08897371329754122
-0.75 -0.5 71 72 12.22264238551172 0.05641671663550048
-0.75 -0.5 72 73 11.84267795742849 0.04205834688833002
-0.75 -0.5 73 74 11.46405195571553 0.03574778970439525
-0.75 -0.5 74 75 11.0874795151455 0.03467127823457416
-0.75 -0.5 75 76 10.71344566746572 0.03601907288088553
-0.75 -0.5 76 77 10.34256449864348 0.03855415178203642
-0.75 -0.5 77 78 9.947195126716238 0.5015142496998808
-0.75 -0.5 78 79 9.607582247744674 0.5363736468204496
-0.75 -0.5 79 80 9.249171369600148 0.416977807492893
-0.75 -0.5 80 81 8.896295507927263 0.3190260623668816
-0.75 -0.5 81 82 8.549398876939968 0.2402835115953504
-0.75 -0.5 82 83 8.208884188974572 0.1786570090016601
-0.75 -0.5 83 84 7.875114005692772 0.132193664028814
-0.75 -0.5 84 85 7.548412097971379 0.09906528232813093
-0.75 -0.5 85 86 7.229064815558274 0.07752673183874739
-0.75 -0.5 86 87 6.917322467877554 0.06586863225343284
-0.75 -0.5 87 88 6.613400715311705 0.06246482836473412
-0.75 -0.5 88 89 6.317481971319516 0.06593706905646006
-0.75 -0.5 89 90 6.02971681250304 0.07520089336642102
-0.75 -0.5 90 91 5.750218930419521 0.08909412603048547
-0.75 -0.5 91 92 5.479054472320669 0.1058477604256258
-0.75 -0.5 92 93 5.216282963455164 0.1245019178570634
-0.75 -0.5 93 94 4.961944437054978 0.144412192924697
-0.75 -0.5 94 95 4.716054166707977 0.1650149631566681
-0.75 -0.5 95 96 4.478604093598065 0.185825177417871
-0.75 -0.5 96 97 4.249564247347937 0.2064310697071884
-0.75 -0.5 97 98 4.021772041619144 0.1605041355491003
-0.75 -0.5 98 99 3.818598008407719 0.01313540036524548
-0.75 -0.5 99 100 3.61407545729552 0.01154244022412145
-0.5 -0.25 51 52 20.7048289220611 0.127072436976594
-0.5 -0.25 52 53 20.25158999157304 0.1233355414206069
-0.5 -0.25 53 54 19.79384388142759 0.1174947776401101
-0.5 -0.25 54 55 19.3273018476026 1.786617598072516
-0.5 -0.25 55 56 18.86795276443138 1.57879874697648
-0.5 -0.25 56 57 18.40983589362014 1.387888886246334
-0.5 -0.25 57 58 17.95431545456728 1.215261352051601
-0.5 -0.25 58 59 17.50267395574909 1.060043843127209
-0.5 -0.25 59 60 17.05599399938077 0.9213432479855979
-0.5 -0.25 60 61 16.61518344003989 0.7982505612693126
-0.5 -0.25 61 62 16.18099810232439 0.6898453370392977
-0.5 -0.25 62 63 15.75404945750114 0.5949955853098364
-0.5 -0.25 63 64 15.3344846299286 0.5085357128700136
-0.5 -0.25 64 65 14.92243383403948 0.4261914192623127
-0.5 -0.25 65 66 14.51824463732842 0.3484194582468182
-0.5 -0.25 66 67 14.12164456790798 0.2811225674765265
-0.5 -0.25 67 68 13.732321743773 0.2229938429467038
-0.5 -0.25 68 69 13.34871738401328 0.171759674728158
-0.5 -0.25 69 70 12.96801142475533 0.1271512455278389
-0.5 -0.25 70 71 12.58800797209925 0.08953344817592286
-0.5 -0.25 71 72 12.20836894650655 0.05888111539498374
-0.5 -0.25 72 73 11.82936551250967 0.04513132164582825
-0.5 -0.25 73 74 11.45162242633715 0.03932507963226283
-0.5 -0.25 74 75 11.07586104111417 0.03839191127321604
-0.5 -0.25 75 76 10.70257219543242 0.03966337100995205
-0.5 -0.25 76 77 10.33237577797644 0.0420348211651552
-0.5 -0.25 77 78 9.936084341604712 0.5062774927248581
-0.5 -0.25 78 79 9.597691065567645 0.5416624260831832
-0.5 -0.25 79 80 9.239847228878816 0.4201895063746741
-0.5 -0.25 80 81 8.887496112897466 0.3205265131493122
-0.5 -0.25 81 82 8.541085499281117 0.2404087711209597
-0.5 -0.25 82 83 8.201021396262611 0.1777160214613798
-0.5 -0.25 83 84 7.867669405873087 0.1304714746318296
-0.5 -0.25 84 85 7.541356099170741 0.09682488565549861
-0.5 -0.25 85 86 7.222370400379717 0.07500282545114624
-0.5 -0.25 86 87 6.910964981671761 0.0632459917297135
-0.5 -0.25 87 88 6.607357667787753 0.05986213823093615
-0.5 -0.25 88 89 6.311732850892938 0.06343734815448861
-0.5 -0.25 89 90 6.024242912769921 0.07289739484997672
-0.5 -0.25 90 91 5.745003242992198 0.08709106416819784
-0.5 -0.25 91 92 5.474081696070009 0.1042282680333889
-0.5 -0.25 92 93 5.211539198836057 0.1233287216289978
-0.5 -0.25 93 94 4.957417001553999 0.1437315957789511
-0.5 -0.25 94 95 4.711731474826419 0.1648589934859647
-0.5 -0.25 95 96 4.47447554611249 0.1862138137448983
-0.5 -0.25 96 97 4.245620129656906 0.2073741517705519
-0.5 -0.25 97 98 4.017637996325739 0.1609722482719982
-0.5 -0.25 98 99 3.815377803993449 0.01419316500424742
-0.5 -0.25 99 100 3.610998136041665 0.01249451106113856
-0.25 0 51 52 20.79317059030589 0.127186274398875
-0.25 0 52 53 20.33589776029626 0.1237954262679157
-0.25 0 53 54 19.87420577476308 0.1170154917301858
-0.25 0 54 55 19.40313339703641 1.79971554342764
-0.25 0 55 56 18.94004919982652 1.590479421045324
-0.25 0 56 57 18.47829893546412 1.398251741038139
-0.25 0 57 58 18.01924879842247 1.224420976214908
-0.25 0 58 59 17.56418306530531 1.068111347228799
-0.25 0 59 60 17.11418534023124 0.9284259615195878
-0.25 0 60 61 16.67016382850062 0.8044517534944228
-0.25 0 61 62 16.23287415958845 0.6952639592877418
-0.25 0 62 63 15.80292708788514 0.5997241649584899
-0.25 0 63 64 15.38046638498551 0.5126230173860565
-0.25 0 64 65 14.96561927411776 0.4296494035938296
-0.25 0 65 66 14.55873213589066 0.3512660890875505
-0.25 0 66 67 14.15952823686732 0.2834320700576113
-0.25 0 67 68 13.76769323970663 0.2248314112777735
-0.25 0 68 69 13.38166194504178 0.1731723770102107
-0.25 0 69 70 12.99860769003148 0.1281854839018827
-0.25 0 70 71 12.61633037120977 0.09024163491922085
-0.25 0 71 72 12.23449252936257 0.05904264239440044
-0.25 0 72 73 11.85336622993465 0.04507525559267527
-0.25 0 73 74 11.47357828804334 0.03918236577152526
-0.25 0 74 75 11.09585171587493 0.03827774176421626
-0.25 0 75 76 10.72067846043069 0.03962814570501592
-0.25 0 76 77 10.34867957620678 0.04209475514466402
-0.25 0 77 78 9.950502318324737 0.5063361877696689
-0.25 0 78 79 9.611034097718417 0.5418970459761878
-0.25 0 79 80 9.251623513613737 0.4194590548856372
-0.25 0 80 81 8.89778920018972 0.3190162614776987
-0.25 0 81 82 8.54997834191817 0.2382906768604602
-0.25 0 82 83 8.208596045446598 0.1751509760200904
-0.25 0 83 84 7.874006731706423 0.1276121621383318
-0.25 0 84 85 7.546535535700748 0.09381702154574012
-0.25 0 85 86 7.226469714831879 0.07197654226162835
-0.25 0 86 87 6.914060067409913 0.06028797776097255
-0.25 0 87 88 6.609522360465519 0.0569947938131003
-0.25 0 88 89 6.313038767150189 0.06065718758935421
-0.25 0 89 90 6.024759310710891 0.07023050587074144
-0.25 0 90 91 5.744796940275556 0.08459329488369034
-0.25 0 91 92 5.473217078812667 0.1019532173916705
-0.25 0 92 93 5.210078030947457 0.121317269939435
-0.25 0 93 94 4.95541832707535 0.1420129804485916
-0.25 0 94 95 4.709251574312301 0.1634528061302233
-0.25 0 95 96 4.471567909428483 0.1851319338220634
-0.25 0 96 97 4.242335444063254 0.2066222675852036
-0.25 0 97 98 4.013615532092725 0.1601896928259023
-0.25 0 98 99 3.811259966668718 0.01468168330785961
-0.25 0 99 100 3.606644706201013 0.01298348523270543
0 0.25 51 52 20.79804321256225 0.1271873914507737
0 0.25 52 53 20.34047006756657 0.1237964678241049
0 0.25 53 54 19.8784977791035 0.117016429142109
0 0.25 54 55 19.40716257814236 1.799727918526307
0 0.25 55 56 18.94383406662274 1.590489737355585
0 0.25 56 57 18.48185540013651 1.398260242907482
0 0.25 57 58 18.02259162005046 1.224427907696108
0 0.25 58 59 17.56732596234289 1.068116930943885
0 0.25 59 60 17.11714106735428 0.9284303996625398
0 0.25 60 61 16.672944248043 0.8044552288520136
0 0.25 61 62 16.23549030777582 0.6952666362745012
0 0.25 62 63 15.80538923372151 0.5997261888797925
0 0.25 63 64 15.38278403699192 0.512624480404275
0 0.25 64 65 14.96780124791857 0.4296503562779769
0 0.25 65 66 14.56078665097499 0.3512665827965513
0 0.25 66 67 14.16146290053447 0.2834322013458327
0 0.25 67 68 13.76951506756674 0.2248312612129766
0 0.25 68 69 13.38337728625014 0.1731720050269832
0 0.25 69 70 13.00022211806085 0.1281849428616029
0 0.25 70 71 12.61784884762326 0.09024097838593771
0 0.25 71 72 12.23591967589331 0.05904193645778703
0 0.25 72 73 11.85470643907477 0.04507477978426062
0 0.25 73 74 11.4748357713046 0.03918225745824194
0 0.25 74 75 11.09703053178754 0.03827794146776579
0 0.25 75 76 10.72178250033409 0.03962854790492919
0 0.25 76 77 10.34971258533075 0.04209527224067409
0 0.25 77 78 9.951467057936881 0.5063243794204976
0 0.25 78 79 9.611934969759815 0.5418884855369058
0 0.25 79 80 9.252463869295312 0.4194507542834356
0 0.25 80 81 8.89857226311635 0.3190083456876429
0 0.25 81 82 8.550707210919981 0.238283261979819
0 0.25 82 83 8.209273697431172 0.1751441750648147
0 0.25 83 84 7.874636024469623 0.1276060878664982
0 0.25 84 85 7.547119210652404 0.09381177450939986
0 0.25 85 86 7.227010399753958 0.07197216036205734
0 0.25 86 87 6.91456027915131 0.06028434935704192
0 0.25 87 88 6.609984507635723 0.05699165157100219
0 0.25 88 89 6.313465152825501 0.06065427891184771
0 0.25 89 90 6.02515213509885 0.07022773933282028
0 0.25 90 91 5.745158302974176 0.08459070664195159
0 0.25 91 92 5.473548980467612 0.101950875723546
0 0.25 92 93 5.210382377222004 0.1213152214381458
0 0.25 93 94 4.955696931718471 0.1420112476720166
0 0.25 94 95 4.709506161788365 0.1634513940924322
0 0.25 95 96 4.471800117542529 0.1851308358853795
0 0.25 96 97 4.242546826614479 0.2066214696794063
0 0.25 97 98 4.013807561509203 0.1601889590586826
0 0.25 98 99 3.811433912699432 0.01468161497560254
0 0.25 99 100 3.60680200941459 0.01298342859657556
0.25 0.5 51 52 20.71921392330253 0.1270753980890521
0.25 0.5 52 53 20.2650906733582 0.1233383210876799
0.25 0.5 53 54 19.80651901305407 0.117497260868403
0.25 0.5 54 55 19.33920307339392 1.786648412544987
0.25 0.5 55 56 18.87913415327566 1.578823758404529
0.25 0.5 56 57 18.42034422562188 1.387908807386171
0.25 0.5 57 58 17.96419413137377 1.215276894371075
0.25 0.5 58 59 17.51196332820544 1.060055654897453
0.25 0.5 59 60 17.06473159146012 0.921351917267025
0.25 0.5 60 61 16.62340415717571 0.7982566189514422
0.25 0.5 61 62 16.18873442488601 0.6898492598999909
0.25 0.5 62 63 15.76133161278571 0.5949977938390608
0.25 0.5 63 64 15.34134061140915 0.5085364715347411
0.25 0.5 64 65 14.92888959914168 0.4261908701280901
0.25 0.5 65 66 14.52432439079578 0.3484177458657825
0.25 0.5 66 67 14.12737071228544 0.2811199706706909
0.25 0.5 67 68 13.73771493796482 0.222990595027102
0.25 0.5 68 69 13.35379631918333 0.1717559435180113
0.25 0.5 69 70 12.97279250013945 0.1271471835385304
0.25 0.5 70 71 12.59250578254007 0.08952920848086943
0.25 0.5 71 72 12.21259708867879 0.05887702410093075
0.25 0.5 72 73 11.83333691166486 0.04512876191835378
0.25 0.5 73 74 11.45534947789861 0.03932453605375975
0.25 0.5 74 75 11.07935569264751 0.03839296080858953
0.25 0.5 75 76 10.70584590479638 0.03966545437369071
0.25 0.5 76 77 10.33543957500356 0.04203749467704384
0.25 0.5 77 78 9.938944445781701 0.5062428687570728
0.25 0.5 78 79 9.600362496178931 0.5416373158319384
0.25 0.5 79 80 9.242339853027872 0.420165189163977
0.25 0.5 80 81 8.889819423526333 0.3205033450896035
0.25 0.5 81 82 8.54324862358154 0.2403870779484036
0.25 0.5 82 83 8.203033103848583 0.1776961126140739
0.25 0.5 83 84 7.869538116924794 0.1304536475909231
0.25 0.5 84 85 7.543089892401973 0.09680939093445264
0.25 0.5 85 86 7.22397702106435 0.07498973939137871
0.25 0.5 86 87 6.912451849452196 0.06323501665211695
0.25 0.5 87 88 6.608731884574475 0.05985260799895544
0.25 0.5 88 89 6.313001208644771 0.06342863779517602
0.25 0.5 89 90 6.025411901291079 0.07288926503165499
0.25 0.5 90 91 5.74607905653744 0.08708358654310602
0.25 0.5 91 92 5.47507023805904 0.104221597797758
0.25 0.5 92 93 5.212446093525472 0.1233229639758586
0.25 0.5 93 94 4.958247602964857 0.1437267970889274
0.25 0.5 94 95 4.712490874435378 0.1648551559974276
0.25 0.5 95 96 4.47516858056041 0.1862109098453589
0.25 0.5 96 97 4.246251388444545 0.2073721346315177
0.25 0.5 97 98 4.018211829545898 0.1609705643123329
0.25 0.5 98 99 3.815898235924628 0.01419311240528982
0.25 0.5 99 100 3.611469120344534 0.01249445177316207
0.5 0.75 51 52 20.80225920288399 0.1248184921849707
0.5 0.75 52 53 20.34107575952817 0.121479958422647
0.5 0.75 53 54 19.87611716763919 0.1148303868206958
0.5 0.75 54 55 19.40220751747972 1.761529834796218
0.5 0.75 55 56 18.93691056635581 1.556554696369191
0.5 0.75 56 57 18.4733810537806 1.368285293456165
0.5 0.75 57 58 18.01293098722829 1.198066928725829
0.5 0.75 58 59 17.55679693805922 1.045034384486951
0.5 0.75 59 60 17.10602021912007 0.9083022683306815
0.5 0.75 60 61 16.66147155092654 0.7869698740109524
0.5 0.75 61 62 16.22387333085004 0.6801255829721697
0.5 0.75 62 63 15.79380674388327 0.5866502320125863
0.5 0.75 63 64 15.37139008535024 0.5014611847084887
0.5 0.75 64 65 14.95672742210192 0.4203543151432757
0.5 0.75 65 66 14.55014422870396 0.3437757115582896
0.5 0.75 66 67 14.1513488415119 0.2775196841973477
0.5 0.75 67 68 13.76000745283794 0.2202977812100965
0.5 0.75 68 69 13.37454442656116 0.1698737973545945
0.5 0.75 69 70 12.99212064034406 0.125978294426178
0.5 0.75 70 71 12.61052586334615 0.08896692692244591
0.5 0.75 71 72 12.22941021197865 0.05640988715232834
0.5 0.75 72 73 11.84903659472617 0.04205384323026693
0.5 0.75 73 74 11.47002106740051 0.03574658162401166
0.5 0.75 74 75 11.09307805967738 0.0346727775761896
0.5 0.75 75 76 10.71869182975992 0.0360223097645499
0.5 0.75 76 77 10.34747578875111 0.03855833323328921
0.5 0.75 77 78 9.951781733786603 0.5014521235167541
0.5 0.75 78 79 9.611867745047022 0.5363287439502604
0.5 0.75 79 80 9.253171430400982 0.4169344818434483
0.5 0.75 80 81 8.90002521521955 0.3189848756877086
0.5 0.75 81 82 8.552872736386917 0.2402449755598965
0.5 0.75 82 83 8.212116141638006 0.1786216056818068
0.5 0.75 83 84 7.878117440609593 0.1321618481942431
0.5 0.75 84 85 7.551199864653455 0.09903742022097686
0.5 0.75 85 86 7.231649236363737 0.07750290458635588
0.5 0.75 86 87 6.919715350247557 0.06584835178336686
0.5 0.75 87 88 6.615613364038936 0.06244706897790188
0.5 0.75 88 89 6.319525200703957 0.06592086635889026
0.5 0.75 89 90 6.031600958506715 0.07518584538084012
0.5 0.75 90 91 5.751953861007522 0.08908030126099313
0.5 0.75 91 92 5.480649594581116 0.1058353706004062
0.5 0.75 92 93 5.217747242138991 0.1244911102486368
0.5 0.75 93 94 4.963286408532667 0.144403029610108
0.5 0.75 94 95 4.717281951053717 0.1650074397426164
0.5 0.75 95 96 4.479725406657124 0.185819243439081
0.5 0.75 96 97 4.250586412833659 0.206426644657167
0.5 0.75 97 98 4.022702003233004 0.160499880744063
0.5 0.75 98 99 3.819441844160966 0.01313512607379503
0.5 0.75 99 100 3.614839844903752 0.01154220187476479
0.75 1 51 52 21.33668846471051 0.1234620355588791
0.75 1 52 53 20.8531086395657 0.1200897628666639
0.75 1 53 54 20.36715777866794 0.1134806793863416
0.75 1 54 55 19.87226132123243 1.712206427826057
0.75 1 55 56 19.38853966442633 1.511889403632425
0.75 1 56 57 18.90766147831542 1.327968797830939
0.75 1 57 58 18.43085070821905 1.161750253263659
0.75 1 58 59 17.95926625880139 1.012378573817722
0.75 1 59 60 17.49387906828727 0.8789793925321414
0.75 1 60 61 17.03549604017664 0.7606639408371686
0.75 1 61 62 16.5847816415282 0.6565333664929976
0.75 1 62 63 16.14226392272641 0.5654870479383959
0.75 1 63 64 15.70800559101625 0.4825618968541203
0.75 1 64 65 15.28206000050513 0.4036548188443028
0.75 1 65 66 14.86471241836345 0.3291973941377884
0.75 1 66 67 14.45562672887117 0.2648295020090181
0.75 1 67 68 14.05441628482558 0.2092902327603047
0.75 1 68 69 13.65944069177168 0.1603944319733699
0.75 1 69 70 13.26776725209457 0.1178798609204994
0.75 1 70 71 12.87711677320145 0.0820859088616306
0.75 1 71 72 12.48711084785708 0.04985805447778624
0.75 1 72 73 12.0980033660809 0.0227833842671296
0.75 1 73 74 11.71040584719564 0.01452919819583708
0.75 1 74 75 11.32503343581143 0.01708175527817524
0.75 1 75 76 10.94236880837865 0.02248396783709753
0.75 1 76 77 10.56302577204046 0.03129182240668635
0.75 1 77 78 10.15687689871409 0.4828573777338779
0.75 1 78 79 9.809461471567985 0.5237876597908957
0.75 1 79 80 9.443331443785937 0.4078076038098822
0.75 1 80 81 9.082894876979516 0.3127379047153733
0.75 1 81 82 8.728598792434397 0.2363992048006551
0.75 1 82 83 8.380848587025909 0.1767518541063842
0.75 1 83 84 8.040009346735751 0.1318894331593837
0.75 1 84 85 7.706407173433107 0.1000116342063624
0.75 1 85 86 7.3803305259665 0.0793675403104417
0.75 1 86 87 7.062031576649424 0.06821458386457159
0.75 1 87 88 6.751727582443287 0.06491774229556692
0.75 1 88 89 6.449602270761922 0.06815755389592031
0.75 1 89 90 6.15580723701612 0.07694776007316856
0.75 1 90 91 5.870456846122373 0.09021982912270816
0.75 1 91 92 5.593617494753488 0.1062858870053612
0.75 1 92 93 5.325348777273724 0.1242130919161365
0.75 1 93 94 5.065690522939647 0.1433681558798005
0.75 1 94 95 4.814657488277188 0.1631968104196045
0.75 1 95 96 4.572240788933154 0.1832229421810875
0.75 1 96 97 4.329186739803852 0.1410168565256718
0.75 1 97 98 4.10600580067079 0.1560426921401921
0.75 1 98 99 3.898347623505241 0.008907717651131903
0.75 1 99 100 3.689518823218648 0.006497008339963344
1 1.25 51 52 21.7333609311583 0.1178824563418883
1 1.25 52 53 21.24187568382067 0.1146423615910538
1 1.25 53 54 20.74854613060435 0.108265656272314
1 1.25 54 55 20.24976386197508 1.660758584564135
1 1.25 55 56 19.75940075587965 1.465973057488993
1 1.25 56 57 19.27225331311445 1.287218300723717
1 1.25 57 58 18.78950530416711 1.125743214526791
1 1.25 58 59 18.31227757310185 0.9807037700715507
1 1.25 59 60 17.84150740781328 0.8512380268454083
1 1.25 60 61 17.37797198310625 0.7364708149349595
1 1.25 61 62 16.92230950483508 0.6355179730502097
1 1.25 62 63 16.47502446013749 0.5473009453518313
1 1.25 63 64 16.036154528889 0.467005429119673
1 1.25 64 65 15.60572991312557 0.3906533162972793
1 1.25 65 66 15.18401857578405 0.3186551390803326
1 1.25 66 67 14.77066507106298 0.2564554190228959
1 1.25 67 68 14.36525202105065 0.2028256768806681
1 1.25 68 69 13.96609620092958 0.1556468583103844
1 1.25 69 70 13.57018199188938 0.1146544142857709
1 1.25 70 71 13.17515872570728 0.08017011814139427
1 1.25 71 72 12.78061528297354 0.04913264125798233
1 1.25 72 73 12.38679555674261 0.03070847523504093
1 1.25 73 74 11.99430913538328 0.02482150930235378
1 1.25 74 75 11.60387843696576 0.02483060956355354
1 1.25 75 76 11.21598806680183 0.02731497841064444
1 1.25 76 77 10.83125902872854 0.03072994389391167
1 1.25 77 78 10.42283710228126 0.4532141872445039
1 1.25 78 79 10.0688187440411 0.5010867313710178
1 1.25 79 80 9.696860806065828 0.3901861612954193
1 1.25 80 81 9.330474516066488 0.2995017216756241
1 1.25 81 82 8.97012123335913 0.2269294822649001
1 1.25 82 83 8.616220882428429 0.1705020520009201
1 1.25 83 84 8.269153167370447 0.1283703167897681
1 1.25 84 85 7.929258805357506 0.09875081913879596
1 1.25 85 86 7.596840780409735 0.07984099657456412
1 1.25 86 87 7.272165618636372 0.06980262355554034
1 1.25 87 88 6.955464684403225 0.0669702200220855
1 1.25 88 89 6.64693549732845 0.07013131488853978
1 1.25 89 90 6.346743067670637 0.07847860817535127
1 1.25 90 91 6.055014599652452 0.09110552292315018
1 1.25 91 92 5.771828447483607 0.1064476911466711
1 1.25 92 93 5.497256097956789 0.1236057747071827
1 1.25 93 94 5.231348850389885 0.1419554148165466
1 1.25 94 95 4.974132329992592 0.1609495976682667
1 1.25 95 96 4.725607893358873 0.180120257519646
1 1.25 96 97 4.477544063188912 0.1354790487191425
1 1.25 97 98 4.248341161544381 0.150123792510281
1 1.25 98 99 4.033017109214775 0.00794328287280604
1 1.25 99 100 3.81854170638168 0.006401334331480302
1.25 1.5 51 52 21.64301490118586 0.1121009956141602
1.25 1.5 52 53 21.14606131457973 0.1089563220252818
1.25 1.5 53 54 20.64828805436147 0.102794277305611
1.25 1.5 54 55 20.14888181728779 1.600899817651689
1.25 1.5 55 56 19.65571782186655 1.412521996732791
1.25 1.5 56 57 19.16644936512887 1.239692082518994
1.25 1.5 57 58 18.68217374539017 1.083598849924838
1.25 1.5 58 59 18.2039380326726 0.9434173366715605
1.25 1.5 59 60 17.73261423771677 0.8183059674954875
1.25 1.5 60 61 17.26892177373068 0.7074110926960082
1.25 1.5 61 62 16.81344771146257 0.6098710939861848
1.25 1.5 62 63 16.36665138078808 0.5246391926769957
1.25 1.5 63 64 15.92853749820225 0.447099694801338
1.25 1.5 64 65 15.49910628402245 0.3734427897374213
1.25 1.5 65 66 15.07859374692704 0.3040563718490546
1.25 1.5 66 67 14.66662547133502 0.2441357378815971
1.25 1.5 67 68 14.26275955787305 0.1924952808085606
1.25 1.5 68 69 13.86530785063911 0.1471004180058742
1.25 1.5 69 70 13.47125714360446 0.1076972929126845
1.25 1.5 70 71 13.07825978063191 0.07458719813826485
1.25 1.5 71 72 12.68589188429509 0.0490808692261357
1.25 1.5 72 73 12.29438342838841 0.03915440254151784
1.25 1.5 73 74 11.90432487695078 0.03627946147481682
1.25 1.5 74 75 11.5164207278978 0.03692750777868269
1.25 1.5 75 76 11.13113947870113 0.03886894534430881
1.25 1.5 76 77 10.74908547450804 0.04134580938991403
1.25 1.5 77 78 10.37089656459734 0.04389025544255973
1.25 1.5 78 79 9.987515402304766 0.5156423378255962
1.25 1.5 79 80 9.61844274164244 0.4076487853270713
1.25 1.5 80 81 9.254954996155519 0.3190701932517348
1.25 1.5 81 82 8.897502149776344 0.2478459247481584
1.25 1.5 82 83 8.546493650097752 0.1920440541915958
1.25 1.5 83 84 8.202299593488256 0.1498564394672502
1.25 1.5 84 85 7.865251928816612 0.1195862984377031
1.25 1.5 85 86 7.535645681098536 0.09963151645700244
1.25 1.5 86 87 7.213740196044732 0.08848238727988518
1.25 1.5 87 88 6.899760405133122 0.08475648197604041
1.25 1.5 88 89 6.593898110894862 0.08724701917916219
1.25 1.5 89 90 6.296313290444729 0.09492235022423344
1.25 1.5 90 91 6.007128514094234 0.106669144775064
1.25 1.5 91 92 5.726417391266331 0.1208741044884602
1.25 1.5 92 93 5.454248042560447 0.1366825523270152
1.25 1.5 93 94 5.190669209633786 0.1535284960532595
1.25 1.5 94 95 4.935704478460568 0.1709179714682771
1.25 1.5 95 96 4.689353651778536 0.1884263427498495
1.25 1.5 96 97 4.444258576987568 0.146462131573981
1.25 1.5 97 98 4.226239590962894 0.01632382135564624
1.25 1.5 98 99 4.005074341809298 0.01460296334665767
1.25 1.5 99 100 3.792342083937843 0.01314898392882972
1.5 1.75 51 52 22.59426738687216 0.1045507436370585
1.5 1.75 52 53 22.04935179503062 0.1015122476096196
1.5 1.75 53 54 21.50678911050841 0.09559663568326866
1.5 1.75 54 55 20.97219298571846 1.505753872632074
1.5 1.75 55 56 20.43967138195126 1.325428900884302
1.5 1.75 56 57 19.91348337428013 1.16018947714831
1.5 1.75 57 58 19.39452929473083 1.011149277864393
1.5 1.75 58 59 18.88368218771427 0.8774936768391179
1.5 1.75 59 60 18.38165582322873 0.7583933270966496
1.5 1.75 60 61 17.88902561130922 0.6530085279174104
1.5 1.75 61 62 17.40624744911325 0.5604931557954074
1.5 1.75 62 63 16.93366002987521 0.4798260817738585
1.5 1.75 63 64 16.47114181076111 0.4065961590910751
1.5 1.75 64 65 16.01857811906572 0.3371700474325082
1.5 1.75 65 66 15.57611403023552 0.2719131491351151
1.5 1.75 66 67 15.14328030672067 0.2157407571422851
1.5 1.75 67 68 14.7195288939436 0.1675222256117473
1.5 1.75 68 69 14.30305133913997 0.1253290917638448
1.5 1.75 69 70 13.89067078470212 0.08897022316940958
1.5 1.75 70 71 13.4799179530381 0.05879836742491602
1.5 1.75 71 72 13.07031383074559 0.03258083045104086
1.5 1.75 72 73 12.66206686098184 0.01469048243463785
1.5 1.75 73 74 12.25575266854972 0.01604497142632355
1.5 1.75 74 75 11.85206946835982 0.02440555080982597
1.5 1.75 75 76 11.45148013363631 0.03201398201823864
1.5 1.75 76 77 11.05458311734334 0.03863241413755163
1.5 1.75 77 78 10.62311792331823 0.4294492421497262
1.5 1.75 78 79 10.23218306233769 0.3396610895965161
1.5 1.75 79 80 9.874998768694162 0.3868799525148764
1.5 1.75 80 81 9.499166156234978 0.3046236839695693
1.5 1.75 81 82 9.129764795218584 0.2387943542363643
1.5 1.75 82 83 8.767200681284216 0.1875321906342578
1.5 1.75 83 84 8.41184035038259 0.1490761141355071
1.5 1.75 84 85 8.064012025960558 0.121742464591124
1.5 1.75 85 86 7.724006794662529 0.103918056135566
1.5 1.75 86 87 7.392079811306125 0.09410120668019555
1.5 1.75 87 88 7.0684515322314 0.09098688425862915
1.5 1.75 88 89 6.753308976339241 0.09351310698490524
1.5 1.75 89 90 6.44680701172167 0.1008050496886934
1.5 1.75 90 91 6.1490628303793 0.1118847372121166
1.5 1.75 91 92 5.86014452231743 0.1252647348257389
1.5 1.75 92 93 5.580114133775687 0.1401368551153112
1.5 1.75 93 94 5.309013926742178 0.155957018654505
1.5 1.75 94 95 5.046860681878755 0.1722500296628548
1.5 1.75 95 96 4.784861737695326 0.1301100074848972
1.5 1.75 96 97 4.542528947136102 0.1431695872456561
1.5 1.75 97 98 4.318231740179943 0.01060521369122579
1.5 1.75 98 99 4.091009888622597 0.007906844065530261
1.5 1.75 99 100 3.872530265353197 0.005503192180001796
1.75 2 51 52 22.96608342698906 0.1062861745820285
1.75 2 52 53 22.41910455089683 0.1031442192899676
1.75 2 53 54 21.87467086644199 0.09724688298186601
1.75 2 54 55 21.26844885709338 1.045056076020391
1.75 2 55 56 20.79430180059842 1.260519866169254
1.75 2 56 57 20.26693150894997 1.103061627576683
1.75 2 57 58 19.74685538142069 0.9610997706374754
1.75 2 58 59 19.23492108308557 0.8338438561565313
1.75 2 59 60 18.73182106180732 0.7204903736649022
1.75 2 60 61 18.23811292214563 0.6202269440987142
1.75 2 61 62 17.75423776967457 0.5322361058981037
1.75 2 62 63 17.28052272318136 0.4555368556812124
1.75 2 63 64 16.81685483914247 0.3859625741339084
1.75 2 64 65 16.36312587051424 0.3200856995855939
1.75 2 65 66 15.91947186040412 0.2582418618738979
1.75 2 66 67 15.48542741925191 0.2050432559949749
1.75 2 67 68 15.06043108377827 0.1594074205002824
1.75 2 68 69 14.64264730653643 0.1195070185943113
1.75 2 69 70 14.22880610397468 0.08514231817146069
1.75 2 70 71 13.81633586143948 0.0566204486192315
1.75 2 71 72 13.40469904675203 0.03174369158006621
1.75 2 72 73 12.99407773388167 0.01405075389159006
1.75 2 73 74 12.58503650855509 0.01809432222546863
1.75 2 74 75 12.17827892663095 0.02375834730773786
1.75 2 75 76 11.77425997190014 0.0285309666784637
1.75 2 76 77 11.37358289169449 0.03454996882295208
1.75 2 77 78 10.97689545065241 0.03973625341667777
1.75 2 78 79 10.54696718189272 0.3416159629943821
1.75 2 79 80 10.18291957189886 0.3853667827388485
1.75 2 80 81 9.802021728511576 0.3068037778326816
1.75 2 81 82 9.427274171230671 0.2437821243249984
1.75 2 82 83 9.059103656655232 0.1945263752927007
1.75 2 83 84 8.697897823480751 0.1573650181103208
1.75 2 84 85 8.344006217864383 0.1307180193238281
1.75 2 85 86 7.997741352803757 0.1130934286720652
1.75 2 86 87 7.659379802474596 0.1031096217161599
1.75 2 87 88 7.329163330959744 0.09953961052045605
1.75 2 88 89 7.007300054871362 0.1013370401592673
1.75 2 89 90 6.693965638104171 0.1076112134242617
1.75 2 90 91 6.389297493605397 0.1173938285724835
1.75 2 91 92 6.093382957232087 0.1292732486335348
1.75 2 92 93 5.80630341946771 0.1424982234618961
1.75 2 93 94 5.528120070112909 0.1565695573076533
1.75 2 94 95 5.249473732389124 0.1164921683220203
1.75 2 95 96 4.991138438961013 0.1282212326420075
1.75 2 96 97 4.750935747713843 0.01091070049177956
1.75 2 97 98 4.507890925345119 0.008167348370444831
1.75 2 98 99 4.273726449232937 0.005695615305781699
1.75 2 99 100 4.048365957097809 0.003511428284807599
2 2.25 51 52 23.80642209095308 0.1043828479644132
2 2.25 52 53 23.19472933691483 0.1012006856372773
2 2.25 53 54 22.59031060904951 0.09542677207583267
2 2.25 54 55 21.9282156354665 1.01379668234852
2 2.25 55 56 21.39990861388688 1.208724574276695
2 2.25 56 57 20.82463852350182 1.058311591712503
2 2.25 57 58 20.26003056818146 0.9227499944485751
2 2.25 58 59 19.70666806645015 0.8012696513946209
2 2.25 59 60 19.16500254662226 0.6930890988945611
2 2.25 60 61 18.63537182927368 0.5974196510289588
2 2.25 61 62 18.11801629334845 0.5134691199741975
2 2.25 62 63 17.61307791767321 0.440293044066036
2 2.25 63 64 17.12024717034463 0.3739524160875936
2 2.25 64 65 16.63923696894541 0.31120737009747
2 2.25 65 66 16.17004298762615 0.2523546288911743
2 2.25 66 67 15.71204981329362 0.2017051829991219
2 2.25 67 68 15.26453961100505 0.1582216966354285
2 2.25 68 69 14.8255274606216 0.1201653768274001
2 2.25 69 70 14.391602187448 0.08728176378146169
2 2.25 70 71 13.96012225800813 0.05978343229755827
2 2.25 71 72 13.53051856860171 0.03521327168944
2 2.25 72 73 13.10295607084369 0.0147417842771451
2 2.25 73 74 12.67797232651718 0.007546678246636699
2 2.25 74 75 12.25624131115109 0.01105956483354389
2 2.25 75 76 11.83820173456413 0.01826409943734338
2 2.25 76 77 11.42442956540323 0.02472416427597206
2 2.25 77 78 11.01554042667652 0.03006012870043993
2 2.25 78 79 10.58619293578951 0.3428667400100103
2 2.25 79 80 10.21138026269972 0.3879536665719184
2 2.25 80 81 9.820353909495687 0.3144250914424531
2 2.25 81 82 9.436254473901478 0.2554040522242843
2 2.25 82 83 9.059477811237649 0.2091965846243959
2 2.25 83 84 8.690380885609393 0.1742216293453528
2 2.25 84 85 8.3292828134812 0.1490109455066548
2 2.25 85 86 7.976465945891455 0.1322124831788318
2 2.25 86 87 7.632176989560065 0.1225965798687594
2 2.25 87 88 7.296628165645135 0.1190589000579275
2 2.25 88 89 6.969998405020174 0.120613254977508
2 2.25 89 90 6.65243457804943 0.1263758911995672
2 2.25 90 91 6.344045302955276 0.1353793919411978
2 2.25 91 92 6.044888339549416 0.1462580517695858
2 2.25 92 93 5.75501735286614 0.1582962379834502
2 2.25 93 94 5.474466784237489 0.171027573351103
2 2.25 94 95 5.193778078287817 0.1359928361963812
2 2.25 95 96 4.939666443400398 0.009656779514772682
2 2.25 96 97 4.686708857067368 0.007085950433286337
2 2.25 97 98 4.443001166016549 0.004821910539698678
2 2.25 98 99 4.208463335456635 0.003239558110499315
2 2.25 99 100 3.982996223236258 0.002155534401703438
2.25 2.5 51 52 23.72996918154905 0.09847997430192952
2.25 2.5 52 53 23.10076649832183 0.09536716723637689
2.25 2.5 53 54 22.48099120518953 0.08981667658329547
2.25 2.5 54 55 21.81039644950667 0.9264224263673836
2.25 2.5 55 56 21.26802806819029 1.117756962302842
2.25 2.5 56 57 20.68256188231135 0.9758425258010532
2.25 2.5 57 58 20.10912452049985 0.8480829883855507
2.25 2.5 58 59 19.54815695800509 0.733729306064928
2.25 2.5 59 60 18.99998328107085 0.6320228179765126
2.25 2.5 60 61 18.46482713895203 0.5421991317267464
2.25 2.5 61 62 17.94282653730076 0.4634916156506638
2.25 2.5 62 63 17.43403151851193 0.3949941565275664
2.25 2.5 63 64 16.93805489438695 0.3330442208729619
2.25 2.5 64 65 16.45453926286378 0.2746407086078265
2.25 2.5 65 66 15.98341458345281 0.2200529284213878
2.25 2.5 66 67 15.52402474477256 0.1732212690711925
2.25 2.5 67 68 15.07560976380384 0.1331828121294325
2.25 2.5 68 69 14.63618791494864 0.09834428818792706
2.25 2.5 69 70 14.20237605469315 0.06853720770373757
2.25 2.5 70 71 13.77154372435035 0.04406631363124014
2.25 2.5 71 72 13.34308952798158 0.02399113030676175
2.25 2.5 72 73 12.91713864070181 0.02356333550733286
2.25 2.5 73 74 12.49418508350162 0.02736120939032732
2.25 2.5 74 75 12.07486424864654 0.03099277516733204
2.25 2.5 75 76 11.65957025920731 0.03405420035170666
2.25 2.5 76 77 11.24884116344651 0.03668673593700739
2.25 2.5 77 78 10.84326126185471 0.03900759177160662
2.25 2.5 78 79 10.40661617869699 0.2807255683687218
2.25 2.5 79 80 10.0110991882695 0.2199261540708203
2.25 2.5 80 81 9.647789873686072 0.2760779090553568
2.25 2.5 81 82 9.268201989965561 0.2224945220161573
2.25 2.5 82 83 8.896035181960706 0.1808799452754278
2.25 2.5 83 84 8.531625518334458 0.1496685333000957
2.25 2.5 84 85 8.175272566924654 0.1273554105278002
2.25 2.5 85 86 7.827240429292988 0.1125219439287881
2.25 2.5 86 87 7.487758815425103 0.1039006593843808
2.25 2.5 87 88 7.157024157080567 0.1004420618939161
2.25 2.5 88 89 6.83520075864023 0.1013215008350545
2.25 2.5 89 90 6.52242198376042 0.1058723783056395
2.25 2.5 90 91 6.218784275612997 0.1133531658647742
2.25 2.5 91 92 5.924335047255276 0.1226247561902053
2.25 2.5 92 93 5.639117874890861 0.1330539714666352
2.25 2.5 93 94 5.353342652055346 0.0903033934486842
2.25 2.5 94 95 5.088477753122529 0.1005569872564228
2.25 2.5 95 96 4.832708147534172 0.1108379329295258
2.25 2.5 96 97 4.595545708053278 0.01160707889027598
2.25 2.5 97 98 4.355906376421704 0.009851366651714136
2.25 2.5 98 99 4.125346074190713 0.008319672589856853
2.25 2.5 99 100 3.903760510967958 0.007018640053095543
2.5 2.75 51 52 24.40795273605119 0.1077535723930527
2.5 2.75 52 53 23.72497219617566 0.10360476608466
2.5 2.75 53 54 23.0555556173847 0.09846501551992771
2.5 2.75 54 55 22.34207448570302 0.8691983251907346
2.5 2.75 55 56 21.75391702563658 1.046962341543682
2.5 2.75 56 57 21.12925997121842 0.9130427279242704
2.5 2.75 57 58 20.51952751330836 0.7925602301942408
2.5 2.75 58 59 19.92492425044092 0.6847902392605227
2.5 2.75 59 60 19.34555954876184 0.5890001012227668
2.5 2.75 60 61 18.78146179739041 0.5044528495313627
2.5 2.75 61 62 18.23259121486397 0.4304105613336717
2.5 2.75 62 63 17.69883536781153 0.3660091632687744
2.5 2.75 63 64 17.17965731378629 0.3078705902926231
2.5 2.75 64 65 16.67456260480783 0.2532330569854225
2.5 2.75 65 66 16.18335784307271 0.2023252284029791
2.5 2.75 66 67 15.70527609057204 0.1587068319887885
2.5 2.75 67 68 15.2394386152608 0.1214764048087824
2.5 2.75 68 69 14.78375820253271 0.08916447091871219
2.5 2.75 69 70 14.33473224853367 0.06160042273452289
2.5 2.75 70 71 13.8896395003967 0.04168014789604441
2.5 2.75 71 72 13.44781543580191 0.03584129683925007
2.5 2.75 72 73 13.00934246052756 0.03505964995789901
2.5 2.75 73 74 12.57467254223278 0.03665666935242893
2.5 2.75 74 75 12.14440598785885 0.03829953340676623
2.5 2.75 75 76 11.71890339309677 0.03970277230682153
2.5 2.75 76 77 11.29866931856059 0.04090884305254828
2.5 2.75 77 78 10.85249776089169 0.3148505325909293
2.5 2.75 78 79 10.44254139693025 0.2470967807705334
2.5 2.75 79 80 10.03985760488803 0.191271312631376
2.5 2.75 80 81 9.668851385687454 0.2484957078302818
2.5 2.75 81 82 9.282943385545252 0.1996129866109345
2.5 2.75 82 83 8.904971554783852 0.1617724558857563
2.5 2.75 83 84 8.535246333240256 0.1334724706588687
2.5 2.75 84 85 8.174042419484781 0.1132523944735187
2.5 2.75 85 86 7.821599784096477 0.0997278854245708
2.5 2.75 86 87 7.478124726139836 0.09167708726235989
2.5 2.75 87 88 7.143790971167448 0.08812764957629625
2.5 2.75 88 89 6.81874080933127 0.08836583020323914
2.5 2.75 89 90 6.503086271731419 0.09185049369979142
2.5 2.75 90 91 6.196903350512613 0.09797548492225308
2.5 2.75 91 92 5.900220293667608 0.1057672251181231
2.5 2.75 92 93 5.613061517869992 0.1146577076515516
2.5 2.75 93 94 5.326104911482162 0.07539143382380792
2.5 2.75 94 95 5.059666544493515 0.08473952450572064
2.5 2.75 95 96 4.802570192603911 0.09400972117292175
2.5 2.75 96 97 4.561191246591711 0.01154299248655789
2.5 2.75 97 98 4.320860182562681 0.0101563612757981
2.5 2.75 98 99 4.08980135584622 0.009009561412901134
2.5 2.75 99 100 3.867895027267776 0.008096907680028839
2.75 3 51 52 24.62271985712692 0.1287684738242991
2.75 3 52 53 23.8906047196935 0.1230782084420471
2.75 3 53 54 23.17654799928823 0.1167957703164725
2.75 3 54 55 22.42571787762559 0.8125711474820079
2.75 3 55 56 21.75452055918778 0.710948720947168
2.75 3 56 57 21.13905321739996 0.848128891070787
2.75 3 57 58 20.49897034829246 0.734897465483333
2.75 3 58 59 19.87681587582367 0.633659447934755
2.75 3 59 60 19.27245576184248 0.5437114533726546
2.75 3 60 61 18.68569778168256 0.46434707305311
2.75 3 61 62 18.11630195280905 0.3948600639385286
2.75 3 62 63 17.56397372159297 0.3344326740609122
2.75 3 63 64 17.02801333352399 0.2800061860106676
2.75 3 64 65 16.5077778240483 0.2290892013981973
2.75 3 65 66 16.00293753019174 0.1818678045014326
2.75 3 66 67 15.51261407629797 0.1414701212574079
2.75 3 67 68 15.03581569759196 0.1070749483371566
2.75 3 68 69 14.57038738355421 0.07737462558603324
2.75 3 69 70 14.11278884797971 0.05385935306491818
2.75 3 70 71 13.66027599649216 0.0458628407403113
2.75 3 71 72 13.21213652650005 0.04221398548054552
2.75 3 72 73 12.76840387249694 0.04207099171428008
2.75 3 73 74 12.32947098846444 0.04321810865868492
2.75 3 74 75 11.89588056232259 0.04413611442128415
2.75 3 75 76 11.46794319097003 0.04478300233655599
2.75 3 76 77 11.04610914758268 0.0452404591143685
2.75 3 77 78 10.59733560322697 0.274603139148201
2.75 3 78 79 10.18772120525274 0.2126769610995357
2.75 3 79 80 9.786041722475822 0.1617972182970172
2.75 3 80 81 9.415715326327586 0.2114733454859176
2.75 3 81 82 9.031723555226943 0.1672555214913236
2.75 3 82 83 8.656197608847108 0.1331845713358265
2.75 3 83 84 8.28940332815575 0.107848222740145
2.75 3 84 85 7.931572502775641 0.08983291845718237
2.75 3 85 86 7.582903877503728 0.07775222369495452
2.75 3 86 87 7.243564201323405 0.07036309346641655
2.75 3 87 88 6.913689317253034 0.06671320151013284
2.75 3 88 89 6.593385290801447 0.06619102452042663
2.75 3 89 90 6.28272957596382 0.06842111649225066
2.75 3 90 91 5.981765451022945 0.07299194215386888
2.75 3 91 92 5.690490764098939 0.07914605195659162
2.75 3 92 93 5.408900443693209 0.08639017941833006
2.75 3 93 94 5.128041497535801 0.05503376545904674
2.75 3 94 95 4.867240125443928 0.06319959498862002
2.75 3 95 96 4.615870647277456 0.07131278692493155
2.75 3 96 97 4.37384564399308 0.07918813499118051
2.75 3 97 98 4.146385566476271 0.009571572382759068
2.75 3 98 99 3.921297700842516 0.008303694237509381
2.75 3 99 100 3.705359576668184 0.007242859864684021
3 3.25 51 52 24.15601506014328 0.160528502084767
3 3.25 52 53 23.38920328866286 0.1528694624667714
3 3.25 53 54 22.64485585241333 0.1450009525023724
3 3.25 54 55 21.92285514877605 0.1370044804901671
3 3.25 55 56 21.17652816749367 0.6708414401991704
3 3.25 56 57 20.50272826404645 0.5836505003908229
3 3.25 57 58 19.88152066048706 0.6844047809962036
3 3.25 58 59 19.24532514431148 0.5895653356046985
3 3.25 59 60 18.62926365932698 0.505258742305167
3 3.25 60 61 18.03291318734841 0.4308173174203748
3 3.25 61 62 17.45582555980582 0.3655743782540906
3 3.25 62 63 16.89751838592191 0.3087683235487656
3 3.25 63 64 16.35713384830247 0.2577125800934459
3 3.25 64 65 15.8338850716308 0.2102282030543297
3 3.25 65 66 15.32730437149625 0.1664482698409417
3 3.25 66 67 14.83641629046728 0.12899860364816
3 3.25 67 68 14.36013662265363 0.09715018746028686
3 3.25 68 69 13.89630144651405 0.07380666533960066
3 3.25 69 70 13.44144116230621 0.06330593684779098
3 3.25 70 71 12.99287356094855 0.05689201479489365
3 3.25 71 72 12.54985766089166 0.05365440239389269
3 3.25 72 73 12.11237215977725 0.05274283873231407
3 3.25 73 74 11.6807336296301 0.05266827705285086
3 3.25 74 75 11.25540437640078 0.05245088971957427
3 3.25 75 76 10.83662971055469 0.05207036249122942
3 3.25 76 77 10.42478540748141 0.05157215453089944
3 3.25 77 78 9.986398962028684 0.2275228654790053
3 3.25 78 79 9.588473033862236 0.1715496117260653
3 3.25 79 80 9.19909838832125 0.1258262579574441
3 3.25 80 81 8.818493031537834 0.08937606651194324
3 3.25 81 82 8.468804819657063 0.1252057461728542
3 3.25 82 83 8.106818879234559 0.09570594429824031
3 3.25 83 84 7.753916894599765 0.07447267449472102
3 3.25 84 85 7.410272003371016 0.06010018986392783
3 3.25 85 86 7.0760271274847 0.05093266894192225
3 3.25 86 87 6.751296008159535 0.04526745116378968
3 3.25 87 88 6.43616427692219 0.041790811758783
3 3.25 88 89 6.130690560542606 0.03986662801333963
3 3.25 89 90 5.834907618925326 0.03947324944402097
3 3.25 90 91 5.548817371475339 0.04082659154185993
3 3.25 91 92 5.272380802943538 0.04384020128839304
3 3.25 92 93 5.005556631762046 0.04826955751155156
3 3.25 93 94 4.748288765475598 0.05375363096164729
3 3.25 94 95 4.49341775429685 0.03200132095745951
3 3.25 95 96 4.256201977558856 0.0385454275033803
3 3.25 96 97 4.028151433288182 0.04506557327969313
3 3.25 97 98 3.80913862682434 0.05135332159396955
3 3.25 98 99 3.603763968105836 0.009114980139481621
3 3.25 99 100 3.401242495863626 0.007931983725388822
3.25 3.5 51 52 22.62481721080502 0.1422086000952592
3.25 3.5 52 53 21.85655151351789 0.1340194635856672
3.25 3.5 53 54 21.11412838559541 0.1257226284389288
3.25 3.5 54 55 20.39700234762307 0.1173697722379625
3.25 3.5 55 56 19.7045153984145 0.10915800472189
3.25 3.5 56 57 19.03576533759347 0.1016326267618205
3.25 3.5 57 58 18.35428791046118 0.4698341662474155
3.25 3.5 58 59 17.76070074095006 0.5443221692261002
3.25 3.5 59 60 17.15947219257089 0.4662724590548181
3.25 3.5 60 61 16.57920810775286 0.3972461651836838
3.25 3.5 61 62 16.01927642906761 0.3366273063258366
3.25 3.5 62 63 15.47903190194679 0.283723987266471
3.25 3.5 63 64 14.95749796406059 0.2362836782009265
3.25 3.5 64 65 14.45378003674307 0.192485622731799
3.25 3.5 65 66 13.96729544804323 0.152393055883635
3.25 3.5 66 67 13.49701557029528 0.1180494596435248
3.25 3.5 67 68 13.04181398287133 0.08882514897807346
3.25 3.5 68 69 12.59961434368774 0.06378352268639455
3.25 3.5 69 70 12.16717445207285 0.04285547200811481
3.25 3.5 70 71 11.74199652356722 0.03443624056300766
3.25 3.5 71 72 11.32334652547442 0.03128928509770982
3.25 3.5 72 73 10.91115036119315 0.03149851455874914
3.25 3.5 73 74 10.50563439122607 0.03292135643576848
3.25 3.5 74 75 10.1071590952161 0.03416972886577199
3.25 3.5 75 76 9.715893375929532 0.03514120335442088
3.25 3.5 76 77 9.332120715447957 0.03585397420468962
3.25 3.5 77 78 8.924008829678076 0.1739920357451613
3.25 3.5 78 79 8.555138595301077 0.1239562981719133
3.25 3.5 79 80 8.195130063294268 0.08338791737973925
3.25 3.5 80 81 7.862530874622429 0.1095316390753518
3.25 3.5 81 82 7.52116194048722 0.07742221516319581
3.25 3.5 82 83 7.188736762445075 0.05526148097619647
3.25 3.5 83 84 6.865385454394039 0.04276929571470803
3.25 3.5 84 85 6.52667171572295 0.09246483332968361
3.25 3.5 85 86 6.247897094381823 0.0644772207496751
3.25 3.5 86 87 5.913383371352086 0.0218569560549358
3.25 3.5 87 88 5.60717252549356 0.01614650901737806
3.25 3.5 88 89 5.325952462674008 0.02143574293649919
3.25 3.5 89 90 5.066740151698038 0.01677658410541263
3.25 3.5 90 91 4.826566475342356 0.01227082804562637
3.25 3.5 91 92 4.601953194207512 0.0300141898613859
3.25 3.5 92 93 4.390723064488797 0.05718163195702596
3.25 3.5 93 94 4.141438649282519 0.02020601603638381
3.25 3.5 94 95 3.919410010044068 0.02027088510899652
3.25 3.5 95 96 3.706190485606231 0.02228143462800126
3.25 3.5 96 97 3.497248731281002 0.00887919512976184
3.25 3.5 97 98 3.3019986733419 0.01377713724855346
3.25 3.5 98 99 3.115024870810399 0.01878878390235199
3.25 3.5 99 100 2.936159897739708 0.02341391286095372
3.5 3.75 51 52 19.72873329042312 0.07726534873515493
3.5 3.75 52 53 19.01236369353101 0.07175975889825677
3.5 3.75 53 54 18.32296756580394 0.06585042129245278
3.5 3.75 54 55 17.65967010642117 0.05957496142151178
3.5 3.75 55 56 17.02153299825746 0.05316890411982297
3.5 3.75 56 57 16.40742524804027 0.04743883256417444
3.5 3.75 57 58 15.81644806373478 0.04254721306897086
3.5 3.75 58 59 15.24779312026269 0.03844208308368025
3.5 3.75 59 60 14.67190025860128 0.3203057570546571
3.5 3.75 60 61 14.14675127643807 0.2724680915481392
3.5 3.75 61 62 13.66125045588901 0.3129292014873247
3.5 3.75 62 63 13.17405001131073 0.264456465114137
3.5 3.75 63 64 12.70495290293398 0.221064926305354
3.5 3.75 64 65 12.25303223776264 0.1813415330957754
3.5 3.75 65 66 11.81764753145848 0.1452653737866054
3.5 3.75 66 67 11.39779496463045 0.1142265395451008
3.5 3.75 67 68 10.99238951571797 0.08769566691470174
3.5 3.75 68 69 10.59957499805471 0.06491359137378411
3.5 3.75 69 70 10.21653430102018 0.04570785486122199
3.5 3.75 70 71 9.841107059814259 0.03015341795943377
3.5 3.75 71 72 9.472618504945668 0.01808645974124547
3.5 3.75 72 73 9.110954683445254 0.01261233986978575
3.5 3.75 73 74 8.756247652351192 0.01772464510698833
3.5 3.75 74 75 8.408743353772049 0.02199754704729862
3.5 3.75 75 76 8.068532339961473 0.02537736005609861
3.5 3.75 76 77 7.73579715486175 0.02801448220249752
3.5 3.75 77 78 7.410755995779725 0.02998577183528543
3.5 3.75 78 79 7.067422470076657 0.08775982816583787
3.5 3.75 79 80 6.757686993135316 0.05375962440071609
3.5 3.75 80 81 6.456564198487298 0.02884120134827785
3.5 3.75 81 82 6.176683372310723 0.04047448834223415
3.5 3.75 82 83 5.874850125130306 0.0758877088318286
3.5 3.75 83 84 5.568706562752667 0.02147191493336306
3.5 3.75 84 85 5.351074623942544 0.04527369932513753
3.5 3.75 85 86 5.09284283309734 0.05083772421400401
3.5 3.75 86 87 4.843101124180643 0.05398075536011858
3.5 3.75 87 88 4.601824043332811 0.05506336875995652
3.5 3.75 88 89 4.377797906730852 0.05363647519766525
3.5 3.75 89 90 4.158646621255961 0.02524658918426733
3.5 3.75 90 91 3.942688154964471 0.0213088905241978
3.5 3.75 91 92 3.731085358755263 0.02071712471063114
3.5 3.75 92 93 3.537278457936391 0.01657263077916524
3.5 3.75 93 94 3.328595443290583 0.03283490730240684
3.5 3.75 94 95 3.144408395121739 0.02803596742695165
3.5 3.75 95 96 2.967915090032553 0.02332159627569857
3.5 3.75 96 97 2.798967747542892 0.01883441946087791
3.5 3.75 97 98 2.637409437114041 0.01470766243997553
3.5 3.75 98 99 2.483075000767427 0.01108710646606422
3.5 3.75 99 100 2.321985225395764 0.004213407585579727
3.75 4 51 52 15.48472681168813 0.1606318679271174
3.75 4 52 53 14.88651098315775 0.1584959064415549
3.75 4 53 54 14.31303632871627 0.156105074395349
3.75 4 54 55 13.76328707631136 0.1535268041098808
3.75 4 55 56 13.23622472041471 0.1508671610507327
3.75 4 56 57 12.73066966395197 0.1483237843272039
3.75 4 57 58 12.24567466878609 0.1459131040165736
3.75 4 58 59 11.78039472800883 0.1436055604281351
3.75 4 59 60 11.33401114738805 0.1413781178491141
3.75 4 60 61 10.90588815462547 0.02823408067096013
3.75 4 61 62 10.49462077066858 0.02624482993245658
3.75 4 62 63 10.09977136488603 0.02386448194731491
3.75 4 63 64 9.70266865444037 0.1562204038463113
3.75 4 64 65 9.339840762248507 0.1290145916926983
3.75 4 65 66 8.991192285065372 0.1044503480191666
3.75 4 66 67 8.664722176456833 0.1128454295591651
3.75 4 67 68 8.340608926668116 0.08962430308333318
3.75 4 68 69 8.027339010660654 0.06960818748106953
3.75 4 69 70 7.722706874299112 0.05256455333185359
3.75 4 70 71 7.425030602704194 0.03836075925879336
3.75 4 71 72 7.133752219678287 0.02650683274188628
3.75 4 72 73 6.848742360527105 0.01722386089122929
3.75 4 73 74 6.57005088462971 0.0110717032133755
3.75 4 74 75 6.297814659654353 0.008655060451966325
3.75 4 75 76 6.032059209598065 0.009470272539404738
3.75 4 76 77 5.772875095546805 0.01150001572247767
3.75 4 77 78 5.520379293482174 0.01347563561892386
3.75 4 78 79 5.27466964738629 0.01501992856339999
3.75 4 79 80 5.020032463802145 0.04934435366016772
3.75 4 80 81 4.787647596241911 0.02615730468139546
3.75 4 81 82 4.562589294273154 0.00832870637714634
3.75 4 82 83 4.344828602529656 0.008315710802144237
3.75 4 83 84 4.103749455567276 0.00847210622677567
3.75 4 84 85 3.930955828231543 0.0264405341036865
3.75 4 85 86 3.752022579154414 0.01546297503888374
3.75 4 86 87 3.561293147673423 0.01345488788822233
3.75 4 87 88 3.37736518207171 0.01195816973319965
3.75 4 88 89 3.200203803125969 0.01069473129191214
3.75 4 89 90 3.028090927241538 0.009454326867908298
3.75 4 90 91 2.864760949838953 0.00834779748194469
3.75 4 91 92 2.7080061564178 0.00732615671881656
3.75 4 92 93 2.557616571872551 0.006309617732999472
3.75 4 93 94 2.41349558539147 0.006505489637373093
3.75 4 94 95 2.275292949564185 0.006391893617765724
3.75 4 95 96 2.143191279214371 0.006501720643507959
3.75 4 96 97 2.017053017169782 0.006735751935659472
3.75 4 97 98 1.896733507421819 0.006994355273234858
3.75 4 98 99 1.782082028512777 0.007198687023678626
3.75 4 99 100 1.672942771103749 0.007294447138368063
4 5 51 52 13.7263622365557 0.1021222989895339
4 5 52 53 13.11961759995404 0.1002289380793077
4 5 53 54 12.5412199939595 0.09739332805767044
4 5 54 55 11.9898792993766 0.09375441892278982
4 5 55 56 11.46424221672773 0.08960630188871822
4 5 56 57 10.96270315924979 0.08573262152140101
4 5 57 58 10.4840180791198 0.08226996278117374
4 5 58 59 10.02710133945284 0.07914794225252364
4 5 59 60 9.590912936248735 0.07630381901018633
4 5 60 61 9.174355133598652 0.07348341541727312
4 5 61 62 8.776338714161351 0.07039851134748679
4 5 62 63 8.396007696234083 0.06712013742458402
4 5 63 64 8.032452661850041 0.06391380243725232
4 5 64 65 7.684815983434559 0.06093993071850882
4 5 65 66 7.352279350176056 0.05800889876700852
4 5 66 67 7.034034506617298 0.05516825424375302
4 5 67 68 6.749917164200394 0.02139667704591632
4 5 68 69 6.456301358727753 0.02047789315001441
4 5 69 70 6.172851591311865 0.01960692650274646
4 5 70 71 5.897237336667617 0.01859137680357632
4 5 71 72 5.630746109705011 0.01789179746905812
4 5 72 73 5.37307855409284 0.01725204756576653
4 5 73 74 5.121600582166526 0.01807564098794017
4 5 74 75 4.87851762626804 0.0166030497367197
4 5 75 76 4.643299571331126 0.0155982508726102
4 5 76 77 4.409061012440647 0.007300664129091365
4 5 77 78 4.189684580160154 0.006982207929729856
4 5 78 79 3.97799856324101 0.006843440277699383
4 5 79 80 3.771098156784863 0.004421291652092242
4 5 80 81 3.575373512541657 0.004381969332610702
4 5 81 82 3.386389485382571 0.005462713890997838
4 5 82 83 3.204111905251454 0.007034652707493052
4 5 83 84 3.029685528589568 0.008115226240234856
4 5 84 85 2.864605898699479 0.01009457693889513
4 5 85 86 2.694152896428737 0.0218871364802013
4 5 86 87 2.543843303822686 0.01472491173837768
4 5 87 88 2.395798188148095 0.009564169593345511
4 5 88 89 2.24678066505858 0.02046359350157343
4 5 89 90 2.119568371804256 0.01829214073624174
4 5 90 91 1.991072437305995 0.02586548891514879
4 5 91 92 1.882204370415371 0.01516200225939184
4 5 92 93 1.759349644151726 0.01959538792369751
4 5 93 94 1.649182591087377 0.01907402090174617
4 5 94 95 1.544521203679555 0.01849802788337887
4 5 95 96 1.4451894350694 0.0178699099316024
4 5 96 97 1.351010218681539 0.01719458668256243
4 5 97 98 1.261806003730592 0.0164787022174936
4 5 98 99 1.177399260895774 0.01573002005496239
4 5 99 100 1.097612958584459 0.01495691173314038
-5 5 51 100 18210.57396880239 15.93020178164102
