#ylo yhi qTlo qThi PDF0  uncertainty
-5 -4 51 52 18.78240470586891 0.1422627965396705
-5 -4 52 53 18.02926832479545 0.1394565315781483
-5 -4 53 54 17.31049605111556 0.135628428534415
-5 -4 54 55 16.62434879954562 0.1309719509763269
-5 -4 55 56 15.96906719461951 0.1258254840879355
-5 -4 56 57 15.34258834186149 0.1210002057043444
-5 -4 57 58 14.74339263202735 0.1166405939689321
-5 -4 58 59 14.17020165394412 0.1126736169625556
-5 -4 59 60 13.66915520745603 0.04805893153799622
-5 -4 60 61 13.14257750209105 0.04622830896409125
-5 -4 61 62 12.63982168822494 0.04461891294663183
-5 -4 62 63 12.15534514049552 0.04303245781506556
-5 -4 63 64 11.69248469252835 0.04154558861273367
-5 -4 64 65 11.24919342593522 0.04002741242002472
-5 -4 65 66 10.82315836434623 0.03884889444861381
-5 -4 66 67 10.41470041796507 0.03768264858492512
-5 -4 67 68 10.02281554712337 0.03681249425822407
-5 -4 68 69 9.643658592439721 0.03542323818198419
-5 -4 69 70 9.276552724278623 0.03432005993087917
-5 -4 70 71 8.918797343612111 0.03322876642272367
-5 -4 71 72 8.554675402885985 0.01604370094202375
-5 -4 72 73 8.214431784432781 0.01562512112400942
-5 -4 73 74 7.882524571148242 0.01518488017391884
-5 -4 74 75 7.558966122573905 0.01471149298114419
-5 -4 75 76 7.24377562605744 0.01421830931972185
-5 -4 76 77 6.925295292815147 0.03169181316665466
-5 -4 77 78 6.627342735340038 0.02640702693629097
-5 -4 78 79 6.340640619194575 0.02070208843841361
-5 -4 79 80 6.058221597735253 0.01548356556062261
-5 -4 80 81 5.785034011420938 0.01059046580435784
-5 -4 81 82 5.52281482101091 0.006483799925197585
-5 -4 82 83 5.264724596361937 0.007275154743936588
-5 -4 83 84 5.017397740540523 0.007261897673602995
-5 -4 84 85 4.778326811156752 0.007237819134292212
-5 -4 85 86 4.551513029705228 0.01188685093836447
-5 -4 86 87 4.328525085887776 0.01355914005652869
-5 -4 87 88 4.113533031400403 0.01513166143159727
-5 -4 88 89 3.90642796174183 0.01648716244019699
-5 -4 89 90 3.690945598234024 0.02561143429298226
-5 -4 90 91 3.504831798479935 0.0151023416155213
-5 -4 91 92 3.309703980973825 0.03589859785027006
-5 -4 92 93 3.142031692447532 0.02714253325062829
-5 -4 93 94 2.990383255101443 0.02180956667321821
-5 -4 94 95 2.827521715103702 0.02142456567138553
-5 -4 95 96 2.671568637878798 0.02089516836181577
-5 -4 96 97 2.522359091776324 0.02024026401473561
-5 -4 97 98 2.379724103914941 0.01947987255068421
-5 -4 98 99 2.243491255447271 0.01863418564877629
-5 -4 99 100 2.113485257016576 0.01772287664307641
-4 -3.75 51 52 21.14704575350878 0.1847973502036285
-4 -3.75 52 53 20.39131862471802 0.1819796725590328
-4 -3.75 53 54 19.6662003751684 0.04480673836630458
-4 -3.75 54 55 18.97065585505616 0.04142254877551632
-4 -3.75 55 56 18.30320937688716 0.0375760862280065
-4 -3.75 56 57 17.66230580711304 0.03423559680328697
-4 -3.75 57 58 17.04673002874368 0.03157164925161686
-4 -3.75 58 59 16.45541861412243 0.02948845102304965
-4 -3.75 59 60 15.88734813963924 0.0278901683982938
-4 -3.75 60 61 15.34140316648477 0.02636029908386535
-4 -3.75 61 62 14.81644763596272 0.02440712675231202
-4 -3.75 62 63 14.31160673658767 0.02210730736925334
-4 -3.75 63 64 13.81611767065986 0.171935537257253
-4 -3.75 64 65 13.34917221662882 0.1409921695301673
-4 -3.75 65 66 12.89950443714463 0.1132831008678544
-4 -3.75 66 67 12.46598988944649 0.08945647781373958
-4 -3.75 67 68 12.04738329871048 0.06909853373893481
-4 -3.75 68 69 11.64163963673933 0.05167040951873399
-4 -3.75 69 70 11.24565004298069 0.03690761903485894
-4 -3.75 70 71 10.85703557872959 0.02465657993290183
-4 -3.75 71 72 10.47501878254577 0.01435485774154547
-4 -3.75 72 73 10.09944641404648 0.006059603139562299
-4 -3.75 73 74 9.730421226289529 0.001718750570872103
-4 -3.75 74 75 9.368180803735376 0.005684267108204753
-4 -3.75 75 76 9.012808237498039 0.009242425010537429
-4 -3.75 76 77 8.664483061438807 0.01193222429989367
-4 -3.75 77 78 8.327912919125385 0.01584846838315537
-4 -3.75 78 79 7.994144221839776 0.01452420229065507
-4 -3.75 79 80 7.648526004452259 0.04984432693513817
-4 -3.75 80 81 7.329952920452222 0.02697618114039576
-4 -3.75 81 82 7.019800387133804 0.008533873645716356
-4 -3.75 82 83 6.717897336809029 0.005691539091865285
-4 -3.75 83 84 6.400402466287261 0.001947307256845572
-4 -3.75 84 85 6.138928931190327 0.02420080905235107
-4 -3.75 85 86 5.875546777233098 0.01348539443667136
-4 -3.75 86 87 5.604715354720083 0.01279573336077353
-4 -3.75 87 88 5.342244831277666 0.01391584609811541
-4 -3.75 88 89 5.089135610223339 0.01101975867659602
-4 -3.75 89 90 4.843838978656892 0.01181813735891449
-4 -3.75 90 91 4.606837269233303 0.01343824385908267
-4 -3.75 91 92 4.381993647459906 0.008049751373547484
-4 -3.75 92 93 4.161674676206966 0.007373961256298261
-4 -3.75 93 94 3.949366084649527 0.006784005905417658
-4 -3.75 94 95 3.744976008873093 0.00627284239626926
-4 -3.75 95 96 3.548400178346127 0.005830337325159372
-4 -3.75 96 97 3.359522794574417 0.005444700533881653
-4 -3.75 97 98 3.17821741006154 0.005103870465817159
-4 -3.75 98 99 3.004347803923095 0.004796655390180372
-4 -3.75 99 100 2.837768850726682 0.004513504926657926
-3.75 -3.5 51 52 27.13059522307741 0.06096978358781327
-3.75 -3.5 52 53 26.21223299498126 0.05839084488854034
-3.75 -3.5 53 54 25.32825343186791 0.05498558672970246
-3.75 -3.5 54 55 24.47743070757907 0.05047994310931042
-3.75 -3.5 55 56 23.65846830591561 0.04536816996515354
-3.75 -3.5 56 57 22.86980037958063 0.04100622792567085
-3.75 -3.5 57 58 22.11021492572429 0.03763789324662561
-3.75 -3.5 58 59 21.37864581772612 0.03513088282827877
-3.75 -3.5 59 60 20.66302894286842 0.3756501691827894
-3.75 -3.5 60 61 19.98455270485694 0.3179984121620802
-3.75 -3.5 61 62 19.33089505762762 0.2674379076976144
-3.75 -3.5 62 63 18.70111204459878 0.2233703393329873
-3.75 -3.5 63 64 18.09386793736197 0.1841216005543375
-3.75 -3.5 64 65 17.50794242561266 0.1483379052486851
-3.75 -3.5 65 66 16.942528017806 0.1159684125464704
-3.75 -3.5 66 67 16.39630685194598 0.08829553108087618
-3.75 -3.5 67 68 15.86780136911493 0.06478146583304999
-3.75 -3.5 68 69 15.35444279044604 0.04466836751090947
-3.75 -3.5 69 70 14.85222780349928 0.03199842570014813
-3.75 -3.5 70 71 14.35807447272775 0.02539606258586438
-3.75 -3.5 71 72 13.87101793032973 0.02367944678335186
-3.75 -3.5 72 73 13.39091443029031 0.025673934061828
-3.75 -3.5 73 74 12.91797026003131 0.02889677353694109
-3.75 -3.5 74 75 12.45257060098017 0.03189245152049385
-3.75 -3.5 75 76 11.99488428855925 0.03440141634778834
-3.75 -3.5 76 77 11.54521646433114 0.03640872257721187
-3.75 -3.5 77 78 11.11513528944281 0.0542062942411486
-3.75 -3.5 78 79 10.65655220855319 0.08868894468296293
-3.75 -3.5 79 80 10.23221032999746 0.05717835778925729
-3.75 -3.5 80 81 9.817366962095232 0.0363162165774072
-3.75 -3.5 81 82 9.412233016436504 0.02972105009719178
-3.75 -3.5 82 83 9.00739376636124 0.06478402995598381
-3.75 -3.5 83 84 8.582370348386124 0.02286839557337112
-3.75 -3.5 84 85 8.277806901149088 0.04020287093466652
-3.75 -3.5 85 86 7.915875851175958 0.04681412348963326
-3.75 -3.5 86 87 7.556718449042526 0.04931021374074252
-3.75 -3.5 87 88 7.202357897232451 0.04987881589832659
-3.75 -3.5 88 89 6.860537916483387 0.04925826520570731
-3.75 -3.5 89 90 6.553073912467459 0.01570241043725323
-3.75 -3.5 90 91 6.238669395565162 0.01416367756875971
-3.75 -3.5 91 92 5.933993053488344 0.0124004617621848
-3.75 -3.5 92 93 5.641059669399972 0.01087978491765515
-3.75 -3.5 93 94 5.348893914733633 0.03129821640397892
-3.75 -3.5 94 95 5.077643391070339 0.02673545008373597
-3.75 -3.5 95 96 4.816332852700702 0.02221930118434726
-3.75 -3.5 96 97 4.56484429025492 0.01785447168141444
-3.75 -3.5 97 98 4.323045703359622 0.01372714996728183
-3.75 -3.5 98 99 4.090791849635215 0.009911756010320466
-3.75 -3.5 99 100 3.854253635675212 0.007145725952684025
-3.5 -3.25 51 52 31.13051414944721 0.1221228314029661
-3.5 -3.25 52 53 30.132724064595 0.1145413255498207
-3.5 -3.25 53 54 29.16891387219054 0.106748711463513
-3.5 -3.25 54 55 28.23817659542557 0.09879853415769912
-3.5 -3.25 55 56 27.33948214623256 0.09091245651074774
-3.5 -3.25 56 57 26.47147231413742 0.08373053590068562
-3.5 -3.25 57 58 25.62279785895889 0.5637712802100141
-3.5 -3.25 58 59 24.81372158973601 0.4819719698571815
-3.5 -3.25 59 60 24.03226522723047 0.4094563457256681
-3.5 -3.25 60 61 23.27756199379363 0.3456038415477176
-3.5 -3.25 61 62 22.54875567051616 0.2897982055067715
-3.5 -3.25 62 63 21.84498141063023 0.241354442394247
-3.5 -3.25 63 64 21.16490958739411 0.198108892321833
-3.5 -3.25 64 65 20.50732405828813 0.1583078739619744
-3.5 -3.25 65 66 19.87146031346009 0.1219758359838987
-3.5 -3.25 66 67 19.25594003383886 0.0910263784095683
-3.5 -3.25 67 68 18.65919565075675 0.06481268212689965
-3.5 -3.25 68 69 18.07833933391998 0.04237739897285119
-3.5 -3.25 69 70 17.50876660747198 0.02868797184983135
-3.5 -3.25 70 71 16.94691777340759 0.02029596734118423
-3.5 -3.25 71 72 16.39172584351687 0.0181697216931891
-3.5 -3.25 72 73 15.84308522537823 0.02111969948675208
-3.5 -3.25 73 74 15.30131227600694 0.02494387495109177
-3.5 -3.25 74 75 14.76693350981922 0.02892255477957195
-3.5 -3.25 75 76 14.24021060928601 0.03239588588714299
-3.5 -3.25 76 77 13.72157274026831 0.03487780811400087
-3.5 -3.25 77 78 13.17891358638008 0.1710210924042506
-3.5 -3.25 78 79 12.69372456205238 0.1485654801518725
-3.5 -3.25 79 80 12.20172747692179 0.1026181865228605
-3.5 -3.25 80 81 11.71974336053355 0.0664752970860092
-3.5 -3.25 81 82 11.24809561722262 0.03980071489413677
-3.5 -3.25 82 83 10.78707201500134 0.02414856723738031
-3.5 -3.25 83 84 10.3369254514758 0.0221632032545953
-3.5 -3.25 84 85 9.874255552355418 0.08528296247642693
-3.5 -3.25 85 86 9.470890589269125 0.05863123692449059
-3.5 -3.25 86 87 9.01705420212838 0.01778876180694371
-3.5 -3.25 87 88 8.593366297236976 0.01702591661396758
-3.5 -3.25 88 89 8.19664030516892 0.02375287196086453
-3.5 -3.25 89 90 7.824009096472573 0.02163590346362138
-3.5 -3.25 90 91 7.472613441562358 0.02144648847975058
-3.5 -3.25 91 92 7.134561130949987 0.02897363853448621
-3.5 -3.25 92 93 6.817818143800033 0.05642592930910777
-3.5 -3.25 93 94 6.463301801356703 0.01262105945681262
-3.5 -3.25 94 95 6.14106728003512 0.009698925009857558
-3.5 -3.25 95 96 5.830233552004727 0.009880275761081393
-3.5 -3.25 96 97 5.530698631197987 0.01284640435587856
-3.5 -3.25 97 98 5.24258745052717 0.01392238302604404
-3.5 -3.25 98 99 4.96525756673059 0.01888551151894586
-3.5 -3.25 99 100 4.698813586628167 0.02342257788650136
-3.25 -3 51 52 33.25233855087252 0.1452404250926867
-3.25 -3 52 53 32.24211681531584 0.1380304658827091
-3.25 -3 53 54 31.26269320522995 0.1305431801075972
-3.25 -3 54 55 30.31360664861356 0.122865438361709
-3.25 -3 55 56 29.34860538854684 0.6603741307851982
-3.25 -3 56 57 28.49354903097688 0.7187961868035474
-3.25 -3 57 58 27.63154098799433 0.6188944176767281
-3.25 -3 58 59 26.79658441098105 0.5298308374195455
-3.25 -3 59 60 25.98804316290632 0.4509354736619222
-3.25 -3 60 61 25.20526053212448 0.3815389578899902
-3.25 -3 61 62 24.44756615675366 0.3209756416926451
-3.25 -3 62 63 23.71425846698276 0.2684926571757783
-3.25 -3 63 64 23.00411903078557 0.2215029399603292
-3.25 -3 64 65 22.31603207537695 0.1779040399105785
-3.25 -3 65 66 21.64934611036765 0.1377896272831046
-3.25 -3 66 67 21.00272262952299 0.1036442082069661
-3.25 -3 67 68 20.37461532837025 0.07971032458104434
-3.25 -3 68 69 19.76200036189807 0.0642272809434366
-3.25 -3 69 70 19.15995520140239 0.05329072599046508
-3.25 -3 70 71 18.56466366931882 0.0468380314560823
-3.25 -3 71 72 17.97503219010887 0.04404815933883326
-3.25 -3 72 73 17.391010429087 0.04393782830886336
-3.25 -3 73 74 16.81301680607414 0.04468640746846031
-3.25 -3 74 75 16.24169733966311 0.0451611011203314
-3.25 -3 75 76 15.67740045737543 0.0453786114215293
-3.25 -3 76 77 15.12066266166287 0.04541071533503671
-3.25 -3 77 78 14.53809542242787 0.2240496631897456
-3.25 -3 78 79 13.99717346931966 0.1686359179472156
-3.25 -3 79 80 13.48490653342159 0.1669791065334477
-3.25 -3 80 81 12.9639122523154 0.124511352108567
-3.25 -3 81 82 12.45321628707308 0.09210205724543939
-3.25 -3 82 83 11.95319886817953 0.0688284530255608
-3.25 -3 83 84 11.46420010098485 0.05374210746449558
-3.25 -3 84 85 10.98652080694384 0.04544119274568754
-3.25 -3 85 86 10.52042342729152 0.04185879684181112
-3.25 -3 86 87 10.06613298791905 0.04091081896650772
-3.25 -3 87 88 9.623838123789273 0.04130222135183861
-3.25 -3 88 89 9.193692160731484 0.04260713022728543
-3.25 -3 89 90 8.775814254234493 0.04489632171335
-3.25 -3 90 91 8.370281800422658 0.0483094114153021
-3.25 -3 91 92 7.970679788997352 0.01372699590663868
-3.25 -3 92 93 7.591160256607101 0.01882143942897697
-3.25 -3 93 94 7.223906141297553 0.0250567819083576
-3.25 -3 94 95 6.868887174686896 0.03173426899309918
-3.25 -3 95 96 6.526049129728251 0.03848194503172438
-3.25 -3 96 97 6.195314722280711 0.04507181159998295
-3.25 -3 97 98 5.876584585000281 0.05134905894777206
-3.25 -3 98 99 5.57449147013495 0.006373356089819582
-3.25 -3 99 100 5.278253025232099 0.005176290323417126
-3 -2.75 51 52 33.97458186393783 0.1173559028794403
-3 -2.75 52 53 32.99323289479629 0.1119793606645382
-3 -2.75 53 54 32.03820872201939 0.1059345373155716
-3 -2.75 54 55 31.05524507848004 0.8012388193635169
-3 -2.75 55 56 30.19651290953614 0.8969141632172571
-3 -2.75 56 57 29.32043463254603 0.7774722130652795
-3 -2.75 57 58 28.46916296481743 0.6703628419249683
-3 -2.75 58 59 27.6423900089853 0.574882786691206
-3 -2.75 59 60 26.83974879316872 0.4903247688829065
-3 -2.75 60 61 26.06082439122589 0.4159811393713475
-3 -2.75 61 62 25.3051638410338 0.3511471263782156
-3 -2.75 62 63 24.5722609656159 0.2950144199913365
-3 -2.75 63 64 23.8610595771103 0.2446311802601025
-3 -2.75 64 65 23.17059122427436 0.1975910613312017
-3 -2.75 65 66 22.5003465711653 0.1540440892861199
-3 -2.75 66 67 21.84908343286691 0.1169695307583795
-3 -2.75 67 68 21.21534351247951 0.08554426161506049
-3 -2.75 68 69 20.59609538200591 0.05962189395948778
-3 -2.75 69 70 19.98631087778021 0.04593115698494712
-3 -2.75 70 71 19.382084718748 0.03757000186012188
-3 -2.75 71 72 18.78234724340243 0.03417239265894849
-3 -2.75 72 73 18.18710741817821 0.03486454663411346
-3 -2.75 73 74 17.59686841312219 0.0368800863010597
-3 -2.75 74 75 17.01236721898331 0.03846324089970325
-3 -2.75 75 76 16.4340244651212 0.03964312630242559
-3 -2.75 76 77 15.86245991909227 0.04054842397543514
-3 -2.75 77 78 15.26479600001364 0.269981784610085
-3 -2.75 78 79 14.70748169663366 0.2089173187721309
-3 -2.75 79 80 14.18012613043825 0.2213920231806788
-3 -2.75 80 81 13.64197434887049 0.1731470541616638
-3 -2.75 81 82 13.11371977816043 0.1357759120869493
-3 -2.75 82 83 12.59581396234467 0.1079952868239253
-3 -2.75 83 84 12.0886648263117 0.08851224580011535
-3 -2.75 84 85 11.59263753179569 0.0759360240166866
-3 -2.75 85 86 11.10805540190895 0.06879195481948436
-3 -2.75 86 87 10.63520091364421 0.06571301160396215
-3 -2.75 87 88 10.17431675642539 0.06567023619109277
-3 -2.75 88 89 9.72560695487482 0.06802781085548897
-3 -2.75 89 90 9.289238054692031 0.07241226517956836
-3 -2.75 90 91 8.855934330577172 0.03239754684714802
-3 -2.75 91 92 8.446172712910379 0.03935536255953164
-3 -2.75 92 93 8.048865425270639 0.04707717391137699
-3 -2.75 93 94 7.664039824123993 0.05515959158276301
-3 -2.75 94 95 7.291695976426572 0.06334377737966761
-3 -2.75 95 96 6.931807519387553 0.07142011455545429
-3 -2.75 96 97 6.584322602435746 0.07921999192219238
-3 -2.75 97 98 6.254391332111631 0.007022794268167316
-3 -2.75 98 99 5.930054655239581 0.005689858613849464
-3 -2.75 99 100 5.617981825588615 0.004569347320672048
-2.75 -2.5 51 52 33.78965708210848 0.1036362006370996
-2.75 -2.5 52 53 32.85736169991958 0.09960102218376499
-2.75 -2.5 53 54 31.9466382088909 0.0945472006244352
-2.75 -2.5 54 55 31.04691842504455 1.111804914218819
-2.75 -2.5 55 56 30.18159589893362 0.9719058868053321
-2.75 -2.5 56 57 29.33802825459706 0.8443764962470302
-2.75 -2.5 57 58 28.51606726440365 0.7299241424207198
-2.75 -2.5 58 59 27.71569550768595 0.6278184289269201
-2.75 -2.5 59 60 26.93680843974845 0.5373234454123188
-2.75 -2.5 60 61 26.17922846069712 0.4577015539858166
-2.75 -2.5 61 62 25.44271748201407 0.3882167656008447
-2.75 -2.5 62 63 24.72696435611044 0.3280150385524046
-2.75 -2.5 63 64 24.03108786656674 0.2738322372178665
-2.75 -2.5 64 65 23.35427881997428 0.2230005093987218
-2.75 -2.5 65 66 22.69617289490368 0.175717250779227
-2.75 -2.5 66 67 22.05564737044138 0.1353860109729808
-2.75 -2.5 67 68 21.43136394937547 0.1011126136423652
-2.75 -2.5 68 69 20.82036483141847 0.0714652022154911
-2.75 -2.5 69 70 20.21766334916659 0.04929945430953259
-2.75 -2.5 70 71 19.61938038756077 0.03843501256793097
-2.75 -2.5 71 72 19.02449873886654 0.03286319746491424
-2.75 -2.5 72 73 18.43308160374227 0.0325594473222883
-2.75 -2.5 73 74 17.84569678822807 0.03457446501060689
-2.75 -2.5 74 75 17.26314460255654 0.03648368912239104
-2.75 -2.5 75 76 16.68589971751978 0.03806888838475157
-2.75 -2.5 76 77 16.11464060547763 0.03940872909979669
-2.75 -2.5 77 78 15.51820374801791 0.3067809461270808
-2.75 -2.5 78 79 14.95935900766386 0.2401116947139249
-2.75 -2.5 79 80 14.43051141450399 0.2643527882533233
-2.75 -2.5 80 81 13.88999747955743 0.2104629945450628
-2.75 -2.5 81 82 13.35885421322554 0.1684633303358148
-2.75 -2.5 82 83 12.83758202519694 0.1369208664058285
-2.75 -2.5 83 84 12.32663555368037 0.1144086910688973
-2.75 -2.5 84 85 11.82642454581255 0.09946271966078452
-2.75 -2.5 85 86 11.33731480785536 0.09061906853255945
-2.75 -2.5 86 87 10.85962922509338 0.08655533875475993
-2.75 -2.5 87 88 10.39364884937288 0.08623777718955081
-2.75 -2.5 88 89 9.939614052970445 0.08894806123324057
-2.75 -2.5 89 90 9.497725747160935 0.0941863828523206
-2.75 -2.5 90 91 9.057510364841253 0.04734477464959363
-2.75 -2.5 91 92 8.642121265198893 0.05539727874955899
-2.75 -2.5 92 93 8.239080170924071 0.06417179704884009
-2.75 -2.5 93 94 7.848438859542934 0.07334577713524076
-2.75 -2.5 94 95 7.470220498630164 0.08264673669232558
-2.75 -2.5 95 96 7.104420508598912 0.09184834338997368
-2.75 -2.5 96 97 6.757422702024579 0.01060714683206686
-2.75 -2.5 97 98 6.414654600635149 0.009214303484500506
-2.75 -2.5 98 99 6.084308150551905 0.008065151092430932
-2.75 -2.5 99 100 5.766271631042537 0.007158714028295585
-2.5 -2.25 51 52 32.93389021982836 0.09522025560100573
-2.5 -2.25 52 53 32.05993671472908 0.09205047646907293
-2.5 -2.25 53 54 31.20306542119383 0.08654765518437153
-2.5 -2.25 54 55 30.35346249477644 1.193183675486259
-2.5 -2.25 55 56 29.53410629681866 1.044484378823467
-2.5 -2.25 56 57 28.73309130323315 0.9087888864253706
-2.5 -2.25 57 58 27.95055890128825 0.7868938212441157
-2.5 -2.25 58 59 27.18675024036334 0.6780441473602796
-2.5 -2.25 59 60 26.44179535488738 0.5814777455223451
-2.5 -2.25 60 61 25.7157296884677 0.496429334866884
-2.5 -2.25 61 62 25.00850887515 0.4221339698902312
-2.5 -2.25 62 63 24.31999861833805 0.3576954364659207
-2.5 -2.25 63 64 23.64948213307329 0.2995686193605894
-2.5 -2.25 64 65 22.99630054611784 0.2448503394655359
-2.5 -2.25 65 66 22.36022360365779 0.1937795090587803
-2.5 -2.25 66 67 21.74025252149691 0.1501331247186861
-2.5 -2.25 67 68 21.1351824452439 0.1129585199812512
-2.5 -2.25 68 69 20.54218534350126 0.08070590956316007
-2.5 -2.25 69 70 19.95643372262271 0.05313696792372608
-2.5 -2.25 70 71 19.37417362343454 0.0306329265240161
-2.5 -2.25 71 72 18.79446656518342 0.02261399497663721
-2.5 -2.25 72 73 18.21742566196902 0.02322319351777277
-2.5 -2.25 73 74 17.64366374368217 0.02756351663680008
-2.5 -2.25 74 75 17.07401637625187 0.03139205081351749
-2.5 -2.25 75 76 16.50899329923006 0.03453128972990608
-2.5 -2.25 76 77 15.94930600150106 0.03719184396181874
-2.5 -2.25 77 78 15.39574472787824 0.04041784928009692
-2.5 -2.25 78 79 14.81138419003275 0.2814600013299945
-2.5 -2.25 79 80 14.29280405062603 0.306189854658814
-2.5 -2.25 80 81 13.76144158850457 0.2460024607924851
-2.5 -2.25 81 82 13.23894401052743 0.1986396461613422
-2.5 -2.25 82 83 12.7258352260989 0.1625739726319021
-2.5 -2.25 83 84 12.22259237803245 0.1363320074050179
-2.5 -2.25 84 85 11.72964677409806 0.118467087968873
-2.5 -2.25 85 86 11.24738488484562 0.1075728486174907
-2.5 -2.25 86 87 10.77614940747663 0.1023573567980099
-2.5 -2.25 87 88 10.31624039440786 0.1017336887654286
-2.5 -2.25 88 89 9.867916445012625 0.104849560767551
-2.5 -2.25 89 90 9.43139595905053 0.1110372474074903
-2.5 -2.25 90 91 9.006848243038242 0.1195977681353435
-2.5 -2.25 91 92 8.584527213557308 0.07404405508154323
-2.5 -2.25 92 93 8.186099416450462 0.0834991576716716
-2.5 -2.25 93 94 7.799785048899619 0.09354125787525115
-2.5 -2.25 94 95 7.425619769258324 0.1037323605934314
-2.5 -2.25 95 96 7.063611311440713 0.1138286847515463
-2.5 -2.25 96 97 6.724028188259778 0.01201810144407677
-2.5 -2.25 97 98 6.384361422106961 0.01022938135951564
-2.5 -2.25 98 99 6.056896821608868 0.00865020837968254
-2.5 -2.25 99 100 5.741534814621525 0.007283284971404206
-2.25 -2 51 52 33.37105452573562 0.1021005927776658
-2.25 -2 52 53 32.50355289465224 0.09885119011073255
-2.25 -2 53 54 31.65115921266661 0.09311465800363831
-2.25 -2 54 55 30.80043251703404 1.305033400848298
-2.25 -2 55 56 29.98235363355741 1.14695324549754
-2.25 -2 56 57 29.18131408855356 1.002488595941067
-2.25 -2 57 58 28.3976270433871 0.8725223247412647
-2.25 -2 58 59 27.63168035570163 0.756279363052054
-2.25 -2 59 60 26.8837341170177 0.6529757008272057
-2.25 -2 60 61 26.15393907669431 0.5618224629053236
-2.25 -2 61 62 25.44235312691512 0.482029533204793
-2.25 -2 62 63 24.74893276197784 0.4126625762465341
-2.25 -2 63 64 24.07303716897749 0.3499066708415715
-2.25 -2 64 65 23.41407524872001 0.2906320411908869
-2.25 -2 65 66 22.77187843171779 0.2351164741978451
-2.25 -2 66 67 22.14547798949809 0.187507195366794
-2.25 -2 67 68 21.53369537094929 0.1467877862736037
-2.25 -2 68 69 20.93366234480463 0.1112986143998534
-2.25 -2 69 70 20.34045747923417 0.08076577210371955
-2.25 -2 70 71 19.75026637046356 0.0554473262824822
-2.25 -2 71 72 19.16217300926559 0.03308808834848446
-2.25 -2 72 73 18.5763367514727 0.01584220998286251
-2.25 -2 73 74 17.99342529734278 0.007692039216703249
-2.25 -2 74 75 17.41432646196255 0.01198296751974989
-2.25 -2 75 76 16.83960867842968 0.01777875627440368
-2.25 -2 76 77 16.27003398177596 0.02297953050183701
-2.25 -2 77 78 15.70643517372502 0.02735860364605235
-2.25 -2 78 79 15.12879654543885 0.3552019149971644
-2.25 -2 79 80 14.60128017064471 0.3652032547143491
-2.25 -2 80 81 14.05909882452968 0.2982109249145803
-2.25 -2 81 82 13.52581525436622 0.2448603156166815
-2.25 -2 82 83 13.00198276108929 0.203537540824109
-2.25 -2 83 84 12.48810561449411 0.172743261982749
-2.25 -2 84 85 11.9846400523861 0.1510869691877758
-2.25 -2 85 86 11.49199534714423 0.1372814327771019
-2.25 -2 86 87 11.01053493982883 0.1301410796654799
-2.25 -2 87 88 10.54057764013862 0.1285854112344868
-2.25 -2 88 89 10.08239889084075 0.1316429353728667
-2.25 -2 89 90 9.636232094560491 0.1384496959298533
-2.25 -2 90 91 9.202259609610476 0.1480782097585978
-2.25 -2 91 92 8.780594795518752 0.159236545014062
-2.25 -2 92 93 8.361056256145865 0.1270740193057806
-2.25 -2 93 94 7.966216884250333 0.1370823142955977
-2.25 -2 94 95 7.588725068280121 0.00826360745638139
-2.25 -2 95 96 7.216611678520135 0.005765929275245743
-2.25 -2 96 97 6.857076459354447 0.003786961918973824
-2.25 -2 97 98 6.510077542813082 0.002603469650587485
-2.25 -2 98 99 6.175543911060982 0.002571446084981349
-2.25 -2 99 100 5.853377220684154 0.003734281665715586
-2 -1.75 51 52 31.86193284326731 0.101356496213195
-2 -1.75 52 53 31.08707613736433 0.0982217689849063
-2 -1.75 53 54 30.25117550182807 1.148182143817484
-2 -1.75 54 55 29.5567783148953 1.345240229961874
-2 -1.75 55 56 28.81365789745723 1.180092207780993
-2 -1.75 56 57 28.08263468259281 1.029109907498859
-2 -1.75 57 58 27.36439684206314 0.8932632155374783
-2 -1.75 58 59 26.65967719535584 0.7717555139225045
-2 -1.75 59 60 25.9690510193787 0.6637797096029586
-2 -1.75 60 61 25.29295733306365 0.5685224264131914
-2 -1.75 61 62 24.63171797375355 0.4851677445063461
-2 -1.75 62 63 23.98553376530791 0.4127449119536943
-2 -1.75 63 64 23.35403101154554 0.3472192758671235
-2 -1.75 64 65 22.73686180616363 0.2852773311435894
-2 -1.75 65 66 22.13404475411355 0.2272301157772618
-2 -1.75 66 67 21.54482566744049 0.1775109724244693
-2 -1.75 67 68 20.96825138221266 0.1350579442586788
-2 -1.75 68 69 20.40170029326342 0.09811211577606642
-2 -1.75 69 70 19.84051765307969 0.06646844858720248
-2 -1.75 70 71 19.28104055538955 0.04049379127987959
-2 -1.75 71 72 18.72240652367408 0.01856618078711797
-2 -1.75 72 73 18.16479313845265 0.01785629888860863
-2 -1.75 73 74 17.60889262292338 0.02458563713027193
-2 -1.75 74 75 17.05561865800755 0.03007708051729413
-2 -1.75 75 76 16.50554815257645 0.03479022559390921
-2 -1.75 76 77 15.95946592359555 0.04000924271891588
-2 -1.75 77 78 15.41823453573482 0.04423922215494212
-2 -1.75 78 79 14.86292963051881 0.4422378144497063
-2 -1.75 79 80 14.33359337151914 0.3536037782984586
-2 -1.75 80 81 13.81147860447116 0.2814774045242799
-2 -1.75 81 82 13.2972192115565 0.2240564272287326
-2 -1.75 82 83 12.79139921385234 0.1796609276474665
-2 -1.75 83 84 12.29455369533805 0.1467196289500988
-2 -1.75 84 85 11.80716978663678 0.12374476636255
-2 -1.75 85 86 11.32968770965007 0.1093075857671302
-2 -1.75 86 87 10.86250188394828 0.1020444468850409
-2 -1.75 87 88 10.40596209402574 0.1007085167032421
-2 -1.75 88 89 9.960374716792185 0.1042261152915215
-2 -1.75 89 90 9.526004007567295 0.1117023926596316
-2 -1.75 90 91 9.103063562705501 0.1222086036473627
-2 -1.75 91 92 8.691699307665647 0.1344258005713504
-2 -1.75 92 93 8.292051179632118 0.1476735310141867
-2 -1.75 93 94 7.896014152390467 0.1065023731022235
-2 -1.75 94 95 7.521991129273186 0.1178861450810915
-2 -1.75 95 96 7.159764115298398 0.1293371514749077
-2 -1.75 96 97 6.819313331425242 0.01041942621495148
-2 -1.75 97 98 6.478399423879127 0.007851343949230797
-2 -1.75 98 99 6.149445140754006 0.005776148130192674
-2 -1.75 99 100 5.832378949770106 0.00391642360328844
-1.75 -1.5 51 52 31.71732210367563 0.09719114299818223
-1.75 -1.5 52 53 30.92852982437424 0.09420633110296246
-1.75 -1.5 53 54 30.14917112146239 0.088465087826642
-1.75 -1.5 54 55 29.38686328814927 1.429140876148976
-1.75 -1.5 55 56 28.63123690246888 1.254851695520797
-1.75 -1.5 56 57 27.88832864814319 1.09540173236484
-1.75 -1.5 57 58 27.15881739558 0.9518342856748913
-1.75 -1.5 58 59 26.4434249733809 0.8233267641624185
-1.75 -1.5 59 60 25.74271370820017 0.7090444060520739
-1.75 -1.5 60 61 25.05710813550782 0.6081446545221341
-1.75 -1.5 61 62 24.38691446785313 0.5197810660675499
-1.75 -1.5 62 63 23.7323159090738 0.4429405348633454
-1.75 -1.5 63 64 23.09289162578824 0.3733327309495604
-1.75 -1.5 64 65 22.46825219523065 0.3074273629894748
-1.75 -1.5 65 66 21.85840193740134 0.2455616935788583
-1.75 -1.5 66 67 21.26255094498731 0.1924781549135071
-1.75 -1.5 67 68 20.67972787631911 0.1470605128559746
-1.75 -1.5 68 69 20.10730301070755 0.1074349646611542
-1.75 -1.5 69 70 19.54068527503659 0.07336978688476382
-1.75 -1.5 70 71 18.9763078825157 0.04520677145929324
-1.75 -1.5 71 72 18.41337345143508 0.02081356442007365
-1.75 -1.5 72 73 17.85209409386844 0.01137395390308868
-1.75 -1.5 73 74 17.29317750766427 0.02079666385800372
-1.75 -1.5 74 75 16.73753305003518 0.02855817428659788
-1.75 -1.5 75 76 16.18575159965891 0.0357627339782551
-1.75 -1.5 76 77 15.63861384393277 0.04171644607495036
-1.75 -1.5 77 78 15.05606135605107 0.420789612356945
-1.75 -1.5 78 79 14.5424973020607 0.444556933441735
-1.75 -1.5 79 80 14.01381780938184 0.3516595883253418
-1.75 -1.5 80 81 13.49295845895194 0.2762586048920959
-1.75 -1.5 81 82 12.98052661749475 0.2164683299188738
-1.75 -1.5 82 83 12.47707876110556 0.1705238222234807
-1.75 -1.5 83 84 11.98312156582001 0.136756476530773
-1.75 -1.5 84 85 11.49911305414974 0.113552931286756
-1.75 -1.5 85 86 11.02546379831886 0.09932501646982872
-1.75 -1.5 86 87 10.56253818051658 0.09254950035506183
-1.75 -1.5 87 88 10.11065570879792 0.09188536678115398
-1.75 -1.5 88 89 9.670092387496286 0.09625800962314564
-1.75 -1.5 89 90 9.2410821397708 0.1048199320939918
-1.75 -1.5 90 91 8.823808745849053 0.1166658002531451
-1.75 -1.5 91 92 8.418389572773926 0.1304264683892951
-1.75 -1.5 92 93 8.024935267021789 0.1453739720107582
-1.75 -1.5 93 94 7.643530302336497 0.1610234398628116
-1.75 -1.5 94 95 7.266045961305277 0.1175750674088758
-1.75 -1.5 95 96 6.91076703066765 0.1307579393608533
-1.75 -1.5 96 97 6.579353930215401 0.01296593956228867
-1.75 -1.5 97 98 6.245476161934791 0.01068145751232332
-1.75 -1.5 98 99 5.923640742256804 0.008664236520837644
-1.75 -1.5 99 100 5.613752150303746 0.006937298095460022
-1.5 -1.25 51 52 30.26495418885182 0.1080832224065246
-1.5 -1.25 52 53 29.54201691158033 0.1050302729555892
-1.5 -1.25 53 54 28.82436256216508 0.1004393455560254
-1.5 -1.25 54 55 28.11000729438632 1.52853670083136
-1.5 -1.25 55 56 27.40902189146166 1.346246697281977
-1.5 -1.25 56 57 26.71753877349968 1.179219845156391
-1.5 -1.25 57 58 26.03648841766744 1.028576695091888
-1.5 -1.25 58 59 25.36681534921698 0.89348761269362
-1.5 -1.25 59 60 24.70928486038042 0.7731087438026821
-1.5 -1.25 60 61 24.06450662397918 0.6665865101293946
-1.5 -1.25 61 62 23.43295588892455 0.5730616383526638
-1.5 -1.25 62 63 22.81497185782281 0.4914981942530564
-1.5 -1.25 63 64 22.2103023504569 0.4174142522192987
-1.5 -1.25 64 65 21.61871125412353 0.3471172205812086
-1.5 -1.25 65 66 21.04032104509417 0.280972199684499
-1.5 -1.25 66 67 20.47447191787003 0.2239907046107596
-1.5 -1.25 67 68 19.9203369193482 0.1750069751566528
-1.5 -1.25 68 69 19.37546473857451 0.1320542638599396
-1.5 -1.25 69 70 18.8355160204222 0.09485090644901348
-1.5 -1.25 70 71 18.29711555383356 0.066530165986384
-1.5 -1.25 71 72 17.75954762158231 0.05115347371929738
-1.5 -1.25 72 73 17.22305390248977 0.04280764519437412
-1.5 -1.25 73 74 16.68835744869102 0.04083231939254738
-1.5 -1.25 74 75 16.15636976810097 0.04170092139893344
-1.5 -1.25 75 76 15.62768495489087 0.04355715321688423
-1.5 -1.25 76 77 15.10308541457333 0.04581957286825129
-1.5 -1.25 77 78 14.58341569275471 0.04810525654902954
-1.5 -1.25 78 79 14.05790734551345 0.4892782481866319
-1.5 -1.25 79 80 13.54930014331516 0.3877779724097481
-1.5 -1.25 80 81 13.04800252006034 0.3047984640568197
-1.5 -1.25 81 82 12.55462094501637 0.2383463939508134
-1.5 -1.25 82 83 12.06971116530812 0.1865642041828667
-1.5 -1.25 83 84 11.59377939155615 0.147729360048658
-1.5 -1.25 84 85 11.12728352765987 0.1202439418708162
-1.5 -1.25 85 86 10.67063444603878 0.1026098080692241
-1.5 -1.25 86 87 10.22419730880269 0.0934007974194463
-1.5 -1.25 87 88 9.788292934031041 0.09126684099096689
-1.5 -1.25 88 89 9.363199206436619 0.09498125191611262
-1.5 -1.25 89 90 8.949152530306595 0.1034797886371426
-1.5 -1.25 90 91 8.546339665021037 0.1156520947082704
-1.5 -1.25 91 92 8.154881230478733 0.1299479153667977
-1.5 -1.25 92 93 7.774892172327277 0.1455689919433988
-1.5 -1.25 93 94 7.406462033087685 0.1619983713804758
-1.5 -1.25 94 95 7.049646583426988 0.1787866363891185
-1.5 -1.25 95 96 6.697588525808516 0.1387059232544471
-1.5 -1.25 96 97 6.365879183497892 0.1516346221752658
-1.5 -1.25 97 98 6.055831193202238 0.01866609280070727
-1.5 -1.25 98 99 5.744731582623274 0.01688822532093867
-1.5 -1.25 99 100 5.445114777689977 0.01535573158147037
-1.25 -1 51 52 30.45372167338857 0.1132518151041969
-1.25 -1 52 53 29.73621144896029 0.1100294841417069
-1.25 -1 53 54 29.02268216384547 0.1037725117230227
-1.25 -1 54 55 28.30751641593233 1.591137977465087
-1.25 -1 55 56 27.60854666162911 1.402400385514833
-1.25 -1 56 57 26.91823032397514 1.229427191946181
-1.25 -1 57 58 26.23761092341005 1.07339578441244
-1.25 -1 58 59 25.56772664816185 0.933455633360621
-1.25 -1 59 60 24.90942558833234 0.8087407494799749
-1.25 -1 60 61 24.26339062154565 0.6983743146361866
-1.25 -1 61 62 23.6301617503257 0.601472826609813
-1.25 -1 62 63 23.01013524427609 0.5169667582084034
-1.25 -1 63 64 22.40310013407569 0.4401709441552973
-1.25 -1 64 65 21.80885745826276 0.3672215466996611
-1.25 -1 65 66 21.22756967541773 0.2985075119484507
-1.25 -1 66 67 20.65860031335939 0.239292243104801
-1.25 -1 67 68 20.10114958365806 0.1883678827195135
-1.25 -1 68 69 19.55276784204378 0.143688400846042
-1.25 -1 69 70 19.00910086344631 0.1049650385991684
-1.25 -1 70 71 18.46675994254842 0.07253165426053029
-1.25 -1 71 72 17.92504203922211 0.0472526067305415
-1.25 -1 72 73 17.38420725093326 0.03320292375100004
-1.25 -1 73 74 16.84500491694187 0.02706021748290167
-1.25 -1 74 75 16.30837323899142 0.02635699422468695
-1.25 -1 75 76 15.7749289939144 0.02810259906920218
-1.25 -1 76 77 15.24547907650569 0.03091975545668171
-1.25 -1 77 78 14.71923803824748 0.582859293685162
-1.25 -1 78 79 14.1988511324643 0.4579355384245929
-1.25 -1 79 80 13.68508093460356 0.3544958318571873
-1.25 -1 80 81 13.17860590765891 0.2703764212635449
-1.25 -1 81 82 12.68005128327034 0.2035640699606748
-1.25 -1 82 83 12.18999022416529 0.1522000785498882
-1.25 -1 83 84 11.70894503195048 0.114561519163514
-1.25 -1 84 85 11.23738840204247 0.08898160734169183
-1.25 -1 85 86 10.77574472678076 0.07369462119611604
-1.25 -1 86 87 10.32439144745789 0.06677178713942425
-1.25 -1 87 88 9.883660454372574 0.06641825792890134
-1.25 -1 88 89 9.453839534123233 0.07137624026981342
-1.25 -1 89 90 9.035173861501967 0.08088474523015883
-1.25 -1 90 91 8.627858196535914 0.09414555376495748
-1.25 -1 91 92 8.232021046430397 0.1097461058792951
-1.25 -1 92 93 7.847783248144335 0.1268796100130752
-1.25 -1 93 94 7.47523895833503 0.1449832242375576
-1.25 -1 94 95 7.114447658204941 0.1635571923385864
-1.25 -1 95 96 6.757477137295314 0.1188043966563716
-1.25 -1 96 97 6.42222361857911 0.1338066380753083
-1.25 -1 97 98 6.09853004133646 0.1483925240515686
-1.25 -1 98 99 5.791049830606404 0.007876377616572687
-1.25 -1 99 100 5.488382981953556 0.006516256158714782
-1 -0.75 51 52 30.01558288493882 0.121043810928568
-1 -0.75 52 53 29.30391694255908 0.1176041319052578
-1 -0.75 53 54 28.59580381663167 0.1110275596637047
-1 -0.75 54 55 27.8802595562849 1.637965954318458
-1 -0.75 55 56 27.18628067276887 1.443850403997304
-1 -0.75 56 57 26.50066995496218 1.265856718561145
-1 -0.75 57 58 25.82450803885939 1.105220828792617
-1 -0.75 58 59 25.15886906133679 0.9610811069557937
-1 -0.75 59 60 24.5046325655818 0.8325592818333664
-1 -0.75 60 61 23.86250890567186 0.7187651526266604
-1 -0.75 61 62 23.23306206309994 0.6188008160749864
-1 -0.75 62 63 22.61670960974126 0.531575037275736
-1 -0.75 63 64 22.01326404324014 0.4522544035245045
-1 -0.75 64 65 21.42254815812592 0.3768499937484637
-1 -0.75 65 66 20.84473987397868 0.3057712194073731
-1 -0.75 66 67 20.27922148382868 0.2444760725829432
-1 -0.75 67 68 19.7252242774142 0.1917239907652199
-1 -0.75 68 69 19.18034580259597 0.1453983273410128
-1 -0.75 69 70 18.64032752646003 0.1052118956197231
-1 -0.75 70 71 18.10186655411933 0.0715037806694223
-1 -0.75 71 72 17.56430010880315 0.0411979406760532
-1 -0.75 72 73 17.02790202752409 0.0158164253618794
-1 -0.75 73 74 16.49342433680408 0.00578893399168239
-1 -0.75 74 75 15.96179645726441 0.01544824410350438
-1 -0.75 75 76 15.43363366006676 0.02523142394224405
-1 -0.75 76 77 14.90973386322605 0.03343873636567162
-1 -0.75 77 78 14.38456285498157 0.6163178365312195
-1 -0.75 78 79 13.8703930495131 0.4853099879271592
-1 -0.75 79 80 13.36306601514755 0.3765476385027482
-1 -0.75 80 81 12.86324247671609 0.2877839029950607
-1 -0.75 81 82 12.37152940187318 0.2169160493048644
-1 -0.75 82 83 11.88848129580353 0.1619921240269293
-1 -0.75 83 84 11.41460153572798 0.12120871308239
-1 -0.75 84 85 10.95034374668603 0.09287854914690484
-1 -0.75 85 86 10.49611321913969 0.07534080573143656
-1 -0.75 86 87 10.05226836909841 0.06686678097079093
-1 -0.75 87 88 9.619122239332846 0.06575885590422111
-1 -0.75 88 89 9.196944040812014 0.07063412039897297
-1 -0.75 89 90 8.785960731416928 0.08050123852994631
-1 -0.75 90 91 8.386349501065361 0.09435882677342355
-1 -0.75 91 92 7.998222388501368 0.1106447206807087
-1 -0.75 92 93 7.621683665821969 0.1285102442936153
-1 -0.75 93 94 7.256811348579436 0.1473809316187533
-1 -0.75 94 95 6.903649466419576 0.1667490441073911
-1 -0.75 95 96 6.562209802304846 0.1861758999221847
-1 -0.75 96 97 6.225270650155775 0.1406993415080934
-1 -0.75 97 98 5.909094791024788 0.1555496306380555
-1 -0.75 98 99 5.611470316404748 0.00799717107059952
-1 -0.75 99 100 5.31590589061009 0.005454346504025958
-0.75 -0.5 51 52 29.25222910169029 0.1214156488772913
-0.75 -0.5 52 53 28.57067098505482 0.1180585950197144
-0.75 -0.5 53 54 27.89084642787213 0.1114902392213143
-0.75 -0.5 54 55 27.20436644636251 1.693383607814631
-0.75 -0.5 55 56 26.53530366451832 1.494336578456239
-0.75 -0.5 56 57 25.87320563062852 1.311726942236463
-0.75 -0.5 57 58 25.21926510556236 1.14682988586298
-0.75 -0.5 58 59 24.57465486170327 0.9987740358785472
-0.75 -0.5 59 60 23.94034398856371 0.8666703041593082
-0.75 -0.5 60 61 23.31712420529163 0.7496166845475505
-0.75 -0.5 61 62 22.70563350254025 0.6467025534543377
-0.75 -0.5 62 63 22.10635750346177 0.5568182233795325
-0.75 -0.5 63 64 21.51918139728201 0.4750135781398576
-0.75 -0.5 64 65 20.94399420637178 0.3972020326753143
-0.75 -0.5 65 66 20.38102561066482 0.3238083335245867
-0.75 -0.5 66 67 19.8297179911455 0.2604402885016437
-0.75 -0.5 67 68 19.28937286852201 0.2058307499367799
-0.75 -0.5 68 69 18.75767973772366 0.1578163810883298
-0.75 -0.5 69 70 18.23051418759829 0.116104954623965
-0.75 -0.5 70 71 17.70467315936801 0.08105799350201856
-0.75 -0.5 71 72 17.17953333193408 0.05641108769946429
-0.75 -0.5 72 73 16.65538056453595 0.04216665148270102
-0.75 -0.5 73 74 16.13297132463337 0.03580771877791938
-0.75 -0.5 74 75 15.61323240770896 0.0345923638976764
-0.75 -0.5 75 76 15.09678016523891 0.03578252488569241
-0.75 -0.5 76 77 14.58441030460153 0.03817139991719004
-0.75 -0.5 77 78 14.10162213502696 0.3990627072089486
-0.75 -0.5 78 79 13.5707408488333 0.502749664667642
-0.75 -0.5 79 80 13.0740618342268 0.3902300135891489
-0.75 -0.5 80 81 12.58470931878549 0.2982515024781479
-0.75 -0.5 81 82 12.10328416998045 0.2246448930227898
-0.75 -0.5 82 83 11.63033499864694 0.1673895576612889
-0.75 -0.5 83 84 11.16635954419566 0.1246180428848105
-0.75 -0.5 84 85 10.71180609503711 0.09460619384598175
-0.75 -0.5 85 86 10.26707494526317 0.07572337887434685
-0.75 -0.5 86 87 9.832519888247504 0.06634502669296825
-0.75 -0.5 87 88 9.408449746186093 0.06485153078696156
-0.75 -0.5 88 89 8.995129934938142 0.06980574531279295
-0.75 -0.5 89 90 8.592784061079428 0.08007409108157117
-0.75 -0.5 90 91 8.201586470685932 0.09451644518501955
-0.75 -0.5 91 92 7.821646964516006 0.1114611307110311
-0.75 -0.5 92 93 7.453067892567006 0.1300240681954371
-0.75 -0.5 93 94 7.095925776078328 0.1496177279523617
-0.75 -0.5 94 95 6.750263627649794 0.1697249811127223
-0.75 -0.5 95 96 6.416092686158652 0.1898988561017544
-0.75 -0.5 96 97 6.086287248161725 0.1464930124592812
-0.75 -0.5 97 98 5.786180882734339 0.01482485681736284
-0.75 -0.5 98 99 5.485727225771409 0.01297158612292101
-0.75 -0.5 99 100 5.196557721919341 0.01143155304994599
-0.5 -0.25 51 52 29.12826239555648 0.128336083052921
-0.5 -0.25 52 53 28.45683585124522 0.1243243941274956
-0.5 -0.25 53 54 27.78621586321967 0.1186254627266126
-0.5 -0.25 54 55 27.10901059465553 1.716742244477708
-0.5 -0.25 55 56 26.44756244762979 1.514887621845873
-0.5 -0.25 56 57 25.79239915513088 1.329676636292645
-0.5 -0.25 57 58 25.14477933283459 1.162411875381037
-0.5 -0.25 58 59 24.50593298715773 1.012214422434092
-0.5 -0.25 59 60 23.8768806759893 0.8781870530951335
-0.5 -0.25 60 61 23.25846044193088 0.7594190898639925
-0.5 -0.25 61 62 22.65135201420486 0.6549907587060906
-0.5 -0.25 62 63 22.05607890194085 0.5637792729519746
-0.5 -0.25 63 64 21.47256338589318 0.4807513220647633
-0.5 -0.25 64 65 20.90072800706429 0.4017495823391166
-0.5 -0.25 65 66 20.34083002830413 0.3272088000349224
-0.5 -0.25 66 67 19.79233673733155 0.2628456453351373
-0.5 -0.25 67 68 19.25457684254309 0.2073738209001447
-0.5 -0.25 68 69 18.72526150665703 0.1585907774942131
-0.5 -0.25 69 70 18.20028945309988 0.1162041742067333
-0.5 -0.25 70 71 17.67647496946975 0.08058185472144064
-0.5 -0.25 71 72 17.1532090513912 0.05899989768726343
-0.5 -0.25 72 73 16.6307881699386 0.04580713965944492
-0.5 -0.25 73 74 16.10997984110261 0.04032665953292251
-0.5 -0.25 74 75 15.5917200742971 0.0394484453476564
-0.5 -0.25 75 76 15.07663376537128 0.0406276147945721
-0.5 -0.25 76 77 14.56552518532001 0.04284205117892127
-0.5 -0.25 77 78 14.05489882869627 0.6454702132985332
-0.5 -0.25 78 79 13.55269666087838 0.507699979081778
-0.5 -0.25 79 80 13.05708036379692 0.3931727281534746
-0.5 -0.25 80 81 12.56871088792819 0.2995465573101134
-0.5 -0.25 81 82 12.08819519073884 0.2246229037252295
-0.5 -0.25 82 83 11.61608760228837 0.166354523892048
-0.5 -0.25 83 84 11.15289122424898 0.1228507561823204
-0.5 -0.25 84 85 10.69905936382767 0.09236653993443225
-0.5 -0.25 85 86 10.25499700375082 0.07324422996217447
-0.5 -0.25 86 87 9.82106230905697 0.06380905102542819
-0.5 -0.25 87 88 9.397568169696953 0.06237288912911974
-0.5 -0.25 88 89 8.984783778322267 0.06745935299348715
-0.5 -0.25 89 90 8.582936240260977 0.07794166510895836
-0.5 -0.25 90 91 8.192203191505115 0.09269151038167128
-0.5 -0.25 91 92 7.812697637736449 0.1100205794119277
-0.5 -0.25 92 93 7.444524727066447 0.1290278523399262
-0.5 -0.25 93 94 7.087763495492638 0.1491110989183525
-0.5 -0.25 94 95 6.742459255352117 0.1697396044694429
-0.5 -0.25 95 96 6.408625342695032 0.1904545540217545
-0.5 -0.25 96 97 6.078669280459447 0.1466741078223164
-0.5 -0.25 97 98 5.769707483788103 0.1622293208788733
-0.5 -0.25 98 99 5.479698521894505 0.01441831060045391
-0.5 -0.25 99 100 5.190777766137117 0.0127491195821518
-0.25 0 51 52 29.26514878464289 0.1257267309672395
-0.25 0 52 53 28.58843737134234 0.1219053016173538
-0.25 0 53 54 27.91262089770788 0.1163222483619094
-0.25 0 54 55 27.22949935790498 1.729130381000893
-0.25 0 55 56 26.56307969184499 1.525923861541293
-0.25 0 56 57 25.90305741330098 1.339458488901995
-0.25 0 57 58 25.25069551357805 1.171051991103004
-0.25 0 58 59 24.60722764211616 1.019821845903651
-0.25 0 59 60 23.97367692540129 0.8848669507957655
-0.25 0 60 61 23.35088305774866 0.7652724974672039
-0.25 0 61 62 22.73952664504409 0.6601143455853439
-0.25 0 62 63 22.14013129811914 0.5682631941208612
-0.25 0 63 64 21.55261546161955 0.4846407620892742
-0.25 0 64 65 20.97689823878821 0.4050519595854183
-0.25 0 65 66 20.4132361678668 0.329937939546671
-0.25 0 66 67 19.86109141116007 0.2650729783399334
-0.25 0 67 68 19.31978893745381 0.2091620622629495
-0.25 0 68 69 18.78703044843378 0.1599847267190286
-0.25 0 69 70 18.25870264549594 0.1172487337784219
-0.25 0 70 71 17.73161166196755 0.08132937106370219
-0.25 0 71 72 17.20514868434157 0.0586173799969266
-0.25 0 72 73 16.67961198681505 0.04509750660968317
-0.25 0 73 74 16.1557727940129 0.03947668284654351
-0.25 0 74 75 15.63457086068018 0.03863767680190487
-0.25 0 75 76 15.1166336210227 0.039934633747288
-0.25 0 76 77 14.60276827904443 0.04229148379196868
-0.25 0 77 78 14.09014201447025 0.6438059092071345
-0.25 0 78 79 13.585380694777 0.5050417739465434
-0.25 0 79 80 13.08730345232053 0.3897147197635563
-0.25 0 80 81 12.59657269772162 0.2954703514872685
-0.25 0 81 82 12.11379636233031 0.2201002297595897
-0.25 0 82 83 11.63952929078458 0.1615513224712461
-0.25 0 83 84 11.17427466733793 0.1179325478265908
-0.25 0 84 85 10.71848547756568 0.08750042475474093
-0.25 0 85 86 10.27256600626222 0.06858019829583663
-0.25 0 86 87 9.836873372273608 0.05942311037918085
-0.25 0 87 88 9.411719098991718 0.05822906058728784
-0.25 0 88 89 8.997370719927275 0.06348093612516811
-0.25 0 89 90 8.594053415925146 0.07410603280797042
-0.25 0 90 91 8.201942699036415 0.08903740763331228
-0.25 0 91 92 7.821149354402202 0.1066045955558167
-0.25 0 92 93 7.4517760068046 0.1258981975960039
-0.25 0 93 94 7.093898968040182 0.1463037218939447
-0.25 0 94 95 6.747560688028962 0.1672791432358192
-0.25 0 95 96 6.412771525250459 0.1883562653239117
-0.25 0 96 97 6.081408850153128 0.1444282891987215
-0.25 0 97 98 5.771672412900376 0.1603040091405637
-0.25 0 98 99 5.480978797999096 0.0147122199409309
-0.25 0 99 100 5.191401372520183 0.01306229507609803
0 0.25 51 52 29.27001307538563 0.1257280802990305
0 0.25 52 53 28.59300028409785 0.1219065594464639
0 0.25 53 54 27.9169026092365 0.116323371997857
0 0.25 54 55 27.23351725900548 1.729143685347206
0 0.25 55 56 26.56685267127133 1.525935058640423
0 0.25 56 57 25.90660149209373 1.339467824753447
0 0.25 57 58 25.25402554619217 1.171059711922664
0 0.25 58 59 24.6103574304797 1.01982817653662
0 0.25 59 60 23.97661929720084 0.8848720956718599
0 0.25 60 61 23.35364993913063 0.7652766416365175
0 0.25 61 62 22.74212912795588 0.6601176557353491
0 0.25 62 63 22.1425797001769 0.5682658177884657
0 0.25 63 64 21.55491933366008 0.4846427924919166
0 0.25 64 65 20.97906643336651 0.4050534471932571
0 0.25 65 66 20.41527693655999 0.329938935624317
0 0.25 66 67 19.86301238954721 0.2650735809636887
0 0.25 67 68 19.32159716639876 0.2091623538009563
0 0.25 68 69 18.78873230114961 0.1599847673460389
0 0.25 69 70 18.26030372034168 0.1172485759548607
0 0.25 70 71 17.73311694565332 0.08132906776090539
0 0.25 71 72 17.20656282212418 0.05861702200943806
0 0.25 72 73 16.6809393924965 0.04509724518142302
0 0.25 73 74 16.15701769809579 0.03947662568290039
0 0.25 74 75 15.63573733843496 0.03863779780064502
0 0.25 75 76 15.1177255785355 0.03993487038221812
0 0.25 76 77 14.60378947436243 0.04229178291447291
0 0.25 77 78 14.09109558319504 0.6437965612116286
0 0.25 78 79 13.58627066609094 0.5050325470283163
0 0.25 79 80 13.08813318573992 0.3897057561300591
0 0.25 80 81 12.59734542370902 0.2954617802969948
0 0.25 81 82 12.114515185237 0.2200921741020291
0 0.25 82 83 11.64019719175997 0.1615439079278504
0 0.25 83 84 11.17489450722367 0.1179259093107209
0 0.25 84 85 10.71905999971263 0.08749469710037157
0 0.25 85 86 10.27309783939408 0.06857545599918773
0 0.25 86 87 9.83736503320744 0.05941925407451525
0 0.25 87 88 9.412172995464175 0.05822580234962618
0 0.25 88 89 8.997789153311359 0.06347798997723308
0 0.25 89 90 8.594438583997054 0.07410327074831599
0 0.25 90 91 8.202296698292201 0.08903483476755729
0 0.25 91 92 7.821474181783664 0.1066022631828866
0 0.25 92 93 7.452073563728806 0.1258961461153027
0 0.25 93 94 7.094171063494183 0.1463019732473969
0 0.25 94 95 6.747809041279101 0.1672777041922403
0 0.25 95 96 6.412997768497014 0.1883551317088643
0 0.25 96 97 6.081614531238849 0.144427073119364
0 0.25 97 98 5.771858998010622 0.1603032045859205
0 0.25 98 99 5.481147452714058 0.01471210202728966
0 0.25 99 100 5.191553635016461 0.01306220160309526
0.25 0.5 51 52 29.14263140124689 0.1283393524040524
0.25 0.5 52 53 28.47031832104838 0.1243274562381019
0.25 0.5 53 54 27.79887089168005 0.1186281951757926
0.25 0.5 54 55 27.12088974650416 1.716772003681562
0.25 0.5 55 56 26.4587204486908 1.514911564671378
0.25 0.5 56 57 25.8028830116597 1.329695479848086
0.25 0.5 57 58 25.15463264714086 1.162426335959682
0.25 0.5 58 59 24.51519628719399 1.012225152770651
0.25 0.5 59 60 23.88559164173779 0.8781946454649413
0.25 0.5 60 61 23.26665411600104 0.7594240791792181
0.25 0.5 61 62 22.65906099738478 0.6549936256855915
0.25 0.5 62 63 22.06333352707645 0.5637804418682333
0.25 0.5 63 64 21.47939174017486 0.4807510575055866
0.25 0.5 64 65 20.90715613106897 0.4017480221572111
0.25 0.5 65 66 20.34688219919704 0.327206083294835
0.25 0.5 66 67 19.79803542146993 0.2628420514545713
0.25 0.5 67 68 19.25994275527924 0.2073695819527324
0.25 0.5 68 69 18.73031339046334 0.1585860544444666
0.25 0.5 69 70 18.20504375694433 0.1161991079665731
0.25 0.5 70 71 17.68094633691838 0.08057657911917927
0.25 0.5 71 72 17.15741112477599 0.05899539969534714
0.25 0.5 72 73 16.63473391623951 0.04580441984759767
0.25 0.5 73 74 16.11368169316795 0.04032614811057245
0.25 0.5 74 75 15.59519001265969 0.03944963260347045
0.25 0.5 75 76 15.07988327727254 0.04062990379857818
0.25 0.5 76 77 14.56856532623763 0.04284497908248917
0.25 0.5 77 78 14.05773532887451 0.6454438456759927
0.25 0.5 78 79 13.55534510006154 0.5076739820697874
0.25 0.5 79 80 13.0595506220404 0.3931475029886956
0.25 0.5 80 81 12.57101246836662 0.2995224616287074
0.25 0.5 81 82 12.09033722808867 0.2246002684447073
0.25 0.5 82 83 11.61807887127983 0.1663336721717713
0.25 0.5 83 84 11.15474014791936 0.1228320161914229
0.25 0.5 84 85 10.70077402169279 0.09235021957395229
0.25 0.5 85 86 10.25658513993462 0.07323048834947027
0.25 0.5 86 87 9.822531340332361 0.06379767411696088
0.25 0.5 87 88 9.398925193470141 0.06236326466599067
0.25 0.5 88 89 8.986035580581344 0.06745084931234396
0.25 0.5 89 90 8.5840893034744 0.07793396312195411
0.25 0.5 90 91 8.1932637014311 0.09268457645900867
0.25 0.5 91 92 7.813671488192128 0.1100144903064837
0.25 0.5 92 93 7.445417531768122 0.1290226707562986
0.25 0.5 93 94 7.088580597036771 0.1491068518416772
0.25 0.5 94 95 6.743205732992436 0.1697362871219147
0.25 0.5 95 96 6.409306020150357 0.1904521377436746
0.25 0.5 96 97 6.079288733728841 0.1466718644817358
0.25 0.5 97 98 5.77027004893516 0.1622282395368765
0.25 0.5 98 99 5.480208363122198 0.01441834323646969
0.25 0.5 99 100 5.191238659369247 0.01274912707423672
0.5 0.75 51 52 29.27491305051711 0.1214196183363932
0.5 0.75 52 53 28.59196158957874 0.1180623390497054
0.5 0.75 53 54 27.91083609609646 0.1114936075636634
0.5 0.75 54 55 27.22313721194578 1.693430444124272
0.5 0.75 55 56 26.55293971562622 1.49437411706116
0.5 0.75 56 57 25.88978059210697 1.311756342310082
0.5 0.75 57 58 25.23484730149113 1.14685230353413
0.5 0.75 58 59 24.58930782751361 0.9987905243512647
0.5 0.75 59 60 23.95412682049124 0.8666818186196196
0.5 0.75 60 61 23.33009188585058 0.749624087232337
0.5 0.75 61 62 22.71783720301448 0.646706618741128
0.5 0.75 62 63 22.11784485295405 0.5568196343060181
0.5 0.75 63 64 21.5299965118038 0.4750127617685813
0.5 0.75 64 65 20.95417799913416 0.3971992121988699
0.5 0.75 65 66 20.39061623698103 0.3238037319794201
0.5 0.75 66 67 19.83875077005214 0.2604343505354133
0.5 0.75 67 68 19.29788037470804 0.2058238439494652
0.5 0.75 68 69 18.76569144849802 0.1578087607618835
0.5 0.75 69 70 18.23805597003064 0.1160968393107421
0.5 0.75 70 71 17.71176803501585 0.08104958937301744
0.5 0.75 71 72 17.1862027470429 0.05640346058825549
0.5 0.75 72 73 16.66164490561397 0.04216163597255196
0.5 0.75 73 74 16.13885014277288 0.03580629157842826
0.5 0.75 74 75 15.61874454860839 0.03459387392943809
0.5 0.75 75 76 15.10194370195291 0.03578593409968289
0.5 0.75 76 77 14.58924263564664 0.03817585284654339
0.5 0.75 77 78 14.10614004246798 0.3990632095105568
0.5 0.75 78 79 13.57495386920202 0.5027011995559995
0.5 0.75 79 80 13.07799280460128 0.3901832104421346
0.5 0.75 80 81 12.58837320712231 0.2982069251033045
0.5 0.75 81 82 12.10669536827976 0.224603064104746
0.5 0.75 82 83 11.63350733581966 0.1673509891757004
0.5 0.75 83 84 11.1693062988299 0.1245832545759818
0.5 0.75 84 85 10.71454000796156 0.09457566867449421
0.5 0.75 85 86 10.26960823203167 0.07569735821721915
0.5 0.75 86 87 9.834864251524813 0.06632316617753718
0.5 0.75 87 88 9.410616388062742 0.06483285714624593
0.5 0.75 88 89 8.997129569163477 0.06978921974930431
0.5 0.75 89 90 8.594626925288473 0.08005913422307369
0.5 0.75 90 91 8.203282336785257 0.09450293384653451
0.5 0.75 91 92 7.823205145975805 0.1114491432007272
0.5 0.75 92 93 7.454497262889571 0.1300136803453965
0.5 0.75 93 94 7.097234782776191 0.1496089691261911
0.5 0.75 94 95 6.751460304364947 0.1697178348079131
0.5 0.75 95 96 6.417184664744369 0.1898932696874415
0.5 0.75 96 97 6.087281770804104 0.1464871347325238
0.5 0.75 97 98 5.787084464578076 0.01482463956489374
0.5 0.75 98 99 5.486546650272118 0.01297136490687581
0.5 0.75 99 100 5.197299155036369 0.01143135851607959
0.75 1 51 52 30.04543877404856 0.1210463453441786
0.75 1 52 53 29.33193240802697 0.1176065355289831
0.75 1 53 54 28.62210137050081 0.1110296230921423
0.75 1 54 55 27.90495091214842 1.63804192656928
0.75 1 55 56 27.20947414990769 1.443913161405554
0.75 1 56 57 26.52246305366765 1.265907848375058
0.75 1 57 58 25.84499121020775 1.105261912710389
0.75 1 58 59 25.17812639206738 0.9611135882594402
0.75 1 59 60 24.52274224588029 0.8325844717323891
0.75 1 60 61 23.87954366411299 0.7187842368009617
0.75 1 61 62 23.24908957054279 0.6188148612687183
0.75 1 62 63 22.63179283830846 0.5315849867665903
0.75 1 63 64 22.02746130728161 0.4522608621126699
0.75 1 64 65 21.43591352730868 0.3768532989855179
0.75 1 65 66 20.85732376407836 0.3057717090294523
0.75 1 66 67 20.29107055789517 0.244474368761312
0.75 1 67 68 19.73638157033659 0.191720614737579
0.75 1 68 69 19.19085026231565 0.1453936567796582
0.75 1 69 70 18.65021334502208 0.1052062631538682
0.75 1 70 71 18.11116417281873 0.07149751358747625
0.75 1 71 72 17.57303788553519 0.0411911620725935
0.75 1 72 73 17.03610691424346 0.01580916510386949
0.75 1 73 74 16.50112217460878 0.005788854936079999
0.75 1 74 75 15.96901214777235 0.01545426299572149
0.75 1 75 76 15.4403910783841 0.02523722054446593
0.75 1 76 77 14.91605598708475 0.03344415626629098
0.75 1 77 78 14.3904654546413 0.6162569731273881
0.75 1 78 79 13.87590445623123 0.4852502292487857
0.75 1 79 80 13.36820677572994 0.3764899148899963
0.75 1 80 81 12.86803235373763 0.287729064408035
0.75 1 81 82 12.37598739153493 0.2168649070791721
0.75 1 82 83 11.89262564546609 0.1619454911812037
0.75 1 83 84 11.41844976131796 0.1211674073352511
0.75 1 84 85 10.95391264975284 0.09284325587314513
0.75 1 85 86 10.49941890382784 0.07531166341727732
0.75 1 86 87 10.05532625888854 0.06684288178266806
0.75 1 87 88 9.621947093724884 0.06573844979986504
0.75 1 88 89 9.199549971899387 0.07061564526127276
0.75 1 89 90 8.788361220347333 0.08048399981539033
0.75 1 90 91 8.388557412109193 0.09434284500814781
0.75 1 91 92 8.000249979040795 0.1106302875576445
0.75 1 92 93 7.623542610938177 0.1284976007204791
0.75 1 93 94 7.258512759812124 0.1473702134882939
0.75 1 94 95 6.905203907973661 0.1667402956319413
0.75 1 95 96 6.563627307242808 0.1861690965707992
0.75 1 96 97 6.226560736619859 0.1406921471513471
0.75 1 97 98 5.910266478432902 0.1555450809332654
0.75 1 98 99 5.612531105203619 0.007996244122828284
0.75 1 99 100 5.316864877725063 0.005453375531831051
1 1.25 51 52 30.48976242365666 0.1132633569073653
1 1.25 52 53 29.77001405412025 0.1100403516495976
1 1.25 53 54 29.05439676461458 0.1037824760179869
1 1.25 54 55 28.33727038737013 1.59121921496023
1 1.25 55 56 27.63648257408559 1.402466270171813
1 1.25 56 57 26.94446735225097 1.229479596079521
1 1.25 57 58 26.2622595468286 1.073436578754248
1 1.25 58 59 25.59088950348226 0.9334865237137624
1 1.25 59 60 24.93119805423419 0.8087632844643516
1 1.25 60 61 24.28386136104902 0.6983898936788957
1 1.25 61 62 23.64941321346777 0.6014827079664375
1 1.25 62 63 23.02824411466253 0.5169720534129081
1 1.25 63 64 22.42013739118583 0.4401723558821273
1 1.25 64 65 21.82488888644106 0.3672194530980861
1 1.25 65 66 21.24265658495042 0.2985022909105136
1 1.25 66 67 20.67279943086999 0.2392846205584862
1 1.25 67 68 20.11451321037008 0.1883584619279555
1 1.25 68 69 19.56534331151686 0.1436776023215884
1 1.25 69 70 19.02092975220849 0.1049532232015318
1 1.25 70 71 18.47787929015347 0.0725191546764918
1 1.25 71 72 17.93548635308427 0.04724048266787346
1 1.25 72 73 17.39400932045893 0.0331946475464284
1 1.25 73 74 16.85419616723141 0.02705822729403781
1 1.25 74 75 16.31698393637949 0.02636036659817708
1 1.25 75 76 15.78298814619778 0.02810921444667371
1 1.25 76 77 15.25301458743544 0.03092795402635322
1 1.25 77 78 14.7262652686222 0.5827919536365498
1 1.25 78 79 14.20540843813141 0.4578695989556411
1 1.25 79 80 13.6911932185628 0.3544324814845268
1 1.25 80 81 13.18429710970772 0.2703167853197028
1 1.25 81 82 12.68534440275921 0.2035092696940925
1 1.25 82 83 12.1949073423018 0.1521512764958123
1 1.25 83 84 11.71350733380976 0.1145198683500352
1 1.25 84 85 11.24161619818463 0.08894791229039276
1 1.25 85 86 10.77965747461738 0.07366859025629541
1 1.25 86 87 10.32800777240986 0.06675149971757527
1 1.25 87 88 9.886998170874804 0.06640094983304201
1 1.25 88 89 9.456915666383317 0.07135985685611411
1 1.25 89 90 9.0380046641611 0.08086860733730612
1 1.25 90 91 8.630459172495048 0.09412995852659561
1 1.25 91 92 8.234406959823051 0.1097316688910946
1 1.25 92 93 7.849968154389174 0.1268668173969039
1 1.25 93 94 7.477236227277231 0.144972374599694
1 1.25 94 95 7.116269994285364 0.1635484306428897
1 1.25 95 96 6.759136599663851 0.1187942141963282
1 1.25 96 97 6.423731641197406 0.1337998027002637
1 1.25 97 98 6.099897453028351 0.1483887334256973
1 1.25 98 99 5.792286555372499 0.007876186308668015
1 1.25 99 100 5.489498932383473 0.006516080596580173
1.25 1.5 51 52 30.30516471873949 0.1080960184470589
1.25 1.5 52 53 29.57974233668941 0.1050424601206913
1.25 1.5 53 54 28.85976866954147 0.1004504887083888
1.25 1.5 54 55 28.14323377079381 1.52863863799911
1.25 1.5 55 56 27.44022736629807 1.346330598919623
1.25 1.5 56 57 26.74685514690728 1.179287910642762
1.25 1.5 57 58 26.06403803648084 1.02863111022417
1.25 1.5 58 59 25.39271193330228 0.8935303704619929
1.25 1.5 59 60 24.73363413675784 0.7731416534338712
1.25 1.5 60 61 24.0874069169067 0.6666112063336957
1.25 1.5 61 62 23.45449866796534 0.5730795906078741
1.25 1.5 62 63 22.8352422249277 0.4915107007546956
1.25 1.5 63 64 22.22937909353878 0.417422145601258
1.25 1.5 64 65 21.63666740800677 0.3471209659678107
1.25 1.5 65 66 21.05722469571856 0.2809722618188567
1.25 1.5 66 67 20.49038606982165 0.2239879338887819
1.25 1.5 67 68 19.93531966731521 0.1750020859660837
1.25 1.5 68 69 19.38956865520876 0.1320477779132304
1.25 1.5 69 70 18.84878726578604 0.094843291411456
1.25 1.5 70 71 18.30959523391873 0.06652224828198154
1.25 1.5 71 72 17.77127402948071 0.05114742985461853
1.25 1.5 72 73 17.23406342829067 0.0428052117612477
1.25 1.5 73 74 16.69868497549685 0.04083351012495876
1.25 1.5 74 75 16.16604890222067 0.0417043318872752
1.25 1.5 75 76 15.6367479116297 0.043561736242672
1.25 1.5 76 77 15.11156319120192 0.04582466797326586
1.25 1.5 77 78 14.59133817162202 0.04811042084529334
1.25 1.5 78 79 14.06529647814909 0.4891747603145353
1.25 1.5 79 80 13.55619134323007 0.3876783243456537
1.25 1.5 80 81 13.0544224121957 0.3047036372773316
1.25 1.5 81 82 12.56059511551098 0.2382572634461743
1.25 1.5 82 83 12.07526418589008 0.186481559813927
1.25 1.5 83 84 11.59893484349639 0.1476538920972189
1.25 1.5 84 85 11.13206402546389 0.1201761491768263
1.25 1.5 85 86 10.67506166080308 0.1025498076547631
1.25 1.5 86 87 10.22829199131712 0.09334814091374567
1.25 1.5 87 88 9.792074937704818 0.09122058086705158
1.25 1.5 88 89 9.366687510054135 0.09494031655705309
1.25 1.5 89 90 8.952365260613668 0.103443352243961
1.25 1.5 90 91 8.549294116259574 0.1156196845076753
1.25 1.5 91 92 8.157593878636963 0.1299193032293141
1.25 1.5 92 93 7.77737870801203 0.1455440298097715
1.25 1.5 93 94 7.408737386824409 0.1619769221865959
1.25 1.5 94 95 7.051724947770712 0.1787685484142387
1.25 1.5 95 96 6.699483377414602 0.1386849164194194
1.25 1.5 96 97 6.367603305159975 0.1516179809442772
1.25 1.5 97 98 6.057394187476746 0.01866471723406188
1.25 1.5 98 99 5.746147411729702 0.01688702513950681
1.25 1.5 99 100 5.446394305862988 0.01535474508406953
1.5 1.75 51 52 31.75894113117684 0.09720605553472583
1.5 1.75 52 53 30.96756650875028 0.0942205994534915
1.5 1.75 53 54 30.18579832203247 0.08847837866875398
1.5 1.75 54 55 29.42122340068923 1.429241746336382
1.5 1.75 55 56 28.66349855851618 1.254934476862724
1.5 1.75 56 57 27.91862921426446 1.095468615324156
1.5 1.75 57 58 27.18728424876218 0.9518874634795254
1.5 1.75 58 59 26.47017648039977 0.8233682393056427
1.5 1.75 59 60 25.76785989200846 0.7090759984728312
1.5 1.75 60 61 25.08075129448717 0.6081680100455893
1.5 1.75 61 62 24.40914975042247 0.5197976648731187
1.5 1.75 62 63 23.75323182424628 0.4429516844942648
1.5 1.75 63 64 23.11257010750838 0.3733392700312743
1.5 1.75 64 65 22.48676918790588 0.3074297678718048
1.5 1.75 65 66 21.87582822924129 0.2455604548607613
1.5 1.75 66 67 21.27895203484167 0.1924741599775666
1.5 1.75 67 68 20.69516415531874 0.1470545238040409
1.5 1.75 68 69 20.1218291363971 0.1074275819945921
1.5 1.75 69 70 19.55434926409505 0.07336163899027806
1.5 1.75 70 71 18.98915252059568 0.04519869764142663
1.5 1.75 71 72 18.42543860326846 0.02080772077358277
1.5 1.75 72 73 17.8634176398087 0.01138239772122797
1.5 1.75 73 74 17.30379575100956 0.02080851972676882
1.5 1.75 74 75 16.74748095390457 0.02856965712047269
1.5 1.75 75 76 16.19506267037204 0.03577309803912389
1.5 1.75 76 77 15.64732031030957 0.04172579876158795
1.5 1.75 77 78 15.06418470066674 0.4206759303164914
1.5 1.75 78 79 14.55007794651596 0.4444728108216633
1.5 1.75 79 80 14.02088451407424 0.3515786583400602
1.5 1.75 80 81 13.49953886984689 0.2761821682997659
1.5 1.75 81 82 12.98664729265598 0.2163975707122248
1.5 1.75 82 83 12.48276519668491 0.17045977322447
1.5 1.75 83 84 11.9883982217031 0.1366998822825096
1.5 1.75 84 85 11.50400337915114 0.1135039783192026
1.5 1.75 85 86 11.02999025511426 0.09928305636113728
1.5 1.75 86 87 10.56672227026935 0.09251310117433194
1.5 1.75 87 88 10.11451799554304 0.09185286570388364
1.5 1.75 88 89 9.673652522360548 0.09622817673620658
1.5 1.75 89 90 9.244358884959478 0.1047922329907917
1.5 1.75 90 91 8.826819995482104 0.1166402434550658
1.5 1.75 91 92 8.421152368222675 0.1304033040864376
1.5 1.75 92 93 8.027465831423211 0.1453534249866837
1.5 1.75 93 94 7.645844067372717 0.1610056440051219
1.5 1.75 94 95 7.268157590510004 0.1175524864514723
1.5 1.75 95 96 6.912690442806298 0.1307398826201837
1.5 1.75 96 97 6.581100789966634 0.0129645295261346
1.5 1.75 97 98 6.247060420563544 0.01068002303391845
1.5 1.75 98 99 5.925074261177063 0.008662844139325278
1.5 1.75 99 100 5.615046133744141 0.006936028982867951
1.75 2 51 52 31.90439655189982 0.1013695519035403
1.75 2 52 53 31.12687989750245 0.09823411369185084
1.75 2 53 54 30.28848423914692 1.148391967011474
1.75 2 54 55 29.59177548998656 1.345375639752073
1.75 2 55 56 28.84649819263197 1.180206278506448
1.75 2 56 57 28.11346069820297 1.02920511197941
1.75 2 57 58 27.39334069490351 0.8933420103468145
1.75 2 58 59 26.68686154539193 0.7718201463790835
1.75 2 59 60 25.9945897800994 0.6638322266779673
1.75 2 60 61 25.31695633032105 0.568564683946028
1.75 2 61 62 24.65427555603499 0.4852014165298701
1.75 2 62 63 24.0067413454703 0.412771483834215
1.75 2 63 64 23.37397314057017 0.3472397321431321
1.75 2 64 65 22.75561678934666 0.2852922652086717
1.75 2 65 66 22.15168552649165 0.2272401225596455
1.75 2 66 67 21.56141966452107 0.1775170512329364
1.75 2 67 68 20.98386073882051 0.1350609512114912
1.75 2 68 69 20.41638122307701 0.09811272197114634
1.75 2 69 70 19.85431955656026 0.06646729924030748
1.75 2 70 71 19.29400748068785 0.04049166297581058
1.75 2 71 72 18.73457951574912 0.01856460496625005
1.75 2 72 73 18.17621118908473 0.01785945546280996
1.75 2 73 74 17.61959308068739 0.02459087559835909
1.75 2 74 75 17.06563746693421 0.03008277080012199
1.75 2 75 76 16.51491974572163 0.03479580381544973
1.75 2 76 77 15.9682234005169 0.04001435270334772
1.75 2 77 78 15.42640977003015 0.04424384266550923
1.75 2 78 79 14.87054863065916 0.4421400793712229
1.75 2 79 80 14.34069083695193 0.3535094137880148
1.75 2 80 81 13.8180828870173 0.2813876970602739
1.75 2 81 82 13.30335752625381 0.2239725217011424
1.75 2 82 83 12.7970976678494 0.1795838080317347
1.75 2 83 84 12.29983731625189 0.1466500300212567
1.75 2 84 85 11.81206255027733 0.1236829996405945
1.75 2 85 86 11.33421256737356 0.1092533514179344
1.75 2 86 87 10.86668078953137 0.1019968261399497
1.75 2 87 88 10.40981603019239 0.100666278256049
1.75 2 88 89 9.963923721448335 0.104188161420034
1.75 2 89 90 9.529267199700932 0.1116680264281116
1.75 2 90 91 9.106059165157152 0.1221775298330526
1.75 2 91 92 8.694444664693428 0.134397971532815
1.75 2 92 93 8.294562792395372 0.1476489501919936
1.75 2 93 94 7.898307707098901 0.1064699947343219
1.75 2 94 95 7.524081521980808 0.1178590786855181
1.75 2 95 96 7.161665476601058 0.1293150292921456
1.75 2 96 97 6.821036831544546 0.01041730274515394
1.75 2 97 98 6.479959947585868 0.00784916438190923
1.75 2 98 99 6.150854701319512 0.005774009833838817
1.75 2 99 100 5.833648887911306 0.003914372612312565
2 2.25 51 52 33.41019897742854 0.1021084321551061
2 2.25 52 53 32.54023779484785 0.09885861516941963
2 2.25 53 54 31.68555117823831 0.09312136713445401
2 2.25 54 55 30.83267867095483 1.305140064028097
2 2.25 55 56 30.01260571521581 1.147039969168366
2 2.25 56 57 29.20970403351885 1.00255777953529
2 2.25 57 58 28.42427706683429 0.8725763521566769
2 2.25 58 59 27.65670392426891 0.7563204093738136
2 2.25 59 60 26.90723660752913 0.6530057420149005
2 2.25 60 61 26.17601838659608 0.5618432858451423
2 2.25 61 62 25.4631002392062 0.4820427458436903
2 2.25 62 63 24.76843224649325 0.412669602310582
2 2.25 63 64 24.09136725221929 0.3499084509857391
2 2.25 64 65 23.43130838533459 0.2906291291163953
2 2.25 65 66 22.78808211376661 0.2351094053988534
2 2.25 66 67 22.16071463577535 0.1874968772302134
2 2.25 67 68 21.54802251463246 0.1467749742520512
2 2.25 68 69 20.94713207422184 0.1112838350530608
2 2.25 69 70 20.35311562405901 0.08074945516368261
2 2.25 70 71 19.76215382955198 0.05542982650011413
2 2.25 71 72 19.17332789683914 0.0330692803933445
2 2.25 72 73 18.58679526767033 0.01582243172772263
2 2.25 73 74 18.0032221079709 0.007680846014758184
2 2.25 74 75 17.42349492035272 0.0119879781110827
2 2.25 75 76 16.8481807234897 0.01778773310786329
2 2.25 76 77 16.27804030598831 0.02298951223628485
2 2.25 77 78 15.7139053249344 0.02736864882012769
2 2.25 78 79 15.13574448102749 0.355074191061453
2 2.25 79 80 14.60774886053463 0.365104682692473
2 2.25 80 81 14.065114495404 0.2981162207024313
2 2.25 81 82 13.53140307258727 0.2447703770659612
2 2.25 82 83 13.00716686010395 0.2034530791529307
2 2.25 83 84 12.4929091216893 0.1726647807301423
2 2.25 84 85 11.98908511539098 0.1510147313807978
2 2.25 85 86 11.49610315970458 0.1372154421306076
2 2.25 86 87 11.01432576726407 0.1300811112392114
2 2.25 87 88 10.54407084441908 0.1285311015646067
2 2.25 88 89 10.08561295535745 0.1315938931025888
2 2.25 89 90 9.639184648599965 0.1384055780754166
2 2.25 90 91 9.204967449977026 0.1480387413073825
2 2.25 91 92 8.783073903269194 0.1592014914997122
2 2.25 92 93 8.363321829802672 0.127032426646693
2 2.25 93 94 7.968283366123583 0.1370462800076614
2 2.25 94 95 7.590607239251216 0.008264248656797368
2 2.25 95 96 7.218321151615161 0.005766303612763896
2 2.25 96 97 6.858625604133467 0.003787061529191172
2 2.25 97 98 6.511478059659913 0.002603610211400482
2 2.25 98 99 6.176806853981128 0.002571330468607869
2 2.25 99 100 5.854513020051641 0.003734276620260654
2.25 2.5 51 52 32.96973601612515 0.09522848615252986
2.25 2.5 52 53 32.09353064769681 0.09205830981665065
2.25 2.5 53 54 31.2345598941769 0.08655480875368771
2.25 2.5 54 55 30.38299072353479 1.193291652582908
2.25 2.5 55 56 29.56180865092659 1.044573227044037
2.25 2.5 56 57 28.75908859690088 0.9088608842560103
2.25 2.5 57 58 27.97496307403833 0.7869512299727813
2.25 2.5 58 59 27.20966523801536 0.678089033291817
2.25 2.5 59 60 26.46331772599487 0.5815119885964019
2.25 2.5 60 61 25.73594913821087 0.4964546375370051
2.25 2.5 61 62 25.02750877889363 0.4221518660057635
2.25 2.5 62 63 24.33785647814337 0.3577072862995261
2.25 2.5 63 64 23.66626964294932 0.2995753470283171
2.25 2.5 64 65 23.01208411294259 0.2448525298258008
2.25 2.5 65 66 22.37506508389377 0.1937777444386606
2.25 2.5 66 67 21.75420911937941 0.1501283212253121
2.25 2.5 67 68 21.14830688265305 0.1129514739686849
2.25 2.5 68 69 20.55452534226058 0.080697270349922
2.25 2.5 69 70 19.96803125220409 0.05312743061575911
2.25 2.5 70 71 19.38506612099414 0.03062353117800696
2.25 2.5 71 72 18.80468891014472 0.0226113091042821
2.25 2.5 72 73 18.22701097763716 0.02322922651676944
2.25 2.5 73 74 17.65264374542161 0.02757360553266198
2.25 2.5 74 75 17.0824215750358 0.0314032984844056
2.25 2.5 75 76 16.51685291200455 0.03454267502375125
2.25 2.5 76 77 15.95664810247865 0.03720291973164456
2.25 2.5 77 78 15.40259634050816 0.04042808934224002
2.25 2.5 78 79 14.81776060810709 0.2813459342422569
2.25 2.5 79 80 14.29874194645445 0.3061094735908985
2.25 2.5 80 81 13.76696495045003 0.2459273334758294
2.25 2.5 81 82 13.24407585333326 0.1985709352934694
2.25 2.5 82 83 12.73059761645561 0.1625125649932828
2.25 2.5 83 84 12.22700645971133 0.1362783195400196
2.25 2.5 84 85 11.73373279253327 0.1184208437207865
2.25 2.5 85 86 11.25116221120489 0.1075330142817561
2.25 2.5 86 87 10.77963656239919 0.1023224047887055
2.25 2.5 87 88 10.31945507133474 0.1017020992314735
2.25 2.5 88 89 9.87087553321113 0.1048202453829529
2.25 2.5 89 90 9.434115566285232 0.1110096818903486
2.25 2.5 90 91 9.009343715856797 0.1195718901655522
2.25 2.5 91 92 8.586813153489459 0.07400209297502966
2.25 2.5 92 93 8.188189709800152 0.0834624263899245
2.25 2.5 93 94 7.801692890797014 0.09350956266512954
2.25 2.5 94 95 7.427357685189412 0.1037053849098085
2.25 2.5 95 96 7.065191178611915 0.1138060931411917
2.25 2.5 96 97 6.725460273176127 0.01201725944453673
2.25 2.5 97 98 6.385657214544558 0.01022846037862168
2.25 2.5 98 99 6.05806642136611 0.00864926550961255
2.25 2.5 99 100 5.742587752261164 0.007282378285971332
2.5 2.75 51 52 33.81999558121512 0.1036431707401335
2.5 2.75 52 53 32.88577867622209 0.09960769213292082
2.5 2.75 53 54 31.97326467775542 0.09455325462418419
2.5 2.75 54 55 31.071867798162 1.111907046479402
2.5 2.75 55 56 30.20498978977437 0.9719902703931017
2.5 2.75 56 57 29.35997030517375 0.8444452213889208
2.5 2.75 57 58 28.53665344379421 0.7299792789618311
2.5 2.75 58 59 27.73501488244065 0.6278618692622459
2.5 2.75 59 60 26.95494369401621 0.537356912318859
2.5 2.75 60 61 26.19625637859077 0.4577266086251335
2.5 2.75 61 62 25.45870939423914 0.3882348155318047
2.5 2.75 62 63 24.74198653662036 0.3280273338038558
2.5 2.75 63 64 24.0452015926942 0.2738396426825974
2.5 2.75 64 65 23.3675408235118 0.223003589150424
2.5 2.75 65 66 22.70863599781016 0.1757165595245091
2.5 2.75 66 67 22.06736040411208 0.1353823829661692
2.5 2.75 67 68 21.4423719064374 0.1011067727022512
2.5 2.75 68 69 20.83070844092715 0.07145773379670038
2.5 2.75 69 70 20.22737846085736 0.04929149793826375
2.5 2.75 70 71 19.62849900971765 0.03842925419652896
2.5 2.75 71 72 19.03305069779992 0.03286197501253816
2.5 2.75 72 73 18.44109521678075 0.03256318262532181
2.5 2.75 73 74 17.85319915556457 0.03458121255740967
2.5 2.75 74 75 17.27016177834196 0.03649175171895762
2.5 2.75 75 76 16.69245663930258 0.03807746665365527
2.5 2.75 76 77 16.12076122072022 0.03941739403820668
2.5 2.75 77 78 15.52390036429227 0.3066825079838618
2.5 2.75 78 79 14.96466534749523 0.2400141443623161
2.5 2.75 79 80 14.43544875975363 0.2642860043279714
2.5 2.75 80 81 13.89458624460777 0.2104014659434481
2.5 2.75 81 82 13.36311396890568 0.1684083428081264
2.5 2.75 82 83 12.84153152202315 0.1368734199543177
2.5 2.75 83 84 12.33029274463433 0.114369199828947
2.5 2.75 84 85 11.82980660848774 0.0994306793972146
2.5 2.75 85 86 11.34043816626429 0.09059299623067317
2.5 2.75 86 87 10.86250957091622 0.08653319676019237
2.5 2.75 87 88 10.39630116291916 0.08621765901802882
2.5 2.75 88 89 9.942052623684386 0.08892869474250602
2.5 2.75 89 90 9.49996419391935 0.0941672429397158
2.5 2.75 90 91 9.059561654072908 0.04730437473310434
2.5 2.75 91 92 8.643997725746798 0.05536123851170042
2.5 2.75 92 93 8.240793519780187 0.06414012305653902
2.5 2.75 93 94 7.850000222930133 0.07331833617314951
2.5 2.75 94 95 7.471640430921097 0.08262331572241977
2.5 2.75 95 96 7.105709011089212 0.09182868660637981
2.5 2.75 96 97 6.758588572405317 0.01060674218901148
2.5 2.75 97 98 6.415707326959076 0.009213892426516501
2.5 2.75 98 99 6.08525622228452 0.008064793598543375
2.5 2.75 99 100 5.767123053467643 0.007158463028906794
2.75 3 51 52 33.99861702058861 0.1173609256474809
2.75 3 52 53 33.01573445337134 0.111984214588636
2.75 3 53 54 32.05928188046397 0.1059389761627975
2.75 3 54 55 31.07498025492016 0.8013553687920545
2.75 3 55 56 30.21500829990083 0.8969894026758344
2.75 3 56 57 29.33777332915547 0.7775336734015272
2.75 3 57 58 28.48542187235473 0.6704123194929372
2.75 3 58 59 27.65764047252472 0.5749219254397573
2.75 3 59 60 26.85405701963364 0.490355066945209
2.75 3 60 61 26.07425183986138 0.4160039558707374
2.75 3 61 62 25.31776758472914 0.3511636882258744
2.75 3 62 63 24.58409401167005 0.2950258189914505
2.75 3 63 64 23.8721709176332 0.2446381888027683
2.75 3 64 65 23.18102620040132 0.1975942022785548
2.75 3 65 66 22.5101473851167 0.1540438737856093
2.75 3 66 67 21.85828908795467 0.1169666906305397
2.75 3 67 68 21.22398993898797 0.08553944013681253
2.75 3 68 69 20.60421511040268 0.05961575374459044
2.75 3 69 70 19.99393256551998 0.04592567453727542
2.75 3 70 71 19.38923397482785 0.03756694975525688
2.75 3 71 72 18.78904793390116 0.03417326561006391
2.75 3 72 73 18.19338219560735 0.03486907043087234
2.75 3 73 74 17.60273894582462 0.0368867245894289
2.75 3 74 75 17.01785432602429 0.03847080258233444
2.75 3 75 76 16.4391480641879 0.03965103303898897
2.75 3 76 77 15.86723912571716 0.04055634989320944
2.75 3 77 78 15.26923972777386 0.2698983531043098
2.75 3 78 79 14.71161778228908 0.2088344865929628
2.75 3 79 80 14.18397153649023 0.2213339063052082
2.75 3 80 81 13.64554533372725 0.1730936060073325
2.75 3 81 82 13.11703191645303 0.1357285205515505
2.75 3 82 83 12.5988821646481 0.1079551940533933
2.75 3 83 84 12.09150335843101 0.08848017728079872
2.75 3 84 85 11.59526003343226 0.07591165939337374
2.75 3 85 86 11.11047490499677 0.06877369417887369
2.75 3 86 87 10.63742986023237 0.06569846071476412
2.75 3 87 88 10.17636701621481 0.06565710894466943
2.75 3 88 89 9.727489842353453 0.0680145824634836
2.75 3 89 90 9.290964346024614 0.07239831484735353
2.75 3 90 91 8.857514278880309 0.03236221900669996
2.75 3 91 92 8.447616061125153 0.03932336111036348
2.75 3 92 93 8.050181426722336 0.04704876099471288
2.75 3 93 94 7.665237259711674 0.05513471622866032
2.75 3 94 95 7.292783170202862 0.06332228332795645
2.75 3 95 96 6.932792353939979 0.07140179595876367
2.75 3 96 97 6.585212534090871 0.07920462067075594
2.75 3 97 98 6.255192812897996 0.007022352897751811
2.75 3 98 99 5.930774838974243 0.005689401352890196
2.75 3 99 100 5.618627007410617 0.004568930232883898
3 3.25 51 52 33.26994996837222 0.1452433835050948
3 3.25 52 53 32.25859515555892 0.1380333452680468
3 3.25 53 54 31.27811668765753 0.1305458227448966
3 3.25 54 55 30.3280476846343 0.1228677211987599
3 3.25 55 56 29.3621262460302 0.6604541927883216
3 3.25 56 57 28.50621688484932 0.718848376687602
3 3.25 57 58 27.64341290467597 0.6189365869673277
3 3.25 58 59 26.80771331066389 0.5298643377416022
3 3.25 59 60 25.99847813559083 0.4509615383339566
3 3.25 60 61 25.21504713020865 0.3815587073396617
3 3.25 61 62 24.45674666559876 0.3209900889052827
3 3.25 62 63 23.72287214496473 0.2685027057886857
3 3.25 63 64 23.01220214794315 0.2215092453331135
3 3.25 64 65 22.32361818584427 0.1779070629783622
3 3.25 65 66 21.6564664345905 0.1377898152958779
3 3.25 66 67 21.00940601309042 0.1036421692420084
3 3.25 67 68 20.38088833869218 0.07970683295038286
3 3.25 68 69 19.76788705665287 0.06422344642377464
3 3.25 69 70 19.16547679423474 0.05328770258516818
3 3.25 70 71 18.5698391367693 0.04683679985629253
3 3.25 71 72 17.97987922069299 0.04404931911999978
3 3.25 72 73 17.39554580761261 0.04394117736794462
3 3.25 73 74 16.81725657993183 0.04469117537658507
3 3.25 74 75 16.24565691688273 0.04516660164523984
3 3.25 75 76 15.68109457175264 0.04538446061024993
3 3.25 76 77 15.12410544441133 0.04541667027437651
3 3.25 77 78 14.54129262946125 0.2239843881481787
3 3.25 78 79 14.00014652927592 0.1685711504790132
3 3.25 79 80 13.48766796589165 0.1669324945335911
3 3.25 80 81 12.96647404635063 0.1244692535593811
3 3.25 81 82 12.45558991730284 0.0920665085437576
3 3.25 82 83 11.95539531038318 0.06880194740303926
3 3.25 83 84 11.46622984722979 0.05372687044370206
3 3.25 84 85 10.98839388035149 0.04543728243330185
3 3.25 85 86 10.52214939635778 0.04186305124169203
3 3.25 86 87 10.06772098050988 0.04091867202783868
3 3.25 87 88 9.625296840779487 0.04130986509433966
3 3.25 88 89 9.195029889368596 0.04261217359962459
3 3.25 89 90 8.777038881213262 0.04489769954105076
3 3.25 90 91 8.371400823839203 0.04830717143841422
3 3.25 91 92 7.971700328651547 0.01370766588171102
3 3.25 92 93 7.592089069343587 0.01880042227443551
3 3.25 93 94 7.224749633983084 0.02503710289090618
3 3.25 94 95 6.869651416134855 0.03171674464964732
3 3.25 95 96 6.526739862420895 0.03846672167953238
3 3.25 96 97 6.19593737395316 0.04505882378601708
3 3.25 97 98 5.877144280017798 0.05133816805249429
3 3.25 98 99 5.574992496407122 0.006372950122873494
3 3.25 99 100 5.278700425785525 0.005175873151765854
3.25 3.5 51 52 31.1422803971769 0.1221252039379775
3.25 3.5 52 53 30.14372628029595 0.1145436828921287
3.25 3.5 53 54 29.1792051186639 0.1067509260821013
3.25 3.5 54 55 28.24780597608377 0.09880050104014694
3.25 3.5 55 56 27.34849506980594 0.09091412121538266
3.25 3.5 56 57 26.47991066814911 0.08373196446604468
3.25 3.5 57 58 25.63069760743739 0.5638059652434191
3.25 3.5 58 59 24.82112168171277 0.4819997526211929
3.25 3.5 59 60 24.03919888644095 0.4094781799388955
3.25 3.5 60 61 23.28406004007851 0.3456205952153561
3.25 3.5 61 62 22.55484670423072 0.2898106649819266
3.25 3.5 62 63 21.85069197624605 0.2413633113253596
3.25 3.5 63 64 21.17026420019564 0.1981146948720645
3.25 3.5 64 65 20.51234539013023 0.1583109918268256
3.25 3.5 65 66 19.87616945303563 0.1219766336308472
3.25 3.5 66 67 19.26035646120515 0.09102532414810542
3.25 3.5 67 68 18.66333730509925 0.06481019042410019
3.25 3.5 68 69 18.08222246491944 0.04237382520667959
3.25 3.5 69 70 17.51240556138995 0.0286844913117348
3.25 3.5 70 71 16.95032539998342 0.02029438624484434
3.25 3.5 71 72 16.39491412374712 0.0181719621428186
3.25 3.5 72 73 15.84606552543945 0.02112471808025798
3.25 3.5 73 74 15.30409545688659 0.024949982504212
3.25 3.5 74 75 14.76952999224229 0.02892873826581101
3.25 3.5 75 76 14.24263035273658 0.0324018241481758
3.25 3.5 76 77 13.72382529012721 0.0348834500202058
3.25 3.5 77 78 13.18100216027503 0.1709741929812813
3.25 3.5 78 79 12.69566431121655 0.1485271342010215
3.25 3.5 79 80 12.20352684557947 0.1025818202545623
3.25 3.5 80 81 11.72141042654941 0.06644295989255079
3.25 3.5 81 82 11.24963810377575 0.03977715891556538
3.25 3.5 82 83 10.78849730191598 0.02414606580260756
3.25 3.5 83 84 10.3382405861751 0.02218705007483668
3.25 3.5 84 85 9.875429940082626 0.08506092675893133
3.25 3.5 85 86 9.471758746420232 0.05836961954298057
3.25 3.5 86 87 9.017847957262532 0.01760460911735051
3.25 3.5 87 88 8.594091821731425 0.01717522475050335
3.25 3.5 88 89 8.197303218372731 0.02391805446690366
3.25 3.5 89 90 7.824614518861862 0.02174690991387954
3.25 3.5 90 91 7.4731660329149 0.02141100191295266
3.25 3.5 91 92 7.135065106440398 0.02881916593156503
3.25 3.5 92 93 6.818277350730801 0.05628266226369465
3.25 3.5 93 94 6.46383712530158 0.01263188660230246
3.25 3.5 94 95 6.141550875083289 0.009702975303827223
3.25 3.5 95 96 5.830669231353918 0.00987680079438228
3.25 3.5 96 97 5.531089995599194 0.01283972481776019
3.25 3.5 97 98 5.242937896195731 0.01391393227346523
3.25 3.5 98 99 4.965570293155084 0.01887847569516999
3.25 3.5 99 100 4.69909160426417 0.02341682749758075
3.5 3.75 51 52 27.13771635999305 0.06097246362357372
3.5 3.75 52 53 26.21888624876383 0.05839347881102407
3.5 3.75 53 54 25.33447151918258 0.05498805951193871
3.5 3.75 54 55 24.48324389277339 0.05048218080572265
3.5 3.75 55 56 23.66390456499541 0.04537013279784114
3.5 3.75 56 57 22.87488550579267 0.04100796272732538
3.5 3.75 57 58 22.11497278092263 0.03763946090690327
3.5 3.75 58 59 21.3830985097289 0.03513233465171541
3.5 3.75 59 60 20.66719534366563 0.3756662093721019
3.5 3.75 60 61 19.98845347520543 0.3180107218548864
3.5 3.75 61 62 19.33454777978941 0.2674470481507138
3.5 3.75 62 63 18.70453303135157 0.223376814253215
3.5 3.75 63 64 18.09707224898415 0.1841257945376184
3.5 3.75 64 65 17.51094398495341 0.1483401067189929
3.5 3.75 65 66 16.94533977112367 0.1159688925864334
3.5 3.75 66 67 16.39894075517173 0.08829461966859586
3.5 3.75 67 68 15.87026843126385 0.06477945090108274
3.5 3.75 68 69 15.35675298844327 0.04466548298802107
3.5 3.75 69 70 14.85438996008172 0.03199535937104866
3.5 3.75 70 71 14.36009650358481 0.02539389841291447
3.5 3.75 71 72 13.87290721890253 0.02367911369127759
3.5 3.75 72 73 13.39267797922007 0.02567530875721217
3.5 3.75 73 74 12.91961475644123 0.02889912831666362
3.5 3.75 74 75 12.45410245526299 0.03189525221430362
3.5 3.75 75 76 11.99630962339901 0.03440438682393786
3.5 3.75 76 77 11.54654114272813 0.03641170503431516
3.5 3.75 77 78 11.11636493268167 0.05420831677680005
3.5 3.75 78 79 10.65768811701322 0.08865913369136233
3.5 3.75 79 80 10.23326206725759 0.05715156796619952
3.5 3.75 80 81 9.818339472607171 0.03629852055574846
3.5 3.75 81 82 9.413131021396353 0.02972210038224309
3.5 3.75 82 83 9.008193613180445 0.06463197254491845
3.5 3.75 83 84 8.582948063162387 0.02304815331346062
3.5 3.75 84 85 8.278507595664873 0.04022774828222907
3.5 3.75 85 86 7.916518839412135 0.04683699328396416
3.5 3.75 86 87 7.557307444122839 0.04933175305014802
3.5 3.75 87 88 7.202896430762719 0.04989883518362262
3.5 3.75 88 89 6.86102934477891 0.04927653529555957
3.5 3.75 89 90 6.553522246626965 0.0157032328157882
3.5 3.75 90 91 6.239076634440893 0.01416429305109047
3.5 3.75 91 92 5.934362085033461 0.01240090646165885
3.5 3.75 92 93 5.641393229159794 0.01088007468537465
3.5 3.75 93 94 5.349194435172056 0.03130879832036197
3.5 3.75 94 95 5.077913588348524 0.02674471805090381
3.5 3.75 95 96 4.816575017454573 0.02222734319411795
3.5 3.75 96 97 4.565060582714739 0.01786137481435831
3.5 3.75 97 98 4.323238158396046 0.01373299622389342
3.5 3.75 98 99 4.090962381721955 0.009916613145777195
3.5 3.75 99 100 3.85437020773393 0.007182002972391073
3.75 4 51 52 21.1509386981264 0.1847977475703944
3.75 4 52 53 20.39495104231356 0.1819800589867215
3.75 4 53 54 19.6695906830549 0.04480814686651664
3.75 4 54 55 18.97382108005031 0.04142383321320723
3.75 4 55 56 18.30616524872033 0.03757721969677322
3.75 4 56 57 17.66506681831461 0.03423660453112731
3.75 4 57 58 17.04930957856222 0.03157256516074879
3.75 4 58 59 16.45782910966487 0.02948930357130899
3.75 4 59 60 15.88960107200248 0.02789098068166061
3.75 4 60 61 15.343509161271 0.02636107124546185
3.75 4 61 62 14.81841651383527 0.02440783165546155
3.75 4 62 63 14.31344760682448 0.02210792254472587
3.75 4 63 64 13.81783838332121 0.1719379602730877
3.75 4 64 65 13.35078123901893 0.1409932709459341
3.75 4 65 66 12.90100900515823 0.1132830644654693
3.75 4 66 67 12.46739668270398 0.0894555178630299
3.75 4 67 68 12.04869846642734 0.06909683753567868
3.75 4 68 69 11.64286875518519 0.05166813005887821
3.75 4 69 70 11.24679805437969 0.03690488992092541
3.75 4 70 71 10.85810692678542 0.02465352024815993
3.75 4 71 72 10.47601761354712 0.01435154367876385
3.75 4 72 73 10.10037665816122 0.006056093803156724
3.75 4 73 74 9.731286632638618 0.001718757081179467
3.75 4 74 75 9.368984961416761 0.005687160366085377
3.75 4 75 76 9.013554570893639 0.009245430579756872
3.75 4 76 77 8.66517484525933 0.01193516594865638
3.75 4 77 78 8.328553288339622 0.01585092952935063
3.75 4 78 79 7.994736175853092 0.01452696733195593
3.75 4 79 80 7.64906986246865 0.04982435029827873
3.75 4 80 81 7.330454195565467 0.02695683437025992
3.75 4 81 82 7.020261696139888 0.008515118858023227
3.75 4 82 83 6.718321172346601 0.005709414644466676
3.75 4 83 84 6.400675290514462 0.002053169175610263
3.75 4 84 85 6.139284823330014 0.02421673850031854
3.75 4 85 86 5.875873215226053 0.01348663568440729
3.75 4 86 87 5.605012945097155 0.01279675686061954
3.75 4 87 88 5.342515523438657 0.01391656042050933
3.75 4 88 89 5.08938125504987 0.01102042075421937
3.75 4 89 90 4.844061331762892 0.01181857317779242
3.75 4 90 91 4.60703799413939 0.01343850182425876
3.75 4 91 92 4.382174318677294 0.008050023745014387
3.75 4 92 93 4.161836782461204 0.00737413264763901
3.75 4 93 94 3.949511031983936 0.00678409660059802
3.75 4 94 95 3.745105123677191 0.006272872120706295
3.75 4 95 96 3.548514710349741 0.005830324289462134
3.75 4 96 97 3.359623919813758 0.005444660604083216
3.75 4 97 98 3.178306233783478 0.005103816612244608
3.75 4 98 99 3.00442536345897 0.004796597512579894
3.75 4 99 100 2.837836118321771 0.004513450006498045
4 5 51 52 18.7850125899392 0.1422791934955139
4 5 52 53 18.03168592613886 0.1394722918913636
4 5 53 54 17.31273771401381 0.1356435093713459
4 5 54 55 16.62642770992387 0.130986325269443
4 5 55 56 15.9709954672122 0.1258391478912861
4 5 56 57 15.34437707832216 0.1210132058385638
4 5 57 58 14.74505204578672 0.116652984873871
4 5 58 59 14.17174115786099 0.1126854470358692
4 5 59 60 13.67059097206299 0.04806631353660007
4 5 60 61 13.14390967985431 0.04623536945399415
4 5 61 62 12.64105766410898 0.04462566963373837
4 5 62 63 12.15649172746956 0.0430389257688107
4 5 63 64 11.69354817968948 0.04155177626474105
4 5 64 65 11.25017962157993 0.0400333483578753
4 5 65 66 10.82407263438965 0.03885455051648969
4 5 66 67 10.41554771674286 0.03768804007678909
4 5 67 68 10.02360042550995 0.03681759084720765
4 5 68 69 9.644385178882839 0.03542812342130062
4 5 69 70 9.277224697072615 0.03432470486147666
4 5 70 71 8.91941802647195 0.03323318022825925
4 5 71 72 8.555246021005551 0.01604544834506644
4 5 72 73 8.214957227240406 0.01562676958242527
4 5 73 74 7.883007611410424 0.015186436211212
4 5 74 75 7.559409394809281 0.01471296401672027
4 5 75 76 7.244181634674058 0.01421970118027382
4 5 76 77 6.925665763077523 0.03169193633336036
4 5 77 78 6.627680618978276 0.02640716188686616
4 5 78 79 6.340948360069594 0.02070212792084981
4 5 79 80 6.058500783936163 0.01548357766541076
4 5 80 81 5.785286660405187 0.01059046984212111
4 5 81 82 5.523043027670368 0.006483894513176477
4 5 82 83 5.264929663349955 0.007275458566295044
4 5 83 84 5.017581565800346 0.007262173066557006
4 5 84 85 4.778490952613173 0.007238068746811837
4 5 85 86 4.551659359423198 0.01188747440084698
4 5 86 87 4.328654572285712 0.0135596310929208
4 5 87 88 4.113646987287462 0.01513205607832266
4 5 88 89 3.906527624312139 0.01648748676698174
4 5 89 90 3.691032132138903 0.02561162093469855
4 5 90 91 3.504906945441586 0.01510367270668102
4 5 91 92 3.309768083316012 0.0358990960598865
4 5 92 93 3.142085716893613 0.02714311844999591
4 5 93 94 2.990428107297613 0.02181021234994175
4 5 94 95 2.827558242315563 0.02142514737858386
4 5 95 96 2.671597631616542 0.02089569531090091
4 5 96 97 2.522381290348863 0.02024074379432642
4 5 97 98 2.379740194936061 0.01948031144557301
4 5 98 99 2.243501878247043 0.01863458889497746
4 5 99 100 2.113491005016449 0.01772324863175229
-5 5 51 100 25840.69749201463 15.43393856980634
