#ylo yhi qTlo qThi PDF0  uncertainty
-5 -4 51 52 18.03004026467293 0.1008607561794186
-5 -4 52 53 17.17711745876304 0.09896626767845536
-5 -4 53 54 16.36760440329499 0.09606481703389402
-5 -4 54 55 15.59907515640163 0.09234334754982938
-5 -4 55 56 14.86914843970397 0.08812987987273839
-5 -4 56 57 14.17522782243183 0.08420923542586423
-5 -4 57 58 13.51527454893075 0.08072130190288491
-5 -4 58 59 12.88751746041429 0.07759564902291428
-5 -4 59 60 12.29028698609896 0.07476431271125721
-5 -4 60 61 11.72186546373528 0.07197583384884147
-5 -4 61 62 11.18057267944185 0.06895019356803979
-5 -4 62 63 10.66504566576973 0.06575259254515828
-5 -4 63 64 10.17386983411871 0.06263154685825359
-5 -4 64 65 9.706117765765981 0.05973721206552605
-5 -4 65 66 9.259309311542253 0.05688685829577334
-5 -4 66 67 8.855634210223322 0.02172597910934767
-5 -4 67 68 8.447596111787883 0.02102109612226779
-5 -4 68 69 8.057356110449458 0.02031906418473339
-5 -4 69 70 7.681931100996003 0.01994840728616071
-5 -4 70 71 7.319446924103358 0.01898778245084991
-5 -4 71 72 6.969099776581478 0.01834480535171085
-5 -4 72 73 6.630549442426395 0.01771214718769428
-5 -4 73 74 6.30358797324142 0.01708623933085703
-5 -4 74 75 5.980624187264328 0.008440434897397224
-5 -4 75 76 5.676665591393323 0.008184867883620644
-5 -4 76 77 5.379873661547338 0.02049740711186806
-5 -4 77 78 5.095012495871001 0.01625487572614586
-5 -4 78 79 4.824229170151207 0.01287606714833412
-5 -4 79 80 4.564482095204869 0.009122659479543552
-5 -4 80 81 4.31591485971011 0.005941344694397872
-5 -4 81 82 4.075271995031502 0.005249465628025187
-5 -4 82 83 3.848568363464287 0.007071810589280206
-5 -4 83 84 3.629122198954833 0.006995863375498282
-5 -4 84 85 3.419312267929532 0.007362586203271811
-5 -4 85 86 3.223451836917492 0.01240708156416909
-5 -4 86 87 3.062938801959124 0.01402183416304416
-5 -4 87 88 2.879758776411701 0.01461828552965509
-5 -4 88 89 2.692760845046021 0.02875160358499745
-5 -4 89 90 2.525715300180763 0.01660329991184864
-5 -4 90 91 2.367081917528765 0.01537300003508781
-5 -4 91 92 2.155953215114855 0.01721395907330157
-5 -4 92 93 2.040174575677488 0.02905705048041996
-5 -4 93 94 1.921372125647452 0.02033950696056288
-5 -4 94 95 1.590333313839244 0.02066464227073144
-5 -4 95 96 1.674608084599526 0.01929563451189511
-5 -4 96 97 1.561248872303946 0.01864509832492668
-5 -4 97 98 1.454228843677103 0.01792448283708688
-5 -4 98 99 1.353294077938156 0.01714684354523618
-5 -4 99 100 1.258193771760244 0.0163254476306092
-4 -3.75 51 52 21.97372864490247 0.1587586221385404
-4 -3.75 52 53 21.05333465793774 0.1563576505081367
-4 -3.75 53 54 20.17566587171233 0.1537419938867982
-4 -3.75 54 55 19.33854816606876 0.150973995108021
-4 -3.75 55 56 18.5401122018157 0.03597623659674913
-4 -3.75 56 57 17.77752329366901 0.03276226425706444
-4 -3.75 57 58 17.0492047316302 0.03020601558121291
-4 -3.75 58 59 16.35348451378917 0.02821490750829563
-4 -3.75 59 60 15.68877541277487 0.02669608342435941
-4 -3.75 60 61 15.05344277523339 0.02524255633847684
-4 -3.75 61 62 14.44587413008285 0.02337270950880617
-4 -3.75 62 63 13.86474919713769 0.0211605842256556
-4 -3.75 63 64 13.29152515916858 0.1465027905910872
-4 -3.75 64 65 12.76811626082634 0.1368418617316224
-4 -3.75 65 66 12.258843651697 0.109918819851873
-4 -3.75 66 67 11.77060893281832 0.08674749741887269
-4 -3.75 67 68 11.3019045572692 0.06693188670734662
-4 -3.75 68 69 10.85051223347125 0.04995068639856657
-4 -3.75 69 70 10.41328142664769 0.0355549695930394
-4 -3.75 70 71 9.987809159140205 0.02359818509596742
-4 -3.75 71 72 9.573219081671848 0.0135370984122162
-4 -3.75 72 73 9.169224106541439 0.005434480576669944
-4 -3.75 73 74 8.775776108670938 0.001837876475783903
-4 -3.75 74 75 8.392948308877529 0.005987012977495002
-4 -3.75 75 76 8.020671718036382 0.009469466869525611
-4 -3.75 76 77 7.658963800839768 0.01208610689019689
-4 -3.75 77 78 7.307879214114445 0.01394383819456887
-4 -3.75 78 79 6.967449409783744 0.01515965283464104
-4 -3.75 79 80 6.62589681674103 0.04197877627419641
-4 -3.75 80 81 6.306231472716836 0.01975432395350574
-4 -3.75 81 82 5.997365682523289 0.002893351617985318
-4 -3.75 82 83 5.68882519763347 0.03601264612058223
-4 -3.75 83 84 5.360257950439253 0.02941191682021692
-4 -3.75 84 85 5.133319766350794 0.02697349701172467
-4 -3.75 85 86 4.880195892364846 0.01297477446179575
-4 -3.75 86 87 4.62336597901728 0.0121314945612516
-4 -3.75 87 88 4.375840529214594 0.01080604853123705
-4 -3.75 88 89 4.136447013115351 0.01088642799533565
-4 -3.75 89 90 3.910231491219664 0.009453114877162121
-4 -3.75 90 91 3.691822268989646 0.00975779396252326
-4 -3.75 91 92 3.485040738289555 0.006861796299313228
-4 -3.75 92 93 3.285418984763277 0.006090887051942303
-4 -3.75 93 94 3.094676163748684 0.005424824746511393
-4 -3.75 94 95 2.912596695258744 0.004861934443250591
-4 -3.75 95 96 2.738957923216013 0.00439567492639088
-4 -3.75 96 97 2.573531122063938 0.004015248781653461
-4 -3.75 97 98 2.416082475343595 0.003706763922300943
-4 -3.75 98 99 2.266374023134413 0.003454871283994096
-4 -3.75 99 100 2.124043807068612 0.003107618617013283
-3.75 -3.5 51 52 29.57904948941996 0.05932306574254875
-3.75 -3.5 52 53 28.39586191157757 0.05652511025817152
-3.75 -3.5 53 54 27.26479732386053 0.05324281721252652
-3.75 -3.5 54 55 26.18340500045521 0.04889483074398327
-3.75 -3.5 55 56 25.14925522845392 0.04395803223047844
-3.75 -3.5 56 57 24.15972636662565 0.03974621619623912
-3.75 -3.5 57 58 23.21265172127985 0.03649668122464286
-3.75 -3.5 58 59 22.30608731058241 0.0340821887743467
-3.75 -3.5 59 60 21.41040777819814 0.3037165358468178
-3.75 -3.5 60 61 20.59627900102086 0.3079145822000764
-3.75 -3.5 61 62 19.80054122635153 0.2592000998733336
-3.75 -3.5 62 63 19.03824300731742 0.216711911019812
-3.75 -3.5 63 64 18.30744169693642 0.1788335233964566
-3.75 -3.5 64 65 17.60636106673442 0.144258298642912
-3.75 -3.5 65 66 16.9336815905502 0.1129474190810414
-3.75 -3.5 66 67 16.28761373406087 0.08616008388848267
-3.75 -3.5 67 68 15.66625380092018 0.06338570067705392
-3.75 -3.5 68 69 15.06667604605234 0.04390131486439121
-3.75 -3.5 69 70 14.48462343121743 0.0277883291340076
-3.75 -3.5 70 71 13.91683148759679 0.02125437591791236
-3.75 -3.5 71 72 13.36215719621643 0.01993349496108059
-3.75 -3.5 72 73 12.82027436298966 0.02245905614225276
-3.75 -3.5 73 74 12.29120042742419 0.02597979256291802
-3.75 -3.5 74 75 11.775123337153 0.02906373931579508
-3.75 -3.5 75 76 11.27202098202921 0.0315613144221723
-3.75 -3.5 76 77 10.78200057548415 0.0335115524780276
-3.75 -3.5 77 78 10.30522389208239 0.03493734293607523
-3.75 -3.5 78 79 9.826318009444655 0.08738635631026165
-3.75 -3.5 79 80 9.376030566600285 0.05086173137463904
-3.75 -3.5 80 81 8.939436267014354 0.0299041751555837
-3.75 -3.5 81 82 8.516535380891474 0.026375865214806
-3.75 -3.5 82 83 8.130353602066366 0.07537727571389267
-3.75 -3.5 83 84 7.64197822795435 0.04143646433067255
-3.75 -3.5 84 85 7.33664237567741 0.04769052902246164
-3.75 -3.5 85 86 6.957700463978034 0.05037660518268873
-3.75 -3.5 86 87 6.607773893076324 0.05043229578037117
-3.75 -3.5 87 88 6.264545664954056 0.0508545829154981
-3.75 -3.5 88 89 5.939664639084985 0.0493505789867382
-3.75 -3.5 89 90 5.633026878215603 0.01521777465615439
-3.75 -3.5 90 91 5.327562950567104 0.01326764953711133
-3.75 -3.5 91 92 5.034545305284626 0.01176813547220985
-3.75 -3.5 92 93 4.753756430057113 0.0108968788599417
-3.75 -3.5 93 94 4.475264426237263 0.02964512273214044
-3.75 -3.5 94 95 4.219937769240183 0.02503696473347725
-3.75 -3.5 95 96 3.97580782217801 0.0205066270764515
-3.75 -3.5 96 97 3.742871295365058 0.01615110618359585
-3.75 -3.5 97 98 3.52057747404567 0.01204908997378351
-3.75 -3.5 98 99 3.286748357943079 0.01410150829866166
-3.75 -3.5 99 100 3.105251731384909 0.006744428810978471
-3.5 -3.25 51 52 35.38016897512475 0.114992577203298
-3.5 -3.25 52 53 34.02379789506813 0.1081091586999888
-3.5 -3.25 53 54 32.72416743683428 0.1009479791853011
-3.5 -3.25 54 55 31.47883836831012 0.09357389703830675
-3.5 -3.25 55 56 30.28535818846353 0.08622123944342815
-3.5 -3.25 56 57 29.10326174051282 0.5162241214573883
-3.5 -3.25 57 58 28.03218904343342 0.5429926666343619
-3.5 -3.25 58 59 26.9803820353126 0.4646174635102286
-3.5 -3.25 59 60 25.97130865959387 0.3951022909746344
-3.5 -3.25 60 61 25.00315687032023 0.3338608327403627
-3.5 -3.25 61 62 24.07419070723073 0.2803101185072945
-3.5 -3.25 62 63 23.1827244825712 0.2337996607941736
-3.5 -3.25 63 64 22.32664275858437 0.19224490395728
-3.5 -3.25 64 65 21.50400956148951 0.1539578273112022
-3.5 -3.25 65 66 20.71341210623205 0.1189750120301655
-3.5 -3.25 66 67 19.95284938571429 0.08916567901839964
-3.5 -3.25 67 68 19.22017363261335 0.06392123857244243
-3.5 -3.25 68 69 18.51194792333689 0.04234614195432809
-3.5 -3.25 69 70 17.82306601375785 0.02791144060603928
-3.5 -3.25 70 71 17.14959709788041 0.02062579995567432
-3.5 -3.25 71 72 16.49021411189202 0.01925507197906553
-3.5 -3.25 72 73 15.84458968471754 0.02217528613951166
-3.5 -3.25 73 74 15.2128281482759 0.02568314761104214
-3.5 -3.25 74 75 14.59524434007421 0.02829274576800831
-3.5 -3.25 75 76 13.99188453967615 0.03101987865566951
-3.5 -3.25 76 77 13.40296149689316 0.0334321790297543
-3.5 -3.25 77 78 12.79687801832513 0.1588688630401525
-3.5 -3.25 78 79 12.23683386681632 0.1119025377307922
-3.5 -3.25 79 80 11.70781741222854 0.1023524601790321
-3.5 -3.25 80 81 11.17907567920467 0.06785698907786639
-3.5 -3.25 81 82 10.66585006871708 0.04303123112228364
-3.5 -3.25 82 83 10.1681928036462 0.02909593904576937
-3.5 -3.25 83 84 9.686121194111594 0.02661152626604159
-3.5 -3.25 84 85 9.194242252481894 0.07516559845811933
-3.5 -3.25 85 86 8.762131197463511 0.05137543230792931
-3.5 -3.25 86 87 8.293395177033492 0.01545680729923917
-3.5 -3.25 87 88 7.857782744420935 0.01545975541649807
-3.5 -3.25 88 89 7.451963263335304 0.0192962506431931
-3.5 -3.25 89 90 7.072923959836773 0.01570368988015492
-3.5 -3.25 90 91 6.717666086454648 0.02067579993695332
-3.5 -3.25 91 92 6.382702929919973 0.04145716982472607
-3.5 -3.25 92 93 6.022771690718509 0.0482726710949466
-3.5 -3.25 93 94 5.700654211469932 0.01012762488765211
-3.5 -3.25 94 95 5.383321139356355 0.007217531242762617
-3.5 -3.25 95 96 5.07949326670397 0.008376385429912021
-3.5 -3.25 96 97 4.788880133591071 0.01226644848969497
-3.5 -3.25 97 98 4.51117933285393 0.01680727830427597
-3.5 -3.25 98 99 4.246077707688064 0.0212891959290269
-3.5 -3.25 99 100 3.99340783559118 0.02428517569064422
-3.25 -3 51 52 39.23217878370285 0.1361619115782396
-3.25 -3 52 53 37.78260626232814 0.1295040744525051
-3.25 -3 53 54 36.39068286963924 0.1225125188084476
-3.25 -3 54 55 35.05417461092786 0.1152826181341475
-3.25 -3 55 56 33.72572240083971 0.6402012042682839
-3.25 -3 56 57 32.52625938910499 0.6874382981587736
-3.25 -3 57 58 31.34280932825405 0.5921124159136977
-3.25 -3 58 59 30.20555318433507 0.5071057346176439
-3.25 -3 59 60 29.11267349485504 0.4317859492543548
-3.25 -3 60 61 28.0624144637517 0.3655206296432186
-3.25 -3 61 62 27.05308204569049 0.3076801505450688
-3.25 -3 62 63 26.08301796769872 0.2575497029053735
-3.25 -3 63 64 25.1500709136475 0.2126398297175433
-3.25 -3 64 65 24.25227051544354 0.1709292660841618
-3.25 -3 65 66 23.3882078441321 0.132521859788273
-3.25 -3 66 67 22.55579475322973 0.09983493719166495
-3.25 -3 67 68 21.75277154776692 0.07453905762785619
-3.25 -3 68 69 20.97538719617483 0.05980097453060708
-3.25 -3 69 70 20.21797241675628 0.04961315253715551
-3.25 -3 70 71 19.47615180470407 0.04388984228777337
-3.25 -3 71 72 18.74849590403011 0.04176586146683476
-3.25 -3 72 73 18.03470231457205 0.0421414196683198
-3.25 -3 73 74 17.33496495751637 0.04316195102152692
-3.25 -3 74 75 16.64971579818189 0.04376848286091969
-3.25 -3 75 76 15.97907407096443 0.04404889118840481
-3.25 -3 76 77 15.32335320208398 0.04410596527691343
-3.25 -3 77 78 14.64937485756142 0.2104562240887063
-3.25 -3 78 79 14.02368850111695 0.1573663386632704
-3.25 -3 79 80 13.41437934766684 0.1140472712674225
-3.25 -3 80 81 12.83942646543742 0.1219374764073409
-3.25 -3 81 82 12.26339382556204 0.09073339814212188
-3.25 -3 82 83 11.70394989650528 0.06827543749375652
-3.25 -3 83 84 11.16118494809502 0.05351305655720009
-3.25 -3 84 85 10.63514916439853 0.04497322195669184
-3.25 -3 85 86 10.12585425563641 0.04068667409422605
-3.25 -3 86 87 9.633275115845608 0.03878027261780139
-3.25 -3 87 88 9.157351521322664 0.03812938307559994
-3.25 -3 88 89 8.697989864977952 0.03842299625298006
-3.25 -3 89 90 8.25506492318182 0.03983456451139718
-3.25 -3 90 91 7.828412997087693 0.04258772089544641
-3.25 -3 91 92 7.410779926263786 0.01423666325583592
-3.25 -3 92 93 7.017229398639442 0.01960699936657987
-3.25 -3 93 94 6.639191819536155 0.02596381745693022
-3.25 -3 94 95 6.27641270004739 0.03267306036895278
-3.25 -3 95 96 5.928619138061193 0.03939507336983646
-3.25 -3 96 97 5.595521168618045 0.04591884849303365
-3.25 -3 97 98 5.27681314053099 0.05210016074161936
-3.25 -3 98 99 4.976337681569854 0.006008471055234386
-3.25 -3 99 100 4.684350346731494 0.004898654310374129
-3 -2.75 51 52 41.48743751429254 0.1137504687986185
-3 -2.75 52 53 40.0002850664425 0.108666248961518
-3 -2.75 53 54 38.56952092223865 0.102892138368005
-3 -2.75 54 55 37.13951785429927 0.7799211000439902
-3 -2.75 55 56 35.85660762128629 0.8566480031327867
-3 -2.75 56 57 34.58403550047252 0.7428376571788589
-3 -2.75 57 58 33.35920614725386 0.6407496379976561
-3 -2.75 58 59 32.18040649906763 0.5497214680850639
-3 -2.75 59 60 31.04596282954822 0.4690861573714267
-3 -2.75 60 61 29.95424360613353 0.3981756584215773
-3 -2.75 61 62 28.9036619620238 0.3363239172908853
-3 -2.75 62 63 27.89265058134552 0.2827641598535318
-3 -2.75 63 64 26.91910373820679 0.2346600946736436
-3 -2.75 64 65 25.98109150278329 0.1897010325621792
-3 -2.75 65 66 25.07726276014269 0.14804381666778
-3 -2.75 66 67 24.20552311193904 0.1125775030124065
-3 -2.75 67 68 23.36359085665764 0.08252289589302265
-3 -2.75 68 69 22.54755335235473 0.05720024493813943
-3 -2.75 69 70 21.7514160217147 0.04452636434976681
-3 -2.75 70 71 20.97054520834256 0.03713214445077993
-3 -2.75 71 72 20.20347056603858 0.03449426190674741
-3 -2.75 72 73 19.44992672368949 0.03551881890680401
-3 -2.75 73 74 18.7101869530933 0.03754342849302664
-3 -2.75 74 75 17.98477854671633 0.03901534789371726
-3 -2.75 75 76 17.27388626388385 0.04004738821382887
-3 -2.75 76 77 16.57790709792194 0.04079415507898612
-3 -2.75 77 78 15.86411394918413 0.2577312922216919
-3 -2.75 78 79 15.19815395122853 0.198961872201019
-3 -2.75 79 80 14.54880658140845 0.1508050251980397
-3 -2.75 80 81 13.93589188176275 0.1694434155954239
-3 -2.75 81 82 13.32073677512994 0.1331798247219615
-3 -2.75 82 83 12.72261390609746 0.1060600385583483
-3 -2.75 83 84 12.14167502572972 0.08679049457631675
-3 -2.75 84 85 11.57802699318117 0.07401112761188429
-3 -2.75 85 86 11.03173347868104 0.06633886967022738
-3 -2.75 86 87 10.5028167214391 0.06254513439967939
-3 -2.75 87 88 9.991259336826136 0.06173937798334619
-3 -2.75 88 89 9.497006167892778 0.06338957505930942
-3 -2.75 89 90 9.019966176525942 0.06718073238573206
-3 -2.75 90 91 8.560004558053679 0.07275956442860439
-3 -2.75 91 92 8.108760836476037 0.04069166840263897
-3 -2.75 92 93 7.683791947299477 0.0484052647035618
-3 -2.75 93 94 7.275194553884932 0.05643798283993703
-3 -2.75 94 95 6.882728068465871 0.06453667867005913
-3 -2.75 95 96 6.506130470082146 0.07249736236327484
-3 -2.75 96 97 6.151318624561031 0.008728290807694203
-3 -2.75 97 98 5.804075015681962 0.007311520591431092
-3 -2.75 98 99 5.471963544674542 0.006108162332606971
-3 -2.75 99 100 5.15464431795995 0.005125024252085338
-2.75 -2.5 51 52 42.67507203343214 0.09865769246670072
-2.75 -2.5 52 53 41.18032905258319 0.09482974438222834
-2.75 -2.5 53 54 39.7398716271305 0.08994872546604785
-2.75 -2.5 54 55 38.33802614317096 1.060179709247541
-2.75 -2.5 55 56 37.00262717107225 0.92706486897735
-2.75 -2.5 56 57 35.71569291123852 0.8056782738381656
-2.75 -2.5 57 58 34.47539426326888 0.6967125908884431
-2.75 -2.5 58 59 33.28020060414705 0.599479893317147
-2.75 -2.5 59 60 32.12859933517558 0.5132863448548892
-2.75 -2.5 60 61 31.01910117707875 0.4374357953413556
-2.75 -2.5 61 62 29.95024482272852 0.3712329582782076
-2.75 -2.5 62 63 28.92057312661092 0.3138680504359145
-2.75 -2.5 63 64 27.9280585420494 0.2622071412015504
-2.75 -2.5 64 65 26.97084172103099 0.2136894258296172
-2.75 -2.5 65 66 26.04764775747432 0.1685151932408684
-2.75 -2.5 66 67 25.15641525372558 0.1299782588400191
-2.75 -2.5 67 68 24.29488819445339 0.09722816254395242
-2.75 -2.5 68 69 23.45909051555622 0.06890207012868631
-2.75 -2.5 69 70 22.64286870302289 0.04574876073423507
-2.75 -2.5 70 71 21.84146129837634 0.0353653027704766
-2.75 -2.5 71 72 21.053394093329 0.0303619689123641
-2.75 -2.5 72 73 20.27843928937618 0.03061029597852241
-2.75 -2.5 73 74 19.51693355537357 0.0329408706802307
-2.75 -2.5 74 75 18.76947519459351 0.03497289984587711
-2.75 -2.5 75 76 18.03630087175879 0.03659609232752377
-2.75 -2.5 76 77 17.31787028550673 0.0379340751061881
-2.75 -2.5 77 78 16.58332919057849 0.2980240675372623
-2.75 -2.5 78 79 15.8943452109821 0.2335793544204119
-2.75 -2.5 79 80 15.22200459239545 0.1806271257386627
-2.75 -2.5 80 81 14.58707436411854 0.2069543958164601
-2.75 -2.5 81 82 13.9494212212711 0.1660779250506386
-2.75 -2.5 82 83 13.32896961574331 0.1351460545603164
-2.75 -2.5 83 84 12.72591575837895 0.1127734262904943
-2.75 -2.5 84 85 12.14040760563203 0.09757696169131867
-2.75 -2.5 85 86 11.57254664235615 0.08822138042920288
-2.75 -2.5 86 87 11.02238972347678 0.08353246858541102
-2.75 -2.5 87 88 10.48995096916159 0.08259910014818822
-2.75 -2.5 88 89 9.975203707944516 0.08477372369271906
-2.75 -2.5 89 90 9.478082462928418 0.08957751952494075
-2.75 -2.5 90 91 8.998474542801761 0.09647990657873587
-2.75 -2.5 91 92 8.527150593970218 0.05919435450430013
-2.75 -2.5 92 93 8.083626068183154 0.06797899498504477
-2.75 -2.5 93 94 7.656953116917411 0.07709146141191313
-2.75 -2.5 94 95 7.246902149920917 0.08627421429697349
-2.75 -2.5 95 96 6.853220213423556 0.09531306327675429
-2.75 -2.5 96 97 6.481338651879406 0.009731889164879583
-2.75 -2.5 97 98 6.117919911277017 0.008432506887051805
-2.75 -2.5 98 99 5.77015834106582 0.007385063426235667
-2.75 -2.5 99 100 5.437716534888181 0.006588181732857344
-2.5 -2.25 51 52 43.16037198201451 0.09087124686359738
-2.5 -2.25 52 53 41.67191185226002 0.08784921287135404
-2.5 -2.25 53 54 40.23557131708951 0.08259450122381407
-2.5 -2.25 54 55 38.8362110370304 1.136598706811918
-2.5 -2.25 55 56 37.50135115325966 0.9952739031789398
-2.5 -2.25 56 57 36.21350104631887 0.8662665838365934
-2.5 -2.25 57 58 34.97101619440792 0.7503544698323426
-2.5 -2.25 58 59 33.77253312529668 0.6468271303702974
-2.5 -2.25 59 60 32.61668781805876 0.5549667228410752
-2.5 -2.25 60 61 31.5021230642723 0.47405172001736
-2.5 -2.25 61 62 30.42749497739891 0.4033602014224927
-2.5 -2.25 62 63 29.39145050997996 0.342043203189946
-2.5 -2.25 63 64 28.39204257523954 0.286700580783338
-2.5 -2.25 64 65 27.42748505140989 0.2345483168616687
-2.5 -2.25 65 66 26.49657746607572 0.1858261148557513
-2.5 -2.25 66 67 25.59730490552666 0.1441844960728542
-2.5 -2.25 67 68 24.72745839963386 0.1087166078887219
-2.5 -2.25 68 69 23.88305980902461 0.07794722698865764
-2.5 -2.25 69 70 23.05791449545821 0.05166813828740189
-2.5 -2.25 70 71 22.24722967362508 0.03017214464399556
-2.5 -2.25 71 72 21.44955337216372 0.0206441498982274
-2.5 -2.25 72 73 20.66469250203862 0.02166586861616664
-2.5 -2.25 73 74 19.89303037643995 0.02616691403132606
-2.5 -2.25 74 75 19.13521208125237 0.02995915772727905
-2.5 -2.25 75 76 18.39151014175644 0.0329981009305072
-2.5 -2.25 76 77 17.66242510123446 0.0355395265908415
-2.5 -2.25 77 78 16.94854546198465 0.03831816378008708
-2.5 -2.25 78 79 16.21419442940415 0.2672360845852511
-2.5 -2.25 79 80 15.55110013443632 0.2939889485098231
-2.5 -2.25 80 81 14.88559624640429 0.2360828316804985
-2.5 -2.25 81 82 14.23710907342809 0.190468494100814
-2.5 -2.25 82 83 13.60591200146241 0.1556586947218752
-2.5 -2.25 83 84 12.99222613419063 0.1302125172591733
-2.5 -2.25 84 85 12.39622210157415 0.112721071990891
-2.5 -2.25 85 86 11.81802193122978 0.1018368241146668
-2.5 -2.25 86 87 11.25770097859026 0.09635385098165929
-2.5 -2.25 87 88 10.71528991013462 0.09528645432188332
-2.5 -2.25 88 89 10.1907767342517 0.09787607529442949
-2.5 -2.25 89 90 9.684108874195495 0.1035231120412143
-2.5 -2.25 90 91 9.195184350355831 0.1115700620776189
-2.5 -2.25 91 92 8.713853376766448 0.0726044913233008
-2.5 -2.25 92 93 8.261656634715381 0.08212391011391131
-2.5 -2.25 93 94 7.826559748526552 0.09210060711374943
-2.5 -2.25 94 95 7.408336939403021 0.1022643523458071
-2.5 -2.25 95 96 7.006738140562756 0.1122941652524277
-2.5 -2.25 96 97 6.63034561655563 0.01053037599187069
-2.5 -2.25 97 98 6.259337846787336 0.008843900517789405
-2.5 -2.25 98 99 5.904252551126865 0.007378229643144825
-2.5 -2.25 99 100 5.56475263798829 0.006141859734811863
-2.25 -2 51 52 44.26906518228509 0.09676041909661981
-2.25 -2 52 53 42.75556040108799 0.09367200554701302
-2.25 -2 53 54 41.29378186199702 0.08820511676839383
-2.25 -2 54 55 39.86605830978854 1.235442174965707
-2.25 -2 55 56 38.50544473338068 1.085389812676019
-2.25 -2 56 57 37.19183561000922 0.9482308727048627
-2.25 -2 57 58 35.92367905184207 0.8248249799000996
-2.25 -2 58 59 34.699692683607 0.714442315034961
-2.25 -2 59 60 33.51858134705792 0.6163439515499662
-2.25 -2 60 61 32.37904598574258 0.5297857513486695
-2.25 -2 61 62 31.27979151930228 0.4540218132295163
-2.25 -2 62 63 30.21950496533327 0.3881670570518049
-2.25 -2 63 64 29.19625484990655 0.3285646597959603
-2.25 -2 64 65 28.20826826565668 0.2722123958579947
-2.25 -2 65 66 27.25436699359331 0.2193816161396766
-2.25 -2 66 67 26.33251943959374 0.1740687007840618
-2.25 -2 67 68 25.4404949497811 0.1353022616397596
-2.25 -2 68 69 24.57421691818894 0.1014858423417032
-2.25 -2 69 70 23.72732139178781 0.07235103515754114
-2.25 -2 70 71 22.89489793381247 0.04812546700040934
-2.25 -2 71 72 22.07549180373579 0.0265238213937651
-2.25 -2 72 73 21.26894333892324 0.01082658326399828
-2.25 -2 73 74 20.47568388319835 0.007279592877042293
-2.25 -2 74 75 19.69640762627625 0.01303495715789429
-2.25 -2 75 76 18.93143428177597 0.01944408427001466
-2.25 -2 76 77 18.18130892713758 0.0247224681437096
-2.25 -2 77 78 17.44665967518727 0.02904051404934213
-2.25 -2 78 79 16.70275382513092 0.3302331438036772
-2.25 -2 79 80 16.0204567004648 0.3438098831789987
-2.25 -2 80 81 15.33475408361229 0.2795191638244532
-2.25 -2 81 82 14.66649902769471 0.2283364932683034
-2.25 -2 82 83 14.01598732671743 0.1887112149445124
-2.25 -2 83 84 13.38345971237812 0.1591950939770883
-2.25 -2 84 85 12.76910377245027 0.1384386910721672
-2.25 -2 85 86 12.1730559336822 0.1251922897062351
-2.25 -2 86 87 11.59540350466554 0.118313375687813
-2.25 -2 87 88 11.03618677274213 0.1167753867459905
-2.25 -2 88 89 10.49540114949247 0.1196679914649765
-2.25 -2 89 90 9.972999358333773 0.126185914468161
-2.25 -2 90 91 9.468882250865803 0.1354554446941034
-2.25 -2 91 92 8.982880112914181 0.1462397688048458
-2.25 -2 92 93 8.504828595349437 0.11782338064802
-2.25 -2 93 94 8.05631338016132 0.1280367208550354
-2.25 -2 94 95 7.632440399030939 0.009765972210472446
-2.25 -2 95 96 7.216352657961577 0.007175294994101356
-2.25 -2 96 97 6.817315908864975 0.004833290312012961
-2.25 -2 97 98 6.435028857199182 0.002783062487569277
-2.25 -2 98 99 6.069166671799239 0.001842858735398924
-2.25 -2 99 100 5.71938334163878 0.001845548047164539
-2 -1.75 51 52 44.40133415725745 0.0983695526200887
-2 -1.75 52 53 42.91241574489695 0.09532862295571919
-2 -1.75 53 54 41.47215170838223 0.08975285228081421
-2 -1.75 54 55 40.0658403502191 1.289957488294917
-2 -1.75 55 56 38.72143957839489 1.132742086344342
-2 -1.75 56 57 37.42182096231971 0.9889416939818406
-2 -1.75 57 58 36.16565626803948 0.8594972820814891
-2 -1.75 58 59 34.95186993446679 0.7436603671713529
-2 -1.75 59 60 33.77935269188116 0.640671765235779
-2 -1.75 60 61 32.6469726373973 0.5497655950107162
-2 -1.75 61 62 31.55358508599673 0.4701728185657144
-2 -1.75 62 63 30.49801345992725 0.4009747518348406
-2 -1.75 63 64 29.47846473581366 0.3383005191130857
-2 -1.75 64 65 28.49329129707441 0.2789693049353523
-2 -1.75 65 66 27.54141440262791 0.2232856136041864
-2 -1.75 66 67 26.62089854700037 0.1755307144644967
-2 -1.75 67 68 25.72960939957667 0.1346868065607923
-2 -1.75 68 69 24.8635298922986 0.09906521230881407
-2 -1.75 69 70 24.01630376006503 0.06843522155805845
-2 -1.75 70 71 23.1829896821997 0.04309527303160139
-2 -1.75 71 72 22.36213143663032 0.02094875686534396
-2 -1.75 72 73 21.55358065222872 0.01201444915461109
-2 -1.75 73 74 20.75780012059312 0.01806353298752604
-2 -1.75 74 75 19.97552370230616 0.02375331613337562
-2 -1.75 75 76 19.20709009027911 0.02924155352772583
-2 -1.75 76 77 18.45307805367668 0.03453821805447443
-2 -1.75 77 78 17.7141557751917 0.03887543250333484
-2 -1.75 78 79 16.97415390028065 0.427247901052648
-2 -1.75 79 80 16.26685276609324 0.3420878972046824
-2 -1.75 80 81 15.57635909023892 0.2727677260470945
-2 -1.75 81 82 14.90305816326888 0.2175577352584172
-2 -1.75 82 83 14.24727677981998 0.1748359505282085
-2 -1.75 83 84 13.60928513102072 0.1430744500462902
-2 -1.75 84 85 12.98929876295218 0.1208209260863572
-2 -1.75 85 86 12.38748059768195 0.1066902246187388
-2 -1.75 86 87 11.8039430125964 0.09938751888715786
-2 -1.75 87 88 11.23874997262677 0.09775960982788813
-2 -1.75 88 89 10.69191920977861 0.1008289245347062
-2 -1.75 89 90 10.16342444393828 0.1077752407116137
-2 -1.75 90 91 9.653186495129606 0.117720191231367
-2 -1.75 91 92 9.161055143820576 0.1293854543170895
-2 -1.75 92 93 8.6868795965825 0.1421043551280458
-2 -1.75 93 94 8.222077733634677 0.1076591886389636
-2 -1.75 94 95 7.785035815006342 0.1190598980341245
-2 -1.75 95 96 7.365190849494732 0.1304782150134351
-2 -1.75 96 97 6.970854571961466 0.009265920611859643
-2 -1.75 97 98 6.582449266127066 0.006801435768897071
-2 -1.75 98 99 6.210568373336033 0.004622217561769631
-2 -1.75 99 100 5.854875309200041 0.002878369538893301
-1.75 -1.5 51 52 44.8539599944209 0.0956282594150055
-1.75 -1.5 52 53 43.33320427808647 0.09271492728456814
-1.75 -1.5 53 54 41.86228606492364 0.08715328250040656
-1.75 -1.5 54 55 40.43664857547665 1.35932868622222
-1.75 -1.5 55 56 39.06359224124486 1.194100439617571
-1.75 -1.5 56 57 37.73642560261638 1.042886874487478
-1.75 -1.5 57 58 36.45379365054262 0.9067004202752905
-1.75 -1.5 58 59 35.2145999949081 0.7847693429504669
-1.75 -1.5 59 60 34.01771234310209 0.6763096831223279
-1.75 -1.5 60 61 32.86197405606848 0.5805294118816376
-1.75 -1.5 61 62 31.74621443841754 0.4966321032076303
-1.75 -1.5 62 63 30.6692288302348 0.4236608118160544
-1.75 -1.5 63 64 29.62916746477585 0.3575119232948267
-1.75 -1.5 64 65 28.62433200389414 0.2948088559839085
-1.75 -1.5 65 66 27.65361940500995 0.2358844041481652
-1.75 -1.5 66 67 26.71504583309127 0.185306472043244
-1.75 -1.5 67 68 25.80644068501771 0.1420126599330058
-1.75 -1.5 68 69 24.92373953235439 0.104219707641468
-1.75 -1.5 69 70 24.06056843928944 0.07170855442347386
-1.75 -1.5 70 71 23.21200500944281 0.04483044517486223
-1.75 -1.5 71 72 22.37662452085158 0.02154659620833434
-1.75 -1.5 72 73 21.55430054629214 0.009051270526920337
-1.75 -1.5 73 74 20.74551101125795 0.01759827290087131
-1.75 -1.5 74 75 19.9509932459788 0.02625566269403971
-1.75 -1.5 75 76 19.17109608980531 0.03310656645804525
-1.75 -1.5 76 77 18.4063990528695 0.03881696731299161
-1.75 -1.5 77 78 17.61876158206762 0.4131092676138231
-1.75 -1.5 78 79 16.90567297942132 0.4331279067238568
-1.75 -1.5 79 80 16.19001858712225 0.343582107482877
-1.75 -1.5 80 81 15.49191851070101 0.2707949844733809
-1.75 -1.5 81 82 14.81173898704281 0.2129565135566489
-1.75 -1.5 82 83 14.14978610203307 0.1683645797655737
-1.75 -1.5 83 84 13.50630785899255 0.1354053458606723
-1.75 -1.5 84 85 12.88149631039713 0.112525974949594
-1.75 -1.5 85 86 12.27548974872975 0.09822408239675323
-1.75 -1.5 86 87 11.68837495192187 0.09109214839798617
-1.75 -1.5 87 88 11.12018947711352 0.08990753355541259
-1.75 -1.5 88 89 10.57092399710038 0.09368005387997103
-1.75 -1.5 89 90 10.04052467224188 0.1016025380207584
-1.75 -1.5 90 91 9.528884417432721 0.1127856522765652
-1.75 -1.5 91 92 9.035824904533371 0.1258798800916265
-1.75 -1.5 92 93 8.561167111492161 0.1401666729628296
-1.75 -1.5 93 94 8.104708592068064 0.1551687344044278
-1.75 -1.5 94 95 7.658109217628422 0.1198482110465096
-1.75 -1.5 95 96 7.239102450738084 0.1327531342166125
-1.75 -1.5 96 97 6.848380152541353 0.01197886806710653
-1.75 -1.5 97 98 6.461238730316309 0.009264761682055526
-1.75 -1.5 98 99 6.090906534945935 0.006834641286622623
-1.75 -1.5 99 100 5.737021232180108 0.004780134163090867
-1.5 -1.25 51 52 44.73687785703538 0.1034500300354803
-1.5 -1.25 52 53 43.23102219675101 0.1004266724775793
-1.5 -1.25 53 54 41.77314532044275 0.09462125599559094
-1.5 -1.25 54 55 40.35208297550813 1.453925437392445
-1.5 -1.25 55 56 38.9891200104932 1.280943726302929
-1.5 -1.25 56 57 37.67075473143814 1.122408176812089
-1.5 -1.25 57 58 36.3957792084372 0.9794022400662947
-1.5 -1.25 58 59 35.16322727525804 0.8511453664345735
-1.5 -1.25 59 60 33.97208279163111 0.7368429050734892
-1.5 -1.25 60 61 32.82129269973807 0.6356903934993048
-1.5 -1.25 61 62 31.70977867050227 0.5468773622113121
-1.5 -1.25 62 63 30.63641890766185 0.4694232634291312
-1.5 -1.25 63 64 29.59944356919185 0.3990363620993228
-1.5 -1.25 64 65 28.59722651369965 0.3321798241090704
-1.5 -1.25 65 66 27.62872367389555 0.2692107227220593
-1.5 -1.25 66 67 26.69200224856884 0.2149557852449995
-1.5 -1.25 67 68 25.78494825694527 0.1683032022599613
-1.5 -1.25 68 69 24.9035412701047 0.1273777275543906
-1.5 -1.25 69 70 24.04145552740808 0.09190644559119573
-1.5 -1.25 70 71 23.19380298343822 0.06219316341395324
-1.5 -1.25 71 72 22.35918625709333 0.04456204057167439
-1.5 -1.25 72 73 21.5374965969477 0.0352164797013438
-1.5 -1.25 73 74 20.72923200561948 0.03295342986940958
-1.5 -1.25 74 75 19.93514641745969 0.03404722896668574
-1.5 -1.25 75 76 19.1555980373675 0.03626036489217022
-1.5 -1.25 76 77 18.39117940370273 0.0388839448906134
-1.5 -1.25 77 78 17.64256426220952 0.04149069802526415
-1.5 -1.25 78 79 16.89903149078063 0.4644373595114513
-1.5 -1.25 79 80 16.18276123616649 0.3675351826656584
-1.5 -1.25 80 81 15.48406776124138 0.2883626841203825
-1.5 -1.25 81 82 14.80332363020635 0.2250237685347508
-1.5 -1.25 82 83 14.14084011133204 0.1757455970427993
-1.5 -1.25 83 84 13.49686935376088 0.1388723876535387
-1.5 -1.25 84 85 12.87160662124337 0.1128490403826089
-1.5 -1.25 85 86 12.26519257885828 0.09619803883904088
-1.5 -1.25 86 87 11.6777156280428 0.08751308426186818
-1.5 -1.25 87 88 11.10921428410877 0.08549705707374694
-1.5 -1.25 88 89 10.55967959041872 0.089018293457129
-1.5 -1.25 89 90 10.02905756233168 0.09711902566639156
-1.5 -1.25 90 91 9.51724030998642 0.1087798769677309
-1.5 -1.25 91 92 9.024047713945137 0.1225276445583668
-1.5 -1.25 92 93 8.549299331560274 0.1375945271300558
-1.5 -1.25 93 94 8.092791235616225 0.1534779491759643
-1.5 -1.25 94 95 7.654286672835163 0.1697390159272635
-1.5 -1.25 95 96 7.22657143476593 0.13576466412855
-1.5 -1.25 96 97 6.824978452034166 0.1487954225447777
-1.5 -1.25 97 98 6.448922060405533 0.01500149773596571
-1.5 -1.25 98 99 6.078846490276078 0.01338142488676354
-1.5 -1.25 99 100 5.725231777083913 0.01202826140233651
-1.25 -1 51 52 45.53083000010747 0.1092809417863222
-1.25 -1 52 53 44.00170159050683 0.1061590536312028
-1.25 -1 53 54 42.52069971669272 0.1001422259841203
-1.25 -1 54 55 41.07358055640512 1.510822938848104
-1.25 -1 55 56 39.68807303360362 1.331787128282759
-1.25 -1 56 57 38.3474985087386 1.167656166503062
-1.25 -1 57 58 37.05068931190749 1.019569834648754
-1.25 -1 58 59 35.79671313587576 0.8867292646713237
-1.25 -1 59 60 34.58458089049162 0.7683202908353114
-1.25 -1 60 61 33.41326067836854 0.6635178669463649
-1.25 -1 61 62 32.28169026598299 0.5714899832405903
-1.25 -1 62 63 31.18875899220274 0.4912258130661412
-1.25 -1 63 64 30.13268820406709 0.4182454876915581
-1.25 -1 64 65 29.11184335839546 0.3488532642426379
-1.25 -1 65 66 28.12518387871964 0.283428401807839
-1.25 -1 66 67 27.17075754248913 0.2270332633398585
-1.25 -1 67 68 26.24643201643627 0.1785163270272879
-1.25 -1 68 69 25.3481274452575 0.1359249794148847
-1.25 -1 69 70 24.4694201132893 0.09897953234527651
-1.25 -1 70 71 23.60534742556915 0.0680099292785894
-1.25 -1 71 72 22.75450194198093 0.04126699112175665
-1.25 -1 72 73 21.9167854572006 0.02756837085265716
-1.25 -1 73 74 21.09271893339846 0.02249794250204196
-1.25 -1 74 75 20.28308203154117 0.0230648909293992
-1.25 -1 75 76 19.48825165203154 0.02587458212960446
-1.25 -1 76 77 18.70884211119324 0.02939205480656034
-1.25 -1 77 78 17.91841852897318 0.4363948946877356
-1.25 -1 78 79 17.19206118017281 0.4485354878329338
-1.25 -1 79 80 16.46170634201567 0.3489929383718682
-1.25 -1 80 81 15.74928894737367 0.2679383710899245
-1.25 -1 81 82 15.05519427226505 0.2034386914605071
-1.25 -1 82 83 14.37974439482628 0.1536922655793017
-1.25 -1 83 84 13.72320044175406 0.1170073254216444
-1.25 -1 84 85 13.08576489426628 0.091740808933287
-1.25 -1 85 86 12.46758394932576 0.07620749931382791
-1.25 -1 86 87 11.86874993125481 0.06867921575583225
-1.25 -1 87 88 11.28930374778531 0.06760852534760266
-1.25 -1 88 89 10.72923738461854 0.07187425337051358
-1.25 -1 89 90 10.18849643054641 0.08071573023810304
-1.25 -1 90 91 9.666971407281196 0.09328939461030646
-1.25 -1 91 92 9.164479777750454 0.1081672156093769
-1.25 -1 92 93 8.680837200273967 0.1245484852746814
-1.25 -1 93 94 8.215834688489799 0.1418835066755221
-1.25 -1 94 95 7.769229475238266 0.159688160784168
-1.25 -1 95 96 7.332819274162002 0.123387917524981
-1.25 -1 96 97 6.924018948176151 0.1379756303018531
-1.25 -1 97 98 6.539454170201772 0.009021341404594225
-1.25 -1 98 99 6.162884891232562 0.007258008216719692
-1.25 -1 99 100 5.803126727181919 0.005852859947275289
-1 -0.75 51 52 45.69646307873606 0.1148745525470599
-1 -0.75 52 53 44.15278033429433 0.1116170934641096
-1 -0.75 53 54 42.65758686459193 0.1053694724458443
-1 -0.75 54 55 41.19348056492109 1.559756729424302
-1 -0.75 55 56 39.79473306104282 1.375468508887479
-1 -0.75 56 57 38.44132248579953 1.206428989091272
-1 -0.75 57 58 37.13208765110869 1.053832028438527
-1 -0.75 58 59 35.86610519989355 0.9168683888343909
-1 -0.75 59 60 34.64239166754547 0.7947123636385736
-1 -0.75 60 61 33.45991792249646 0.6865262759800956
-1 -0.75 61 62 32.31762206360357 0.591464470351096
-1 -0.75 62 63 31.21439171620682 0.5084955423258954
-1 -0.75 63 64 30.14844225180022 0.4329994918792682
-1 -0.75 64 65 29.11813371250631 0.3611627433611967
-1 -0.75 65 66 28.12242141624871 0.2933842056730223
-1 -0.75 66 67 27.15934332565197 0.2349106445802699
-1 -0.75 67 68 26.22676491689266 0.1845596514525776
-1 -0.75 68 69 25.32059871429229 0.1403156647183171
-1 -0.75 69 70 24.43442757557712 0.1018993463974044
-1 -0.75 70 71 23.56330247856964 0.06965488427521839
-1 -0.75 71 72 22.70582999995739 0.04062467493993403
-1 -0.75 72 73 21.86191904598967 0.0197684030584021
-1 -0.75 73 74 21.03209571679707 0.01427956235917887
-1 -0.75 74 75 20.21713903523595 0.01739919053992272
-1 -0.75 75 76 19.41742595196359 0.02308912168407547
-1 -0.75 76 77 18.63356799070216 0.03101749024721583
-1 -0.75 77 78 17.83587987871539 0.4665723689241294
-1 -0.75 78 79 17.10672721701272 0.4727258423163729
-1 -0.75 79 80 16.37320881621322 0.3682064251374443
-1 -0.75 80 81 15.65804105679434 0.2828316810943464
-1 -0.75 81 82 14.96159639989111 0.2145931421450902
-1 -0.75 82 83 14.28418311775122 0.1616164020561914
-1 -0.75 83 84 13.62604767064207 0.1221537002014079
-1 -0.75 84 85 12.98737713897201 0.0945528755174341
-1 -0.75 85 86 12.36830170614243 0.07719540748517853
-1 -0.75 86 87 11.7688971870274 0.06845871365781424
-1 -0.75 87 88 11.18918759571307 0.0668208278423246
-1 -0.75 88 89 10.6291477462885 0.07104864112551548
-1 -0.75 89 90 10.08870587867963 0.08021021749732485
-1 -0.75 90 91 9.567735106170588 0.09331192632410049
-1 -0.75 91 92 9.066035556141326 0.1088081633313462
-1 -0.75 92 93 8.583405579132787 0.1258629559686322
-1 -0.75 93 94 8.119619027668293 0.1439146235782207
-1 -0.75 94 95 7.674416212944656 0.1624695689929201
-1 -0.75 95 96 7.247506532011972 0.1811026534512386
-1 -0.75 96 97 6.831552282180809 0.1438179981024486
-1 -0.75 97 98 6.45085002235874 0.01025396285478619
-1 -0.75 98 99 6.076190688564466 0.007810458151736385
-1 -0.75 99 100 5.718452789834259 0.006046809361849667
-0.75 -0.5 51 52 45.63873900954292 0.1160192625182069
-0.75 -0.5 52 53 44.09864579914111 0.1128021773942253
-0.75 -0.5 53 54 42.60638585275342 0.1065248551400787
-0.75 -0.5 54 55 41.1458284763286 1.607649132734644
-0.75 -0.5 55 56 39.74886222641098 1.418903187438735
-0.75 -0.5 56 57 38.39680848891769 1.245699138012033
-0.75 -0.5 57 58 37.08856547558412 1.089268034303906
-0.75 -0.5 58 59 35.82326250639537 0.9487911946163708
-0.75 -0.5 59 60 34.59996248849404 0.8234325165329581
-0.75 -0.5 60 61 33.41767706485084 0.7123430558032234
-0.75 -0.5 61 62 32.27538015281226 0.6146650899785464
-0.75 -0.5 62 63 31.17199099014904 0.5293497334387623
-0.75 -0.5 63 64 30.10575394866449 0.4516653633292398
-0.75 -0.5 64 65 29.07505530508476 0.3777045446238814
-0.75 -0.5 65 66 28.07887242033385 0.3078803704235789
-0.75 -0.5 66 67 27.11526269737429 0.247583549191303
-0.75 -0.5 67 68 26.18211613024805 0.1956061685915181
-0.75 -0.5 68 69 25.27536629878172 0.1498864545614365
-0.75 -0.5 69 70 24.38862348231532 0.1101399283745715
-0.75 -0.5 70 71 23.51695774688261 0.07672921782357547
-0.75 -0.5 71 72 22.65898844263181 0.0521725880409702
-0.75 -0.5 72 73 21.8146314561773 0.03840748767916108
-0.75 -0.5 73 74 20.98442052966489 0.03267271292811141
-0.75 -0.5 74 75 20.16913993644376 0.03206791710857015
-0.75 -0.5 75 76 19.36917048672451 0.03372682984283032
-0.75 -0.5 76 77 18.58512747574693 0.03642721974975508
-0.75 -0.5 77 78 17.81208878967628 0.6157497503746395
-0.75 -0.5 78 79 17.06037371666053 0.4860562525145973
-0.75 -0.5 79 80 16.3266661380587 0.3782100806909636
-0.75 -0.5 80 81 15.61140402700794 0.2900167164079618
-0.75 -0.5 81 82 14.91495824803206 0.2194133120432548
-0.75 -0.5 82 83 14.23763493845927 0.1644728215573788
-0.75 -0.5 83 84 13.57967794650205 0.1234022875169499
-0.75 -0.5 84 85 12.94127132151186 0.09452467019584931
-0.75 -0.5 85 86 12.32254185188886 0.07623174702425535
-0.75 -0.5 86 87 11.72356164562058 0.06693556175910864
-0.75 -0.5 87 88 11.14435074705479 0.06512007480762957
-0.75 -0.5 88 89 10.58487978406481 0.06949514616069054
-0.75 -0.5 89 90 10.0450726369282 0.07904024515681497
-0.75 -0.5 90 91 9.52479787321424 0.09267767306350982
-0.75 -0.5 91 92 9.023850829450186 0.1087848040211138
-0.75 -0.5 92 93 8.542025190074781 0.1264970623815877
-0.75 -0.5 93 94 8.079090171080516 0.1452393848344582
-0.75 -0.5 94 95 7.634781449528035 0.1645072605869169
-0.75 -0.5 95 96 7.20880381849145 0.1838657610114122
-0.75 -0.5 96 97 6.793723748428832 0.1479929864817098
-0.75 -0.5 97 98 6.414047759967257 0.01395347846288562
-0.75 -0.5 98 99 6.040442248198865 0.01215716889309429
-0.75 -0.5 99 100 5.683774393763116 0.01067752312502973
-0.5 -0.25 51 52 45.87825128080883 0.1199954773074295
-0.5 -0.25 52 53 44.33226083347472 0.1163100328461578
-0.5 -0.25 53 54 42.83395598710206 0.1108491009474324
-0.5 -0.25 54 55 41.36794365661245 1.6312055647677
-0.5 -0.25 55 56 39.96477023409832 1.439765469866431
-0.5 -0.25 56 57 38.60647649338361 1.264060675349997
-0.5 -0.25 57 58 37.29198880851166 1.105348633406634
-0.5 -0.25 58 59 36.02046151804834 0.9628038167906223
-0.5 -0.25 59 60 34.79097886792778 0.8355826987060893
-0.5 -0.25 60 61 33.60257061250468 0.7228283847061617
-0.5 -0.25 61 62 32.45422596059424 0.6236747253879082
-0.5 -0.25 62 63 31.34487692718042 0.5370606411295272
-0.5 -0.25 63 64 30.272775803938 0.458175735563418
-0.5 -0.25 64 65 29.23631580276469 0.3830458314246646
-0.5 -0.25 65 66 28.23448181732772 0.3120938939651989
-0.5 -0.25 66 67 27.26533124597475 0.250813665523431
-0.5 -0.25 67 68 26.32675473111424 0.197979504289873
-0.5 -0.25 68 69 25.4146711019488 0.1514938306148874
-0.5 -0.25 69 70 24.52266313729328 0.1110718965560873
-0.5 -0.25 70 71 23.64578015721598 0.07708437747037834
-0.5 -0.25 71 72 22.7826416274156 0.05408681714602284
-0.5 -0.25 72 73 21.93316935168204 0.04089787548559438
-0.5 -0.25 73 74 21.09790698973474 0.03567956814740039
-0.5 -0.25 74 75 20.27764894651081 0.0352530692835802
-0.5 -0.25 75 76 19.47278328942782 0.03688522022622676
-0.5 -0.25 76 77 18.68393380642783 0.03947900848904107
-0.5 -0.25 77 78 17.90515736433026 0.6231510097361777
-0.5 -0.25 78 79 17.148874190656 0.4911095016137982
-0.5 -0.25 79 80 16.41071070109248 0.3812911456778935
-0.5 -0.25 80 81 15.69111024188537 0.2914714036798897
-0.5 -0.25 81 82 14.9904482938119 0.2195592123373667
-0.5 -0.25 82 83 14.30903488652814 0.1636017569144926
-0.5 -0.25 83 84 13.64711706983384 0.1217832388115635
-0.5 -0.25 84 85 13.00488143733128 0.09240522451666394
-0.5 -0.25 85 86 12.38245669775063 0.07383181734228386
-0.5 -0.25 86 87 11.77991628912483 0.06442874887299106
-0.5 -0.25 87 88 11.19728102927055 0.06262340356343418
-0.5 -0.25 88 89 10.63452179650952 0.06709588533373619
-0.5 -0.25 89 90 10.09156223206167 0.07683046837042919
-0.5 -0.25 90 91 9.568270199674544 0.09075429216317073
-0.5 -0.25 91 92 9.064439892459273 0.1072238842412775
-0.5 -0.25 92 93 8.579863507267309 0.1253567312187444
-0.5 -0.25 93 94 8.114308424385925 0.1445632650415111
-0.5 -0.25 94 95 7.667508156825377 0.1643259778261637
-0.5 -0.25 95 96 7.239165036533532 0.1841987398290529
-0.5 -0.25 96 97 6.82143710813952 0.148108544398441
-0.5 -0.25 97 98 6.440451625281945 0.01499416420754294
-0.5 -0.25 98 99 6.064821146049368 0.01309568746512027
-0.5 -0.25 99 100 5.706243307580916 0.01150802413113438
-0.25 0 51 52 46.11947635982509 0.119283621329009
-0.25 0 52 53 44.5633845745206 0.1156956460048966
-0.25 0 53 54 43.12324491256319 1.139570160485761
-0.25 0 54 55 41.57919204142047 1.643683286908749
-0.25 0 55 56 40.16690504304395 1.450903816511392
-0.25 0 56 57 38.79980749154242 1.273953134066347
-0.25 0 57 58 37.4768187513607 1.11410309994633
-0.25 0 58 59 36.19708723294607 0.970524928390095
-0.25 0 59 60 34.95969077003036 0.8423715537662133
-0.25 0 60 61 33.76365232981325 0.7287822833775658
-0.25 0 61 62 32.60795405724258 0.628886928152234
-0.25 0 62 63 31.49152054268157 0.541618373260719
-0.25 0 63 64 30.4125923533858 0.4621247661505
-0.25 0 64 65 29.36955200405529 0.3863971174406513
-0.25 0 65 66 28.36137753159477 0.3148642156863772
-0.25 0 66 67 27.38611432290281 0.2530731981881588
-0.25 0 67 68 26.44164180517727 0.1997899754943982
-0.25 0 68 69 25.52385887939528 0.1529000855422406
-0.25 0 69 70 24.62632102199814 0.1121183220791834
-0.25 0 70 71 23.74405749694314 0.07782166923886114
-0.25 0 71 72 22.87568326111698 0.05442668263112529
-0.25 0 72 73 22.0211202865337 0.0410502477778491
-0.25 0 73 74 21.18091524059855 0.03575257244616774
-0.25 0 74 75 20.35586608349237 0.03533992229460979
-0.25 0 75 76 19.54636266924813 0.03702651918015667
-0.25 0 76 77 18.75303124439105 0.0396889104469526
-0.25 0 77 78 17.9702702720064 0.6246072920614664
-0.25 0 78 79 17.2098075682897 0.491448309775586
-0.25 0 79 80 16.46762655903478 0.3807020563365928
-0.25 0 80 81 15.74417101485793 0.2901299410221015
-0.25 0 81 82 15.03981628239282 0.217628227828599
-0.25 0 82 83 14.35487173177452 0.1612335082539917
-0.25 0 83 84 13.68958326132909 0.1191220038446866
-0.25 0 84 85 13.04413585485507 0.08958814033005597
-0.25 0 85 86 12.41865618655946 0.07098035503852164
-0.25 0 86 87 11.813215268839 0.06162501248073154
-0.25 0 87 88 11.22783113598085 0.05989701387879943
-0.25 0 88 89 10.66247155776264 0.06445641033590746
-0.25 0 89 90 10.11705677427214 0.07430727042743167
-0.25 0 90 91 9.591450993379894 0.08839673292755268
-0.25 0 91 92 9.085444545495637 0.1050781248415881
-0.25 0 92 93 8.598825554778529 0.1234589735714497
-0.25 0 93 94 8.131357152139856 0.1429402579429247
-0.25 0 94 95 7.682768457471116 0.1629961630407999
-0.25 0 95 96 7.252757292880535 0.1831736362274458
-0.25 0 96 97 6.833074046511605 0.1471521442412126
-0.25 0 97 98 6.441115059496745 0.1627134515372
-0.25 0 98 99 6.073900458545189 0.01359174441376949
-0.25 0 99 100 5.714093679396594 0.01200217483651915
0 0.25 51 52 46.12426621702571 0.1192847646166323
0 0.25 52 53 44.56787791529797 0.1156967139985713
0 0.25 53 54 43.1274615915936 1.139570252573481
0 0.25 54 55 41.58314940448545 1.643696001922194
0 0.25 55 56 40.17062141190556 1.450914398769163
0 0.25 56 57 38.8032986238124 1.273961837940346
0 0.25 57 58 37.4800992555933 1.114110179229764
0 0.25 58 59 36.2001706813958 0.9705306144599277
0 0.25 59 60 34.96258977619837 0.8423760566779349
0 0.25 60 61 33.7663786203214 0.7287857929492867
0 0.25 61 62 32.61051853835414 0.6288896150455243
0 0.25 62 63 31.49393335932535 0.5416203882644494
0 0.25 63 64 30.41486289706054 0.4621262048629631
0 0.25 64 65 29.37168898009878 0.3863980320489243
0 0.25 65 66 28.36338905470218 0.3148646589299031
0 0.25 66 67 27.38800790232011 0.2530732697440728
0 0.25 67 68 26.44342436551628 0.1997897588194554
0 0.25 68 69 25.52553668819058 0.1528996411978443
0 0.25 69 70 24.62789958366871 0.1121177031747927
0 0.25 70 71 23.74554171370752 0.07782092878562262
0 0.25 71 72 22.87707769966534 0.05442595769662791
0 0.25 72 73 22.02242928651333 0.04104977560563278
0 0.25 73 74 21.182142962029 0.03575249568418796
0 0.25 74 75 20.35701653432285 0.03534016285700638
0 0.25 75 76 19.54743969158 0.03702695674892201
0 0.25 76 77 18.75403853524141 0.03968945246713108
0 0.25 77 78 17.97121055679762 0.6245980743094962
0 0.25 78 79 17.21068519292663 0.49143923647361
0 0.25 79 80 16.4684448287153 0.3806932688023952
0 0.25 80 81 15.74493310818529 0.2901215656122273
0 0.25 81 82 15.04052525424773 0.2176203815232751
0 0.25 82 83 14.35553051614722 0.1612263043755859
0 0.25 83 84 13.69019467415938 0.1191155538680132
0 0.25 84 85 13.04470259674287 0.08958253951125127
0 0.25 85 86 12.41918084556712 0.07097563130916169
0 0.25 86 87 11.81370032313928 0.06162105370903814
0 0.25 87 88 11.22827895660208 0.05989358315684969
0 0.25 88 89 10.66288441126074 0.06445329411125719
0 0.25 89 90 10.11743682537558 0.07430438361266052
0 0.25 90 91 9.591800307300403 0.08839409044511774
0 0.25 91 92 9.085765089574561 0.1050757710617963
0 0.25 92 93 8.599119202432924 0.1234569395215759
0 0.25 93 94 8.131625685901756 0.142938557152519
0 0.25 94 95 7.683013571615223 0.1629947953249417
0 0.25 95 96 7.252980596047028 0.1831725917834292
0 0.25 96 97 6.833277064359709 0.1471511266560115
0 0.25 97 98 6.441299237302896 0.1627128359724886
0 0.25 98 99 6.074067036943141 0.01359167524283901
0 0.25 99 100 5.714244077380208 0.01200211879209151
0.25 0.5 51 52 45.89239436666281 0.1199984886338182
0.25 0.5 52 53 44.34553065705083 0.1163128584947797
0.25 0.5 53 54 42.84641086506377 0.110851619731425
0.25 0.5 54 55 41.37963484055379 1.631236979122762
0.25 0.5 55 56 39.97575125961444 1.439790881463962
0.25 0.5 56 57 38.61679369328979 1.264080825700413
0.25 0.5 57 58 37.3016851482231 1.10536426196688
0.25 0.5 58 59 36.02957692432395 0.9628155969570243
0.25 0.5 59 60 34.79955045488342 0.8355912410571251
0.25 0.5 60 61 33.61063289128975 0.7228342402455286
0.25 0.5 61 62 32.4618110337089 0.6236783888031394
0.25 0.5 62 63 31.35201466102558 0.5370625486140996
0.25 0.5 63 64 30.27949385142777 0.4581761607111724
0.25 0.5 64 65 29.24263980020237 0.3830449195137951
0.25 0.5 65 66 28.24043566430008 0.3120917916466364
0.25 0.5 66 67 27.27093705932846 0.2508106597878197
0.25 0.5 67 68 26.33203290452732 0.1979758340605826
0.25 0.5 68 69 25.41964008870995 0.1514896645659947
0.25 0.5 69 70 24.5273391354477 0.1110673839028185
0.25 0.5 70 71 23.65017758881892 0.07707966380097628
0.25 0.5 71 72 22.7867739288926 0.05408263541795418
0.25 0.5 72 73 21.93704929439198 0.04089533399001758
0.25 0.5 73 74 21.10154681910383 0.0356791903336111
0.25 0.5 74 75 20.28106046274252 0.03525434015710461
0.25 0.5 75 76 19.4759778068297 0.03688750419228646
0.25 0.5 76 77 18.68692221424079 0.03948183471273147
0.25 0.5 77 78 17.90794577577731 0.6231239118049062
0.25 0.5 78 79 17.15147746397288 0.4910828732882775
0.25 0.5 79 80 16.41313856896168 0.3812653940036144
0.25 0.5 80 81 15.69337206582671 0.2914468894895955
0.25 0.5 81 82 14.99255307256194 0.2195362651930723
0.25 0.5 82 83 14.31099126429935 0.1635806891319336
0.25 0.5 83 84 13.64893334444326 0.1217643476482818
0.25 0.5 84 85 13.00656556824647 0.09238875140440173
0.25 0.5 85 86 12.38401631404898 0.07381781888788636
0.25 0.5 86 87 11.78135869739484 0.06441692753496524
0.25 0.5 87 88 11.19861322144543 0.06261315850063665
0.25 0.5 88 89 10.63575045770261 0.06708667271808673
0.25 0.5 89 90 10.09269374832053 0.07682205695593544
0.25 0.5 90 91 9.569310664609333 0.09074670035932758
0.25 0.5 91 92 9.065395112027957 0.1072172085383051
0.25 0.5 92 93 8.580739011314964 0.1253510380595313
0.25 0.5 93 94 8.115109475551488 0.1445585780043532
0.25 0.5 94 95 7.668239758239068 0.1643222857665219
0.25 0.5 95 96 7.239831939423659 0.1841960068757359
0.25 0.5 96 97 6.822043819572308 0.1481060314738381
0.25 0.5 97 98 6.44100235592607 0.0149941260104839
0.25 0.5 98 99 6.065319952858793 0.01309562960036206
0.25 0.5 99 100 5.706694023030675 0.01150796271837123
0.5 0.75 51 52 45.661265889985 0.1160236587980018
0.5 0.75 52 53 44.11978748035557 0.1128063247306107
0.5 0.75 53 54 42.6262344095459 0.106528600085731
0.5 0.75 54 55 41.16446526918585 1.607699083430765
0.5 0.75 55 56 39.76637142110545 1.418943493395362
0.5 0.75 56 57 38.41326335324396 1.245731000046553
0.5 0.75 57 58 37.10403398155484 1.089292648480928
0.5 0.75 58 59 35.83780784548983 0.948809649901992
0.5 0.75 59 60 34.61364342390587 0.8234457999251903
0.5 0.75 60 61 33.43054825881183 0.7123520576768825
0.5 0.75 61 62 32.28749247033073 0.614670609323671
0.5 0.75 62 63 31.18339176876147 0.5293524744531752
0.5 0.75 63 64 30.11648702900042 0.4516657683810867
0.5 0.75 64 65 29.08516134079774 0.3777028489245661
0.5 0.75 65 66 28.08838932175426 0.3078768099584027
0.5 0.75 66 67 27.12422555498773 0.2475785834685497
0.5 0.75 67 68 26.19055730687629 0.1956001794649205
0.5 0.75 68 69 25.28331508017018 0.1498797102305215
0.5 0.75 69 70 24.39610556898327 0.1101326640818352
0.5 0.75 70 71 23.52399601392372 0.07672166113591503
0.5 0.75 71 72 22.66560420063516 0.05216562417665701
0.5 0.75 72 73 21.82084496304012 0.03840300724623839
0.5 0.75 73 74 20.99025121315464 0.03267175128877049
0.5 0.75 74 75 20.17460652316879 0.03206974471122356
0.5 0.75 75 76 19.37429093569654 0.03373035302901439
0.5 0.75 76 77 18.58991907561057 0.03643160693692585
0.5 0.75 77 78 17.81656156061261 0.6157009269481274
0.5 0.75 78 79 17.06455098054933 0.4860085206354875
0.5 0.75 79 80 16.33056335602961 0.3781640845146084
0.5 0.75 80 81 15.61503607451449 0.2899730261344901
0.5 0.75 81 82 14.91833942785816 0.2193724474229992
0.5 0.75 82 83 14.2407789935047 0.1644352727652704
0.5 0.75 83 84 13.58259807243952 0.1233685147290639
0.5 0.75 84 85 12.94398017932094 0.09449503393445025
0.5 0.75 85 86 12.32505158019427 0.07620630770278662
0.5 0.75 86 87 11.725883873033 0.06691383438234833
0.5 0.75 87 88 11.14649660440814 0.06510111745276756
0.5 0.75 88 89 10.58685991655288 0.06947809352293678
0.5 0.75 89 90 10.04689721631806 0.0790246944204463
0.5 0.75 90 91 9.526476608112425 0.0926636088251611
0.5 0.75 91 92 9.02539297261356 0.1087723479260861
0.5 0.75 92 93 8.543439556750094 0.1264863015375245
0.5 0.75 93 94 8.080385152892777 0.1452303455253711
0.5 0.75 94 95 7.635965026551279 0.1644999172727304
0.5 0.75 95 96 7.209883571253609 0.183860050171915
0.5 0.75 96 97 6.794706869981983 0.1479872712893026
0.5 0.75 97 98 6.414940608326393 0.01395318863323133
0.5 0.75 98 99 6.041251681302253 0.01215689103304419
0.5 0.75 99 100 5.684506533826315 0.01067728954944505
0.75 1 51 52 45.72619503494874 0.1148788106624156
0.75 1 52 53 44.18068057773195 0.1116211210131389
0.75 1 53 54 42.68377738107483 0.1053730604141425
0.75 1 54 55 41.21807079467931 1.559831810847321
0.75 1 55 56 39.81783268294129 1.375530174846091
0.75 1 56 57 38.46302851884136 1.206478874415168
0.75 1 57 58 37.15249008801499 1.053871759473353
0.75 1 58 59 35.88528769241583 0.916899447621085
0.75 1 59 60 34.66043199507587 0.7947360947281302
0.75 1 60 61 33.47688842728783 0.6865438934260309
0.75 1 61 62 32.33359005442178 0.591477064709919
0.75 1 62 63 31.22941982673802 0.5085040761970677
0.75 1 63 64 30.16258848223697 0.4330045805326365
0.75 1 64 65 29.13145184105736 0.3611647285741142
0.75 1 65 66 28.13496158746993 0.2933834298721441
0.75 1 66 67 27.17115195168451 0.2349077404370773
0.75 1 67 68 26.23788480100421 0.1845551482999052
0.75 1 68 69 25.33106859246496 0.1403099458530462
0.75 1 69 70 24.44428144882819 0.1018927520544709
0.75 1 70 71 23.57257061505817 0.06964775254483331
0.75 1 71 72 22.71454059717975 0.04061716018793107
0.75 1 72 73 21.87009890574541 0.01976205398718367
0.75 1 73 74 21.03977053890659 0.01427953147571641
0.75 1 74 75 20.2243335878607 0.01740470527136007
0.75 1 75 76 19.42416398478315 0.02309570903848771
0.75 1 76 77 18.63987236320341 0.03102358237066587
0.75 1 77 78 17.84176571599096 0.4664919561715786
0.75 1 78 79 17.11222332503992 0.4726645297943432
0.75 1 79 80 16.37833563869346 0.3681473935368446
0.75 1 80 81 15.66281825932227 0.282775749424055
0.75 1 81 82 14.96604288741442 0.2145410693823393
0.75 1 82 83 14.28831705191094 0.1615689103748127
0.75 1 83 84 13.6298864868169 0.1221114543227205
0.75 1 84 85 12.99093756311591 0.09451634042053739
0.75 1 85 86 12.37159977144506 0.07716451855249393
0.75 1 86 87 11.77194825046467 0.0684325680134676
0.75 1 87 88 11.19200635443478 0.06679794886576537
0.75 1 88 89 10.63174825401615 0.07102779742342241
0.75 1 89 90 10.09110156193865 0.08019091130070978
0.75 1 90 91 9.569938778171554 0.09329422905217497
0.75 1 91 92 9.068059426615136 0.1087923360001175
0.75 1 92 93 8.585261278709456 0.1258491921527133
0.75 1 93 94 8.121317626401883 0.1439030138155134
0.75 1 94 95 7.675968236383767 0.1624601181360105
0.75 1 95 96 7.248921977224082 0.1810953039976482
0.75 1 96 97 6.83284063386203 0.1438105812936879
0.75 1 97 98 6.452019332107003 0.0102531573280662
0.75 1 98 99 6.077250360105371 0.007809634065160856
0.75 1 99 100 5.719410889858402 0.006046058550887586
1 1.25 51 52 45.56651013775539 0.1092907241419165
1 1.25 52 53 44.03516970719861 0.1061682658712893
1 1.25 53 54 42.55210407542998 0.1001506294222267
1 1.25 54 55 41.10304914374331 1.510909257778583
1 1.25 55 56 39.71574424279228 1.331857466221064
1 1.25 56 57 38.37349000411297 1.167712475984446
1 1.25 57 58 37.07511017150966 1.019614061415036
1 1.25 58 59 35.81966469628887 0.8867631817880223
1 1.25 59 60 34.60615732569593 0.7683455068947039
1 1.25 60 61 33.4335495363128 0.663535834419957
1 1.25 61 62 32.3007729654568 0.5715020069145641
1 1.25 62 63 31.2067112638701 0.4912330446388949
1 1.25 63 64 30.14958015070306 0.418248661937685
1 1.25 64 65 29.12773995734148 0.3488527872537881
1 1.25 65 66 28.14014569438211 0.2834246802367096
1 1.25 66 67 27.18484061572973 0.2270270527605367
1 1.25 67 68 26.25968801958825 0.1785082583002323
1 1.25 68 69 25.36060314252275 0.1359155038586081
1 1.25 69 70 24.48115657531656 0.09896904716135677
1 1.25 70 71 23.61638123637498 0.06799881726222366
1 1.25 71 72 22.76486718562471 0.04125568305652585
1 1.25 72 73 21.92651452435507 0.02756092734821572
1 1.25 73 74 21.10184287192295 0.02249791931600941
1 1.25 74 75 20.29163075002828 0.0230697444258984
1 1.25 75 76 19.496253819527 0.02588209480629806
1 1.25 76 77 18.71632531042549 0.02940058128045908
1 1.25 77 78 17.92539882322778 0.4363051922624947
1 1.25 78 79 17.1985755732391 0.448468159085679
1 1.25 79 80 16.4677794668142 0.348928295811049
1 1.25 80 81 15.7549444881309 0.2678775010876058
1 1.25 81 82 15.06045498662898 0.2033826321811395
1 1.25 82 83 14.38463213555593 0.153642024215988
1 1.25 83 84 13.72773617812198 0.1169638032252015
1 1.25 84 85 13.08996873316083 0.09170450915144598
1 1.25 85 86 12.4714751560243 0.07617799525538554
1 1.25 86 87 11.87234695013667 0.06865485781321468
1 1.25 87 88 11.29262422278062 0.06758709492468945
1 1.25 88 89 10.73229817948211 0.07185414526585628
1 1.25 89 90 10.19131364912214 0.08069645843047908
1 1.25 90 91 9.669560410837143 0.09327125205595853
1 1.25 91 92 9.166855197590316 0.1081507236736054
1 1.25 92 93 8.683012967316309 0.1245340339544269
1 1.25 93 94 8.217824056033216 0.1418713153415306
1 1.25 94 95 7.771045038727458 0.1596783119694053
1 1.25 95 96 7.334472990960091 0.123377094066014
1 1.25 96 97 6.925522157297181 0.1379681691918128
1 1.25 97 98 6.540817130339665 0.009020972640289164
1 1.25 98 99 6.164118147429924 0.00725762235800168
1 1.25 99 100 5.804239911801822 0.005852532672152082
1.25 1.5 51 52 44.77669601345059 0.1034621015221523
1.25 1.5 52 53 43.26837695269035 0.1004381251553624
1.25 1.5 53 54 41.80820136046378 0.09463181140849823
1.25 1.5 54 55 40.38498077087345 1.454026539504288
1.25 1.5 55 56 39.02001518130785 1.281026459114031
1.25 1.5 56 57 37.6997781300135 1.122474798223397
1.25 1.5 57 58 36.42305217360973 0.9794549924544026
1.25 1.5 58 59 35.18886256307991 0.8511862923862341
1.25 1.5 59 60 33.99618521227811 0.7368738569842436
1.25 1.5 60 61 32.8439597087944 0.6357130432771029
1.25 1.5 61 62 31.73110091721355 0.5468932110244868
1.25 1.5 62 63 30.65648072159587 0.4694336358856616
1.25 1.5 63 64 29.61832301784831 0.3990421090440379
1.25 1.5 64 65 28.61499596049188 0.3321814235404991
1.25 1.5 65 66 27.64545057542975 0.2692086522749763
1.25 1.5 66 67 26.70774902575634 0.2149509113045125
1.25 1.5 67 68 25.7997724660125 0.1682962520602464
1.25 1.5 68 69 24.91749499771572 0.1273692323848543
1.25 1.5 69 70 24.05458451067852 0.09189688413283807
1.25 1.5 70 71 23.20614795596472 0.06218301960206199
1.25 1.5 71 72 22.37078516751937 0.0445537321872901
1.25 1.5 72 73 21.54838550958459 0.03521272517276461
1.25 1.5 73 74 20.73944549212258 0.03295472750830529
1.25 1.5 74 75 19.94471778428984 0.03405165380204256
1.25 1.5 75 76 19.16455921331765 0.03626639918297334
1.25 1.5 76 77 18.39956111068835 0.03889066920783837
1.25 1.5 77 78 17.65039611705571 0.04149753536085499
1.25 1.5 78 79 16.90633348512032 0.4643418400153075
1.25 1.5 79 80 16.1895703005586 0.36744340235027
1.25 1.5 80 81 15.49041028295161 0.2882756560214977
1.25 1.5 81 82 14.80922496654843 0.2249423818992298
1.25 1.5 82 83 14.14632461373188 0.1756706221208493
1.25 1.5 83 84 13.50196039153137 0.1388044320844743
1.25 1.5 84 85 12.87632660498486 0.1127884211772506
1.25 1.5 85 86 12.26956298359346 0.09614458566036205
1.25 1.5 86 87 11.68175701611676 0.08746604033427895
1.25 1.5 87 88 11.11294632785646 0.08545530597640813
1.25 1.5 88 89 10.56312109474394 0.08898082524400193
1.25 1.5 89 90 10.03222648710495 0.09708524170829695
1.25 1.5 90 91 9.520153789354723 0.1087495675993514
1.25 1.5 91 92 9.026722070493847 0.1225007928703748
1.25 1.5 92 93 8.551750108871261 0.1375711245401188
1.25 1.5 93 94 8.095033223447722 0.1534579429947305
1.25 1.5 94 95 7.656333929029699 0.1697223022397051
1.25 1.5 95 96 7.228437307154863 0.1357460733775208
1.25 1.5 96 97 6.826675600290073 0.148781027947102
1.25 1.5 97 98 6.450460681613961 0.01500047148973404
1.25 1.5 98 99 6.080239682434311 0.01338052957307869
1.25 1.5 99 100 5.726490299032143 0.01202754704450876
1.5 1.75 51 52 44.89541689166637 0.09564242469805058
1.5 1.75 52 53 43.37209074007825 0.09272841201406955
1.5 1.75 53 54 41.89877421040046 0.08716577432225049
1.5 1.75 54 55 40.47088267070728 1.359440583684934
1.5 1.75 55 56 39.09573753278627 1.194192882587639
1.5 1.75 56 57 37.76661879070127 1.042962207733315
1.5 1.75 57 58 36.48216148159088 0.9067609802185359
1.5 1.75 58 59 35.2412602397111 0.7848172613480349
1.5 1.75 59 60 34.04277446397668 0.6763468961825974
1.5 1.75 60 61 32.8855398259375 0.5805576696159133
1.5 1.75 61 62 31.76837851474455 0.4966529788100878
1.5 1.75 62 63 30.69007926452763 0.4236756950940269
1.5 1.75 63 64 29.64878576686083 0.3575217182206459
1.5 1.75 64 65 28.64279372526718 0.2948140907250491
1.5 1.75 65 66 27.67099496917864 0.2358856164095764
1.5 1.75 66 67 26.73140040306308 0.185304599575922
1.5 1.75 67 68 25.82183434348687 0.142008506434819
1.5 1.75 68 69 24.93822665623732 0.1042139064094702
1.5 1.75 69 70 24.07419679165167 0.07170175105532277
1.5 1.75 70 71 23.22481714304357 0.04482346745423825
1.5 1.75 71 72 22.38866008234683 0.0215413165415209
1.5 1.75 72 73 21.56559721079286 0.00905931280934257
1.5 1.75 73 74 20.75610488872202 0.01760994534036235
1.5 1.75 74 75 19.96091911740039 0.02626627334022592
1.5 1.75 75 76 19.18038729080901 0.03311617138559855
1.5 1.75 76 77 18.41508765192146 0.03882564685845905
1.5 1.75 77 78 17.62686973051085 0.4129943027968401
1.5 1.75 78 79 16.9132400470036 0.4330421178721074
1.5 1.75 79 80 16.19707321186849 0.3434996607563262
1.5 1.75 80 81 15.49848822335639 0.2707171277545697
1.5 1.75 81 82 14.8178502372289 0.2128843423700713
1.5 1.75 82 83 14.15546428399943 0.1682989966863448
1.5 1.75 83 84 13.51157733689372 0.1353469343871714
1.5 1.75 84 85 12.88638044323851 0.1124747806117467
1.5 1.75 85 86 12.28001091501358 0.09817942272551267
1.5 1.75 86 87 11.69255457398968 0.09105271680969573
1.5 1.75 87 88 11.12404804530405 0.08987190059458519
1.5 1.75 88 89 10.57448109363748 0.09364722251709082
1.5 1.75 89 90 10.04379899509048 0.1015721338185573
1.5 1.75 90 91 9.531893800846433 0.1127577556676186
1.5 1.75 91 92 9.038586334303414 0.1258547433626879
1.5 1.75 92 93 8.563696759111565 0.1401444938910243
1.5 1.75 93 94 8.107021841272957 0.1551496095220149
1.5 1.75 94 95 7.660220687563051 0.1198253543073161
1.5 1.75 95 96 7.241026019054189 0.1327348276609135
1.5 1.75 96 97 6.850127320354243 0.0119773415854743
1.5 1.75 97 98 6.46282354743391 0.009263137029000562
1.5 1.75 98 99 6.092340829646426 0.006832941153475394
1.5 1.75 99 100 5.738316178339092 0.004778406328527019
1.75 2 51 52 44.44311458250556 0.09838091473843727
1.75 2 52 53 42.95158185515407 0.09533935772434374
1.75 2 53 54 41.50888026514457 0.08976266591568714
1.75 2 54 55 40.1002841703353 1.29008523452036
1.75 2 55 56 38.75376304711099 1.132848458035399
1.75 2 56 57 37.45216408218462 0.9890292320502939
1.75 2 57 58 36.19414873994093 0.8595685062558676
1.75 2 58 59 34.97863217621511 0.7437175776556173
1.75 2 59 60 33.80449653870667 0.640717052693409
1.75 2 60 61 32.67060199079296 0.5498008507191405
1.75 2 61 62 31.57579651385258 0.4701997446070568
1.75 2 62 63 30.51889672885629 0.4009948548608916
1.75 2 63 64 29.49810288379672 0.3383147972971076
1.75 2 64 65 28.51176123851913 0.2789783603149823
1.75 2 65 66 27.55878778736023 0.2232900490013834
1.75 2 66 67 26.63724163436203 0.1755315355461786
1.75 2 67 68 25.74498325287765 0.1346848746679789
1.75 2 68 69 24.87798976772056 0.09906120104675631
1.75 2 69 70 24.02989822393056 0.06842978709669044
1.75 2 70 71 23.19576204015469 0.04308919216815754
1.75 2 71 72 22.37412204315056 0.02094344217581913
1.75 2 72 73 21.56482784580321 0.01201797545908618
1.75 2 73 74 20.7683406285143 0.01807223735758656
1.75 2 74 75 19.98539287636007 0.02376273136057837
1.75 2 75 76 19.21632179910173 0.02925049995191297
1.75 2 76 77 18.46170485876376 0.03454637809998883
1.75 2 77 78 17.72220903719609 0.0388828332299273
1.75 2 78 79 16.98165620342926 0.4271506753577929
1.75 2 79 80 16.27384150611952 0.3419944254589177
1.75 2 80 81 15.5828621602108 0.2726792367658769
1.75 2 81 82 14.90910234146161 0.2174752837140981
1.75 2 82 83 14.25288775774914 0.1747603843743355
1.75 2 83 84 13.61448754083415 0.1430063117489908
1.75 2 84 85 12.99411620437528 0.1207602964338595
1.75 2 85 86 12.3919356645141 0.106636598805431
1.75 2 86 87 11.80805731888487 0.09933988676211947
1.75 2 87 88 11.24254417838955 0.0977168025817526
1.75 2 88 89 10.69541304655156 0.1007900175878851
1.75 2 89 90 10.1666367400419 0.1077397385620427
1.75 2 90 91 9.656135197774265 0.1176879644552837
1.75 2 91 92 9.16375733603024 0.1293565585336282
1.75 2 92 93 8.689351532133387 0.1420788475875105
1.75 2 93 94 8.224334864583792 0.1076272563811866
1.75 2 94 95 7.78709281594379 0.1190332387378555
1.75 2 95 96 7.367061641732578 0.1304564586878372
1.75 2 96 97 6.972550689612143 0.009264385378694194
1.75 2 97 98 6.583984786918746 0.006799798948481834
1.75 2 98 99 6.211955139496981 0.004620498640412566
1.75 2 99 100 5.856124500315067 0.002876667593304938
2 2.25 51 52 44.30809815704757 0.09676891104494718
2 2.25 52 53 42.79214654126062 0.09368005142756894
2 2.25 53 54 41.32808667896137 0.08821241078463346
2 2.25 54 55 39.89822735165845 1.235552196521258
2 2.25 55 56 38.53562936011272 1.085479464986208
2 2.25 56 57 37.22016689542858 0.9483026265237738
2 2.25 57 58 35.95027842141997 0.8248812851694879
2 2.25 58 59 34.72467287908977 0.714485405306448
2 2.25 59 60 33.54204708106845 0.6163758541086983
2 2.25 60 61 32.40109454801167 0.5298082975697008
2 2.25 61 62 31.30051333745932 0.4540366489443388
2 2.25 62 63 30.23898410236279 0.3881756374173
2 2.25 63 64 29.21456907422953 0.3285679526882629
2 2.25 64 65 28.22548961753095 0.2722109844315134
2 2.25 65 66 27.27056258665459 0.2193760713745353
2 2.25 66 67 26.34775134888238 0.1740599642782089
2 2.25 67 68 25.45482039545813 0.1352911244835331
2 2.25 68 69 24.58768770112624 0.1014728808307127
2 2.25 69 70 23.73998307169295 0.07233675010085942
2 2.25 70 71 22.90679115265615 0.04811031011211063
2 2.25 71 72 22.0866544333656 0.02650787895385791
2 2.25 72 73 21.27941135267043 0.0108126003090481
2 2.25 73 74 20.4854917355841 0.007285639591268159
2 2.25 74 75 19.70558847468536 0.01304753594612908
2 2.25 75 76 18.94001988389663 0.01945650594210985
2 2.25 76 77 18.18932980791975 0.02473430109327704
2 2.25 77 78 17.45414522780166 0.02905160639051352
2 2.25 78 79 16.70971909305537 0.3301087552281018
2 2.25 79 80 16.02694324594575 0.3437158754117748
2 2.25 80 81 15.34078801454671 0.2794293419702928
2 2.25 81 82 14.67210540192207 0.2282517064304844
2 2.25 82 83 14.02119017873017 0.1886320840019425
2 2.25 83 84 13.38828207958975 0.1591219775084025
2 2.25 84 85 12.77356772095455 0.1383716522733164
2 2.25 85 86 12.17718258356145 0.125131105706252
2 2.25 86 87 11.59921305493174 0.118257626456783
2 2.25 87 88 11.03969852596821 0.1167246051838773
2 2.25 88 89 10.49863353608933 0.1196217955659672
2 2.25 89 90 9.975969960628749 0.1261440568205395
2 2.25 90 91 9.471607824285773 0.1354177846940582
2 2.25 91 92 8.985376602480684 0.1462062044761213
2 2.25 92 93 8.507111168363913 0.1177837300074352
2 2.25 93 94 8.058396452167443 0.1280025250824492
2 2.25 94 95 7.634338118338388 0.009766314182074498
2 2.25 95 96 7.218077256283843 0.007175418699088728
2 2.25 96 97 6.818879739230114 0.004833251726684437
2 2.25 97 98 6.436443606779051 0.002782940626720974
2 2.25 98 99 6.070443384432309 0.001843048212119179
2 2.25 99 100 5.720532440343499 0.001845961033813797
2.25 2.5 51 52 43.19589874869919 0.09087985108577314
2.25 2.5 52 53 41.70520483946217 0.08785739156874392
2.25 2.5 53 54 40.26678199824138 0.08260196809772111
2.25 2.5 54 55 38.86547156564392 1.136708738864453
2.25 2.5 55 56 37.52880113085483 0.9953643517554884
2.25 2.5 56 57 36.23926040980621 0.8663398030697294
2.25 2.5 57 58 34.99519603954788 0.750412790587182
2.25 2.5 58 59 33.79523658989412 0.6468726799945542
2.25 2.5 59 60 32.63801068103206 0.5550014344411544
2.25 2.5 60 61 31.52215430089375 0.4740773419252553
2.25 2.5 61 62 30.44631727319479 0.4033783065605296
2.25 2.5 62 63 29.40914071700608 0.3420551844395867
2.25 2.5 63 64 28.40867177920914 0.2867073869068353
2.25 2.5 64 65 27.44311909048253 0.2345505535319305
2.25 2.5 65 66 26.51127766337385 0.1858243867811598
2.25 2.5 66 67 25.61112796923099 0.1441797430199985
2.25 2.5 67 68 24.74045659268464 0.1087096506779973
2.25 2.5 68 69 23.89528043753445 0.07793874919336298
2.25 2.5 69 70 23.06939916562749 0.05165889687570219
2.25 2.5 70 71 22.25801550207673 0.03016328043178125
2.25 2.5 71 72 21.45967494203267 0.02064173348257269
2.25 2.5 72 73 20.67418265685258 0.02167242169783502
2.25 2.5 73 74 19.90192056465794 0.02617733534418962
2.25 2.5 74 75 19.14353255766707 0.02997059006869707
2.25 2.5 75 76 18.39928987909903 0.0330095841022669
2.25 2.5 76 77 17.66969193967283 0.03555064841331755
2.25 2.5 77 78 16.92117048200181 0.3374562176276139
2.25 2.5 78 79 16.22050422682843 0.2671241599805768
2.25 2.5 79 80 15.55697536432069 0.2939112851278183
2.25 2.5 80 81 14.8910606983241 0.236010560395248
2.25 2.5 81 82 14.24218557147555 0.190402692250145
2.25 2.5 82 83 13.61062242957066 0.1556001199746747
2.25 2.5 83 84 12.99659146101459 0.1301614169758702
2.25 2.5 84 85 12.40026240477966 0.1126769910928578
2.25 2.5 85 86 11.82175642134989 0.1017985933998693
2.25 2.5 86 87 11.2611480225144 0.09631989643778172
2.25 2.5 87 88 10.71846705419204 0.09525530972532822
2.25 2.5 88 89 10.19370072701209 0.09784678279723995
2.25 2.5 89 90 9.6867956889471 0.103495312458704
2.25 2.5 90 91 9.197649205135257 0.1115438482580916
2.25 2.5 91 92 8.716110750345685 0.07256396169168747
2.25 2.5 92 93 8.263720296216931 0.08208854209564738
2.25 2.5 93 94 7.828442781306585 0.09207018235496987
2.25 2.5 94 95 7.410051762391912 0.102238589492998
2.25 2.5 95 96 7.008296529426175 0.1122727285979625
2.25 2.5 96 97 6.631757772784704 0.0105295754912681
2.25 2.5 97 98 6.260615138241624 0.008843034584401978
2.25 2.5 98 99 5.905404989745495 0.007377363288062704
2.25 2.5 99 100 5.565789670850799 0.006141063090570789
2.5 2.75 51 52 42.70515154429066 0.09866472530466501
2.5 2.75 52 53 41.20850293045298 0.09483646903487399
2.5 2.75 53 54 39.76626996093745 0.08995482582477493
2.5 2.75 54 55 38.3627616838362 1.060282264416955
2.5 2.75 55 56 37.0258204024646 0.9271493738370687
2.5 2.75 56 57 35.737446649398 0.8057468800301257
2.5 2.75 57 58 34.49580369292271 0.6967674243758422
2.5 2.75 58 59 33.29935404903676 0.5995228954234215
2.5 2.75 59 60 32.14657877885917 0.5133192806178425
2.5 2.75 60 61 31.03598274498202 0.4374602620330749
2.5 2.75 61 62 29.96609922790823 0.371250393859702
2.5 2.75 62 63 28.93546606522007 0.3138797298874416
2.5 2.75 63 64 27.94205075468685 0.2622139490053913
2.5 2.75 64 65 26.98398944112878 0.2136919442388333
2.5 2.75 65 66 26.06000334223961 0.1685139979820663
2.5 2.75 66 67 25.16802710476937 0.1299742061164667
2.5 2.75 67 68 24.30580090872516 0.09722200221892817
2.5 2.75 68 69 23.46934446455818 0.06889443113416653
2.5 2.75 69 70 22.65249942247488 0.04574051776637815
2.5 2.75 70 71 21.85050051715148 0.03535953606209487
2.5 2.75 71 72 21.06187137859547 0.03036119342674589
2.5 2.75 72 73 20.28638271379248 0.03061472329037168
2.5 2.75 73 74 19.52436998643374 0.03294826406972241
2.5 2.75 74 75 18.7764304641791 0.03498150053334372
2.5 2.75 75 76 18.0427997059846 0.03660511160497547
2.5 2.75 76 77 17.32393643010223 0.03794310203795412
2.5 2.75 77 78 16.58897461397512 0.2979252512262497
2.5 2.75 78 79 15.89960361195546 0.2334815086338923
2.5 2.75 79 80 15.22689707504954 0.180531558388932
2.5 2.75 80 81 14.59162117331516 0.2068929807136358
2.5 2.75 81 82 13.95364176619514 0.1660227949289167
2.5 2.75 82 83 13.33288249287343 0.135097994119262
2.5 2.75 83 84 12.72953877392045 0.1127326553717369
2.5 2.75 84 85 12.14375779740592 0.09754289492564244
2.5 2.75 85 86 11.57564030125102 0.08819262309022056
2.5 2.75 86 87 11.0252424145033 0.08350720088265835
2.5 2.75 87 88 10.49257755206928 0.08257567288031679
2.5 2.75 88 89 9.977618357565259 0.08475109736715522
2.5 2.75 89 90 9.480298689167487 0.08955534874928962
2.5 2.75 90 91 9.000505208569129 0.09645836596287945
2.5 2.75 91 92 8.529007929868069 0.05915815057074937
2.5 2.75 92 93 8.085321697979536 0.0679472384774794
2.5 2.75 93 94 7.658498078376471 0.0770639752199235
2.5 2.75 94 95 7.248306913562656 0.08625076260751144
2.5 2.75 95 96 6.854494701078094 0.0952933784935964
2.5 2.75 96 97 6.48249163787553 0.009731527296921786
2.5 2.75 97 98 6.118960758992989 0.008432144173925502
2.5 2.75 98 99 5.771095472633115 0.00738476326864343
2.5 2.75 99 100 5.438557891953139 0.006587998719503743
2.75 3 51 52 41.51127528354561 0.1137554375306777
2.75 3 52 53 40.02260095826341 0.1086710409215974
2.75 3 53 54 38.5904194924224 0.102896509800996
2.75 3 54 55 37.15908913447745 0.7800356688446398
2.75 3 55 56 35.87494892624588 0.8567231992631003
2.75 3 56 57 34.6012293317233 0.7428988860713545
2.75 3 57 58 33.37532884461517 0.6407987439841273
2.75 3 58 59 32.19552886944831 0.5497601368537705
2.75 3 59 60 31.06015056966716 0.4691159230431344
2.75 3 60 61 29.96755769347325 0.3981979108186864
2.75 3 61 62 28.91615901600851 0.3363399091668033
2.75 3 62 63 27.90438318364905 0.2827750042503463
2.75 3 63 64 26.9301204846837 0.2346665816223417
2.75 3 64 65 25.99143736589637 0.1897037028991731
2.75 3 65 66 25.08697959744597 0.1480432035907352
2.75 3 66 67 24.21464960745448 0.1125743622611058
2.75 3 67 68 23.37216264621836 0.08251790354215478
2.75 3 68 69 22.55560270010984 0.05719406611491138
2.75 3 69 70 21.75897135128818 0.0445211166060929
2.75 3 70 71 20.9776319207828 0.03712957031329583
2.75 3 71 72 20.21011233453051 0.03449563433859936
2.75 3 72 73 19.45614601844603 0.03552366392387914
2.75 3 73 74 18.71600526888078 0.03755023157985368
2.75 3 74 75 17.99021653658018 0.03902298090836231
2.75 3 75 76 17.27896368741806 0.04005531004484066
2.75 3 76 77 16.58264291963845 0.0408020625231295
2.75 3 77 78 15.8685168582783 0.2576479157595715
2.75 3 78 79 15.20225173825842 0.198879211118474
2.75 3 79 80 14.55261607488272 0.1507242470923046
2.75 3 80 81 13.93942921215721 0.1693919212192733
2.75 3 81 82 13.32401739494151 0.1331344476256372
2.75 3 82 83 12.72565260933265 0.1060218131401996
2.75 3 83 84 12.14448596696312 0.08675988763962371
2.75 3 84 85 11.58062370605043 0.07398760584614295
2.75 3 85 86 11.03412889399069 0.06632076474940433
2.75 3 86 87 10.50502318485118 0.06253011819015358
2.75 3 87 88 9.993288626184567 0.06172528739077793
2.75 3 88 89 9.498869510239262 0.06337502904656887
2.75 3 89 90 9.021674264748681 0.06716527335692359
2.75 3 90 91 8.561567566060777 0.07274344541288316
2.75 3 91 92 8.110188431893695 0.04066008933821975
2.75 3 92 93 7.685093311864456 0.04837721233123679
2.75 3 93 94 7.276378400488973 0.05641342361285501
2.75 3 94 95 6.883802656553828 0.06451546693070113
2.75 3 95 96 6.507103620937904 0.07247929868884978
2.75 3 96 97 6.152197273352516 0.008727961981218663
2.75 3 97 98 5.804866495344233 0.007311147415894619
2.75 3 98 99 5.47267448349743 0.006107797064578317
2.75 3 99 100 5.155280961646181 0.005124721197477219
3 3.25 51 52 39.24964272422336 0.136164952072275
3 3.25 52 53 37.79894546376539 0.1295070296263947
3 3.25 53 54 36.40597513289902 0.1225152272261365
3 3.25 54 55 35.0684919263599 0.1152849542586784
3 3.25 55 56 33.73912676495766 0.6402798127509675
3 3.25 56 57 32.53881741789228 0.6874900795506962
3 3.25 57 58 31.35457769997768 0.5921540853388475
3 3.25 58 59 30.21658444642283 0.5071386763123548
3 3.25 59 60 29.12301638155864 0.4318114245120329
3 3.25 60 61 28.07211418964584 0.3655397826207066
3 3.25 61 62 27.06218057654424 0.3076940140655943
3 3.25 62 63 26.09155426063133 0.2575591969130179
3 3.25 63 64 25.15808095736267 0.2126456237265146
3 3.25 64 65 24.2597876015781 0.1709318362594869
3 3.25 65 66 23.39526294695792 0.1325216725352711
3 3.25 66 67 22.56241648986281 0.09983262199055519
3 3.25 67 68 21.7589862747057 0.07453531118912256
3 3.25 68 69 20.98121878052161 0.05979701955920567
3 3.25 69 70 20.22344190559871 0.04961020262959874
3 3.25 70 71 19.4812780269302 0.04388888920233647
3 3.25 71 72 18.75329641104161 0.0417674377581734
3 3.25 72 73 18.039193761325 0.04214520244767776
3 3.25 73 74 17.33916326736327 0.04316709965065939
3 3.25 74 75 16.65363626013166 0.04377429812600809
3 3.25 75 76 15.9827313051662 0.04405499464399358
3 3.25 76 77 15.32676123085071 0.04411212297788317
3 3.25 77 78 14.65253924933575 0.2103908896859797
3 3.25 78 79 14.02663067913661 0.1573016136566004
3 3.25 79 80 13.41711173368818 0.1139842758757136
3 3.25 80 81 12.84196095483133 0.1218983628987332
3 3.25 81 82 12.26574180328927 0.09070127072927668
3 3.25 82 83 11.70612225253955 0.06825255819049321
3 3.25 83 84 11.16319209243263 0.05350116182553659
3 3.25 84 85 10.63700104165501 0.0449719105696485
3 3.25 85 86 10.12756035928457 0.04069276956884691
3 3.25 86 87 9.634844502020419 0.03878943662047803
3 3.25 87 88 9.158792822371073 0.03813790506535003
3 3.25 88 89 8.699311302732871 0.03842841365440241
3 3.25 89 90 8.256274321864048 0.0398357231536461
3 3.25 90 91 7.829517795184913 0.04258472266888409
3 3.25 91 92 7.411787186767862 0.01421663837857023
3 3.25 92 93 7.018145824213303 0.01958592205571554
3 3.25 93 94 6.640023765444731 0.02594427659521406
3 3.25 94 95 6.277166185930235 0.03265572832249942
3 3.25 95 96 5.929299859607152 0.03938005220261241
3 3.25 96 97 5.596134509035294 0.0459060580649886
3 3.25 97 98 5.277364181854404 0.05208945722554364
3 3.25 98 99 4.97683068187944 0.006008101150833096
3 3.25 99 100 4.684790300125773 0.004898285808492627
3.25 3.5 51 52 35.39184225359121 0.1149949999638589
3.25 3.5 52 53 34.03471200212155 0.1081115577929822
3.25 3.5 53 54 32.73437523863286 0.1009502251541344
3.25 3.5 54 55 31.4883887593204 0.0935758842542265
3.25 3.5 55 56 30.29429636287875 0.08622291407003552
3.25 3.5 56 57 29.11162635959245 0.5162750684117362
3.25 3.5 57 58 28.04002198820215 0.5430263963999371
3.25 3.5 58 59 26.98771892668471 0.4646442958151407
3.25 3.5 59 60 25.97818252132876 0.3951231982167043
3.25 3.5 60 61 25.00959832982042 0.3338766984128024
3.25 3.5 61 62 24.08022818079804 0.2803217415714309
3.25 3.5 62 63 23.18838433950258 0.2338077549802768
3.25 3.5 63 64 22.33194934938228 0.192250002491295
3.25 3.5 64 65 21.50898540327057 0.1539603224045602
3.25 3.5 65 66 20.71807814161403 0.1189752819092652
3.25 3.5 66 67 19.95722495849731 0.08916420770481875
3.25 3.5 67 68 19.22427655571035 0.0639184665877324
3.25 3.5 68 69 18.51579433218043 0.04234248417531639
3.25 3.5 69 70 17.82667015502383 0.02790799105042555
3.25 3.5 70 71 17.15297173325041 0.02062457648656493
3.25 3.5 71 72 16.49337114042272 0.0192575966053937
3.25 3.5 72 73 15.84754039466863 0.02218040007391895
3.25 3.5 73 74 15.21558332591493 0.02568931338662227
3.25 3.5 74 75 14.59781433409825 0.02829921881963806
3.25 3.5 75 76 13.99427924053755 0.03102616548922618
3.25 3.5 76 77 13.40519038356087 0.03343810020858384
3.25 3.5 77 78 12.7989441092524 0.1588214164403113
3.25 3.5 78 79 12.23875240510478 0.1118553856220037
3.25 3.5 79 80 11.70959678059435 0.1023194265837832
3.25 3.5 80 81 11.18072389645438 0.06782944139847405
3.25 3.5 81 82 10.66737480136617 0.04301442704915524
3.25 3.5 82 83 10.1696013771306 0.02909922146603696
3.25 3.5 83 84 9.68742060370524 0.02663538402332366
3.25 3.5 84 85 9.195401837276357 0.07494530770149038
3.25 3.5 85 86 8.762985196489522 0.05111645840325794
3.25 3.5 86 87 8.294175839210682 0.0152942027876342
3.25 3.5 87 88 7.858496157556499 0.01561309028185756
3.25 3.5 88 89 7.45261496977321 0.01945797457678762
3.25 3.5 89 90 7.073519009261534 0.01578108126015159
3.25 3.5 90 91 6.718209073647566 0.02057197403325303
3.25 3.5 91 92 6.383198010687152 0.04131478526171212
3.25 3.5 92 93 6.023336475843624 0.04817123541373172
3.25 3.5 93 94 5.701181265109977 0.0101390443320821
3.25 3.5 94 95 5.383797006103725 0.007220525843693101
3.25 3.5 95 96 5.079921729136469 0.008370596059568743
3.25 3.5 96 97 4.789264763249086 0.01225858027455811
3.25 3.5 97 98 4.511523498104946 0.01679983166278158
3.25 3.5 98 99 4.246384581502013 0.02128273352689788
3.25 3.5 99 100 3.993680403156924 0.02427953268766399
3.5 3.75 51 52 29.58611293572454 0.05932573478732146
3.5 3.75 52 53 28.40246030630058 0.05652774312055531
3.5 3.75 53 54 27.27096329257272 0.05324528445988661
3.5 3.75 54 55 26.18916870395628 0.04889705864635923
3.5 3.75 55 56 25.15464453175694 0.0439599815361441
3.5 3.75 56 57 24.16476694895919 0.03974793432719123
3.5 3.75 57 58 23.21736732921354 0.03649822947994051
3.5 3.75 58 59 22.31049993707286 0.0340836186939396
3.5 3.75 59 60 21.41453622002608 0.3037347894270149
3.5 3.75 60 61 20.6001437716925 0.3079261560821787
3.5 3.75 61 62 19.80415980235089 0.2592085613863548
3.5 3.75 62 63 19.04163159989484 0.216717769382733
3.5 3.75 63 64 18.31061527029825 0.1788371684881659
3.5 3.75 64 65 17.60933345305784 0.1442600253712951
3.5 3.75 65 66 16.93646564997819 0.1129475066417999
3.5 3.75 66 67 16.29022134188338 0.08615887027161215
3.5 3.75 67 68 15.66869589118476 0.06338348687059617
3.5 3.75 68 69 15.06896252777559 0.04389836300252208
3.5 3.75 69 70 14.48676306803696 0.02778496001267309
3.5 3.75 70 71 13.91883214289883 0.02125211972672375
3.5 3.75 71 72 13.36402620459946 0.01993349450039791
3.5 3.75 72 73 12.8220186804449 0.02246095966712066
3.5 3.75 73 74 12.29282669612126 0.02598265808912492
3.5 3.75 74 75 11.77663792395335 0.02906698686107607
3.5 3.75 75 76 11.27342996774147 0.03156466984885941
3.5 3.75 76 77 10.78330978265595 0.03351486636012544
3.5 3.75 77 78 10.30643890287227 0.03494052048638157
3.5 3.75 78 79 9.827440021189592 0.08735891535184652
3.5 3.75 79 80 9.377069183337918 0.05083571819736483
3.5 3.75 80 81 8.940396396396359 0.02988833764970931
3.5 3.75 81 82 8.51742170874712 0.02638199439894351
3.5 3.75 82 83 8.130975549802571 0.07518026072851589
3.5 3.75 83 84 7.642544099888017 0.04159307734912484
3.5 3.75 84 85 7.337333306244038 0.04771232931753314
3.5 3.75 85 86 6.958334263977837 0.05039823987081283
3.5 3.75 86 87 6.608354246707817 0.05045343125876196
3.5 3.75 87 88 6.265076076045665 0.05087407340311573
3.5 3.75 88 89 5.940148437333923 0.04936851339031773
3.5 3.75 89 90 5.633468048962516 0.01521858112296535
3.5 3.75 90 91 5.327963467065193 0.01326826997375199
3.5 3.75 91 92 5.03490803245148 0.01176857447658657
3.5 3.75 92 93 4.754084081354593 0.01089714699518783
3.5 3.75 93 94 4.475559416842661 0.02965563501079778
3.5 3.75 94 95 4.220202791424225 0.02504616610062237
3.5 3.75 95 96 3.976045147007678 0.02051460861969468
3.5 3.75 96 97 3.743083064377811 0.01615795934665131
3.5 3.75 97 98 3.520765704264482 0.01205490336062804
3.5 3.75 98 99 3.286875271570368 0.01414573446690612
3.5 3.75 99 100 3.105365007859253 0.006707326005981306
3.75 4 51 52 21.97758770476337 0.1587590793207581
3.75 4 52 53 21.05693475963775 0.1563580933531477
3.75 4 53 54 20.17902539436967 0.1537423969173898
3.75 4 54 55 19.34168408869776 0.1509743403392405
3.75 4 55 56 18.54304020002109 0.03597739424576673
3.75 4 56 57 17.78025780246205 0.03276329169246796
3.75 4 57 58 17.05175909062111 0.03020694691311212
3.75 4 58 59 16.35587106954114 0.02821577131598826
3.75 4 59 60 15.69100559599451 0.02669690285879089
3.75 4 60 61 15.05552715233461 0.02524333186792888
3.75 4 61 62 14.44782246437873 0.02337341478571323
3.75 4 62 63 13.8665705423984 0.02116119761298896
3.75 4 63 64 13.29322731033592 0.1465050219623105
3.75 4 64 65 12.76970763814918 0.1368425643824933
3.75 4 65 66 12.26033144267053 0.1099184520456757
3.75 4 66 67 11.77199977156065 0.08674627389192006
3.75 4 67 68 11.30320455054656 0.06692999594321156
3.75 4 68 69 10.85172691904101 0.04994828520773659
3.75 4 69 70 10.41441571330255 0.03555220039595487
3.75 4 70 71 9.988867461094094 0.0235951862426689
3.75 4 71 72 9.574205517633068 0.01353400969029224
3.75 4 72 73 9.170142580261878 0.005431656505652699
3.75 4 73 74 8.776630343722942 0.001841051519880623
3.75 4 74 75 8.393741869518291 0.005990544886654186
3.75 4 75 76 8.021408004652674 0.009472805155832606
3.75 4 76 77 7.659646064899333 0.01208925690690518
3.75 4 77 78 7.308510568006046 0.01394679148065962
3.75 4 78 79 6.968032831022264 0.01516239969622684
3.75 4 79 80 6.626432549248495 0.04195887949024384
3.75 4 80 81 6.306725072108392 0.01973474724055048
3.75 4 81 82 5.997819744598212 0.002876082439678117
3.75 4 82 83 5.689224064396051 0.03590808641969782
3.75 4 83 84 5.360522936061695 0.02953821533674649
3.75 4 84 85 5.133669579562462 0.0269895601171725
3.75 4 85 86 4.880516619078851 0.01297603025183984
3.75 4 86 87 4.62365818954141 0.01213253802351127
3.75 4 87 88 4.376106156897131 0.01080693118107494
3.75 4 88 89 4.136687893372054 0.01088706605668373
3.75 4 89 90 3.910449364772223 0.009453629195225804
3.75 4 90 91 3.692018785030328 0.009758126116754457
3.75 4 91 92 3.485217457557715 0.006862091741581
3.75 4 92 93 3.285577382749792 0.00609107634668587
3.75 4 93 94 3.094817633783072 0.005424926386720538
3.75 4 94 95 2.912722551533942 0.00486196764563831
3.75 4 95 96 2.739069403769297 0.004395658959442197
3.75 4 96 97 2.573629391722617 0.004015201890261992
3.75 4 97 98 2.416168628620193 0.003706702103459528
3.75 4 98 99 2.266449087091047 0.003454807294849539
3.75 4 99 100 2.124108721362536 0.003107622761904804
4 5 51 52 18.03265573125847 0.1008724643415802
4 5 52 53 17.17954255372551 0.09897753244992688
4 5 53 54 16.36985347516503 0.09607558800470874
4 5 54 55 15.60116139255882 0.0923535902611011
4 5 55 56 14.87108395464975 0.08813958302038112
4 5 56 57 14.17702371722013 0.08421843819323276
4 5 57 58 13.51694103568667 0.08073005103156691
4 5 58 59 12.88906395004696 0.07760398532726141
4 5 59 60 12.29172215470362 0.07477227139221919
4 5 60 61 11.72319730056603 0.07198343199368605
4 5 61 62 11.18180854009819 0.06895742827936617
4 5 62 63 10.66619234471753 0.06575946457014473
4 5 63 64 10.17493359971401 0.06263807378493735
4 5 64 65 9.707104404473219 0.0597434209682768
4 5 65 66 9.260224166345125 0.05689276150672752
4 5 66 67 8.856485788598157 0.02172955534147455
4 5 67 68 8.448385201224772 0.02102449231112809
4 5 68 69 8.058086828350648 0.02032228951592738
4 5 69 70 7.682607117790727 0.01995141997586769
4 5 70 71 7.320071558010074 0.01899068188626825
4 5 71 72 6.969676121055118 0.01834755112685308
4 5 72 73 6.631080420173346 0.01771474611260202
4 5 73 74 6.304076357598312 0.01708869855149496
4 5 74 75 5.9810715646665 0.008441358904647941
4 5 75 76 5.677075570966582 0.008185736056568835
4 5 76 77 5.380248623877374 0.0204977224772936
4 5 77 78 5.095354307047076 0.01625495118835121
4 5 78 79 4.824540398088518 0.01287615371955618
4 5 79 80 4.564764825344353 0.009122661257656981
4 5 80 81 4.316171109994387 0.00594138365413126
4 5 81 82 4.075503308789838 0.005249623592006215
4 5 82 83 3.848776952529216 0.007072311713519276
4 5 83 84 3.629309394859308 0.006996319087731412
4 5 84 85 3.419479632079653 0.007362975131658369
4 5 85 86 3.223601410441336 0.01240808886800173
4 5 86 87 3.063070846692233 0.01401478911187144
4 5 87 88 2.87987534151123 0.01461273794121944
4 5 88 89 2.692863150206601 0.02874892624567157
4 5 89 90 2.525804493124662 0.01659851565228885
4 5 90 91 2.367159077228425 0.01536755870322868
4 5 91 92 2.156018226305302 0.01721521642088519
4 5 92 93 2.0402294786755 0.02905772267420615
4 5 93 94 1.92141782579747 0.02034037291280939
4 5 94 95 1.590370658246437 0.02066541017423178
4 5 95 96 1.674637864749218 0.01929637462085817
4 5 96 97 1.561271826608122 0.01864578674214957
4 5 97 98 1.454245659955247 0.01792512551583754
4 5 98 99 1.35330539582849 0.01714744550854193
4 5 99 100 1.258200185078105 0.01632601311723567
-5 5 51 100 30714.50561556227 14.73671722092694
