#ylo yhi qTlo qThi PDF0  uncertainty
-5 -4 51 52 13.68501634956732 0.08287442277936255
-5 -4 52 53 12.95778885149303 0.08031142304605814
-5 -4 53 54 12.27173145897902 0.07701808559665713
-5 -4 54 55 11.62435425513613 0.07313939194794565
-5 -4 55 56 11.01325787103661 0.06893932537532778
-5 -4 56 57 10.43596049558297 0.06507620052380476
-5 -4 57 58 9.890409592829057 0.06166843043576736
-5 -4 58 59 9.374777890042807 0.05865654044213533
-5 -4 59 60 8.887348290050223 0.05598235898268974
-5 -4 60 61 8.426413192787926 0.05341130619746624
-5 -4 61 62 7.990327347067685 0.0506675574353722
-5 -4 62 63 7.577697055377388 0.04779444428062426
-5 -4 63 64 7.187124388281197 0.04502825074730053
-5 -4 64 65 6.817299501117674 0.04251644977171878
-5 -4 65 66 6.466982067134757 0.04005376472226458
-5 -4 66 67 6.134970295125791 0.03769647456902216
-5 -4 67 68 5.81999654951169 0.03542116793869378
-5 -4 68 69 5.520491527310203 0.03324138324329842
-5 -4 69 70 5.234475367055961 0.03115608773309779
-5 -4 70 71 4.960420952896891 0.02916947531267196
-5 -4 71 72 4.699930796574519 0.03053754118519607
-5 -4 72 73 4.447528897028524 0.02738668754864909
-5 -4 73 74 4.205653968913136 0.02482596120892258
-5 -4 74 75 3.974017391439462 0.02267395276326608
-5 -4 75 76 3.752360021793073 0.02086030864361091
-5 -4 76 77 3.540429604275976 0.01931591828586561
-5 -4 77 78 3.337966536096441 0.01802372769771623
-5 -4 78 79 3.144693744699397 0.01681355564157148
-5 -4 79 80 2.960354830603148 0.01567110838771404
-5 -4 80 81 2.78469393549712 0.01459517652278975
-5 -4 81 82 2.617450749016928 0.01358539567036469
-5 -4 82 83 2.458355319757167 0.01264780646834561
-5 -4 83 84 2.307141471762194 0.01178100419583269
-5 -4 84 85 2.163545853921042 0.01097973275027615
-5 -4 85 86 2.027410542760556 0.01023316327613974
-5 -4 86 87 1.898157430793621 0.009553589317980412
-5 -4 87 88 1.784819528460952 0.006004940429829035
-5 -4 88 89 1.668597674738566 0.0008079865448574478
-5 -4 89 90 1.558772687359026 0.003182909671572612
-5 -4 90 91 1.455070032645895 0.00605072476828836
-5 -4 91 92 1.352900019913681 0.003220545673153706
-5 -4 92 93 1.260711683646147 0.003043674533479265
-5 -4 93 94 1.173862261797221 0.002878070025425522
-5 -4 94 95 1.092115927036782 0.002721716363908646
-5 -4 95 96 1.009757322732039 0.0009713337107938464
-5 -4 96 97 0.9368813551134531 0.001993320856960906
-5 -4 97 98 0.8752150818960905 0.002292404321697968
-5 -4 98 99 0.8106770401166588 0.001338308817893867
-5 -4 99 100 0.7511623377697074 0.001281578685119415
-4 -3.75 51 52 16.34107948148227 0.09467742251660451
-4 -3.75 52 53 15.55071059905372 0.09227044158904886
-4 -3.75 53 54 14.80136318025616 0.08970490041365986
-4 -3.75 54 55 14.09077750443707 0.08704083145385222
-4 -3.75 55 56 13.4167724288572 0.08437168205201752
-4 -3.75 56 57 12.77712723732137 0.08187108307746672
-4 -3.75 57 58 12.16993211987484 0.0795466544126017
-4 -3.75 58 59 11.57654327589687 0.1921091517424413
-4 -3.75 59 60 11.03992523191789 0.1786294257350631
-4 -3.75 60 61 10.52029021836603 0.1488509455183769
-4 -3.75 61 62 10.02662074110191 0.1236111523875067
-4 -3.75 62 63 9.557542900563867 0.1077133984692323
-4 -3.75 63 64 9.111546847450246 0.09440875397526442
-4 -3.75 64 65 8.687248869535059 0.08323937707767484
-4 -3.75 65 66 8.283529724207744 0.07419831462128439
-4 -3.75 66 67 7.899071972233669 0.06746299553836534
-4 -3.75 67 68 7.532542970019666 0.06260036770236978
-4 -3.75 68 69 7.182232071890503 0.01434021647239549
-4 -3.75 69 70 6.845630169728768 0.006715345713853398
-4 -3.75 70 71 6.521000620401422 0.002304114559485551
-4 -3.75 71 72 6.207568789848783 0.005846497127723791
-4 -3.75 72 73 5.904958290230885 0.009864587985292472
-4 -3.75 73 74 5.612959187584721 0.01279703679272686
-4 -3.75 74 75 5.331442153257393 0.0147485373218794
-4 -3.75 75 76 5.060183847840801 0.01607862272828856
-4 -3.75 76 77 4.783691929351753 0.05438240358853675
-4 -3.75 77 78 4.539668118665336 0.03919578258972047
-4 -3.75 78 79 4.298280090747379 0.01767703919605982
-4 -3.75 79 80 4.066615952037977 0.004816229518208617
-4 -3.75 80 81 3.83799639951244 0.01968347603095223
-4 -3.75 81 82 3.648443809191369 0.02532431834570539
-4 -3.75 82 83 3.428019250847332 0.03440595284580666
-4 -3.75 83 84 3.233261934007914 0.04035582904523852
-4 -3.75 84 85 3.054089305882336 0.01499304337020987
-4 -3.75 85 86 2.876107829749627 0.01407930539845362
-4 -3.75 86 87 2.706338099673631 0.01311499495542985
-4 -3.75 87 88 2.544554997445348 0.01212583141368392
-4 -3.75 88 89 2.390528965156262 0.01113291883405912
-4 -3.75 89 90 2.244026894451194 0.01015328611695417
-4 -3.75 90 91 2.104812507610229 0.009202870628831836
-4 -3.75 91 92 1.972646335915344 0.008301023449695749
-4 -3.75 92 93 1.847289416005465 0.007455503231111123
-4 -3.75 93 94 1.728502912939488 0.006669328016577253
-4 -3.75 94 95 1.616048321634808 0.005943839325030129
-4 -3.75 95 96 1.509688129327485 0.005279009467982499
-4 -3.75 96 97 1.409186436463468 0.004673714582573944
-4 -3.75 97 98 1.314309535660206 0.004125974934403813
-4 -3.75 98 99 1.224826450907578 0.003633163370144571
-4 -3.75 99 100 1.140509422946062 0.003192189628624317
-3.75 -3.5 51 52 21.79536998858342 0.05810781540746132
-3.75 -3.5 52 53 20.77988162058877 0.05391294251291539
-3.75 -3.5 53 54 19.81468956730566 0.04949558071546077
-3.75 -3.5 54 55 18.89721249544092 0.04491023989803181
-3.75 -3.5 55 56 18.01673330979284 0.3688716398849081
-3.75 -3.5 56 57 17.18798635880204 0.3126334938999978
-3.75 -3.5 57 58 16.39941859070068 0.2630115972597575
-3.75 -3.5 58 59 15.6490128013596 0.2195008641623235
-3.75 -3.5 59 60 14.93485420617008 0.1816121523209655
-3.75 -3.5 60 61 14.2551254005899 0.1488736268478621
-3.75 -3.5 61 62 13.60810169839922 0.1208317918093779
-3.75 -3.5 62 63 12.99213383076273 0.097009554740581
-3.75 -3.5 63 64 12.40538308372505 0.07611399090932447
-3.75 -3.5 64 65 11.84616097978502 0.05710936277655321
-3.75 -3.5 65 66 11.31310830974896 0.03997977613873762
-3.75 -3.5 66 67 10.80458549646968 0.02577677268113661
-3.75 -3.5 67 68 10.31892363692104 0.01417294925994185
-3.75 -3.5 68 69 9.853813180566057 0.00615463664130048
-3.75 -3.5 69 70 9.406131459893132 0.007314877488407276
-3.75 -3.5 70 71 8.973462538037037 0.01129720015325678
-3.75 -3.5 71 72 8.554819562396876 0.01631896533028017
-3.75 -3.5 72 73 8.149758604439009 0.02036591677463664
-3.75 -3.5 73 74 7.758069265599 0.02291710574234494
-3.75 -3.5 74 75 7.379650808522703 0.02422796069112925
-3.75 -3.5 75 76 6.992395691097116 0.09973036468501384
-3.75 -3.5 76 77 6.651898600802301 0.0872702693350236
-3.75 -3.5 77 78 6.312328868329452 0.05619129089988636
-3.75 -3.5 78 79 5.985435814830891 0.03121320895894628
-3.75 -3.5 79 80 5.671046663811669 0.01275359494200989
-3.75 -3.5 80 81 5.368971225429922 0.01036326511166127
-3.75 -3.5 81 82 5.089889716223181 0.05191990266649533
-3.75 -3.5 82 83 4.761709061714462 0.04003781215266559
-3.75 -3.5 83 84 4.445209246905325 0.06537752136631945
-3.75 -3.5 84 85 4.30147945384021 0.03655548663791803
-3.75 -3.5 85 86 4.071285435518172 0.04066649236848308
-3.75 -3.5 86 87 3.845870055086688 0.04567851036322589
-3.75 -3.5 87 88 3.580222604263009 0.03837134623562004
-3.75 -3.5 88 89 3.368164294598226 0.03613538578094025
-3.75 -3.5 89 90 3.166143075983017 0.03310483952828627
-3.75 -3.5 90 91 2.986075996742168 0.0341899691075591
-3.75 -3.5 91 92 2.816362287020415 0.02733813952037288
-3.75 -3.5 92 93 2.633879031727286 0.0223317270870205
-3.75 -3.5 93 94 2.443784495102639 0.03191899588194511
-3.75 -3.5 94 95 2.268733683234608 0.0165184202312009
-3.75 -3.5 95 96 2.142670350512551 0.01089810868564611
-3.75 -3.5 96 97 2.002102788717147 0.02051271399862806
-3.75 -3.5 97 98 1.875121229049378 0.004768454786883746
-3.75 -3.5 98 99 1.74987459850212 0.004064100133427388
-3.75 -3.5 99 100 1.631665641326856 0.005130473290834571
-3.5 -3.25 51 52 25.81583098940493 0.1002706486675096
-3.5 -3.25 52 53 24.61513014395966 0.4927148118609695
-3.5 -3.25 53 54 23.53565178089268 0.5322824190007199
-3.5 -3.25 54 55 22.48134776185286 0.4584999946515064
-3.5 -3.25 55 56 21.47698988653293 0.3898660085235953
-3.5 -3.25 56 57 20.51961727461691 0.3285428897124105
-3.5 -3.25 57 58 19.60685816394447 0.2746504186494932
-3.5 -3.25 58 59 18.73660749011459 0.2276161013037875
-3.5 -3.25 59 60 17.90685398419113 0.1868856976104344
-3.5 -3.25 60 61 17.11567713143963 0.1519246887224398
-3.5 -3.25 61 62 16.36124423415218 0.1222193589380054
-3.5 -3.25 62 63 15.64179259508306 0.09722177684934838
-3.5 -3.25 63 64 14.95532201361694 0.07531502095036885
-3.5 -3.25 64 65 14.29999248781792 0.05703968857822131
-3.5 -3.25 65 66 13.67433391717381 0.04543279842713618
-3.5 -3.25 66 67 13.07652510149132 0.03740223169794714
-3.5 -3.25 67 68 12.50470054296469 0.03257473294048381
-3.5 -3.25 68 69 11.95619424335074 0.03033097354741627
-3.5 -3.25 69 70 11.42733079108008 0.02990916464329294
-3.5 -3.25 70 71 10.91526261130299 0.03035600094203593
-3.5 -3.25 71 72 10.4188711381883 0.03132152574133282
-3.5 -3.25 72 73 9.937691573843644 0.03221202817344249
-3.5 -3.25 73 74 9.471546068629795 0.03239721484066349
-3.5 -3.25 74 75 9.020388102812227 0.0318462906652763
-3.5 -3.25 75 76 8.55888527718648 0.1444807138436368
-3.5 -3.25 76 77 8.137352001509068 0.1093597074061929
-3.5 -3.25 77 78 7.745190486399812 0.1090839033624027
-3.5 -3.25 78 79 7.352854919340942 0.08021316389236735
-3.5 -3.25 79 80 6.97487198052171 0.05738134202430095
-3.5 -3.25 80 81 6.611077655342568 0.03991128362707517
-3.5 -3.25 81 82 6.261285309153914 0.02724367413943299
-3.5 -3.25 82 83 5.925287184487591 0.01890527303873372
-3.5 -3.25 83 84 5.602856173446918 0.01427284562964549
-3.5 -3.25 84 85 5.293747431542462 0.01217268899094584
-3.5 -3.25 85 86 4.997699976299543 0.01117853558747329
-3.5 -3.25 86 87 4.714438260873579 0.01049274175130518
-3.5 -3.25 87 88 4.443673714029965 0.01017657847982661
-3.5 -3.25 88 89 4.185106243525894 0.01083978546205826
-3.5 -3.25 89 90 3.938425699973693 0.01287595692196308
-3.5 -3.25 90 91 3.703308607286428 0.01620669296307382
-3.5 -3.25 91 92 3.479411158328449 0.02023998599725618
-3.5 -3.25 92 93 3.26639935940301 0.02458717574782137
-3.5 -3.25 93 94 3.063939335827379 0.02902050403471575
-3.5 -3.25 94 95 2.871693614863196 0.03338705387459701
-3.5 -3.25 95 96 2.686107012953475 0.02881408038591515
-3.5 -3.25 96 97 2.51378834790694 0.03244520894303195
-3.5 -3.25 97 98 2.354163153856445 0.004198175328229144
-3.5 -3.25 98 99 2.199112874808585 0.003412207959945132
-3.5 -3.25 99 100 2.052603221215209 0.002716486877631393
-3.25 -3 51 52 28.36272273810079 0.7389828601486786
-3.25 -3 52 53 27.12296730422129 0.6507779146841393
-3.25 -3 53 54 25.93959874787849 0.5670760219705077
-3.25 -3 54 55 24.81013706737268 0.4880797156247709
-3.25 -3 55 56 23.73204786087901 0.414507275845
-3.25 -3 56 57 22.70245864712545 0.3488499367392321
-3.25 -3 57 58 21.71907872725212 0.2912741621057569
-3.25 -3 58 59 20.77986940732676 0.2411559429867802
-3.25 -3 59 60 19.88286806854958 0.1978910219176582
-3.25 -3 60 61 19.026187705364 0.1608964423232671
-3.25 -3 61 62 18.20801624718269 0.1296116661960254
-3.25 -3 62 63 17.42659948954462 0.1034324037690265
-3.25 -3 63 64 16.67990665781729 0.08046871398292317
-3.25 -3 64 65 15.96606647864803 0.06539448802223884
-3.25 -3 65 66 15.28359726945855 0.05414176280429533
-3.25 -3 66 67 14.63061142515105 0.04655153750957623
-3.25 -3 67 68 14.00516411221636 0.04196950174132885
-3.25 -3 68 69 13.40439110913444 0.03961354454410086
-3.25 -3 69 70 12.82427774630721 0.03876321779623398
-3.25 -3 70 71 12.26171179500527 0.03862255991278399
-3.25 -3 71 72 11.71551413928035 0.03896938881385847
-3.25 -3 72 73 11.18523275089854 0.03928009386673663
-3.25 -3 73 74 10.670739647814 0.03891767138061179
-3.25 -3 74 75 10.17205159677877 0.03784199181440014
-3.25 -3 75 76 9.688978829006658 0.03651460164674143
-3.25 -3 76 77 9.196855903152926 0.1561432166502639
-3.25 -3 77 78 8.745363822300668 0.1246684779513109
-3.25 -3 78 79 8.324118419018216 0.1366469353430383
-3.25 -3 79 80 7.903378812068642 0.1109509553408648
-3.25 -3 80 81 7.497888542939382 0.09098476544227101
-3.25 -3 81 82 7.107493618686874 0.07595216031604869
-3.25 -3 82 83 6.732013566326739 0.06511871949666388
-3.25 -3 83 84 6.37124348401146 0.05781697340952956
-3.25 -3 84 85 6.02495590301284 0.05345800933291898
-3.25 -3 85 86 5.692902637910437 0.05153979522766038
-3.25 -3 86 87 5.374816613875137 0.05164145165560913
-3.25 -3 87 88 5.070413659545951 0.05340407010861443
-3.25 -3 88 89 4.779394262297931 0.05651018130685109
-3.25 -3 89 90 4.501445281830668 0.06067190506327588
-3.25 -3 90 91 4.236235895349875 0.0655606517084166
-3.25 -3 91 92 3.977868352871313 0.0525471159897977
-3.25 -3 92 93 3.737945447874897 0.05719722207248304
-3.25 -3 93 94 3.515610622791703 0.009958822685251622
-3.25 -3 94 95 3.297464830320183 0.008848009933003559
-3.25 -3 95 96 3.090329303396016 0.007860876696549775
-3.25 -3 96 97 2.893840610666325 0.006993173438535084
-3.25 -3 97 98 2.707633069425496 0.00623948249674906
-3.25 -3 98 99 2.531340013281624 0.005593254886465463
-3.25 -3 99 100 2.364595058041098 0.00504680436172943
-3 -2.75 51 52 29.76923235397823 0.7831106163694389
-3 -2.75 52 53 28.50060146402818 0.6899792011981554
-3 -2.75 53 54 27.2872973298756 0.6014756601668941
-3 -2.75 54 55 26.1271104978357 0.5178308662496675
-3 -2.75 55 56 25.0177377650113 0.4398469037294304
-3 -2.75 56 57 23.95649833199845 0.3702867968954974
-3 -2.75 57 58 22.94127128230987 0.3093570562919489
-3 -2.75 58 59 21.97016562166173 0.2563925565683248
-3 -2.75 59 60 21.04134525857381 0.2107488638920503
-3 -2.75 60 61 20.15303119977789 0.1718038856336419
-3 -2.75 61 62 19.30350321625549 0.1389590633830939
-3 -2.75 62 63 18.49108420170383 0.111563856008207
-3 -2.75 63 64 17.71379077204402 0.08749783130188166
-3 -2.75 64 65 16.96979239306165 0.06506507787986456
-3 -2.75 65 66 16.25765363338658 0.04778143850155182
-3 -2.75 66 67 15.57549378869696 0.03868639818081454
-3 -2.75 67 68 14.9213655311334 0.03324260563111604
-3 -2.75 68 69 14.2923209067476 0.03074878593082066
-3 -2.75 69 70 13.68417074095428 0.0303703260304471
-3 -2.75 70 71 13.09366740548533 0.03098283878647335
-3 -2.75 71 72 12.5196200030826 0.03220697541362233
-3 -2.75 72 73 11.96160672952509 0.03333202100201727
-3 -2.75 73 74 11.41955267750792 0.03353930828512976
-3 -2.75 74 75 10.89353423551687 0.03281193319744526
-3 -2.75 75 76 10.38340200157625 0.03176713313213166
-3 -2.75 76 77 9.865809758388597 0.1951164807393706
-3 -2.75 77 78 9.387964202345021 0.1611879311612884
-3 -2.75 78 79 8.926043280840176 0.1337581847309475
-3 -2.75 79 80 8.494243031869068 0.1567497696558139
-3 -2.75 80 81 8.063712406704816 0.1350164801136234
-3 -2.75 81 82 7.648798392230876 0.1186498739761862
-3 -2.75 82 83 7.249350791430281 0.1068777378438447
-3 -2.75 83 84 6.865191095174087 0.09900599827518451
-3 -2.75 84 85 6.496114520262028 0.09441833418833566
-3 -2.75 85 86 6.141892038598792 0.09257190613883078
-3 -2.75 86 87 5.802272384549433 0.09298918985357341
-3 -2.75 87 88 5.476984027448895 0.09524842211020698
-3 -2.75 88 89 5.157520167177982 0.07160274798568754
-3 -2.75 89 90 4.861117751718563 0.07615990695293494
-3 -2.75 90 91 4.578115042646933 0.08131847128088629
-3 -2.75 91 92 4.315451420706468 0.01064063722923089
-3 -2.75 92 93 4.056668230268979 0.00932742384308455
-3 -2.75 93 94 3.810273638058934 0.008164353814894118
-3 -2.75 94 95 3.575908480310069 0.007153878884752349
-3 -2.75 95 96 3.353206748697722 0.006296836395764355
-3 -2.75 96 97 3.141797176860842 0.005591822458578821
-3 -2.75 97 98 2.941304748735807 0.005042612952455105
-3 -2.75 98 99 2.751352107350117 0.004682183367546191
-3 -2.75 99 100 2.571560983114226 0.004344068177538939
-2.75 -2.5 51 52 30.44214452297098 0.8305738314783403
-2.75 -2.5 52 53 29.17120300652874 0.7325007329800866
-2.75 -2.5 53 54 27.95361046706219 0.6391862669349054
-2.75 -2.5 54 55 26.78744717038413 0.5508871664934391
-2.75 -2.5 55 56 25.67066306070127 0.468479062002032
-2.75 -2.5 56 57 24.60079535654026 0.394961065904525
-2.75 -2.5 57 58 23.5759171121975 0.3305755707870139
-2.75 -2.5 58 59 22.59430872199692 0.2746229017973549
-2.75 -2.5 59 60 21.65428467665583 0.2264245909778125
-2.75 -2.5 60 61 20.75419820632226 0.1853251528950969
-2.75 -2.5 61 62 19.89244511571507 0.1506933889831019
-2.75 -2.5 62 63 19.06744977049808 0.1218389734005773
-2.75 -2.5 63 64 18.27730781675713 0.09644444580573745
-2.75 -2.5 64 65 17.52025903815136 0.07265137570983178
-2.75 -2.5 65 66 16.79493669789007 0.05060082163668896
-2.75 -2.5 66 67 16.0995012179748 0.03466648212892349
-2.75 -2.5 67 68 15.4320408606154 0.02748106649941437
-2.75 -2.5 68 69 14.78959089495079 0.02398570625641439
-2.75 -2.5 69 70 14.16789261479211 0.02356125149287332
-2.75 -2.5 70 71 13.56364472447018 0.02471635131094886
-2.75 -2.5 71 72 12.9756699120733 0.0267178835615619
-2.75 -2.5 72 73 12.4035804703725 0.02859695279934171
-2.75 -2.5 73 74 11.84734872271619 0.02933767519104395
-2.75 -2.5 74 75 11.30710040541435 0.02894130651428021
-2.75 -2.5 75 76 10.78272313178905 0.02816467692899616
-2.75 -2.5 76 77 10.25217166173094 0.2221506926422573
-2.75 -2.5 77 78 9.760121099396269 0.1860579419668945
-2.75 -2.5 78 79 9.28408099314132 0.1568960568864622
-2.75 -2.5 79 80 8.837979839341418 0.1882941336570727
-2.75 -2.5 80 81 8.393674440023748 0.1651162157786413
-2.75 -2.5 81 82 7.965186519040746 0.1477173861324887
-2.75 -2.5 82 83 7.552392152769887 0.1352757996787225
-2.75 -2.5 83 84 7.155136301692394 0.1270518881612875
-2.75 -2.5 84 85 6.773234975906867 0.122386022391399
-2.75 -2.5 85 86 6.406477393142195 0.1206930964553507
-2.75 -2.5 86 87 6.054628114821394 0.1214547651682643
-2.75 -2.5 87 88 5.708283301179907 0.08869873050386119
-2.75 -2.5 88 89 5.386609562279208 0.09286367481670869
-2.75 -2.5 89 90 5.079041772198194 0.098042517365589
-2.75 -2.5 90 91 4.793340740861897 0.01085205709317631
-2.75 -2.5 91 92 4.511290940409181 0.009414289824376518
-2.75 -2.5 92 93 4.242334192625746 0.008143143947709888
-2.75 -2.5 93 94 3.986122445662085 0.007048705593973371
-2.75 -2.5 94 95 3.74229767887241 0.006140026243038861
-2.75 -2.5 95 96 3.510493675738157 0.005423420831917188
-2.75 -2.5 96 97 3.290337717928466 0.004949032207988453
-2.75 -2.5 97 98 3.081452198139252 0.004630887023564498
-2.75 -2.5 98 99 2.883456125377773 0.004368551315624902
-2.75 -2.5 99 100 2.695966670234916 0.004303692880338458
-2.5 -2.25 51 52 30.66293149236 0.8770349611319781
-2.5 -2.25 52 53 29.40232746449193 0.7739379720650795
-2.5 -2.25 53 54 28.19292087053928 0.6757479747960636
-2.5 -2.25 54 55 27.03305767481257 0.5827453409931967
-2.5 -2.25 55 56 25.9209213244413 0.4958730550411126
-2.5 -2.25 56 57 24.85425081029284 0.4183467346537659
-2.5 -2.25 57 58 23.83130125146214 0.3504414757350547
-2.5 -2.25 58 59 22.85051563322095 0.2914255726091248
-2.5 -2.25 59 60 21.91035259153107 0.2405889091848534
-2.5 -2.25 60 61 21.00929315865631 0.1972448590142301
-2.5 -2.25 61 62 20.14584646863015 0.1607316866110677
-2.5 -2.25 62 63 19.31853725517037 0.1303221181319394
-2.5 -2.25 63 64 18.52554363292495 0.103523325452692
-2.5 -2.25 64 65 17.76517958533772 0.07833484955457738
-2.5 -2.25 65 66 17.03614914507538 0.05492286750685917
-2.5 -2.25 66 67 16.33666420341297 0.03587855374788797
-2.5 -2.25 67 68 15.6648629066322 0.02058075578011332
-2.5 -2.25 68 69 15.0177997354843 0.01573840802799501
-2.5 -2.25 69 70 14.39121242218225 0.01593884023971306
-2.5 -2.25 70 71 13.7817992729174 0.01861324535213224
-2.5 -2.25 71 72 13.18841035572697 0.02218246964443655
-2.5 -2.25 72 73 12.61069003958146 0.0252744059387395
-2.5 -2.25 73 74 12.04864823841493 0.02743004196673261
-2.5 -2.25 74 75 11.50244673576685 0.02794145232490698
-2.5 -2.25 75 76 10.97200221968103 0.02774395708276065
-2.5 -2.25 76 77 10.45737221657159 0.0274075983079039
-2.5 -2.25 77 78 9.93566069139515 0.2080011574006074
-2.5 -2.25 78 79 9.453337960312936 0.1770238954103242
-2.5 -2.25 79 80 9.000907787572057 0.2110641825988289
-2.5 -2.25 80 81 8.550370237737681 0.1864909024491535
-2.5 -2.25 81 82 8.115695054315697 0.1681071316903611
-2.5 -2.25 82 83 7.69677659898764 0.1550427759996231
-2.5 -2.25 83 84 7.29347626733697 0.1465121611525097
-2.5 -2.25 84 85 6.905624750405639 0.1418109247795078
-2.5 -2.25 85 86 6.533024288248981 0.1403107177060369
-2.5 -2.25 86 87 6.17545090017472 0.141452375029728
-2.5 -2.25 87 88 5.82349913686134 0.1050101324405766
-2.5 -2.25 88 89 5.496431657518389 0.1095715207635255
-2.5 -2.25 89 90 5.194758792235429 0.01298676812182471
-2.5 -2.25 90 91 4.894082701147612 0.01081722551542195
-2.5 -2.25 91 92 4.606990019668135 0.008929224562010165
-2.5 -2.25 92 93 4.333147028168959 0.007478858382253354
-2.5 -2.25 93 94 4.072209021042225 0.006194942087649843
-2.5 -2.25 94 95 3.823820387796806 0.005092219968339495
-2.5 -2.25 95 96 3.587616458962152 0.004191253074876519
-2.5 -2.25 96 97 3.363225270590814 0.003518602697585131
-2.5 -2.25 97 98 3.150269244793169 0.003222856191355158
-2.5 -2.25 98 99 2.948366755723378 0.003025976935864325
-2.5 -2.25 99 100 2.757133755196562 0.002959340894929398
-2.25 -2 51 52 31.36521434239494 0.938289282126039
-2.25 -2 52 53 30.08804466936307 0.8296987510942421
-2.25 -2 53 54 28.86158644198348 0.7261774174096336
-2.25 -2 54 55 27.68433420646909 0.6280285958748036
-2.25 -2 55 56 26.55459754307853 0.5362589021303317
-2.25 -2 56 57 25.47021951501407 0.4542879793741703
-2.25 -2 57 58 24.42954638803104 0.3824220700022152
-2.25 -2 58 59 23.43109948387405 0.3198995259656755
-2.25 -2 59 60 22.47340374692178 0.265980468338342
-2.25 -2 60 61 21.55499603711151 0.2199488791981087
-2.25 -2 61 62 20.67443220334131 0.181114199668671
-2.25 -2 62 63 19.83027548636471 0.1487143120361613
-2.25 -2 63 64 19.02072629966987 0.1200847922486076
-2.25 -2 64 65 18.24411728132004 0.09307915567315121
-2.25 -2 65 66 17.49917364269327 0.06786750025736323
-2.25 -2 66 67 16.78410434250041 0.04723731806161372
-2.25 -2 67 68 16.09704089600498 0.03044442399270701
-2.25 -2 68 69 15.43498400668392 0.01636087961040674
-2.25 -2 69 70 14.79357376302621 0.008316318502091335
-2.25 -2 70 71 14.16944035263735 0.006980549500356864
-2.25 -2 71 72 13.56143497384122 0.01235923035339063
-2.25 -2 72 73 12.96922438816905 0.01842701225438217
-2.25 -2 73 74 12.39284963766 0.02162328921873498
-2.25 -2 74 75 11.83250378315257 0.0224878792583948
-2.25 -2 75 76 11.28813158620846 0.02258315519291861
-2.25 -2 76 77 10.75981699503226 0.02252504177716482
-2.25 -2 77 78 10.23098291218626 0.2376337434955511
-2.25 -2 78 79 9.750042589885314 0.2675993464991073
-2.25 -2 79 80 9.270481545004603 0.2339669067277647
-2.25 -2 80 81 8.807191550760045 0.2079293446769542
-2.25 -2 81 82 8.360114574880274 0.1884854576544462
-2.25 -2 82 83 7.929154964393582 0.1747222350494602
-2.25 -2 83 84 7.51418212436128 0.1658109027241062
-2.25 -2 84 85 7.115032896461177 0.1610029250778424
-2.25 -2 85 86 6.731513929269763 0.1596253896176142
-2.25 -2 86 87 6.363404023772819 0.1610760392752888
-2.25 -2 87 88 6.000569377050446 0.1267276344178009
-2.25 -2 88 89 5.672665839538009 0.01234547119510633
-2.25 -2 89 90 5.348849078079025 0.01019569705999084
-2.25 -2 90 91 5.03931290483477 0.008041237606574757
-2.25 -2 91 92 4.743729020082089 0.006025724583592782
-2.25 -2 92 93 4.461759341798574 0.004198770956283317
-2.25 -2 93 94 4.193053925301671 0.002616582941287072
-2.25 -2 94 95 3.93725108161464 0.001790984282170159
-2.25 -2 95 96 3.693979312786297 0.001896170103009332
-2.25 -2 96 97 3.462859162228506 0.002618008429437618
-2.25 -2 97 98 3.243504977390661 0.003360814225746456
-2.25 -2 98 99 3.035526550004427 0.004180948019476573
-2.25 -2 99 100 2.838530833493813 0.00498193492191432
-2 -1.75 51 52 31.29742042051954 0.967148947756806
-2 -1.75 52 53 30.04616780180848 0.8544639650998385
-2 -1.75 53 54 28.84263611376028 0.7469539904006078
-2 -1.75 54 55 27.68563162233356 0.6449477923089945
-2 -1.75 55 56 26.57373901212975 0.5495177969122245
-2 -1.75 56 57 25.50503640090416 0.4642870204148621
-2 -1.75 57 58 24.47809121660782 0.3895939019676365
-2 -1.75 58 59 23.49162675801207 0.3246487133458638
-2 -1.75 59 60 22.54434909025343 0.2686836618397617
-2 -1.75 60 61 21.63495757885777 0.220955060102928
-2 -1.75 61 62 20.7621539665016 0.1807449560871763
-2 -1.75 62 63 19.92463310470832 0.1472584229425
-2 -1.75 63 64 19.12072159163272 0.1176904860505996
-2 -1.75 64 65 18.34886542142286 0.08978468494772521
-2 -1.75 65 66 17.60788471309613 0.06374117238041324
-2 -1.75 66 67 16.8960778067502 0.04253186407447473
-2 -1.75 67 68 16.21166351701702 0.02543272977526039
-2 -1.75 68 69 15.55170934780142 0.01244513068531768
-2 -1.75 69 70 14.91189736370479 0.01163496565437474
-2 -1.75 70 71 14.28887310411812 0.01522758178962401
-2 -1.75 71 72 13.68150987735176 0.01997125865273356
-2 -1.75 72 73 13.08949853188243 0.02525886401054762
-2 -1.75 73 74 12.51291324871704 0.02827208214813151
-2 -1.75 74 75 11.95198259390812 0.02884684179002883
-2 -1.75 75 76 11.40667483542642 0.02863562214651508
-2 -1.75 76 77 10.85301394869011 0.2710362121883345
-2 -1.75 77 78 10.33977231421785 0.2284628114715966
-2 -1.75 78 79 9.857225905417785 0.2607478387831524
-2 -1.75 79 80 9.375959218224736 0.2259331741493819
-2 -1.75 80 81 8.910748516989099 0.1991319813107853
-2 -1.75 81 82 8.461561842848624 0.1792863340551107
-2 -1.75 82 83 8.028327993295996 0.1654301812752489
-2 -1.75 83 84 7.610939281806068 0.1566869116912071
-2 -1.75 84 85 7.209253971520006 0.1522665579084555
-2 -1.75 85 86 6.823098700816423 0.1514612793935053
-2 -1.75 86 87 6.452270883592806 0.1536393549356832
-2 -1.75 87 88 6.09654106689322 0.1582386462391278
-2 -1.75 88 89 5.747155667952136 0.121403068534644
-2 -1.75 89 90 5.422233354858424 0.1280584563884098
-2 -1.75 90 91 5.120527704318858 0.01060306349435488
-2 -1.75 91 92 4.821864237980824 0.008324525986253118
-2 -1.75 92 93 4.536828646364546 0.006224500242523274
-2 -1.75 93 94 4.265081163106045 0.004345375276737291
-2 -1.75 94 95 4.006269275597399 0.003064873055281944
-2 -1.75 95 96 3.76002971154989 0.002088024715319631
-2 -1.75 96 97 3.525990339729061 0.001947997157194374
-2 -1.75 97 98 3.303771982103077 0.001856642944560389
-2 -1.75 98 99 3.092990098593642 0.002867863007825845
-2 -1.75 99 100 2.893256568795952 0.003815082282645581
-1.75 -1.5 51 52 31.70058165317982 1.015139243525313
-1.75 -1.5 52 53 30.42771715215117 0.8972116013416072
-1.75 -1.5 53 54 29.20335842007049 0.7846608526314662
-1.75 -1.5 54 55 28.02631884519381 0.6778316204452447
-1.75 -1.5 55 56 26.89518044768134 0.5778501760304248
-1.75 -1.5 56 57 25.80800245055464 0.4885232472479629
-1.75 -1.5 57 58 24.76334014378779 0.4102142789102955
-1.75 -1.5 58 59 23.75990533010068 0.3421024584090944
-1.75 -1.5 59 60 22.7963899208099 0.283389195885062
-1.75 -1.5 60 61 21.87147700717358 0.2333004430107678
-1.75 -1.5 61 62 20.98385041073487 0.191088459909048
-1.75 -1.5 62 63 20.13218511554719 0.1559231790379503
-1.75 -1.5 63 64 19.31476997828193 0.1248447641289571
-1.75 -1.5 64 65 18.53001692984324 0.09546783403366013
-1.75 -1.5 65 66 17.77672762183825 0.06800158458975127
-1.75 -1.5 66 67 17.05316463289603 0.04558944428812569
-1.75 -1.5 67 68 16.35751641850481 0.0274455466691741
-1.75 -1.5 68 69 15.68680418045572 0.01247204500481026
-1.75 -1.5 69 70 15.03666725185327 0.004112024652584224
-1.75 -1.5 70 71 14.40373357132165 0.01121140924350552
-1.75 -1.5 71 72 13.78688145706474 0.01946682500666349
-1.75 -1.5 72 73 13.1858073222549 0.02591321840494906
-1.75 -1.5 73 74 12.60058977444289 0.02920230929361508
-1.75 -1.5 74 75 12.03145672123646 0.02990814210931045
-1.75 -1.5 75 76 11.47837819314454 0.02977824555978483
-1.75 -1.5 76 77 10.91661473665675 0.2708177859267913
-1.75 -1.5 77 78 10.41219797713287 0.3064063764847955
-1.75 -1.5 78 79 9.908304928204167 0.2611787711976705
-1.75 -1.5 79 80 9.42087596589294 0.2255264923429142
-1.75 -1.5 80 81 8.949909080223545 0.1982462924729405
-1.75 -1.5 81 82 8.495360127084755 0.1782314901884433
-1.75 -1.5 82 83 8.057145037065602 0.1644717285677817
-1.75 -1.5 83 84 7.63514270262009 0.1560508982553285
-1.75 -1.5 84 85 7.229197511218931 0.1521442286924907
-1.75 -1.5 85 86 6.839121867010252 0.1520130400917898
-1.75 -1.5 86 87 6.464698682643068 0.1549977424692697
-1.75 -1.5 87 88 6.105683823015784 0.1605105319229537
-1.75 -1.5 88 89 5.752569510152959 0.123225334116464
-1.75 -1.5 89 90 5.42502321149599 0.1307617453053641
-1.75 -1.5 90 91 5.121723298677725 0.01155005891649233
-1.75 -1.5 91 92 4.820873989597569 0.009159825770252143
-1.75 -1.5 92 93 4.533887873151528 0.006954392714115963
-1.75 -1.5 93 94 4.26041111754933 0.004938602109289949
-1.75 -1.5 94 95 4.000077384234858 0.003118612419947468
-1.75 -1.5 95 96 3.752509862231214 0.001525389603725023
-1.75 -1.5 96 97 3.517323211413581 0.001236300983878549
-1.75 -1.5 97 98 3.294125412025757 0.001721521296268295
-1.75 -1.5 98 99 3.082519478134303 0.002660555626287151
-1.75 -1.5 99 100 2.882105282414502 0.00365955289931578
-1.5 -1.25 51 52 31.54104293037082 1.065093531716801
-1.5 -1.25 52 53 30.28649729128398 0.942573023360731
-1.5 -1.25 53 54 29.07850698544524 0.8255368783932282
-1.5 -1.25 54 55 27.9160922776547 0.7143547883875597
-1.5 -1.25 55 56 26.79801895974693 0.610209647687058
-1.5 -1.25 56 57 25.72250886848482 0.5170749775244878
-1.5 -1.25 57 58 24.68826440027127 0.435342464530626
-1.5 -1.25 58 59 23.69412911589289 0.3641705105167822
-1.5 -1.25 59 60 22.73891255797072 0.3027394594653189
-1.5 -1.25 60 61 21.8214028753583 0.2502540721796336
-1.5 -1.25 61 62 20.94037776204446 0.2059454476642396
-1.5 -1.25 62 63 20.09459639195225 0.1689575368224017
-1.5 -1.25 63 64 19.2824256568511 0.136204371297318
-1.5 -1.25 64 65 18.50234760298849 0.1051945940892407
-1.5 -1.25 65 66 17.7532239646513 0.07614440997678416
-1.5 -1.25 66 67 17.03336979815265 0.0523457491613729
-1.5 -1.25 67 68 16.34102717306546 0.03367899881396453
-1.5 -1.25 68 69 15.67326106934301 0.02501862309965597
-1.5 -1.25 69 70 15.02575534710478 0.02121709133912518
-1.5 -1.25 70 71 14.39517202853209 0.0215264373542677
-1.5 -1.25 71 72 13.78041715389229 0.02422878449599862
-1.5 -1.25 72 73 13.18120773764312 0.02738351156146162
-1.5 -1.25 73 74 12.5976435026901 0.02914266116676323
-1.5 -1.25 74 75 12.0299706027263 0.02934478464406137
-1.5 -1.25 75 76 11.47817316852964 0.02901212242150409
-1.5 -1.25 76 77 10.91863932955454 0.2876347553684424
-1.5 -1.25 77 78 10.41532099702184 0.3167855885460001
-1.5 -1.25 78 79 9.91205594425977 0.2691244855410695
-1.5 -1.25 79 80 9.425151834807679 0.2315265808316926
-1.5 -1.25 80 81 8.95461731590369 0.2027410404843064
-1.5 -1.25 81 82 8.500418012184284 0.181616044847253
-1.5 -1.25 82 83 8.062478775944857 0.1670973308335326
-1.5 -1.25 83 84 7.640686656515609 0.158225276602568
-1.5 -1.25 84 85 7.234893490083607 0.1541321781628257
-1.5 -1.25 85 86 6.844918475298307 0.1540381655997404
-1.5 -1.25 86 87 6.470550715871063 0.1572456637680447
-1.5 -1.25 87 88 6.111551710967902 0.1631330900874254
-1.5 -1.25 88 89 5.767657790010514 0.1711486448390442
-1.5 -1.25 89 90 5.430479588083561 0.1350900137852321
-1.5 -1.25 90 91 5.127681889293374 0.01298408480197033
-1.5 -1.25 91 92 4.826768660372913 0.01120946322416812
-1.5 -1.25 92 93 4.539693323193314 0.009635818365474077
-1.5 -1.25 93 94 4.266105913514599 0.00828195014466317
-1.5 -1.25 94 95 4.005643582433366 0.007166783685191828
-1.5 -1.25 95 96 3.757932658908334 0.006306651163612916
-1.5 -1.25 96 97 3.522590619565309 0.005785417885889039
-1.5 -1.25 97 98 3.299227963154058 0.005457309255758771
-1.5 -1.25 98 99 3.08744994413907 0.005224512658725573
-1.5 -1.25 99 100 2.886858433795107 0.005248812107013011
-1.25 -1 51 52 32.06718933579594 1.103482667247934
-1.25 -1 52 53 30.79719826595584 0.9770265977439088
-1.25 -1 53 54 29.57373100908896 0.8561982601457039
-1.25 -1 54 55 28.39588686836655 0.7413809497323727
-1.25 -1 55 56 27.26249730324056 0.6338010068672081
-1.25 -1 56 57 26.17183685879932 0.5375773235386617
-1.25 -1 57 58 25.1226526476671 0.453121817559256
-1.25 -1 58 59 24.11382537198629 0.3795689511454157
-1.25 -1 59 60 23.1441947933246 0.316075325158851
-1.25 -1 60 61 22.21257330353949 0.2618222598428373
-1.25 -1 61 62 21.31775769928709 0.2160178043477165
-1.25 -1 62 63 20.458521511162 0.1777785519014838
-1.25 -1 63 64 19.63323308118112 0.1438966853141406
-1.25 -1 64 65 18.84037493319333 0.1117809216642207
-1.25 -1 65 66 18.07881469069271 0.08165874323766742
-1.25 -1 66 67 17.34685825625466 0.05696382067702407
-1.25 -1 67 68 16.64273822155963 0.0368102471780296
-1.25 -1 68 69 15.96348288654913 0.02473111090968436
-1.25 -1 69 70 15.30471316084369 0.01858100816794639
-1.25 -1 70 71 14.66304265822821 0.01744263890845759
-1.25 -1 71 72 14.03737072633797 0.01980169641546765
-1.25 -1 72 73 13.42742088454611 0.02318073807888653
-1.25 -1 73 74 12.83330720921296 0.02629768477225406
-1.25 -1 74 75 12.25529179392677 0.02742071557938036
-1.25 -1 75 76 11.67174732992521 0.3325140254484136
-1.25 -1 76 77 11.14312886261287 0.3676062804201323
-1.25 -1 77 78 10.6137739253642 0.3076098511197327
-1.25 -1 78 79 10.10098178851538 0.2593902068572386
-1.25 -1 79 80 9.604815924565173 0.2215478445050924
-1.25 -1 80 81 9.125292194366942 0.1927866174043496
-1.25 -1 81 82 8.66238200818243 0.1719109092571053
-1.25 -1 82 83 8.216014632488214 0.1578259491009444
-1.25 -1 83 84 7.786080256605644 0.1495371036079684
-1.25 -1 84 85 7.37243266038751 0.1461486817867864
-1.25 -1 85 86 6.974891868079698 0.1468594581661021
-1.25 -1 86 87 6.593246768776186 0.1509550404846818
-1.25 -1 87 88 6.227257683363874 0.1577991520148034
-1.25 -1 88 89 5.8766588741825 0.1668258673562401
-1.25 -1 89 90 5.532609753109945 0.1293370146555302
-1.25 -1 90 91 5.213518918386495 0.1389074600819981
-1.25 -1 91 92 4.915963867253101 0.008995024683822943
-1.25 -1 92 93 4.623366128948145 0.007264384780291198
-1.25 -1 93 94 4.344517418499276 0.005890662501004389
-1.25 -1 94 95 4.079049007194417 0.004804042683636369
-1.25 -1 95 96 3.826580924476902 0.004141843133504114
-1.25 -1 96 97 3.586723986139301 0.00388517324682593
-1.25 -1 97 98 3.359081724380026 0.003731568909255517
-1.25 -1 98 99 3.143252170730916 0.003994263802406693
-1.25 -1 99 100 2.938829780162926 0.004382476975192662
-1 -0.75 51 52 32.21442316530224 1.130292081810424
-1 -0.75 52 53 30.93687430857938 1.000760732811234
-1 -0.75 53 54 29.70594235853903 0.8769372029688328
-1 -0.75 54 55 28.52076171539812 0.7592216216734116
-1 -0.75 55 56 27.380189171973 0.648882973160682
-1 -0.75 56 57 26.28250916330788 0.5501715409382402
-1 -0.75 57 58 25.22648512130712 0.4635203922126143
-1 -0.75 58 59 24.21101370038863 0.3880462041615851
-1 -0.75 59 60 23.23494690905235 0.3228878080020776
-1 -0.75 60 61 22.2971062031958 0.2672088583325409
-1 -0.75 61 62 21.39629472714367 0.2201999201989454
-1 -0.75 62 63 20.53128998606589 0.180956600651049
-1 -0.75 63 64 19.70045920223305 0.1461767971869422
-1 -0.75 64 65 18.90228351232201 0.1131919672861455
-1 -0.75 65 66 18.13563063991768 0.08223965156916049
-1 -0.75 66 67 17.39880047841987 0.05686587017201212
-1 -0.75 67 68 16.69002266809915 0.03616042743037205
-1 -0.75 68 69 16.00631385196601 0.018700175738956
-1 -0.75 69 70 15.34328398933724 0.01148206792518086
-1 -0.75 70 71 14.69754168964179 0.0119457116950758
-1 -0.75 71 72 14.06798938386046 0.01685551992064557
-1 -0.75 72 73 13.45435274894241 0.02454662127816474
-1 -0.75 73 74 12.85674831295154 0.02860904514450821
-1 -0.75 74 75 12.27543812409752 0.02972871594734979
-1 -0.75 75 76 11.68653232094513 0.3431573633307901
-1 -0.75 76 77 11.15585797099683 0.3761662821983579
-1 -0.75 77 78 10.62384686096289 0.3142760432228193
-1 -0.75 78 79 10.10858879067479 0.2645262400466037
-1 -0.75 79 80 9.610142383217841 0.2254810204668275
-1 -0.75 80 81 9.128518109376209 0.1958107568522957
-1 -0.75 81 82 8.663681541644067 0.1742887388976569
-1 -0.75 82 83 8.21555571243206 0.159790723185905
-1 -0.75 83 84 7.784024263459884 0.1512934182737384
-1 -0.75 84 85 7.368934175635776 0.1478730032657269
-1 -0.75 85 86 6.970098482097637 0.1487010573273271
-1 -0.75 86 87 6.587298944126996 0.1530377285224245
-1 -0.75 87 88 6.22028866931068 0.1602237124509286
-1 -0.75 88 89 5.868794668311839 0.1696727890315694
-1 -0.75 89 90 5.523382377765735 0.1327037185729146
-1 -0.75 90 91 5.203685804710378 0.1425678362349985
-1 -0.75 91 92 4.906639345864189 0.01008950196594379
-1 -0.75 92 93 4.613532862817554 0.007687121725391572
-1 -0.75 93 94 4.33426836814904 0.005540812589017619
-1 -0.75 94 95 4.068470432290969 0.004193051328650928
-1 -0.75 95 96 3.815752549816365 0.003177692108289854
-1 -0.75 96 97 3.575719188920608 0.002884481534341046
-1 -0.75 97 98 3.347967739852397 0.002736768364778567
-1 -0.75 98 99 3.132090310874457 0.003015891154062722
-1 -0.75 99 100 2.927675675705382 0.003854648304695743
-0.75 -0.5 51 52 32.14761315682313 1.159523919935541
-0.75 -0.5 52 53 30.87700715824488 1.027151150372113
-0.75 -0.5 53 54 29.65220746949112 0.9005812631483002
-0.75 -0.5 54 55 28.4724415427587 0.7802255786247319
-0.75 -0.5 55 56 27.33664790297659 0.6673828692146866
-0.75 -0.5 56 57 26.24318158144999 0.5663973627003939
-0.75 -0.5 57 58 25.19087053635093 0.4777158351487907
-0.75 -0.5 58 59 24.17866920831821 0.4004403906186995
-0.75 -0.5 59 60 23.20548082180738 0.3336952778869469
-0.75 -0.5 60 61 22.27017222820079 0.2766296353105369
-0.75 -0.5 61 62 21.37158681683508 0.2284196415685515
-0.75 -0.5 62 63 20.50853786405398 0.1881438353842054
-0.75 -0.5 63 64 19.67942446946033 0.1524263443033667
-0.75 -0.5 64 65 18.88275642392954 0.1185383689078926
-0.75 -0.5 65 66 18.11742671465106 0.08672457953579203
-0.75 -0.5 66 67 17.38175706964596 0.06061749776065644
-0.75 -0.5 67 68 16.67400065261759 0.04011424286443019
-0.75 -0.5 68 69 15.99119339572857 0.02944558359958512
-0.75 -0.5 69 70 15.32896595907454 0.02350536825947243
-0.75 -0.5 70 71 14.68394193563025 0.02222709187871745
-0.75 -0.5 71 72 14.055035441454 0.02414006893236197
-0.75 -0.5 72 73 13.44198037049127 0.02717038964586422
-0.75 -0.5 73 74 12.84490181235928 0.02902159144250202
-0.75 -0.5 74 75 12.2640688483483 0.02930322570859231
-0.75 -0.5 75 76 11.67633719344617 0.3526007904305851
-0.75 -0.5 76 77 11.14601110820955 0.3832304102286069
-0.75 -0.5 77 78 10.61426611403163 0.319892408936521
-0.75 -0.5 78 79 10.09925746970545 0.2689802791763058
-0.75 -0.5 79 80 9.601046925648411 0.2290289022298514
-0.75 -0.5 80 81 9.119647652358999 0.1986818647901398
-0.75 -0.5 81 82 8.655027545563229 0.1766877469022499
-0.75 -0.5 82 83 8.207111605773243 0.1618989770218029
-0.75 -0.5 83 84 7.775785132299475 0.1532695627301474
-0.75 -0.5 84 85 7.360896483621584 0.1498532928100909
-0.75 -0.5 85 86 6.962259819462119 0.1508000018543219
-0.75 -0.5 86 87 6.579657804008164 0.1553494757243823
-0.75 -0.5 87 88 6.2128442491932 0.1628240849085323
-0.75 -0.5 88 89 5.861546694672114 0.1726215989930817
-0.75 -0.5 89 90 5.525468920083728 0.1842089271318987
-0.75 -0.5 90 91 5.196802844606196 0.1461059914182239
-0.75 -0.5 91 92 4.900018204324361 0.01117449010386273
-0.75 -0.5 92 93 4.607120889145737 0.009514666932126395
-0.75 -0.5 93 94 4.328063695791723 0.008098276695057876
-0.75 -0.5 94 95 4.062471335478138 0.006952601272911856
-0.75 -0.5 95 96 3.809957358139716 0.0061026588271091
-0.75 -0.5 96 97 3.570126215576796 0.005690221032578816
-0.75 -0.5 97 98 3.342575222225461 0.005354020814601442
-0.75 -0.5 98 99 3.126896360370488 0.005283582859414623
-0.75 -0.5 99 100 2.922678246009838 0.005424541168968397
-0.5 -0.25 51 52 32.28642617520839 1.173993325816455
-0.5 -0.25 52 53 31.01368825531011 1.039962712506499
-0.5 -0.25 53 54 29.78647878418681 0.9117889484594888
-0.5 -0.25 54 55 28.60407697893356 0.7898905772398566
-0.5 -0.25 55 56 27.4654658273584 0.675586815651347
-0.5 -0.25 56 57 26.3690374091389 0.5732876693023394
-0.5 -0.25 57 58 25.31365293229869 0.4834497687223916
-0.5 -0.25 58 59 24.29829603013896 0.4051653079602995
-0.5 -0.25 59 60 23.32189516020931 0.3375486676053993
-0.5 -0.25 60 61 22.38333893480566 0.2797392085647728
-0.5 -0.25 61 62 21.48148946472341 0.2309034654398621
-0.5 -0.25 62 63 20.61517606566092 0.1901084693602156
-0.5 -0.25 63 64 19.78281002818623 0.1539269918058165
-0.5 -0.25 64 65 18.98291178431704 0.1195880143558924
-0.5 -0.25 65 66 18.21438438383586 0.08734144496648195
-0.5 -0.25 66 67 17.47555442416878 0.06088161363467901
-0.5 -0.25 67 68 16.76467970834008 0.04178905915213499
-0.5 -0.25 68 69 16.07879067387834 0.03147472158568811
-0.5 -0.25 69 70 15.41350373295435 0.02591286071417447
-0.5 -0.25 70 71 14.76543164114284 0.02474750798750212
-0.5 -0.25 71 72 14.13349031682237 0.02652840117279295
-0.5 -0.25 72 73 13.51741886503373 0.02935876596968
-0.5 -0.25 73 74 12.91734995678261 0.03105205580360101
-0.5 -0.25 74 75 12.33356026562873 0.03121311666634452
-0.5 -0.25 75 76 11.7420992836735 0.355140785127376
-0.5 -0.25 76 77 11.20929739056061 0.3858603964554631
-0.5 -0.25 77 78 10.67474131195736 0.3217170208889893
-0.5 -0.25 78 79 10.15697852559263 0.2701800320363956
-0.5 -0.25 79 80 9.656075289310117 0.2297645216443495
-0.5 -0.25 80 81 9.172048686785594 0.1990954168968618
-0.5 -0.25 81 82 8.704869973649991 0.1769037047833418
-0.5 -0.25 82 83 8.254466977688843 0.1620253351235273
-0.5 -0.25 83 84 7.820727331877507 0.1533990532315028
-0.5 -0.25 84 85 7.403501264423692 0.1500647568961845
-0.5 -0.25 85 86 7.002604370657178 0.1511598178871032
-0.5 -0.25 86 87 6.617820345521025 0.1559128886835396
-0.5 -0.25 87 88 6.248903655503891 0.1636363525973994
-0.5 -0.25 88 89 5.895582146415684 0.1737189750071621
-0.5 -0.25 89 90 5.557559582642231 0.1856195435834561
-0.5 -0.25 90 91 5.226838561901648 0.1471619357421039
-0.5 -0.25 91 92 4.928698171953908 0.01195055686551957
-0.5 -0.25 92 93 4.634079169120682 0.01024913048698384
-0.5 -0.25 93 94 4.353377007305486 0.008789165547519219
-0.5 -0.25 94 95 4.086215179571916 0.007593729767530004
-0.5 -0.25 95 96 3.832205832957804 0.006683023340575718
-0.5 -0.25 96 97 3.590951853282794 0.006177747821618181
-0.5 -0.25 97 98 3.36204884663143 0.005805957036833715
-0.5 -0.25 98 99 3.145086962801834 0.00562156850306716
-0.5 -0.25 99 100 2.939652885484195 0.005687728200052097
-0.25 0 51 52 32.44913612649677 1.181186337031605
-0.25 0 52 53 31.1699286653548 1.046365857292504
-0.25 0 53 54 29.93643847633305 0.9174235194281941
-0.25 0 54 55 28.74794864397367 0.7947818997449732
-0.25 0 55 56 27.60344360216371 0.6797712912070299
-0.25 0 56 57 26.50131322835304 0.5768368274423331
-0.25 0 57 58 25.44041770914274 0.4864406925280226
-0.25 0 58 59 24.41973950656694 0.4076701814195475
-0.25 0 59 60 23.43820508951151 0.3396348005674548
-0.25 0 60 61 22.49470040871513 0.281469082208254
-0.25 0 61 62 21.58808436743185 0.2323347942291411
-0.25 0 62 63 20.71718253302831 0.1912931914067562
-0.25 0 63 64 19.88039950165576 0.1548899376893705
-0.25 0 64 65 19.07624944687706 0.120331962970927
-0.25 0 65 66 18.30363134315314 0.08787248431553137
-0.25 0 66 67 17.56086409527654 0.06123837539366266
-0.25 0 67 68 16.84619797743782 0.04169871654345236
-0.25 0 68 69 16.15664952163215 0.03122111366596088
-0.25 0 69 70 15.48781522417734 0.0255518948849091
-0.25 0 70 71 14.83629272203526 0.02438788430390502
-0.25 0 71 72 14.20099384452375 0.02624742237045746
-0.25 0 72 73 13.58165705912679 0.02917181580236753
-0.25 0 73 74 12.97841640989146 0.03092973964195611
-0.25 0 74 75 12.3915504216398 0.03112708980586878
-0.25 0 75 76 11.7970366341309 0.353802668314052
-0.25 0 76 77 11.26167811464801 0.3850009107494005
-0.25 0 77 78 10.72432964595143 0.3205739218549287
-0.25 0 78 79 10.20387297200861 0.2688389114298799
-0.25 0 79 80 9.700374672616491 0.2283009431040123
-0.25 0 80 81 9.213851796228795 0.1975751841797894
-0.25 0 81 82 8.744275236126427 0.1753831563069935
-0.25 0 82 83 8.291572150200807 0.1605518927354887
-0.25 0 83 84 7.855629222631588 0.1520121563320003
-0.25 0 84 85 7.43629547754599 0.148797131471363
-0.25 0 85 86 7.033385074243039 0.1500387535094731
-0.25 0 86 87 6.646680062445931 0.1549611837371979
-0.25 0 87 88 6.275933076221506 0.1628728347348317
-0.25 0 88 89 5.920869962908409 0.1731587403848356
-0.25 0 89 90 5.581192342581613 0.1852741101018395
-0.25 0 90 91 5.248689088486852 0.1466173940524962
-0.25 0 91 92 4.949115628063481 0.01203301942949445
-0.25 0 92 93 4.653092749875054 0.010331524255875
-0.25 0 93 94 4.371063495641557 0.008873736860892493
-0.25 0 94 95 4.102648762890189 0.007682533818864034
-0.25 0 95 96 3.84745805878137 0.006777354861157265
-0.25 0 96 97 3.605091598954463 0.006277991797009345
-0.25 0 97 98 3.375142302095311 0.005908088520201923
-0.25 0 98 99 3.157197624832907 0.005726462294678328
-0.25 0 99 100 2.950841566071425 0.005791672541833081
0 0.25 51 52 32.4344693758392 1.181108146414199
0 0.25 52 53 31.15630617598416 1.046297071158178
0 0.25 53 54 29.92378863833147 0.917363489413103
0 0.25 54 55 28.73620511234461 0.794729978916801
0 0.25 55 56 27.59254491490472 0.6797267946506419
0 0.25 56 57 26.49120258871741 0.5767988987025165
0 0.25 57 58 25.4310423852686 0.4864084950563346
0 0.25 58 59 24.41105043358969 0.4076429589816401
0 0.25 59 60 23.43015658527912 0.3396118725573575
0 0.25 60 61 22.48724991557523 0.281449839003339
0 0.25 61 62 21.58119221710635 0.2323186925433708
0 0.25 62 63 20.7108117382281 0.1912797539851598
0 0.25 63 64 19.87451567793687 0.1548788335920829
0 0.25 64 65 19.07082058998337 0.1203229708291138
0 0.25 65 66 18.29862754750853 0.08786538628725848
0 0.25 66 67 17.55625754168567 0.06123285432686472
0 0.25 67 68 16.84196283111423 0.04169472906667623
0 0.25 68 69 16.15276203888618 0.03121900006110031
0 0.25 69 70 15.48425390772105 0.02555136379646066
0 0.25 70 71 14.83303785451394 0.02438818845266342
0 0.25 71 72 14.19802682805037 0.02624786440556878
0 0.25 72 73 13.57896015265866 0.02917198891877448
0 0.25 73 74 12.97597261851827 0.03092958902512913
0 0.25 74 75 12.38934343751673 0.0311266851351948
0 0.25 75 76 11.79505164225036 0.3537680522322205
0 0.25 76 77 11.25989960880121 0.3849788157875604
0 0.25 77 78 10.72274330022707 0.3205554954267072
0 0.25 78 79 10.20246510272477 0.2688235935455914
0 0.25 79 80 9.699132230165326 0.2282882495539678
0 0.25 80 81 9.212762355619859 0.1975646971715477
0 0.25 81 82 8.743326986518277 0.1753745172783005
0 0.25 82 83 8.29075388334816 0.1605447979163523
0 0.25 83 84 7.854930320369117 0.1520063544671638
0 0.25 84 85 7.435705898355096 0.148792421568894
0 0.25 85 86 7.032895339024339 0.1500349806765557
0 0.25 86 87 6.646281239505651 0.154958232480185
0 0.25 87 88 6.275616765581891 0.1628706211403584
0 0.25 88 89 5.920628280021965 0.1731572047270321
0 0.25 89 90 5.581017901572771 0.1852732109034714
0 0.25 90 91 5.248574984878115 0.1466170007527107
0 0.25 91 92 4.949054489272669 0.01203234722349369
0 0.25 92 93 4.653079567210099 0.01033095554372
0 0.25 93 94 4.371092694128922 0.008873281602617182
0 0.25 94 95 4.102715176362176 0.007682204675760538
0 0.25 95 96 3.847556911914017 0.00677716414420845
0 0.25 96 97 3.605218489300654 0.006277965293411824
0 0.25 97 98 3.375293182151891 0.005908062415740587
0 0.25 98 99 3.157368784223319 0.005726669899500512
0 0.25 99 100 2.951029613913658 0.005791969749637886
0.25 0.5 51 52 32.24270648979257 1.173765786405322
0.25 0.5 52 53 30.97308968020076 1.039762478612648
0.25 0.5 53 54 29.74878694385848 0.9116141063229444
0.25 0.5 54 55 28.56909328649886 0.7897392199341446
0.25 0.5 55 56 27.43300633280319 0.6754569275303257
0.25 0.5 56 57 26.33893213214218 0.5731767341224385
0.25 0.5 57 58 25.28574407398713 0.4833553329905879
0.25 0.5 58 59 24.27243678331099 0.4050851580688017
0.25 0.5 59 60 23.2979488557511 0.337480815610528
0.25 0.5 60 61 22.36117826638556 0.2796818779146166
0.25 0.5 61 62 21.46099578298556 0.2308550769636338
0.25 0.5 62 63 20.59623875260834 0.1900676400479039
0.25 0.5 63 64 19.76532625908887 0.1538927730239505
0.25 0.5 64 65 18.9667858603102 0.1195597817900637
0.25 0.5 65 66 18.19952689095707 0.08731858305455781
0.25 0.5 66 67 17.46188219452716 0.06086320851937603
0.25 0.5 67 68 16.75211551246228 0.04177523327211874
0.25 0.5 68 69 16.06726353136435 0.03146693238750405
0.25 0.5 69 70 15.40294936247544 0.025910729676659
0.25 0.5 70 71 14.75579106684884 0.02474900928042435
0.25 0.5 71 72 14.1247079071176 0.02653137954738169
0.25 0.5 72 73 13.50944155403587 0.02936162995174456
0.25 0.5 73 74 12.91012691546872 0.03105429885933417
0.25 0.5 74 75 12.32704272647111 0.03121476303666573
0.25 0.5 75 76 11.73623915640794 0.3550475685505486
0.25 0.5 76 77 11.20405209711797 0.3858008791542339
0.25 0.5 77 78 10.67006804866257 0.3216674767780658
0.25 0.5 78 79 10.15283641215758 0.2701388929144058
0.25 0.5 79 80 9.652425343944685 0.2297304409255009
0.25 0.5 80 81 9.168853797810087 0.1990672422316512
0.25 0.5 81 82 8.702094867906716 0.1768804560288101
0.25 0.5 82 83 8.252078185812096 0.1620061894337514
0.25 0.5 83 84 7.818693150674612 0.153383335426268
0.25 0.5 84 85 7.401791716567914 0.1500519306919824
0.25 0.5 85 86 7.001191161895228 0.151149473089309
0.25 0.5 86 87 6.616676819632644 0.1559047229145027
0.25 0.5 87 88 6.248004747279261 0.1636301504782985
0.25 0.5 88 89 5.894904332833665 0.1737145885555096
0.25 0.5 89 90 5.55708083251789 0.1856168760140489
0.25 0.5 90 91 5.226538284289873 0.1471605767544381
0.25 0.5 91 92 4.928557065017937 0.01195048668729086
0.25 0.5 92 93 4.634079519184898 0.0102491089159503
0.25 0.5 93 94 4.353502201209988 0.008789174480087314
0.25 0.5 94 95 4.086449827111304 0.007593751543106811
0.25 0.5 95 96 3.832535713013213 0.006683042394762709
0.25 0.5 96 97 3.591363859893903 0.006177667923747666
0.25 0.5 97 98 3.362530935237807 0.005805878268160623
0.25 0.5 98 99 3.145628096797573 0.005621546296679897
0.25 0.5 99 100 2.940242983338376 0.005687705153797439
0.5 0.75 51 52 32.07623269708566 1.159147977465369
0.5 0.75 52 53 30.81077083264989 1.026819918538601
0.5 0.75 53 54 29.59076021798074 0.9002915346471606
0.5 0.75 54 55 28.41545454939811 0.7799741688053398
0.5 0.75 55 56 27.28381666185808 0.6671664337745616
0.5 0.75 56 57 26.19422473618077 0.5662117813941109
0.5 0.75 57 58 25.14552695745613 0.4775571059698569
0.5 0.75 58 59 24.13669603101066 0.400304908769637
0.5 0.75 59 60 23.16665202340015 0.3335798115989637
0.5 0.75 60 61 22.23427733619766 0.2765313017706522
0.5 0.75 61 62 21.33842973293773 0.2283358832652104
0.5 0.75 62 63 20.47793582044896 0.1880724168559488
0.5 0.75 63 64 19.65120760429166 0.1523657273880925
0.5 0.75 64 65 18.85676667560102 0.1184875316109542
0.5 0.75 65 66 18.09351644746489 0.08668251268314987
0.5 0.75 66 67 17.35978897793595 0.06058272010383556
0.5 0.75 67 68 16.65384723822746 0.04008609997009176
0.5 0.75 68 69 15.97273743550998 0.02942839634504382
0.5 0.75 69 70 15.31210119436392 0.02349985883453463
0.5 0.75 70 71 14.66857080796137 0.0222303407666634
0.5 0.75 71 72 14.04106592542177 0.02414770937004296
0.5 0.75 72 73 13.4293247124135 0.02717867115591008
0.5 0.75 73 74 12.83347599412147 0.02902906689797555
0.5 0.75 74 75 12.25379230050805 0.02930969299671402
0.5 0.75 75 76 11.66712597287554 0.3524497212617527
0.5 0.75 76 77 11.13779966151817 0.3831330396381394
0.5 0.75 77 78 10.60698383905572 0.3198104756155207
0.5 0.75 78 79 10.09283697284626 0.2689113525082185
0.5 0.75 79 80 9.595423978310691 0.2289709058636479
0.5 0.75 80 81 9.114761141782722 0.198633030252757
0.5 0.75 81 82 8.650819420395791 0.1766465756132849
0.5 0.75 82 83 8.203526816546812 0.1618642139721581
0.5 0.75 83 84 7.77277156723488 0.1532401800734378
0.5 0.75 84 85 7.358404900048914 0.1498284768978831
0.5 0.75 85 86 6.9602437712533 0.1507791353470042
0.5 0.75 86 87 6.578073565327866 0.1553321112800682
0.5 0.75 87 88 6.211650735041825 0.1628099136156525
0.5 0.75 88 89 5.860705378607285 0.172610419332854
0.5 0.75 89 90 5.524943749416952 0.1842006185876502
0.5 0.75 90 91 5.196560153507683 0.1460985803246761
0.5 0.75 91 92 4.900027973484153 0.01117548687258262
0.5 0.75 92 93 4.607352564460552 0.00951554167296783
0.5 0.75 93 94 4.328490205907897 0.008098989265968439
0.5 0.75 94 95 4.0630676316389 0.0069531108914867
0.5 0.75 95 96 3.810700323971581 0.006102934035637129
0.5 0.75 96 97 3.570994576818212 0.005690080221142093
0.5 0.75 97 98 3.343549456785857 0.005353882345904217
0.5 0.75 98 99 3.127958609057695 0.005283271211762517
0.5 0.75 99 100 2.923812224227451 0.005424162662695776
0.75 1 51 52 32.11894992722151 1.129767316211321
0.75 1 52 53 30.8484332136905 1.000298145422415
0.75 1 53 54 29.62404343562591 0.8765322630717095
0.75 1 54 55 28.44495138831277 0.7588698417597615
0.75 1 55 56 27.31004755582507 0.648579667744465
0.75 1 56 57 26.21764839479667 0.5499110105275377
0.75 1 57 58 25.16654536145458 0.4632971189041091
0.75 1 58 59 24.15566043077557 0.3878552218858299
0.75 1 59 60 23.18386895460841 0.3227246683277552
0.75 1 60 61 22.25001393633373 0.2670695963264138
0.75 1 61 62 21.35291843305166 0.220081020884882
0.75 1 62 63 20.49137840895547 0.1808549919522553
0.75 1 63 64 19.66377889748354 0.1460903379743231
0.75 1 64 65 18.86861732056124 0.1131192082936664
0.75 1 65 66 18.10477582932521 0.08217918472040626
0.75 1 66 67 17.37056853710349 0.05681569647786588
0.75 1 67 68 16.664238545186 0.036118908070623
0.75 1 68 69 15.98281645443214 0.01866602896180338
0.75 1 69 70 15.32192693015105 0.01147212328475795
0.75 1 70 71 14.67819027283133 0.01195969855014953
0.75 1 71 72 14.05051650151413 0.01687482992748125
0.75 1 72 73 13.43863724526422 0.02456223869432889
0.75 1 73 74 12.84267428487597 0.02862194345204417
0.75 1 74 75 12.26289454658788 0.02973960727239977
0.75 1 75 76 11.67540161707542 0.3429201624511035
0.75 1 76 77 11.14605221166978 0.3760117151560369
0.75 1 77 78 10.6152690539702 0.3141432414027427
0.75 1 78 79 10.10114647201648 0.2644119241428676
0.75 1 79 80 9.603747549923483 0.2253823814651894
0.75 1 80 81 9.123087144704634 0.1957253863737742
0.75 1 81 82 8.659135133087133 0.174214574001687
0.75 1 82 83 8.211818762861647 0.1597260135172122
0.75 1 83 84 7.781025795916957 0.1512367141127924
0.75 1 84 85 7.366607232253667 0.1478231521801366
0.75 1 85 86 6.96838001764678 0.1486571914725286
0.75 1 86 87 6.58612971477007 0.1529992330760265
0.75 1 87 88 6.219613116997824 0.1601901794892815
0.75 1 88 89 5.868560801493683 0.1696439683513332
0.75 1 89 90 5.523541648901585 0.1326706738964069
0.75 1 90 91 5.204192984565019 0.1425411099911398
0.75 1 91 92 4.907454429006957 0.0100911606234637
0.75 1 92 93 4.614614714517582 0.007688706496205355
0.75 1 93 94 4.335580909617294 0.005542302067329809
0.75 1 94 95 4.069980381979885 0.004194236593792354
0.75 1 95 96 3.817429294783601 0.0031784263443233
0.75 1 96 97 3.577534656360507 0.002884109612804967
0.75 1 97 98 3.349896269358455 0.002736406802151531
0.75 1 98 99 3.134108527836737 0.003015229018744033
0.75 1 99 100 2.929762366309218 0.003854021197061464
1 1.25 51 52 31.95033549386716 1.102849880441113
1 1.25 52 53 30.68916892237448 0.9764708615376455
1 1.25 53 54 29.47390506231494 0.8557138198671693
1 1.25 54 55 28.30368956604153 0.7409621125886592
1 1.25 55 56 27.17739678665446 0.6334418426001606
1 1.25 56 57 26.09334199757195 0.5372706531164589
1 1.25 57 58 25.05030798124336 0.4528607081457971
1 1.25 58 59 24.04720767648 0.3793471761882796
1 1.25 59 60 23.08291055984175 0.315887319730153
1 1.25 60 61 22.15625644720018 0.2616630762482574
1 1.25 61 62 21.26606747352942 0.2158830685568728
1 1.25 62 63 20.41114064967141 0.1776644519686943
1 1.25 63 64 19.58986691110638 0.1438005466398612
1 1.25 64 65 18.80074943835442 0.1117009036318281
1 1.25 65 66 18.04267419438212 0.08159304902355105
1 1.25 66 67 17.31396506942846 0.05690996217418261
1 1.25 67 68 16.61287162905948 0.03676612814020435
1 1.25 68 69 15.93643957149045 0.02470208989854165
1 1.25 69 70 15.28030785473221 0.01857141228035296
1 1.25 70 71 14.6411044494321 0.01744864284840298
1 1.25 71 72 14.01773823319622 0.01981473822123044
1 1.25 72 73 13.40994033407737 0.02319414442834403
1 1.25 73 74 12.81783161551196 0.02630894683024874
1 1.25 74 75 12.2416805187892 0.02743004205708414
1 1.25 75 76 11.65985627557892 0.3322154775162364
1 1.25 76 77 11.13284159990604 0.3674120868755792
1 1.25 77 78 10.60496804683562 0.3074419669103875
1 1.25 78 79 10.09354076797885 0.2592446877787876
1 1.25 79 80 9.598629022500674 0.2214213175831978
1 1.25 80 81 9.120254353731205 0.1926761893334867
1 1.25 81 82 8.658393741151322 0.1718140963506521
1 1.25 82 83 8.212981898683726 0.1577406402802375
1 1.25 83 84 7.78391433338173 0.1494615542589646
1 1.25 84 85 7.371050005842704 0.1460815197860552
1 1.25 85 86 6.974213977523533 0.1467996751085595
1 1.25 86 87 6.593200025250876 0.1509019537743597
1 1.25 87 88 6.227773202909539 0.1577523440130854
1 1.25 88 89 5.877672346754569 0.1667851185135993
1 1.25 89 90 5.534061279624279 0.1292892836452232
1 1.25 90 91 5.215352842616355 0.1388682284471049
1 1.25 91 92 4.918131613751587 0.008997439355836127
1 1.25 92 93 4.62581691140339 0.007266572964029477
1 1.25 93 94 4.347207234532236 0.00589246910294648
1 1.25 94 95 4.081937413920857 0.004805306791085708
1 1.25 95 96 3.829630869436107 0.004141501298054345
1 1.25 96 97 3.589901638792934 0.003884836007604758
1 1.25 97 98 3.362356308875004 0.003730738604876136
1 1.25 98 99 3.146595800441689 0.003993090043715037
1 1.25 99 100 2.942217294624928 0.004381191633611514
1.25 1.5 51 52 31.40345989762372 1.064382155253919
1.25 1.5 52 53 30.15950063029177 0.9419503228364307
1.25 1.5 53 54 28.96134534360257 0.8249959413450029
1.25 1.5 54 55 27.80807067003555 0.7138888054598564
1.25 1.5 55 56 26.69849451790598 0.6098115708399127
1.25 1.5 56 57 25.63088808101502 0.5167363670958071
1.25 1.5 57 58 24.60399707839873 0.4350552124642006
1.25 1.5 58 59 23.6167042537605 0.3639273648487488
1.25 1.5 59 60 22.66785525599218 0.302533967986723
1.25 1.5 60 61 21.75627154520934 0.2500805264254419
1.25 1.5 61 62 20.88076158240716 0.2057988278142766
1.25 1.5 62 63 20.04011303879942 0.1688334937891189
1.25 1.5 63 64 19.23272015362052 0.136099897141319
1.25 1.5 64 65 18.45708997260191 0.1051076805564495
1.25 1.5 65 66 17.71210646697706 0.07607315513492642
1.25 1.5 66 67 16.99610641487817 0.0522875041821776
1.25 1.5 67 68 16.30735233477875 0.03363278451465739
1.25 1.5 68 69 15.64292999598909 0.02499395840521121
1.25 1.5 69 70 14.9985445985494 0.02121456304427618
1.25 1.5 70 71 14.37087516227686 0.0215378818353113
1.25 1.5 71 72 13.7588391916936 0.02424600122116516
1.25 1.5 72 73 13.16216295939063 0.02740117333035414
1.25 1.5 73 74 12.58095449961932 0.02915894116393866
1.25 1.5 74 75 12.01546777009519 0.02935947891153445
1.25 1.5 75 76 11.46569481468657 0.02902538665851919
1.25 1.5 76 77 10.90801680485882 0.2873887725009054
1.25 1.5 77 78 10.40642330984884 0.3166228174198051
1.25 1.5 78 79 9.904743126069505 0.268983083695677
1.25 1.5 79 80 9.419291001737783 0.2314031611279169
1.25 1.5 80 81 8.950082535029878 0.2026327971061254
1.25 1.5 81 82 8.497090157065237 0.181520668523997
1.25 1.5 82 83 8.060245372141608 0.1670129450905362
1.25 1.5 83 84 7.639441717773607 0.1581503943526724
1.25 1.5 84 85 7.234537345986528 0.1540656707523423
1.25 1.5 85 86 6.845357591261376 0.1539792313510794
1.25 1.5 86 87 6.471697506156517 0.1571937871268771
1.25 1.5 87 88 6.113324345701002 0.1630879915328363
1.25 1.5 88 89 5.769979997104688 0.1711102280286691
1.25 1.5 89 90 5.433280450744995 0.1350475875563756
1.25 1.5 90 91 5.130902661517993 0.01298961631704761
1.25 1.5 91 92 4.830341142340878 0.01121440531964691
1.25 1.5 92 93 4.543561342978769 0.009640066304335235
1.25 1.5 93 94 4.270217813171437 0.0082853912269271
1.25 1.5 94 95 4.009952008939591 0.007169308149065234
1.25 1.5 95 96 3.762394355355372 0.006308179583730256
1.25 1.5 96 97 3.527166217325622 0.005785155505972903
1.25 1.5 97 98 3.303881775867929 0.005457054315082948
1.25 1.5 98 99 3.092149764125503 0.005223472874629344
1.25 1.5 99 100 2.891575331622342 0.005247357343986527
1.5 1.75 51 52 31.54941859141604 1.014285235188726
1.5 1.75 52 53 30.28857917815354 0.8964625594137244
1.5 1.75 53 54 29.07538081798423 0.7840083973398715
1.5 1.75 54 55 27.90870219701371 0.6772675363801771
1.5 1.75 55 56 26.7871856524371 0.5773660477871556
1.5 1.75 56 57 25.70894736217301 0.4881092250828471
1.5 1.75 57 58 24.67259273940391 0.4098609545546884
1.5 1.75 58 59 23.67687896611537 0.3418014279109207
1.5 1.75 59 60 22.72053975829097 0.2831329917600086
1.5 1.75 60 61 21.80229676405763 0.2330824665242182
1.5 1.75 61 62 20.9208694049411 0.1909029137514477
1.5 1.75 62 63 20.07496561975621 0.1557650389384296
1.5 1.75 63 64 19.26290573940683 0.1247105079848181
1.5 1.75 64 65 18.48313046744443 0.09535511484119272
1.5 1.75 65 66 17.73446714962184 0.06790836234324238
1.5 1.75 66 67 17.01520328226116 0.04551309702420636
1.5 1.75 67 68 16.32355068213397 0.02738492314367952
1.5 1.75 68 69 15.65655394834052 0.0124316920698916
1.5 1.75 69 70 15.00987596615861 0.00416178998320276
1.5 1.75 70 71 14.38016350277612 0.01126376180420335
1.5 1.75 71 72 13.76630797500465 0.01950865464068209
1.5 1.75 72 73 13.16801660224073 0.02594816919901422
1.5 1.75 73 74 12.5853777975485 0.02923256769597393
1.5 1.75 74 75 12.0186287355151 0.02993499622916324
1.5 1.75 75 76 11.46774877509667 0.02980230058683067
1.5 1.75 76 77 10.90798167763047 0.2704930100323684
1.5 1.75 77 78 10.40542146976112 0.3061931522505046
1.5 1.75 78 79 9.903225225164348 0.2609903646582946
1.5 1.75 79 80 9.417341691759773 0.2253591211847721
1.5 1.75 80 81 8.947777060627153 0.198096792765415
1.5 1.75 81 82 8.494495205765176 0.1780972236222006
1.5 1.75 82 83 8.057419881857058 0.1643505268570473
1.5 1.75 83 84 7.636437601086431 0.1559410398022889
1.5 1.75 84 85 7.231400156902819 0.1520444285413241
1.5 1.75 85 86 6.842127137243452 0.1519224278863761
1.5 1.75 86 87 6.468408408923963 0.1549158146183928
1.5 1.75 87 88 6.110006554979741 0.1604370820109751
1.5 1.75 88 89 5.757420274077216 0.123136743748359
1.5 1.75 89 90 5.430323264412507 0.1306854881175905
1.5 1.75 90 91 5.1274096934584 0.01155831056325231
1.5 1.75 91 92 4.82686914969414 0.009167571282232242
1.5 1.75 92 93 4.540130176603789 0.006961642721676571
1.5 1.75 93 94 4.266844158360282 0.004945388174768934
1.5 1.75 94 95 4.006649721585028 0.003125012089180586
1.5 1.75 95 96 3.759174770601774 0.001531574381216734
1.5 1.75 96 97 3.52403843242416 0.001234957731096002
1.5 1.75 97 98 3.300852908918859 0.001720641678562959
1.5 1.75 98 99 3.089225193711764 0.002657764672542074
1.5 1.75 99 100 2.888758901148247 0.003657007677141599
1.75 2 51 52 31.13637284282167 0.9662947907408563
1.75 2 52 53 29.89842875782661 0.8537208470255072
1.75 2 53 54 28.70723498845571 0.7463125557923731
1.75 2 54 55 27.56167158976157 0.6443988974930936
1.75 2 55 56 26.46039136814032 0.549052117510591
1.75 2 56 57 25.40153665501568 0.4638937263690455
1.75 2 57 58 24.38373146092778 0.3892627039922945
1.75 2 58 59 23.4057503338686 0.324370468651155
1.75 2 59 60 22.46634653882906 0.2684502939437484
1.75 2 60 61 21.56426296130988 0.220759479076866
1.75 2 61 62 20.69824151323265 0.1805809795869751
1.75 2 62 63 19.86701421265315 0.1471207384948404
1.75 2 63 64 19.0689430456199 0.1175753999886074
1.75 2 64 65 18.30250634884058 0.08968976174262765
1.75 2 65 66 17.56655318294685 0.06366433164676652
1.75 2 66 67 16.85940978623322 0.04247050855739237
1.75 2 67 68 16.17932101659859 0.02538593933422638
1.75 2 68 69 15.52338004118862 0.01242071157466602
1.75 2 69 70 14.88729414335685 0.01165438482536763
1.75 2 70 71 14.26772903070012 0.0152608894666188
1.75 2 71 72 13.66357251134053 0.02000512056798573
1.75 2 72 73 13.07452767454966 0.02528853526073221
1.75 2 73 74 12.50067995712693 0.02829828372428205
1.75 2 74 75 11.94226865282609 0.02887068440235582
1.75 2 75 76 11.39927271655077 0.02865760465031182
1.75 2 76 77 10.84770240375803 0.2707215055397654
1.75 2 77 78 10.3363894890696 0.2281796360535746
1.75 2 78 79 9.855594086568896 0.2605566903518007
1.75 2 79 80 9.375910343726627 0.2257597987741815
1.75 2 80 81 8.912123965704414 0.1989737000553108
1.75 2 81 82 8.464212210522028 0.1791409993799526
1.75 2 82 83 8.032112856466263 0.1652960971454316
1.75 2 83 84 7.615726950556496 0.1565627901492498
1.75 2 84 85 7.214921232036172 0.1521514994746656
1.75 2 85 86 6.829530548992384 0.1513547548194026
1.75 2 86 87 6.459360250771262 0.153541170027839
1.75 2 87 88 6.104188538824932 0.158148886181775
1.75 2 88 89 5.755269198267225 0.1212930660662058
1.75 2 89 90 5.430727974120821 0.1279614741138849
1.75 2 90 91 5.129339223016611 0.01061487883111877
1.75 2 91 92 4.830906094110786 0.00833576613798544
1.75 2 92 93 4.546035214941506 0.006235168513540313
1.75 2 93 94 4.27439270966131 0.004355427868508204
1.75 2 94 95 4.015631662057945 0.003073088613654079
1.75 2 95 96 3.769394103765002 0.002093083601370025
1.75 2 96 97 3.53531291768981 0.001947096956907925
1.75 2 97 98 3.3130136538249 0.001851978318970007
1.75 2 98 99 3.102116218521708 0.002862943232546848
1.75 2 99 100 2.902236661656108 0.003810535010766246
2 2.25 51 52 31.19674128912067 0.9374131623316269
2 2.25 52 53 29.9339763731482 0.8289412815315157
2 2.25 53 54 28.72085911296249 0.7255280965889508
2 2.25 54 55 27.55596542667473 0.6274771865946536
2 2.25 55 56 26.43767995499969 0.535795040909584
2 2.25 56 57 25.36391632018356 0.4538998706910368
2 2.25 57 58 24.33308311593046 0.3820985834238375
2 2.25 58 59 23.34375817097843 0.3196308016530729
2 2.25 59 60 22.39451845930512 0.2657578261381245
2 2.25 60 61 21.48394880040559 0.2197647289999909
2 2.25 61 62 20.61064929600437 0.1809619540390816
2 2.25 62 63 19.77322410824284 0.1485883376965372
2 2.25 63 64 18.96991241783525 0.1199810272133118
2 2.25 64 65 18.19908229718563 0.09299463975984369
2 2.25 65 66 17.45949080160987 0.06779940911724398
2 2.25 66 67 16.7493773665109 0.04718219178169867
2 2.25 67 68 16.06690185121757 0.03039936602687117
2 2.25 68 69 15.4090925028949 0.01632324979097051
2 2.25 69 70 14.77161597203212 0.008296107339497859
2 2.25 70 71 14.15112379540036 0.006991112263157884
2 2.25 71 72 13.54648299096983 0.01237704652388025
2 2.25 72 73 12.95737391810787 0.01844295431513506
2 2.25 73 74 12.38385022347412 0.02163770461839511
2 2.25 74 75 11.82611703523751 0.02250123558767586
2 2.25 75 76 11.28413106719981 0.02259571305518125
2 2.25 76 77 10.75798776502599 0.02253696995676571
2 2.25 77 78 10.23110591070894 0.2373751362423485
2 2.25 78 79 9.751940911410433 0.2674192991702131
2 2.25 79 80 9.273973096860857 0.2338020079152066
2 2.25 80 81 8.812104787026659 0.2077772712147451
2 2.25 81 82 8.366288232668683 0.1883444965019931
2 2.25 82 83 7.936437787236876 0.1745911898503419
2 2.25 83 84 7.522432574012281 0.1656890202803227
2 2.25 84 85 7.124118854158752 0.1608898348832567
2 2.25 85 86 6.741312387798249 0.1595210471855503
2 2.25 86 87 6.373800771436581 0.1609806672938778
2 2.25 87 88 6.011458675050321 0.1266158002791015
2 2.25 88 89 5.683962768670572 0.01235457168546858
2 2.25 89 90 5.360450546041069 0.0102041555432276
2 2.25 90 91 5.051136470392839 0.008048886079192283
2 2.25 91 92 4.75569937002758 0.006032383307746245
2 2.25 92 93 4.473807963919571 0.004204141942982802
2 2.25 93 94 4.205118777041402 0.002615686274872295
2 2.25 94 95 3.949276256959594 0.00178977367794884
2 2.25 95 96 3.705914711661521 0.001891505383903396
2 2.25 96 97 3.474660163484678 0.002612951289761405
2 2.25 97 98 3.255132116476121 0.003356275054917644
2 2.25 98 99 3.046945202271106 0.004177284741541652
2 2.25 99 100 2.849710904087809 0.004979159294158967
2.25 2.5 51 52 30.49240729426285 0.8761294813367098
2.25 2.5 52 53 29.24702286844159 0.7731579898693157
2.25 2.5 53 54 28.05169470116431 0.6750818404903484
2.25 2.5 54 55 26.9048567554683 0.5821817551962409
2.25 2.5 55 56 25.80477356985469 0.4954006816156636
2.25 2.5 56 57 24.74926015168438 0.4179529018150877
2.25 2.5 57 58 23.73663890687725 0.3501143109090192
2.25 2.5 58 59 22.76541386441909 0.2911546059550895
2.25 2.5 59 60 21.83409984421438 0.2403649703648758
2.25 2.5 60 61 20.94122964495946 0.1970599749982747
2.25 2.5 61 62 20.08536014433628 0.1605789810158663
2.25 2.5 62 63 19.26506019710794 0.1301957488752176
2.25 2.5 63 64 18.47854955129051 0.1034191241577455
2.25 2.5 64 65 17.72418023557077 0.07824992104609167
2.25 2.5 65 66 17.00069056970363 0.05485477692122356
2.25 2.5 66 67 16.30632504841989 0.03582466030574594
2.25 2.5 67 68 15.63925200995517 0.02054055923350416
2.25 2.5 68 69 14.99655479386419 0.01572968591362108
2.25 2.5 69 70 14.37399825413424 0.01595668424293374
2.25 2.5 70 71 13.76830252820988 0.01864138434593899
2.25 2.5 71 72 13.17833444183078 0.02221352467038547
2.25 2.5 72 73 12.60375308426919 0.02530553773587942
2.25 2.5 73 74 12.04458217447525 0.02745973054488264
2.25 2.5 74 75 11.50099680542377 0.02796986367195645
2.25 2.5 75 76 10.97292672267856 0.02777143103290942
2.25 2.5 76 77 10.46044209128613 0.02743432481897955
2.25 2.5 77 78 9.940628564593808 0.2077052417521872
2.25 2.5 78 79 9.460030394380809 0.1767461965368121
2.25 2.5 79 80 9.009131928522024 0.2108745375949758
2.25 2.5 80 81 8.559944803898862 0.1863121448687262
2.25 2.5 81 82 8.126450030646421 0.1679378575486313
2.25 2.5 82 83 7.708552918379191 0.1548819656560862
2.25 2.5 83 84 7.306125479999658 0.146359150046358
2.25 2.5 84 85 6.919008682693391 0.1416654121477031
2.25 2.5 85 86 6.547014692312839 0.1401727772727236
2.25 2.5 86 87 6.189929095710767 0.1413224369793168
2.25 2.5 87 88 5.838355646433248 0.1048430090260649
2.25 2.5 88 89 5.511565836722694 0.1094190785352658
2.25 2.5 89 90 5.210102800858953 0.01300764849334154
2.25 2.5 90 91 4.909526751612624 0.01083715051064458
2.25 2.5 91 92 4.622457543495642 0.00894783603161566
2.25 2.5 92 93 4.348568790228224 0.007495418170178348
2.25 2.5 93 94 4.087522750123231 0.006209194620306809
2.25 2.5 94 95 3.838970405472862 0.00510382847910987
2.25 2.5 95 96 3.602553311933816 0.004199785648541702
2.25 2.5 96 97 3.377905367723319 0.003523608054254718
2.25 2.5 97 98 3.16465450002108 0.003222355653229807
2.25 2.5 98 99 2.96242423780288 0.003025502418448593
2.25 2.5 99 100 2.770835345315852 0.002955192618619178
2.5 2.75 51 52 30.27616637073174 0.8296981397813999
2.5 2.75 52 53 29.02082173829142 0.7317537717248692
2.5 2.75 53 54 27.81763685528311 0.6385553631495059
2.5 2.75 54 55 26.66478442225862 0.5503600763052244
2.5 2.75 55 56 25.56029948958522 0.4680436042545792
2.5 2.75 56 57 24.50179884316481 0.3946039018824892
2.5 2.75 57 58 23.48742611243208 0.3302843008863887
2.5 2.75 58 59 22.51552576655219 0.2743866393490855
2.5 2.75 59 60 21.58447125121801 0.2262338480577205
2.5 2.75 60 61 20.69267009665492 0.185171727597165
2.5 2.75 61 62 19.83856816826837 0.1505702550350638
2.5 2.75 62 63 19.02063606510878 0.1217402037109261
2.5 2.75 63 64 18.23701285697511 0.09636571836425262
2.5 2.75 64 65 17.48597800328986 0.07258953278671035
2.5 2.75 65 66 16.76620065209522 0.05055310870073702
2.5 2.75 66 67 16.07587508514031 0.03463213730797516
2.5 2.75 67 68 15.41312076554748 0.02746351998292141
2.5 2.75 68 69 14.77500221042539 0.02398300595417699
2.5 2.75 69 70 14.15728736612739 0.02356892761466627
2.5 2.75 70 71 13.55669647293443 0.02472936223936817
2.5 2.75 71 72 12.97206948427068 0.02673388901364081
2.5 2.75 72 73 12.40303423673557 0.02861460863349307
2.5 2.75 73 74 11.84957780356137 0.02935625865857388
2.5 2.75 74 75 11.31184023822431 0.02896046303941512
2.5 2.75 75 76 10.7897230813726 0.0281843469281096
2.5 2.75 76 77 10.26116961582122 0.2218995726192387
2.5 2.75 77 78 9.770917849357929 0.1858189508197769
2.5 2.75 78 79 9.296465704102854 0.1566660156378232
2.5 2.75 79 80 8.851754376765424 0.1881356148079553
2.5 2.75 80 81 8.408653038227325 0.1649635150274417
2.5 2.75 81 82 7.981195435576765 0.1475698328256113
2.5 2.75 82 83 7.569269309964895 0.135132991787733
2.5 2.75 83 84 7.172730916600219 0.1269136660673939
2.5 2.75 84 85 6.791407180026159 0.1222525080143217
2.5 2.75 85 86 6.425097843422364 0.1205647487804075
2.5 2.75 86 87 6.073577597327693 0.1213324009044395
2.5 2.75 87 88 5.72745232885396 0.08853727465356616
2.5 2.75 88 89 5.405897968367817 0.09271584375705308
2.5 2.75 89 90 5.098358300704309 0.09791013298891735
2.5 2.75 90 91 4.812625164091708 0.01086892853835746
2.5 2.75 91 92 4.530444375167365 0.00942890927100359
2.5 2.75 92 93 4.261289439636794 0.008155315052280024
2.5 2.75 93 94 4.00481959271778 0.007058254828312692
2.5 2.75 94 95 3.760683697640827 0.006146833132343657
2.5 2.75 95 96 3.52852202314114 0.005427474572807303
2.5 2.75 96 97 3.30796794343626 0.0049486843405917
2.5 2.75 97 98 3.098649558135731 0.004630555760281051
2.5 2.75 98 99 2.900191205650089 0.004366260948044921
2.5 2.75 99 100 2.712215017635339 0.004300481993997959
2.75 3 51 52 29.61536576982994 0.7822702238001337
2.75 3 52 53 28.36217311828122 0.6892693034397491
2.75 3 53 54 27.16310624409442 0.600882599627887
2.75 3 54 55 26.01604994929971 0.5173415077254722
2.75 3 55 56 24.91878772277877 0.4394483058946194
2.75 3 56 57 23.86871956936912 0.3699651270756095
2.75 3 57 58 22.86379639599065 0.3090995701595823
2.75 3 58 59 21.90219246344448 0.2561881167693746
2.75 3 59 60 20.98213169574985 0.2105878161484222
2.75 3 60 61 20.10189035106624 0.1716779368747341
2.75 3 61 62 19.25979911290024 0.1388611626007627
2.75 3 62 63 18.45422786003825 0.1114881027873315
2.75 3 63 64 17.68323710618878 0.08743982357292758
2.75 3 64 65 16.94503641741132 0.06502147571161232
2.75 3 65 66 16.23822677540135 0.0477516423717402
2.75 3 66 67 15.56096153349576 0.03866984128889095
2.75 3 67 68 14.91132456749732 0.03323617725333465
2.75 3 68 69 14.28639650308633 0.03074972666632823
2.75 3 69 70 13.68201321176084 0.03037617670532252
2.75 3 70 71 13.09494739746167 0.03099183614959028
2.75 3 71 72 12.52402536018409 0.03221867225914634
2.75 3 72 73 11.96884122111413 0.03334612647431197
2.75 3 73 74 11.4293353857866 0.03355538770784559
2.75 3 74 75 10.90559921773902 0.03282955872465215
2.75 3 75 76 10.39749774187927 0.03178615706324558
2.75 3 76 77 9.881672063184478 0.1949463910199708
2.75 3 77 78 9.405395029230139 0.1610172327987405
2.75 3 78 79 8.944832740750606 0.1335850908317639
2.75 3 79 80 8.514194454369708 0.1566238986652026
2.75 3 80 81 8.084641972216023 0.1348901608434205
2.75 3 81 82 7.670534750838094 0.118523478896033
2.75 3 82 83 7.271734669603592 0.1067517327673469
2.75 3 83 84 6.888074891819148 0.09888088504842354
2.75 3 84 85 6.519361893386428 0.09429471634664449
2.75 3 85 86 6.16537748428734 0.09245062060339011
2.75 3 86 87 5.825880809475084 0.09287141221337443
2.75 3 87 88 5.500610316617088 0.09513568236165273
2.75 3 88 89 5.181068748310286 0.07145630448793951
2.75 3 89 90 4.884502157756199 0.07602750256368437
2.75 3 90 91 4.601257447343221 0.08120226824995039
2.75 3 91 92 4.338307886017706 0.01065846479192351
2.75 3 92 93 4.079149083445047 0.009342677899613181
2.75 3 93 94 3.832324251971599 0.008176932115482545
2.75 3 94 95 3.597481190915711 0.007163726070285073
2.75 3 95 96 3.37426043447789 0.006303963244248645
2.75 3 96 97 3.162296845357667 0.005596333709961684
2.75 3 97 98 2.961221131417483 0.00504233932252978
2.75 3 98 99 2.770661263839918 0.004681925639078077
2.75 3 99 100 2.590243915801746 0.004343827747625887
3 3.25 51 52 28.23031660148254 0.7382040956484462
3 3.25 52 53 27.00510148438551 0.6501284808563653
3 3.25 53 54 25.83511325322418 0.5665414158074323
3 3.25 54 55 24.71796404914909 0.4876460592196767
3 3.25 55 56 23.6512041079325 0.4141610473937598
3 3.25 56 57 22.63203955228096 0.3485770954251011
3 3.25 57 58 21.65824971041044 0.2910619060930397
3 3.25 58 59 20.72785955928464 0.2409931392925478
3 3.25 59 60 19.83896500697772 0.1977680750416476
3 3.25 60 61 18.98973289792198 0.1608051653145232
3 3.25 61 62 18.17840075243539 0.129545154945681
3 3.25 62 63 17.4032600900898 0.1033849297270172
3 3.25 63 64 16.66232258559894 0.08043585251480244
3 3.25 64 65 15.95375573133192 0.06537474801070135
3 3.25 65 66 15.27611321425039 0.0541315944180835
3 3.25 66 67 14.62754016013956 0.04654713992182145
3 3.25 67 68 14.00612151170274 0.04196829529972898
3 3.25 68 69 13.40901952434276 0.03961426971070389
3 3.25 69 70 12.83224152215263 0.03876561981608603
3 3.25 70 71 12.27269325172258 0.03862687647865681
3 3.25 71 72 11.72921192977332 0.03897628229885257
3 3.25 72 73 11.20136118149069 0.03929000200829775
3 3.25 73 74 10.68902830914439 0.03893044237206587
3 3.25 74 75 10.19224515384938 0.03785719642312787
3 3.25 75 76 9.710836311035735 0.03653204528126196
3 3.25 76 77 9.220122500451261 0.1560794491267084
3 3.25 77 78 8.769852336430283 0.1245885940580691
3 3.25 78 79 8.349629778996047 0.1365773275114857
3 3.25 79 80 7.929727179709044 0.1108721263853646
3 3.25 80 81 7.524900917846322 0.09089871190304878
3 3.25 81 82 7.135009431414858 0.07586103347127481
3 3.25 82 83 6.75988426098279 0.06502436567998011
3 3.25 83 84 6.399332091780069 0.05772057179581766
3 3.25 84 85 6.053136607870506 0.05336004771412665
3 3.25 85 86 5.721060336137583 0.05144048071802283
3 3.25 86 87 5.40284646867968 0.05154132073331683
3 3.25 87 88 5.098220652409358 0.05330440035186183
3 3.25 88 89 4.806892742359818 0.05641301292130171
3 3.25 89 90 4.52855851491117 0.06057978592444453
3 3.25 90 91 4.262895583257501 0.06547626658146372
3 3.25 91 92 4.004014091245055 0.05244712947717574
3 3.25 92 93 3.76352437068266 0.05711473692382549
3 3.25 93 94 3.540602867477482 0.009974360659712739
3 3.25 94 95 3.321803150598041 0.008860990302267224
3 3.25 95 96 3.113980966713897 0.007871363259871381
3 3.25 96 97 2.91677877238683 0.007001279498321589
3 3.25 97 98 2.729836362959137 0.006245373238495899
3 3.25 98 99 2.552792150677613 0.00559714880019063
3 3.25 99 100 2.385284441940083 0.005048971621742816
3.25 3.5 51 52 25.71470086615174 0.1002503749052998
3.25 3.5 52 53 24.52678632728567 0.4920110698656388
3.25 3.5 53 54 23.45899278325044 0.5318242161270668
3.25 3.5 54 55 22.41540773754306 0.4581369377719286
3.25 3.5 55 56 21.42088072116387 0.3895842645173633
3.25 3.5 56 57 20.47252270167824 0.328328599787831
3.25 3.5 57 58 19.56802610401178 0.2744911049267814
3.25 3.5 58 59 18.70534427837297 0.2275009682142122
3.25 3.5 59 60 17.88251961335916 0.1868054968006985
3.25 3.5 60 61 17.0976809274563 0.1518715864901281
3.25 3.5 61 62 16.34904091907903 0.1221868070144711
3.25 3.5 62 63 15.63487869937419 0.09720438941807504
3.25 3.5 63 64 14.95323256589288 0.07530843867658102
3.25 3.5 64 65 14.30229766040362 0.0570401538321022
3.25 3.5 65 66 13.68063614642958 0.04543621404513713
3.25 3.5 66 67 13.08645627429646 0.03740527834436482
3.25 3.5 67 68 12.5179190917247 0.03257580075090003
3.25 3.5 68 69 11.97238127352017 0.03033039006702228
3.25 3.5 69 70 11.44618478756246 0.02990869819113219
3.25 3.5 70 71 10.93649642477441 0.03035758362243139
3.25 3.5 71 72 10.44221210142883 0.03132683328129441
3.25 3.5 72 73 9.962881521304805 0.03222199904888409
3.25 3.5 73 74 9.49834125778764 0.03241174171278804
3.25 3.5 74 75 9.048559156792486 0.03186481233563766
3.25 3.5 75 76 8.588188908951679 0.1445725320684105
3.25 3.5 76 77 8.167609568974674 0.1094158274390791
3.25 3.5 77 78 7.776213140968318 0.109099568958133
3.25 3.5 78 79 7.384466734358343 0.08020495757125536
3.25 3.5 79 80 7.00690955664396 0.0573539272446436
3.25 3.5 80 81 6.643389715338399 0.03987201346384799
3.25 3.5 81 82 6.29373228347256 0.02720436022434829
3.25 3.5 82 83 5.957740788701976 0.01888372705371568
3.25 3.5 83 84 5.635198978936121 0.0142869609467705
3.25 3.5 84 85 5.325872430766998 0.01222380537454162
3.25 3.5 85 86 5.029510143891304 0.01124986504810523
3.25 3.5 86 87 4.745846112032048 0.01056190881946588
3.25 3.5 87 88 4.474600861481658 0.01022028986263743
3.25 3.5 88 89 4.215482954393872 0.01083957746300255
3.25 3.5 89 90 3.968190453939383 0.0128381939899277
3.25 3.5 90 91 3.732407624414517 0.01614645383412295
3.25 3.5 91 92 3.507797863765862 0.02017235981989754
3.25 3.5 92 93 3.294034050550135 0.02452146900320009
3.25 3.5 93 94 3.090788792410647 0.02896234701489612
3.25 3.5 94 95 2.897730683634028 0.03334004259152811
3.25 3.5 95 96 2.711310200519747 0.02877043038060283
3.25 3.5 96 97 2.538141422771416 0.03242184347002323
3.25 3.5 97 98 2.377675385074597 0.004215662367197587
3.25 3.5 98 99 2.221754382869562 0.003427653494824804
3.25 3.5 99 100 2.07437139517536 0.0027299879455462
3.5 3.75 51 52 21.73350733268329 0.05808435919763472
3.5 3.75 52 53 20.72800932309314 0.05389229574733688
3.5 3.75 53 54 19.77194347136673 0.04947837232833674
3.5 3.75 54 55 18.86279935503159 0.04489671922593564
3.5 3.75 55 56 17.98994057142541 0.3686746861204321
3.5 3.75 56 57 17.1681247329938 0.3124945338863936
3.5 3.75 57 58 16.38587358837838 0.2629190135990487
3.5 3.75 58 59 15.64121884781826 0.219444667603221
3.5 3.75 59 60 14.93229061492418 0.1815838488243157
3.5 3.75 60 61 14.25731271483282 0.1488660870715126
3.5 3.75 61 62 13.61459836124598 0.1208391237994867
3.5 3.75 62 63 13.00253313615057 0.09702696945920128
3.5 3.75 63 64 12.41931005372248 0.07613740244179894
3.5 3.75 64 65 11.86326958465354 0.05713505627819034
3.5 3.75 65 66 11.33307932961331 0.04000449015087506
3.5 3.75 66 67 10.82712372195023 0.02579822917414842
3.5 3.75 67 68 10.34375522014825 0.01418889286032017
3.5 3.75 68 69 9.880681450454404 0.006158240897093679
3.5 3.75 69 70 9.434791182407613 0.007306936465599317
3.5 3.75 70 71 9.003678155739131 0.01129425708242775
3.5 3.75 71 72 8.586367102271931 0.01632357053684236
3.5 3.75 72 73 8.182426408650405 0.02037764806664284
3.5 3.75 73 74 7.791658210843046 0.0229349753543911
3.5 3.75 74 75 7.413974405035461 0.0242509300637099
3.5 3.75 75 76 7.027247868031743 0.09995429937299163
3.5 3.75 76 77 6.687142795620204 0.08740008911404851
3.5 3.75 77 78 6.347814165037867 0.05627465080277044
3.5 3.75 78 79 6.021022599308075 0.03125338734380986
3.5 3.75 79 80 5.706606242286439 0.01275757982531327
3.5 3.75 80 81 5.404385436049397 0.01038882567973496
3.5 3.75 81 82 5.124944280876234 0.05189518081353255
3.5 3.75 82 83 4.796196905874063 0.04012639173982577
3.5 3.75 83 84 4.47907662102118 0.06580208192976764
3.5 3.75 84 85 4.33532731903871 0.03669077828735822
3.5 3.75 85 86 4.104541156748478 0.04080631926028017
3.5 3.75 86 87 3.878470252267569 0.04581100673008474
3.5 3.75 87 88 3.612111607160669 0.03852900093270385
3.5 3.75 88 89 3.399293738338484 0.03629404437398824
3.5 3.75 89 90 3.196471499525914 0.03326096521077004
3.5 3.75 90 91 3.015568414116498 0.03431989326904374
3.5 3.75 91 92 2.84498970126418 0.02747150194587714
3.5 3.75 92 93 2.66161814378799 0.02245937028693018
3.5 3.75 93 94 2.470486710267843 0.03239274208264506
3.5 3.75 94 95 2.294116600830765 0.01685093029570481
3.5 3.75 95 96 2.167235920248961 0.01054814388650848
3.5 3.75 96 97 2.026076479114708 0.02029595328800013
3.5 3.75 97 98 1.898243862809255 0.004800261208499044
3.5 3.75 98 99 1.772068868270142 0.004058466349173254
3.5 3.75 99 100 1.652938257692728 0.005115290273021472
3.75 4 51 52 16.31977358473395 0.09467071543425476
3.75 4 52 53 15.53595586152881 0.09226525663294248
3.75 4 53 54 14.7925474575243 0.08970126619122418
3.75 4 54 55 14.08734046987205 0.08703860447931956
3.75 4 55 56 13.4182009869978 0.08437059158296133
3.75 4 56 57 12.78295128268775 0.08187082083019748
3.75 4 57 58 12.17972060234649 0.07954700742227264
3.75 4 58 59 11.58989699202877 0.1921315957544841
3.75 4 59 60 11.05648323186185 0.1786678137593134
3.75 4 60 61 10.53971989766347 0.1489014654907845
3.75 4 61 62 10.04861692334589 0.1236686794292744
3.75 4 62 63 9.581825574584483 0.1077706818919608
3.75 4 63 64 9.137858509684845 0.09446136302428369
3.75 4 64 65 8.715352537715061 0.08328349299491358
3.75 4 65 66 8.313207690573224 0.07423154490551211
3.75 4 66 67 7.930123294752336 0.06748548398399351
3.75 4 67 68 7.564781323718311 0.06261355845205092
3.75 4 68 69 7.21548173566228 0.014365308183314
3.75 4 69 70 6.879720527664034 0.006729045679016073
3.75 4 70 71 6.555765700779331 0.002297600423507904
3.75 4 71 72 6.242850519241697 0.005845827453499767
3.75 4 72 73 5.940607754383135 0.009873862169785256
3.75 4 73 74 5.648837072147573 0.01281453961067079
3.75 4 74 75 5.36741895799759 0.01477283024876284
3.75 4 75 76 5.096139007427409 0.01610886364276674
3.75 4 76 77 4.819474573802616 0.05461947742417422
3.75 4 77 78 4.575209749403105 0.03932761985236373
3.75 4 78 79 4.333487608395536 0.01774581771680401
3.75 4 79 80 4.101404626567495 0.004792260101504161
3.75 4 80 81 3.872540046723301 0.02004533966694131
3.75 4 81 82 3.68217240775849 0.02538687792877622
3.75 4 82 83 3.461121673171204 0.03450376527543646
3.75 4 83 84 3.265683561752197 0.04048501754115109
3.75 4 84 85 3.085845184726879 0.01504966214651976
3.75 4 85 86 2.907092979068382 0.01413561380887535
3.75 4 86 87 2.736516306763541 0.01317042928979201
3.75 4 87 88 2.573895809956457 0.01217989703664737
3.75 4 88 89 2.419007360426619 0.01118518849459004
3.75 4 89 90 2.271622951984671 0.01020339724657224
3.75 4 90 91 2.131511079666993 0.009250538682673459
3.75 4 91 92 1.99843671154791 0.008346088010102483
3.75 4 92 93 1.872165027034363 0.007497871753187167
3.75 4 93 94 1.75246103441803 0.006708953544281512
3.75 4 94 95 1.639089773818468 0.005980715095968099
3.75 4 95 96 1.531816987846013 0.005313163568835862
3.75 4 96 97 1.43040975132719 0.004705204721205429
3.75 4 97 98 1.334637059660722 0.004154883449363013
3.75 4 98 99 1.244270377894196 0.003659592505334262
3.75 4 99 100 1.159084136412603 0.003216257111686211
4 5 51 52 13.71750229111935 0.08257153293453416
4 5 52 53 12.99420388017536 0.08002990470711921
4 5 53 54 12.31159744854988 0.07675628636908015
4 5 54 55 11.66723710008968 0.07289530017013038
4 5 55 56 11.05876319958857 0.06871091713917835
4 5 56 57 10.48372900182527 0.06486243865531192
4 5 57 58 9.940114570690682 0.06146871094023294
4 5 58 59 9.426122699230332 0.05847040123525714
4 5 59 60 8.940063747232832 0.05580943775788358
4 5 60 61 8.480254591839595 0.05325072619172507
4 5 61 62 8.04507194735748 0.05051753888133223
4 5 62 63 7.633142997889808 0.0476531750299723
4 5 63 64 7.243088226090208 0.04489475311219056
4 5 64 65 6.873614501993146 0.04239044483932378
4 5 65 66 6.523496414577088 0.03993406142659699
4 5 66 67 6.191545052106735 0.03758240329142867
4 5 67 68 5.876503137003487 0.03531214632353027
4 5 68 69 5.576806682892673 0.03313692875355387
4 5 69 70 5.290474016018292 0.03105574261528673
4 5 70 71 5.01597769502207 0.02907284300052676
4 5 71 72 4.754926224815214 0.03045423002234127
4 5 72 73 4.501852139534516 0.02730274511890334
4 5 73 74 4.259203315428575 0.02474221615978926
4 5 74 75 4.026700393161371 0.02259080026422238
4 5 75 76 3.804093168144912 0.02077834515511008
4 5 76 77 3.59113822346727 0.01923576336547983
4 5 77 78 3.387584480924665 0.01794603508320419
4 5 78 79 3.193162841456202 0.01673818820339468
4 5 79 80 3.007624723439795 0.01559787464359419
4 5 80 81 2.830721746601935 0.01452391012644716
4 5 81 82 2.662200673989178 0.01351597065399215
4 5 82 83 2.501798130420095 0.01258024092574567
4 5 83 84 2.349254220396376 0.01171537752796635
4 5 84 85 2.204311551255439 0.01091613064091206
4 5 85 86 2.066817786180625 0.01017163920232866
4 5 86 87 1.936200037284128 0.009494299753155624
4 5 87 88 1.821282498468131 0.005840374576957854
4 5 88 89 1.70370606857797 0.0005871321228951417
4 5 89 90 1.592534636033895 0.003472239348268983
4 5 90 91 1.487497270640935 0.006385758822558643
4 5 91 92 1.384162487328383 0.003199584761130285
4 5 92 93 1.290663539692875 0.00302435128869254
4 5 93 94 1.202524087840984 0.002860299266501735
4 5 94 95 1.115802279225535 0.002830833263932727
4 5 95 96 1.033275123586325 0.002877625784149108
4 5 96 97 0.9679546050707268 0.002416413751619978
4 5 97 98 0.8989701821051754 0.002279876921146316
4 5 98 99 0.8332845687084056 0.00133389500393616
4 5 99 100 0.772647728718668 0.001277601834680443
-5 5 51 100 19630.00302891186 11.00049583298536
