#ylo yhi qTlo qThi PDF0  uncertainty
-5 -4 51 52 16.01582986940426 0.07363750840651917
-5 -4 52 53 15.09724354766924 0.07195421790398973
-5 -4 53 54 14.22664769582667 0.06930755818283561
-5 -4 54 55 13.40134798087086 0.06589965365275711
-5 -4 55 56 12.61872892298475 0.06205105828642652
-5 -4 56 57 11.87603601661087 0.05844439012345678
-5 -4 57 58 11.17103800537244 0.05518708568773039
-5 -4 58 59 10.50176290499226 0.0522067978356513
-5 -4 59 60 9.866351611246035 0.04943561048449172
-5 -4 60 61 9.263926944811672 0.04667479375314805
-5 -4 61 62 8.689696904286924 0.04373265377074412
-5 -4 62 63 8.144387516416344 0.04059794322352638
-5 -4 63 64 7.627691836636886 0.03775267970282715
-5 -4 64 65 7.135913091714602 0.03521919219653556
-5 -4 65 66 6.682351731266688 0.01472645160633991
-5 -4 66 67 6.236697703221948 0.0145576859498925
-5 -4 67 68 5.814051450792542 0.01441761459778577
-5 -4 68 69 5.405537899914241 0.0089571024342056
-5 -4 69 70 5.01842712920191 0.008098696799413711
-5 -4 70 71 4.651416372597131 0.008294603489685968
-5 -4 71 72 4.30031832002271 0.009741199419992231
-5 -4 72 73 3.968337972479183 0.01367192126123464
-5 -4 73 74 3.647072504211033 0.01341943261769932
-5 -4 74 75 3.331298089085811 0.01718533521721317
-5 -4 75 76 3.040471148710192 0.01610045171697211
-5 -4 76 77 2.751807903989501 0.02686543470634652
-5 -4 77 78 2.48252236891695 0.05186657213196753
-5 -4 78 79 2.23577876439036 0.04637418230707904
-5 -4 79 80 2.002694286172787 0.04217640291563324
-5 -4 80 81 1.782940198248289 0.03960403090529768
-5 -4 81 82 1.576169436698555 0.03881182083762767
-5 -4 82 83 1.382008860540219 0.03965188978559528
-5 -4 83 84 1.200083988010609 0.04253965582552628
-5 -4 84 85 1.030016266961911 0.04540999583922011
-5 -4 85 86 0.8791667221959276 0.01210511500987772
-5 -4 86 87 0.3839751397203957 0.01546777036770208
-5 -4 87 88 0.5944910801539942 0.01646136829120566
-5 -4 88 89 0.4677930535044776 0.01927108049262352
-5 -4 89 90 0.3509668614338164 0.02166775394649677
-5 -4 90 91 0.2435920844975357 0.02362182158080639
-5 -4 91 92 0.1211366691913263 0.02594635219548966
-5 -4 92 93 0.03022843868091485 0.01176848964801358
-5 -4 93 94 -0.01030680235094472 0.03578056172374824
-5 -4 94 95 -0.07860935886701359 0.04174052008123401
-5 -4 95 96 -0.1194402347565982 0.0276014756550453
-5 -4 96 97 -0.1800198974341907 0.03669761690947449
-5 -4 97 98 -0.2342456016571042 0.04877363002667248
-5 -4 98 99 -0.3250020121176549 0.02603182747815877
-5 -4 99 100 -0.3657998718718849 0.02517773167131009
-4 -3.75 51 52 21.37863391517159 0.1624231700274874
-4 -3.75 52 53 20.36582760470221 0.1608680472654305
-4 -3.75 53 54 19.40109498476366 0.1590726283293534
-4 -3.75 54 55 18.48256272782295 0.03913189358701295
-4 -3.75 55 56 17.60650248032481 0.03531225387118066
-4 -3.75 56 57 16.77105161563735 0.03197373621601485
-4 -3.75 57 58 15.97408902083344 0.02927368979089056
-4 -3.75 58 59 15.21370846949518 0.02711326303740525
-4 -3.75 59 60 14.4881042730214 0.02539430897085206
-4 -3.75 60 61 13.79544880688467 0.02372674968571474
-4 -3.75 61 62 13.13395855873168 0.02166669496941764
-4 -3.75 62 63 12.48487831306788 0.1450132650569717
-4 -3.75 63 64 11.8831351265432 0.1155160062057206
-4 -3.75 64 65 11.31431432215797 0.1070790404717471
-4 -3.75 65 66 10.76325043626863 0.07997124951248136
-4 -3.75 66 67 10.23595683432615 0.05711753738051512
-4 -3.75 67 68 9.730885435547677 0.0381054052262754
-4 -3.75 68 69 9.245916252015817 0.0224847772179755
-4 -3.75 69 70 8.778202382256421 0.01040768685360638
-4 -3.75 70 71 8.325618933855912 0.005660277491122186
-4 -3.75 71 72 7.887380720386563 0.01097486720558162
-4 -3.75 72 73 7.463210004337498 0.01646929392438122
-4 -3.75 73 74 7.053025425410096 0.02032248175238007
-4 -3.75 74 75 6.6405013241416 0.04055652863991348
-4 -3.75 75 76 6.251515245395513 0.006077752911174313
-4 -3.75 76 77 5.883054060220695 0.0319504722657455
-4 -3.75 77 78 5.551817520978462 0.02285486803692875
-4 -3.75 78 79 5.211002847837707 0.02188684383990702
-4 -3.75 79 80 4.883129731666248 0.02083006679196122
-4 -3.75 80 81 4.569348186324611 0.0189285769972344
-4 -3.75 81 82 4.268029142700902 0.001625494574058584
-4 -3.75 82 83 3.980662452393401 0.001030323648543207
-4 -3.75 83 84 3.706320181815129 0.001770330199531155
-4 -3.75 84 85 3.444782576381199 0.002952210924624026
-4 -3.75 85 86 3.195809606710566 0.004156539797591218
-4 -3.75 86 87 2.953945226697841 0.01071555004210807
-4 -3.75 87 88 2.729171963302297 0.00445903479198979
-4 -3.75 88 89 2.521349329524101 0.01693288465117229
-4 -3.75 89 90 2.312884120546612 0.01218863134086953
-4 -3.75 90 91 2.121786549287847 0.01908749107317868
-4 -3.75 91 92 1.953988124334086 0.01542678317639165
-4 -3.75 92 93 1.785980841843731 0.01002242188560874
-4 -3.75 93 94 1.633365992314279 0.0171269380459019
-4 -3.75 94 95 1.479422452498547 0.01659878553546075
-4 -3.75 95 96 1.33332448268071 0.01205542280976077
-4 -3.75 96 97 1.202529695463269 0.01226893523539203
-4 -3.75 97 98 1.080451723291953 0.01233585114754307
-4 -3.75 98 99 0.9667329493409098 0.01226832796686152
-4 -3.75 99 100 0.8610159274792011 0.01208084361726891
-3.75 -3.5 51 52 29.83293872946327 0.05994125588998876
-3.75 -3.5 52 53 28.50750508848106 0.05789030970636085
-3.75 -3.5 53 54 27.24194771762091 0.0544890713780808
-3.75 -3.5 54 55 26.03334131270995 0.0499791410849314
-3.75 -3.5 55 56 24.87881881187121 0.04485811679074644
-3.75 -3.5 56 57 23.77535998011361 0.04046037827333773
-3.75 -3.5 57 58 22.72043356946272 0.0370206931659219
-3.75 -3.5 58 59 21.71175703740202 0.0344041430882274
-3.75 -3.5 59 60 20.71930566375671 0.2944811489651611
-3.75 -3.5 60 61 19.81382227140402 0.3032682785421588
-3.75 -3.5 61 62 18.93153654800811 0.2503574756771056
-3.75 -3.5 62 63 18.0872976697049 0.204358489192178
-3.75 -3.5 63 64 17.278947150997 0.1636702196039999
-3.75 -3.5 64 65 16.50451316686183 0.1270247434841846
-3.75 -3.5 65 66 15.76247770016461 0.09438635829099312
-3.75 -3.5 66 67 15.05090476441229 0.06691984704521504
-3.75 -3.5 67 68 14.36778523596091 0.04417669512439362
-3.75 -3.5 68 69 13.71021556742999 0.02947808424324518
-3.75 -3.5 69 70 13.0741571680618 0.02812877412474873
-3.75 -3.5 70 71 12.45657087829998 0.03157819339442043
-3.75 -3.5 71 72 11.85639251899538 0.03662662729553337
-3.75 -3.5 72 73 11.273306837299 0.04143568994273149
-3.75 -3.5 73 74 10.70730322525627 0.04509541924459814
-3.75 -3.5 74 75 10.15851242021093 0.04751862177485346
-3.75 -3.5 75 76 9.593357136396863 0.07212123139507681
-3.75 -3.5 76 77 9.089583415790219 0.04014848568446299
-3.75 -3.5 77 78 8.592832506959866 0.04251405530211645
-3.75 -3.5 78 79 7.991627216238674 0.0759130572155257
-3.75 -3.5 79 80 7.681284641147465 0.06876154562956892
-3.75 -3.5 80 81 7.236960858503759 0.03642385547233871
-3.75 -3.5 81 82 6.799652010768789 0.02826678910775697
-3.75 -3.5 82 83 6.388371188887277 0.025650097847037
-3.75 -3.5 83 84 5.99387625071462 0.0228138589563646
-3.75 -3.5 84 85 5.615985164744981 0.01987453947091379
-3.75 -3.5 85 86 5.254484390983612 0.01693613654867572
-3.75 -3.5 86 87 4.909511413057926 0.01406130228634239
-3.75 -3.5 87 88 4.579652680257372 0.01144031672624964
-3.75 -3.5 88 89 4.264131682561443 0.00905841036187049
-3.75 -3.5 89 90 3.967114331947452 0.007137724598904821
-3.75 -3.5 90 91 3.683391217177769 0.00579685268311987
-3.75 -3.5 91 92 3.414220358251594 0.005217490004744328
-3.75 -3.5 92 93 3.159223500462581 0.005417298778581338
-3.75 -3.5 93 94 2.912748416365373 0.005969669694744242
-3.75 -3.5 94 95 2.689763993252982 0.006309997338621796
-3.75 -3.5 95 96 2.475012939724478 0.006701048764961328
-3.75 -3.5 96 97 2.272943819721982 0.007873151384603932
-3.75 -3.5 97 98 2.082698945795209 0.008320131428966713
-3.75 -3.5 98 99 1.904116531363066 0.008624176006337471
-3.75 -3.5 99 100 1.736754497763875 0.00878895806549323
-3.5 -3.25 51 52 36.81129134661515 0.1164817769749567
-3.5 -3.25 52 53 35.26615750940358 0.1093516859059494
-3.5 -3.25 53 54 33.78764346774791 0.1018726139207975
-3.5 -3.25 54 55 32.37270574195257 0.09411769000097205
-3.5 -3.25 55 56 31.01833140261102 0.08634130812619385
-3.5 -3.25 56 57 29.72129963229428 0.07925340958819457
-3.5 -3.25 57 58 28.44275757767935 0.4611278531205822
-3.5 -3.25 58 59 27.27725177574411 0.4888336810038754
-3.5 -3.25 59 60 26.13753245231082 0.4123070638308515
-3.5 -3.25 60 61 25.04524943908132 0.3448507865446652
-3.5 -3.25 61 62 23.99832152164468 0.2858606737068139
-3.5 -3.25 62 63 22.9947400535598 0.2346569982707234
-3.5 -3.25 63 64 22.0320924822937 0.1891465836267227
-3.5 -3.25 64 65 21.10817376744471 0.1476644520107892
-3.5 -3.25 65 66 20.22131967042046 0.1102726425862117
-3.5 -3.25 66 67 19.3693112174135 0.07880303793178915
-3.5 -3.25 67 68 18.54981899912045 0.05274313632431903
-3.5 -3.25 68 69 17.75931225706605 0.03162543568984691
-3.5 -3.25 69 70 16.99273523700052 0.01724985261301658
-3.5 -3.25 70 71 16.24625754321566 0.01960760164038041
-3.5 -3.25 71 72 15.51859207421795 0.02606227694459153
-3.5 -3.25 72 73 14.80941702370714 0.03225365066550828
-3.5 -3.25 73 74 14.11881674444859 0.03703533258332191
-3.5 -3.25 74 75 13.4470637860937 0.04040029555014756
-3.5 -3.25 75 76 12.754205264141 0.1494439229279718
-3.5 -3.25 76 77 12.11981172773282 0.09009813735697438
-3.5 -3.25 77 78 11.50538722455271 0.04347175134314238
-3.5 -3.25 78 79 10.92631067884477 0.05881594878387493
-3.5 -3.25 79 80 10.35150817250987 0.04685277020593824
-3.5 -3.25 80 81 9.745358957088493 0.03098950438682345
-3.5 -3.25 81 82 9.200211762235091 0.1070025863753047
-3.5 -3.25 82 83 8.744658725191986 0.0692515306517649
-3.5 -3.25 83 84 8.248000835011215 0.07257006986697996
-3.5 -3.25 84 85 7.770606989719211 0.07199752108471763
-3.5 -3.25 85 86 7.31229126994158 0.06822638128136362
-3.5 -3.25 86 87 6.872832765209163 0.06196789196868222
-3.5 -3.25 87 88 6.451977664087703 0.05447154957331245
-3.5 -3.25 88 89 6.046037800840201 0.04454477850709712
-3.5 -3.25 89 90 5.663184575468306 0.03177674828386289
-3.5 -3.25 90 91 5.259316151473238 0.01262629948145639
-3.5 -3.25 91 92 4.949212435643577 0.009263399841663234
-3.5 -3.25 92 93 4.617533009427703 0.002304190777366108
-3.5 -3.25 93 94 4.302210302812945 0.01212369113085346
-3.5 -3.25 94 95 4.00270579203654 0.021884198112013
-3.5 -3.25 95 96 3.718573291754084 0.004032612429850137
-3.5 -3.25 96 97 3.448445341927554 0.004548609586843112
-3.5 -3.25 97 98 3.19311900456946 0.005292024057347314
-3.5 -3.25 98 99 2.952118395025105 0.005937137947122488
-3.5 -3.25 99 100 2.724959272552923 0.006444355111894319
-3.25 -3 51 52 41.88508610719897 0.1397725456051208
-3.25 -3 52 53 40.20671179382722 0.1329803041296981
-3.25 -3 53 54 38.59764979043291 0.1257762430730565
-3.25 -3 54 55 37.05495288291009 0.1182675927927904
-3.25 -3 55 56 35.52789273139645 0.6876664148775182
-3.25 -3 56 57 34.1136368834257 0.5940088226384515
-3.25 -3 57 58 32.78306050864455 0.6405040960167165
-3.25 -3 58 59 31.47740825086255 0.5465186078086842
-3.25 -3 59 60 30.22423318190857 0.4630566917151841
-3.25 -3 60 61 29.02134498561416 0.3894821252383368
-3.25 -3 61 62 27.86664416775793 0.3251505938649867
-3.25 -3 62 63 26.7580927000665 0.2693217192998295
-3.25 -3 63 64 25.69316968857796 0.2194663073740936
-3.25 -3 64 65 24.66957018250126 0.1735574774809631
-3.25 -3 65 66 23.68558921369821 0.1317296069926238
-3.25 -3 66 67 22.73885404098498 0.09640268017117182
-3.25 -3 67 68 21.82684924034563 0.06693366530034191
-3.25 -3 68 69 20.94560584262656 0.05246111022534301
-3.25 -3 69 70 20.08931258043892 0.04530935251472856
-3.25 -3 70 71 19.25354523230857 0.04337419408882855
-3.25 -3 71 72 18.43686497680897 0.04484591464820925
-3.25 -3 72 73 17.63896552871397 0.04763871063112035
-3.25 -3 73 74 16.86002857053312 0.04977167772066202
-3.25 -3 74 75 16.10046103557979 0.05062937648235319
-3.25 -3 75 76 15.36035760637912 0.05068521414374742
-3.25 -3 76 77 14.59820322913259 0.1683928150951892
-3.25 -3 77 78 13.89772463691809 0.1104422987182972
-3.25 -3 78 79 13.2182089851983 0.06502321076347972
-3.25 -3 79 80 12.57707016474296 0.09616639698136503
-3.25 -3 80 81 11.93948740796508 0.07240592846811819
-3.25 -3 81 82 11.32276782387225 0.06139028283483346
-3.25 -3 82 83 10.78378947506102 0.1505356474986284
-3.25 -3 83 84 10.14158340837922 0.07654940807313268
-3.25 -3 84 85 9.55388711590961 0.04376960351546193
-3.25 -3 85 86 9.014897996547967 0.03830484071187173
-3.25 -3 86 87 8.519297712654302 0.04602510227593051
-3.25 -3 87 88 8.062236249081387 0.07262389740275492
-3.25 -3 88 89 7.560210643212515 0.07306070846398327
-3.25 -3 89 90 7.128460222434433 0.01107436686191162
-3.25 -3 90 91 6.696782472878074 0.007043820433983205
-3.25 -3 91 92 6.284106999574412 0.01617460658586671
-3.25 -3 92 93 5.890050262357327 0.02742447224046313
-3.25 -3 93 94 5.514223626579522 0.0385948387932708
-3.25 -3 94 95 5.158908549914306 0.003836705060127256
-3.25 -3 95 96 4.816565876754197 0.002851601370036604
-3.25 -3 96 97 4.491411399388046 0.003473742496994834
-3.25 -3 97 98 4.182975462442691 0.004157267451771585
-3.25 -3 98 99 3.890422913974511 0.0028893935797107
-3.25 -3 99 100 3.613903705556752 0.003754105534635575
-3 -2.75 51 52 45.25493156819714 0.1194400113342485
-3 -2.75 52 53 43.50571758789444 0.1142788450243312
-3 -2.75 53 54 41.82600098694117 0.108336500840563
-3 -2.75 54 55 40.21303999127443 0.1017734821155705
-3 -2.75 55 56 38.61293168172432 0.7469175048401737
-3 -2.75 56 57 37.16291859577152 0.8198073729120713
-3 -2.75 57 58 35.73425385649688 0.7066954823961239
-3 -2.75 58 59 34.36123142566383 0.6054858128016504
-3 -2.75 59 60 33.04165490059644 0.5155279370342273
-3 -2.75 60 61 31.77340626470321 0.4361579169225336
-3 -2.75 61 62 30.55444503576487 0.366701998463504
-3 -2.75 62 63 29.38277857255738 0.3063721967452791
-3 -2.75 63 64 28.25587120620606 0.252260972920555
-3 -2.75 64 65 27.17140383905641 0.2020187703113295
-3 -2.75 65 66 26.12769336443998 0.1558294007998708
-3 -2.75 66 67 25.1223036446799 0.1166224000696209
-3 -2.75 67 68 24.15263229412356 0.08362279997291934
-3 -2.75 68 69 23.2144347501896 0.05568701985939764
-3 -2.75 69 70 22.30139248861553 0.04217162692723033
-3 -2.75 70 71 21.40867961539728 0.03774850783871753
-3 -2.75 71 72 20.53476803327132 0.03859737889008998
-3 -2.75 72 73 19.67937834223388 0.04208498412452135
-3 -2.75 73 74 18.84277843936272 0.04524629611406823
-3 -2.75 74 75 18.02548705757535 0.04702775085091977
-3 -2.75 75 76 17.22767170944714 0.04792983024768045
-3 -2.75 76 77 16.40947338699442 0.2444663645863816
-3 -2.75 77 78 15.65100771247843 0.1762543338165192
-3 -2.75 78 79 14.91385047363233 0.1213156019126819
-3 -2.75 79 80 14.21719507072517 0.1569445840818045
-3 -2.75 80 81 13.52330491853697 0.1190470479155279
-3 -2.75 81 82 12.85087223833533 0.09327785730898405
-3 -2.75 82 83 12.2000027177179 0.07742455420651176
-3 -2.75 83 84 11.57074755273776 0.0685854078182082
-3 -2.75 84 85 10.96310556932509 0.06393152075644284
-3 -2.75 85 86 10.3770254272387 0.06162727380588989
-3 -2.75 86 87 9.812407899135996 0.06109762186004267
-3 -2.75 87 88 9.269108217269959 0.06261482237124785
-3 -2.75 88 89 8.737876366130157 0.01209209601368776
-3 -2.75 89 90 8.238480685978166 0.01896858483415054
-3 -2.75 90 91 7.759655713556896 0.02970687630418013
-3 -2.75 91 92 7.300992058345285 0.04166045717043776
-3 -2.75 92 93 6.86212597708167 0.05388320607025273
-3 -2.75 93 94 6.442690265867262 0.06592811348928561
-3 -2.75 94 95 6.045829376533169 0.007025538179842243
-3 -2.75 95 96 5.662115703794872 0.005647155176413389
-3 -2.75 96 97 5.296840448130335 0.005031420827416773
-3 -2.75 97 98 4.94954215276783 0.004520012404625308
-3 -2.75 98 99 4.619740402067746 0.004728115159373813
-3 -2.75 99 100 4.306938457030851 0.005763552288480332
-2.75 -2.5 51 52 47.42213336996775 0.1029183382468874
-2.75 -2.5 52 53 45.63613131435541 0.09913104961129143
-2.75 -2.5 53 54 43.91877598058018 0.09415618568844869
-2.75 -2.5 54 55 42.26755402444492 0.08821225222907242
-2.75 -2.5 55 56 40.62550002140634 0.8168647628210192
-2.75 -2.5 56 57 39.13969525103727 0.9024348163369134
-2.75 -2.5 57 58 37.67190395279579 0.7812609229370936
-2.75 -2.5 58 59 36.25974157817451 0.672669286079598
-2.75 -2.5 59 60 34.90112499478998 0.5759914738217109
-2.75 -2.5 60 61 33.59403408934644 0.4905436106454768
-2.75 -2.5 61 62 32.33651277969271 0.4156301666088307
-2.75 -2.5 62 63 31.12663960023808 0.3504253189541375
-2.75 -2.5 63 64 29.96190522774184 0.2916949912221812
-2.75 -2.5 64 65 28.84001428844491 0.2368085806255667
-2.75 -2.5 65 66 27.75932905597961 0.185991402383502
-2.75 -2.5 66 67 26.71739700404549 0.1426207936184322
-2.75 -2.5 67 68 25.71158523502714 0.1058206096283387
-2.75 -2.5 68 69 24.73748623172938 0.07420943137767488
-2.75 -2.5 69 70 23.78846303273214 0.04766528513226317
-2.75 -2.5 70 71 22.85943627883313 0.03459016959909622
-2.75 -2.5 71 72 21.94883206832274 0.03174902568808303
-2.75 -2.5 72 73 21.05640017087401 0.03437504136915581
-2.75 -2.5 73 74 20.18247832463681 0.03812373359609921
-2.75 -2.5 74 75 19.32767100981533 0.04080586177800167
-2.75 -2.5 75 76 18.49220430568518 0.042651518911736
-2.75 -2.5 76 77 17.64042455664589 0.3185189481671806
-2.75 -2.5 77 78 16.84343441868614 0.24018976476499
-2.75 -2.5 78 79 16.06790495038451 0.1762743478299653
-2.75 -2.5 79 80 15.33360619224806 0.2147519818460836
-2.75 -2.5 80 81 14.6022868172461 0.1666771121145274
-2.75 -2.5 81 82 13.89274594482678 0.1314387515617858
-2.75 -2.5 82 83 13.20514982762705 0.1071257076396663
-2.75 -2.5 83 84 12.53960604980321 0.09158077432871213
-2.75 -2.5 84 85 11.89616570781411 0.08258038675221833
-2.75 -2.5 85 86 11.27482568120343 0.07829545607152801
-2.75 -2.5 86 87 10.6755309863988 0.07763849507756088
-2.75 -2.5 87 88 10.09817720514626 0.0801818316126727
-2.75 -2.5 88 89 9.542612979519006 0.08577486311938243
-2.75 -2.5 89 90 8.999605489959416 0.03689957363218098
-2.75 -2.5 90 91 8.488966808515993 0.04851131523147815
-2.75 -2.5 91 92 7.999242953585316 0.06104207950803076
-2.75 -2.5 92 93 7.530084528499042 0.07388232080669958
-2.75 -2.5 93 94 7.081140616918256 0.08664683910708604
-2.75 -2.5 94 95 6.656051845324543 0.009683933379213513
-2.75 -2.5 95 96 6.244281349639329 0.00844143617175306
-2.75 -2.5 96 97 5.851768672260303 0.0078117188003455
-2.75 -2.5 97 98 5.478060634143992 0.007290981338567991
-2.75 -2.5 98 99 5.122682385229057 0.007238516091235893
-2.75 -2.5 99 100 4.785140178754361 0.007382146294419077
-2.5 -2.25 51 52 48.82752790758911 0.09540357410803503
-2.5 -2.25 52 53 47.01929345969347 0.09256062831247043
-2.5 -2.25 53 54 45.27871244161327 0.08729851913067105
-2.5 -2.25 54 55 43.60347670080164 0.07997322768569431
-2.5 -2.25 55 56 41.97675977597463 1.126717198334615
-2.5 -2.25 56 57 40.42606640813896 0.9835271354865971
-2.5 -2.25 57 58 38.93279507922153 0.8542339730025637
-2.5 -2.25 58 59 37.494921841357 0.7381764850409108
-2.5 -2.25 59 60 36.11046927296441 0.6346717864916522
-2.5 -2.25 60 61 34.77750941636994 0.5430195482863703
-2.5 -2.25 61 62 33.49416638933435 0.4625058713104734
-2.5 -2.25 62 63 32.2585874519792 0.3922719606877166
-2.5 -2.25 63 64 31.06829774579147 0.3287938575771016
-2.5 -2.25 64 65 29.92103343165319 0.2691937363475586
-2.5 -2.25 65 66 28.81520289205005 0.2137406516596192
-2.5 -2.25 66 67 27.74835556933242 0.1662152115563692
-2.5 -2.25 67 68 26.71785495554585 0.1256766182634462
-2.5 -2.25 68 69 25.71920126758461 0.09060056789044607
-2.5 -2.25 69 70 24.74557082552921 0.06080520384990686
-2.5 -2.25 70 71 23.79173755027485 0.036682347470458
-2.5 -2.25 71 72 22.85611155124179 0.02121833010583397
-2.5 -2.25 72 73 21.93847020933049 0.02350658017684272
-2.5 -2.25 73 74 21.03920490505455 0.02922444585839562
-2.5 -2.25 74 75 20.15898170895885 0.03377239193187008
-2.5 -2.25 75 76 19.29806917368988 0.03723695303987783
-2.5 -2.25 76 77 18.4569691888782 0.03993966223371606
-2.5 -2.25 77 78 17.59762981643574 0.2964516147058404
-2.5 -2.25 78 79 16.79608433212233 0.2236355772954434
-2.5 -2.25 79 80 16.03662644680593 0.2614006992572168
-2.5 -2.25 80 81 15.28024418448951 0.2043319014818397
-2.5 -2.25 81 82 14.54593713474475 0.1612479662435168
-2.5 -2.25 82 83 13.83391006514755 0.1302895166193523
-2.5 -2.25 83 84 13.14430588451783 0.1094689874898226
-2.5 -2.25 84 85 12.47720790983789 0.09671010270772466
-2.5 -2.25 85 86 11.83264222690642 0.09011715544279884
-2.5 -2.25 86 87 11.21058013662709 0.08830526291941275
-2.5 -2.25 87 88 10.61094067918182 0.09047719348938991
-2.5 -2.25 88 89 10.03359322715484 0.09619267535791962
-2.5 -2.25 89 90 9.478360136651638 0.1050668666725795
-2.5 -2.25 90 91 8.936241115774843 0.05667315537622573
-2.5 -2.25 91 92 8.426504648613442 0.0696377009878965
-2.5 -2.25 92 93 7.937894689268649 0.08309846503873382
-2.5 -2.25 93 94 7.470066074360593 0.09660085128426353
-2.5 -2.25 94 95 7.030898749875416 0.01049054240863426
-2.5 -2.25 95 96 6.601178259498859 0.008501313585220136
-2.5 -2.25 96 97 6.191289013269609 0.006893989384122599
-2.5 -2.25 97 98 5.800779948729554 0.00571844126817682
-2.5 -2.25 98 99 5.42917656074488 0.005234244772897468
-2.5 -2.25 99 100 5.075983787179931 0.004919328532561113
-2.25 -2 51 52 50.3625347254582 0.101102773942291
-2.25 -2 52 53 48.51511227144866 0.09826354128152481
-2.25 -2 53 54 46.73554167631633 0.09283896227871181
-2.25 -2 54 55 45.02162977343514 0.08520035383107194
-2.25 -2 55 56 43.35470194502173 1.233249077006706
-2.25 -2 56 57 41.76622452779397 1.080860251969983
-2.25 -2 57 58 40.23569630018154 0.9430176418337866
-2.25 -2 58 59 38.76115125848449 0.8190499852274072
-2.25 -2 59 60 37.34065971441325 0.7082621297179014
-2.25 -2 60 61 35.97233252519175 0.6099393719655364
-2.25 -2 61 62 34.65432487215016 0.5233514599016232
-2.25 -2 62 63 33.38480725884088 0.4476092048768466
-2.25 -2 63 64 32.16129438525245 0.3789103338418809
-2.25 -2 64 65 30.98151269021365 0.3141359657693488
-2.25 -2 65 66 29.84388072096804 0.2535892651088261
-2.25 -2 66 67 28.74591038235044 0.2014342473374114
-2.25 -2 67 68 27.68492172492746 0.1566596229982439
-2.25 -2 68 69 26.6562811229601 0.1175898447296096
-2.25 -2 69 70 25.6529439892844 0.08394105143482598
-2.25 -2 70 71 24.66952825885731 0.05591748405789788
-2.25 -2 71 72 23.70442997825234 0.03119376311994387
-2.25 -2 72 73 22.7574583251029 0.01122739912915245
-2.25 -2 73 74 21.82905631315222 0.01079235821086112
-2.25 -2 74 75 20.91994519894351 0.01656312960790986
-2.25 -2 75 76 20.03044174235798 0.02276702102504609
-2.25 -2 76 77 19.16109724211229 0.02874651266268972
-2.25 -2 77 78 18.31254388578806 0.03348964008489465
-2.25 -2 78 79 17.45366992444588 0.3030055586531609
-2.25 -2 79 80 16.66747988580401 0.323826151167974
-2.25 -2 80 81 15.88416843259939 0.2566990551164395
-2.25 -2 81 82 15.12351672399314 0.2044476195561157
-2.25 -2 82 83 14.38575591356047 0.1652400541097219
-2.25 -2 83 84 13.67105202473559 0.1373197804548457
-2.25 -2 84 85 12.97950833362311 0.119005064834108
-2.25 -2 85 86 12.31116784857453 0.1087307454920438
-2.25 -2 86 87 11.66601587872717 0.1051220284352667
-2.25 -2 87 88 11.04398268282052 0.1070341809515555
-2.25 -2 88 89 10.44494618918979 0.1135124484480652
-2.25 -2 89 90 9.868734775597485 0.1237140216415261
-2.25 -2 90 91 9.315118793155484 0.1367070045254502
-2.25 -2 91 92 8.774725923467813 0.1042028791023142
-2.25 -2 92 93 8.267434287804894 0.1175075601616785
-2.25 -2 93 94 7.781635554677564 0.1310660240484292
-2.25 -2 94 95 7.322350955791116 0.006371413125258933
-2.25 -2 95 96 6.876025435451725 0.003554505831432153
-2.25 -2 96 97 6.450211762339569 0.002261757922585777
-2.25 -2 97 98 6.044450557996411 0.002166183249768782
-2.25 -2 98 99 5.658257535024465 0.003166009850046117
-2.25 -2 99 100 5.291126511019517 0.004846986312601611
-2 -1.75 51 52 51.56709754390701 0.1050325063923317
-2 -1.75 52 53 49.7047700293848 0.1022452957520328
-2 -1.75 53 54 47.90911052109556 0.09670071661818479
-2 -1.75 54 55 46.17812849190918 0.08878590370253343
-2 -1.75 55 56 44.49354769428768 1.314745526541117
-2 -1.75 56 57 42.88651738283534 1.154093391316832
-2 -1.75 57 58 41.33690592029403 1.008591508282798
-2 -1.75 58 59 39.84287102410777 0.8775602223541076
-2 -1.75 59 60 38.40259176958529 0.7602937915901692
-2 -1.75 60 61 37.01427448876746 0.6560647973901971
-2 -1.75 61 62 35.67615805885413 0.5641282013318865
-2 -1.75 62 63 34.38648641558079 0.4835674729143104
-2 -1.75 63 64 33.14283677182749 0.410342015788445
-2 -1.75 64 65 31.94299205386193 0.3411315356036539
-2 -1.75 65 66 30.78542040698939 0.2762797895888347
-2 -1.75 66 67 29.66765850152998 0.2202878981068778
-2 -1.75 67 68 28.58704500184291 0.1720957337560499
-2 -1.75 68 69 27.5388832830026 0.1299271565737351
-2 -1.75 69 70 26.51595803175275 0.09351460573441552
-2 -1.75 70 71 25.51272534735135 0.06311952718433227
-2 -1.75 71 72 24.52753921507812 0.03633168425650814
-2 -1.75 72 73 23.56021378606841 0.0151453787791974
-2 -1.75 73 74 22.61122904514664 0.01098629387362576
-2 -1.75 74 75 21.68135735743852 0.01819477046576585
-2 -1.75 75 76 20.77094249631773 0.02495259066857443
-2 -1.75 76 77 19.88057932423072 0.03164154886060897
-2 -1.75 77 78 19.01095051112299 0.03708409372120514
-2 -1.75 78 79 18.12597553478832 0.3310536960983324
-2 -1.75 79 80 17.31847382577848 0.3481318661573906
-2 -1.75 80 81 16.51419042319377 0.27282099334006
-2 -1.75 81 82 15.73270264946156 0.2136622275756925
-2 -1.75 82 83 14.97427753075443 0.1687674224816327
-2 -1.75 83 84 14.23911451528478 0.1363190470857482
-2 -1.75 84 85 13.52734791381447 0.1145348565209977
-2 -1.75 85 86 12.83904943799129 0.1016766896351204
-2 -1.75 86 87 12.17423082874362 0.09614927227743369
-2 -1.75 87 88 11.53284656594587 0.09662895572491327
-2 -1.75 88 89 10.91479665044735 0.1020839328531931
-2 -1.75 89 90 10.31992944724877 0.1116687446862973
-2 -1.75 90 91 9.748033422452657 0.1244508497657106
-2 -1.75 91 92 9.198819886127833 0.1390733546259623
-2 -1.75 92 93 8.663918778510638 0.1025352465116589
-2 -1.75 93 94 8.161209806661095 0.116422402904532
-2 -1.75 94 95 7.680042666932987 0.1304036612278022
-2 -1.75 95 96 7.227375272500572 0.007747068556799152
-2 -1.75 96 97 6.785666813233791 0.005042009921887153
-2 -1.75 97 98 6.364464104784478 0.002981861900902918
-2 -1.75 98 99 5.96328780775821 0.002385653768820227
-2 -1.75 99 100 5.581635182480559 0.003209585648642574
-1.75 -1.5 51 52 52.35257622335905 0.1034145240662774
-1.75 -1.5 52 53 50.44778192229973 0.1007544302441623
-1.75 -1.5 53 54 48.61095774674962 0.09519477374760049
-1.75 -1.5 54 55 46.84011551812489 0.08713622915971274
-1.75 -1.5 55 56 45.12540985648903 1.386882332752377
-1.75 -1.5 56 57 43.48083968951426 1.218083688552447
-1.75 -1.5 57 58 41.89489908648258 1.065086048645324
-1.75 -1.5 58 59 40.36573194194793 0.927196710265714
-1.75 -1.5 59 60 38.89150042871655 0.8036947713153911
-1.75 -1.5 60 61 37.47039144283171 0.6938356292086673
-1.75 -1.5 61 62 36.10062239769599 0.5968551035201717
-1.75 -1.5 62 63 34.78041298715492 0.5118050524223617
-1.75 -1.5 63 64 33.50728621216749 0.4344020973972458
-1.75 -1.5 64 65 32.27897662098239 0.3611212349806727
-1.75 -1.5 65 66 31.09393050616558 0.2923439538613308
-1.75 -1.5 66 67 29.94963651735966 0.2328887479917458
-1.75 -1.5 67 68 28.84339643350339 0.1816563915739703
-1.75 -1.5 68 69 27.77045573507672 0.1367785075792596
-1.75 -1.5 69 70 26.72355486899201 0.09802096064474537
-1.75 -1.5 70 71 25.69714476701401 0.0657245128834528
-1.75 -1.5 71 72 24.68960678530011 0.03758603115564971
-1.75 -1.5 72 73 23.70078148145781 0.01714780298458906
-1.75 -1.5 73 74 22.73117446814634 0.01474043371438699
-1.75 -1.5 74 75 21.78157503745376 0.02358537582050914
-1.75 -1.5 75 76 20.8523440762426 0.0314091757385943
-1.75 -1.5 76 77 19.94408832950928 0.03852449335721061
-1.75 -1.5 77 78 19.05749574200749 0.04439762852691362
-1.75 -1.5 78 79 18.14849401791579 0.3454465655684112
-1.75 -1.5 79 80 17.32727837813783 0.3650199206868064
-1.75 -1.5 80 81 16.50901622182189 0.2835367283000149
-1.75 -1.5 81 82 15.71447761755146 0.2192968551774922
-1.75 -1.5 82 83 14.94391595108862 0.1703327764529175
-1.75 -1.5 83 84 14.19751452146389 0.1347450749181425
-1.75 -1.5 84 85 13.47538917486079 0.1106491718409562
-1.75 -1.5 85 86 12.77759103675112 0.09616579141093966
-1.75 -1.5 86 87 12.10410933337668 0.08954160441600602
-1.75 -1.5 87 88 11.45487429336462 0.08934853600155239
-1.75 -1.5 88 89 10.82976011967464 0.09453981985156744
-1.75 -1.5 89 90 10.2285880200096 0.1042953408054998
-1.75 -1.5 90 91 9.651117916343559 0.1176721895919611
-1.75 -1.5 91 92 9.097030968206901 0.1332242135802694
-1.75 -1.5 92 93 8.566002490744033 0.1501064316944315
-1.75 -1.5 93 94 8.049532003301678 0.1140107008531637
-1.75 -1.5 94 95 7.565576445261875 0.1292970338824936
-1.75 -1.5 95 96 7.115501997571812 0.0128733845969908
-1.75 -1.5 96 97 6.671774733443891 0.00975080373097445
-1.75 -1.5 97 98 6.24907530964237 0.007009067760943688
-1.75 -1.5 98 99 5.846892750152659 0.004734497057847419
-1.75 -1.5 99 100 5.464692829976999 0.003146729671377791
-1.5 -1.25 51 52 53.05795585104784 0.1104201507849994
-1.5 -1.25 52 53 51.13677688831484 0.1077476548609606
-1.5 -1.25 53 54 49.28309145474444 0.1020328756658451
-1.5 -1.25 54 55 47.49503883096344 0.09368928400559477
-1.5 -1.25 55 56 45.75760762635875 1.496621899562407
-1.5 -1.25 56 57 44.09552351867686 1.319409116725542
-1.5 -1.25 57 58 42.49201314499106 1.158504144175602
-1.5 -1.25 58 59 40.94529441910947 1.013212046902393
-1.5 -1.25 59 60 39.4535933294998 0.8828074776287937
-1.5 -1.25 60 61 38.01515154750678 0.7665392704713739
-1.5 -1.25 61 62 36.62823327699554 0.6636346616305761
-1.5 -1.25 62 63 35.2910978867852 0.5731257285829253
-1.5 -1.25 63 64 34.00129598027513 0.4905191153279832
-1.5 -1.25 64 65 32.75658699253547 0.4121082793161527
-1.5 -1.25 65 66 31.55544210073421 0.3383033727154983
-1.5 -1.25 66 67 30.39535413994469 0.2742213984224363
-1.5 -1.25 67 68 29.27363105461457 0.2187116801149186
-1.5 -1.25 68 69 28.18548176626715 0.1698027286111103
-1.5 -1.25 69 70 27.12357291570349 0.1272024592811554
-1.5 -1.25 70 71 26.08229555766351 0.09121645141872838
-1.5 -1.25 71 72 25.06002764495817 0.05896827000899101
-1.5 -1.25 72 73 24.05662196303378 0.04257102341886928
-1.5 -1.25 73 74 23.07260951500713 0.03491786026044096
-1.5 -1.25 74 75 22.10880714320494 0.03323264166388377
-1.5 -1.25 75 76 21.16559047479495 0.0345248459263506
-1.5 -1.25 76 77 20.24358806846061 0.03720761673412671
-1.5 -1.25 77 78 19.34351123305174 0.04029452000344024
-1.5 -1.25 78 79 18.45458559389333 0.5092433001012869
-1.5 -1.25 79 80 17.59902891721564 0.398565094503252
-1.5 -1.25 80 81 16.7672452042886 0.3083724920499958
-1.5 -1.25 81 82 15.95957264260792 0.2364993320879646
-1.5 -1.25 82 83 15.17627461319614 0.1809088492193854
-1.5 -1.25 83 84 14.4175423437861 0.1396808734378429
-1.5 -1.25 84 85 13.68349766597271 0.1109767434913312
-1.5 -1.25 85 86 12.97419586805982 0.09299292845689608
-1.5 -1.25 86 87 12.2896286353224 0.08396925670143029
-1.5 -1.25 87 88 11.62972706762404 0.0823142461268422
-1.5 -1.25 88 89 10.99436476469468 0.08673805001103042
-1.5 -1.25 89 90 10.38336096703715 0.09621975273644749
-1.5 -1.25 90 91 9.796472127396768 0.1096813483328941
-1.5 -1.25 91 92 9.233374097539929 0.1255603106132996
-1.5 -1.25 92 93 8.693736652158286 0.1429689228838545
-1.5 -1.25 93 94 8.17720001750958 0.1612867025746781
-1.5 -1.25 94 95 7.676088725095767 0.1281394201790716
-1.5 -1.25 95 96 7.206530836088131 0.1434535601546289
-1.5 -1.25 96 97 6.766608995220675 0.01630314636754988
-1.5 -1.25 97 98 6.337448677249023 0.01466952515763732
-1.5 -1.25 98 99 5.929137387750599 0.01336859313953438
-1.5 -1.25 99 100 5.541132302490549 0.01239367530324758
-1.25 -1 51 52 54.18535388130707 0.1166091995665444
-1.25 -1 52 53 52.22543593147921 0.1138755842821791
-1.25 -1 53 54 50.33386411522659 0.1079701904149975
-1.25 -1 54 55 48.5088103679179 0.09931846111775189
-1.25 -1 55 56 46.73223117161425 1.559535245331053
-1.25 -1 56 57 45.03504839832064 1.375850677793294
-1.25 -1 57 58 43.39734939716774 1.208987049173935
-1.25 -1 58 59 41.8173577487517 1.058239187328996
-1.25 -1 59 60 40.29330047812789 0.9228697816435348
-1.25 -1 60 61 38.82341635145696 0.8021140647076437
-1.25 -1 61 62 37.40596335155395 0.6951841097805478
-1.25 -1 62 63 36.03919101181251 0.6010866520189735
-1.25 -1 63 64 34.72061672426415 0.5151282094736631
-1.25 -1 64 65 33.44796963507763 0.4334314852305468
-1.25 -1 65 66 32.21970827494927 0.3564341121205106
-1.25 -1 66 67 31.03328541792759 0.2895161041074285
-1.25 -1 67 68 29.88596986213231 0.2314883428039506
-1.25 -1 68 69 28.77288097444051 0.1802953547233096
-1.25 -1 69 70 27.68654751674116 0.1356436923880241
-1.25 -1 70 71 26.62125869714502 0.09786586545177528
-1.25 -1 71 72 25.57537592225151 0.06394942884885824
-1.25 -1 72 73 24.54876324839893 0.03596982748811586
-1.25 -1 73 74 23.54197783712439 0.02441684407424448
-1.25 -1 74 75 22.55586608205077 0.02121356591806894
-1.25 -1 75 76 21.59082489506281 0.02321080248674532
-1.25 -1 76 77 20.64750750619824 0.02745806329404459
-1.25 -1 77 78 19.72664909506392 0.0320780541894395
-1.25 -1 78 79 18.81919861361017 0.5136440515842559
-1.25 -1 79 80 17.94398252620935 0.397665909264218
-1.25 -1 80 81 17.09313098478136 0.3031606685232631
-1.25 -1 81 82 16.26699410763722 0.227921009980061
-1.25 -1 82 83 15.46584478350635 0.1698813215313505
-1.25 -1 83 84 14.68988141537208 0.1270924258153945
-1.25 -1 84 85 13.93923077171754 0.09763596124001826
-1.25 -1 85 86 13.21395093701306 0.07948010494082625
-1.25 -1 86 87 12.51403435233311 0.07046082410403949
-1.25 -1 87 88 11.8394109363154 0.06864343529801034
-1.25 -1 88 89 11.18995127588871 0.07274607057526737
-1.25 -1 89 90 10.56546987474471 0.08202023977205894
-1.25 -1 90 91 9.965716881503809 0.09561982555806531
-1.25 -1 91 92 9.390360506648843 0.1120243788397666
-1.25 -1 92 93 8.839061383952345 0.1302860207249396
-1.25 -1 93 94 8.311449267667868 0.149710605302602
-1.25 -1 94 95 7.807114253268253 0.1696887947942282
-1.25 -1 95 96 7.318765377030076 0.1317819161478356
-1.25 -1 96 97 6.861593124053314 0.1482593483812952
-1.25 -1 97 98 6.431519355886309 0.007747740745689577
-1.25 -1 98 99 6.014904582736634 0.006051232794232672
-1.25 -1 99 100 5.619100371751545 0.005083656232154492
-1 -0.75 51 52 54.68989653627682 0.1212955594626902
-1 -0.75 52 53 52.70185371020415 0.1185196445515322
-1 -0.75 53 54 50.78295758779561 0.1124646201500394
-1 -0.75 54 55 48.93138921475384 0.1035660868675088
-1 -0.75 55 56 47.12715887980144 1.621985595531702
-1 -0.75 56 57 45.40515026953787 1.432465469828601
-1 -0.75 57 58 43.74340890335748 1.260160867820442
-1 -0.75 58 59 42.14015458835405 1.104362635580804
-1 -0.75 59 60 40.59360788108719 0.9643279477188991
-1 -0.75 60 61 39.10199879374568 0.8392850348058505
-1 -0.75 61 62 37.66357464883643 0.7284375198593934
-1 -0.75 62 63 36.27657259591381 0.6307756190472393
-1 -0.75 63 64 34.93849030932151 0.5414552075184698
-1 -0.75 64 65 33.64703920091922 0.4564713867752626
-1 -0.75 65 66 32.40066509168437 0.3762865498598122
-1 -0.75 66 67 31.19679777124385 0.3064902748643453
-1 -0.75 67 68 30.03269000886321 0.2458634252199275
-1 -0.75 68 69 28.903429747074 0.1922858612925066
-1 -0.75 69 70 27.80151548702673 0.145464852582256
-1 -0.75 70 71 26.72122255939632 0.1057561458448836
-1 -0.75 71 72 25.6609208422111 0.07004063736604801
-1 -0.75 72 73 24.62048437627659 0.03981911138431163
-1 -0.75 73 74 23.60048258363271 0.02580743873046819
-1 -0.75 74 75 22.60177022171324 0.02170599671998174
-1 -0.75 75 76 21.62474972805866 0.02343507930394193
-1 -0.75 76 77 20.67007885465623 0.02801553177746376
-1 -0.75 77 78 19.73849434073853 0.0331276974742682
-1 -0.75 78 79 18.82024542803109 0.5535940169861601
-1 -0.75 79 80 17.93539630544276 0.4303979496609653
-1 -0.75 80 81 17.07555521101046 0.3294884151271417
-1 -0.75 81 82 16.24106326319961 0.2485656517475185
-1 -0.75 82 83 15.43218249305027 0.1854697211966099
-1 -0.75 83 84 14.64909873790263 0.1381757974072049
-1 -0.75 84 85 13.89192464161945 0.104761676440564
-1 -0.75 85 86 13.16070275277464 0.08333218027989263
-1 -0.75 86 87 12.45540871106085 0.07195822363341159
-1 -0.75 87 88 11.77595451135672 0.06880179371173258
-1 -0.75 88 89 11.12219183481438 0.07239379544318432
-1 -0.75 89 90 10.4939154340614 0.08167349222175574
-1 -0.75 90 91 9.890854922404358 0.09554488261555213
-1 -0.75 91 92 9.31265719671266 0.1123306326821442
-1 -0.75 92 93 8.758961367522041 0.1310511227059825
-1 -0.75 93 94 8.229375399156496 0.1510097081750035
-1 -0.75 94 95 7.723467366968645 0.1715936293688727
-1 -0.75 95 96 7.232637611864099 0.1377507015955382
-1 -0.75 96 97 6.774727678254106 0.154450622537167
-1 -0.75 97 98 6.346352323613598 0.01108396924911947
-1 -0.75 98 99 5.929493870512378 0.009291250137908151
-1 -0.75 99 100 5.53373632223966 0.007937667696619995
-0.75 -0.5 51 52 55.04982134665724 0.1230844120372891
-0.75 -0.5 52 53 53.04833839844025 0.1203468315609955
-0.75 -0.5 53 54 51.11607322546905 0.1142513947913004
-0.75 -0.5 54 55 49.25125363688358 0.1058078384780428
-0.75 -0.5 55 56 47.50946675615913 1.009037630464937
-0.75 -0.5 56 57 45.69954374756369 1.478914733262739
-0.75 -0.5 57 58 44.02505118524334 1.302347190356611
-0.75 -0.5 58 59 42.40928148265621 1.142606463432545
-0.75 -0.5 59 60 40.85047497207398 0.9989435289813338
-0.75 -0.5 60 61 39.34687758105298 0.8705792686202048
-0.75 -0.5 61 62 37.89674917895917 0.7567088545025207
-0.75 -0.5 62 63 36.49833646791257 0.6563076925662378
-0.75 -0.5 63 64 35.14914035701521 0.5644097010113296
-0.75 -0.5 64 65 33.84687517613983 0.4769062345763491
-0.75 -0.5 65 66 32.58999125006136 0.3942774537868176
-0.75 -0.5 66 67 31.37591418957847 0.3222784083089583
-0.75 -0.5 67 68 30.20189615462279 0.2596647197783565
-0.75 -0.5 68 69 29.06300691330517 0.2042651484305532
-0.75 -0.5 69 70 27.95171495232218 0.155783713505931
-0.75 -0.5 70 71 26.86227194092635 0.1145961513433318
-0.75 -0.5 71 72 25.79304794057299 0.07749626486096982
-0.75 -0.5 72 73 24.74392289966116 0.05303187970002212
-0.75 -0.5 73 74 23.71547756901639 0.04067458949693104
-0.75 -0.5 74 75 22.70857786294621 0.03539633950841858
-0.75 -0.5 75 76 21.72363294098999 0.03458882325268519
-0.75 -0.5 76 77 20.76130888473409 0.03650307248336306
-0.75 -0.5 77 78 19.82235009238526 0.03968715621349427
-0.75 -0.5 78 79 18.89948483766651 0.5732207584001333
-0.75 -0.5 79 80 18.00760040057261 0.4454299534327555
-0.75 -0.5 80 81 17.1410345827228 0.3405555885739997
-0.75 -0.5 81 82 16.30012935365826 0.2562404467815155
-0.75 -0.5 82 83 15.48514641414172 0.1902679338780362
-0.75 -0.5 83 84 14.69627016545785 0.1405628610975977
-0.75 -0.5 84 85 13.93361078449978 0.1051722562850551
-0.75 -0.5 85 86 13.19720739597947 0.08220681667968185
-0.75 -0.5 86 87 12.48703133193894 0.06976926249161663
-0.75 -0.5 87 88 11.80298946787723 0.06601779322859712
-0.75 -0.5 88 89 11.14492762459395 0.06941009675190513
-0.75 -0.5 89 90 10.51263402297059 0.07878893875114903
-0.75 -0.5 90 91 9.90583104551866 0.09297353512885652
-0.75 -0.5 91 92 9.324157560122366 0.1102057965638892
-0.75 -0.5 92 93 8.767244504459551 0.1294722836947922
-0.75 -0.5 93 94 8.234691358892228 0.1500577113853099
-0.75 -0.5 94 95 7.726057362691254 0.1713331597747454
-0.75 -0.5 95 96 7.240865039888103 0.1927568024327634
-0.75 -0.5 96 97 6.772117851102294 0.1569640046507847
-0.75 -0.5 97 98 6.341947145079207 0.01516130463204647
-0.75 -0.5 98 99 5.923276953470367 0.01347013830491536
-0.75 -0.5 99 100 5.525897318983112 0.01214456528040983
-0.5 -0.25 51 52 55.50394863798454 0.1258204930346841
-0.5 -0.25 52 53 53.48666161325801 0.1225580177818501
-0.5 -0.25 53 54 51.53890299182399 0.1172460506090729
-0.5 -0.25 54 55 49.65891933129734 0.1101982368599947
-0.5 -0.25 55 56 47.9036378627984 1.028145102829229
-0.5 -0.25 56 57 46.07857794057279 1.50483617577805
-0.5 -0.25 57 58 44.38996422030624 1.325539133873453
-0.5 -0.25 58 59 42.76043006026219 1.16328543795147
-0.5 -0.25 59 60 41.18821958837347 1.017321811713748
-0.5 -0.25 60 61 39.67158053074826 0.8868641240821532
-0.5 -0.25 61 62 38.20877285238532 0.771101804669069
-0.5 -0.25 62 63 36.79804168992419 0.669000078122672
-0.5 -0.25 63 64 35.43687906252438 0.575507584331716
-0.5 -0.25 64 65 34.12299110248863 0.4864429266127802
-0.5 -0.25 65 66 32.85482452774863 0.402298922299469
-0.5 -0.25 66 67 31.62979076102737 0.3289472416504064
-0.5 -0.25 67 68 30.44512829035263 0.2651264553042965
-0.5 -0.25 68 69 29.29587205719533 0.208627852362756
-0.5 -0.25 69 70 28.17443624917425 0.1591565708554105
-0.5 -0.25 70 71 27.07503256991195 0.1170999620971765
-0.5 -0.25 71 72 25.99602547057724 0.07919236736906804
-0.5 -0.25 72 73 24.93730003406856 0.05498725223622004
-0.5 -0.25 73 74 23.89944813873582 0.04268097975467293
-0.5 -0.25 74 75 22.88334784533376 0.03748313740800502
-0.5 -0.25 75 76 21.88941648108219 0.03670837625231862
-0.5 -0.25 76 77 20.91833002571578 0.03861724632473244
-0.5 -0.25 77 78 19.97084255419058 0.04179193158938547
-0.5 -0.25 78 79 19.03876865804421 0.5850377849221339
-0.5 -0.25 79 80 18.13886058181385 0.454187808193916
-0.5 -0.25 80 81 17.2645302876937 0.3466972167032363
-0.5 -0.25 81 82 16.41612402626335 0.2601772777431875
-0.5 -0.25 82 83 15.59390673077713 0.1923819281601389
-0.5 -0.25 83 84 14.79806503155419 0.1412096819350809
-0.5 -0.25 84 85 14.02871037729465 0.1046846514686292
-0.5 -0.25 85 86 13.28588225433121 0.08089199646759553
-0.5 -0.25 86 87 12.56955149428914 0.06788803793668748
-0.5 -0.25 87 88 11.87962365886829 0.06375733742012767
-0.5 -0.25 88 89 11.21594249097825 0.06690311207586182
-0.5 -0.25 89 90 10.57829341919068 0.07616841657695436
-0.5 -0.25 90 91 9.966395346825422 0.09038617645404541
-0.5 -0.25 91 92 9.379882999885425 0.1077796690308204
-0.5 -0.25 92 93 8.818382706688183 0.1273135003136347
-0.5 -0.25 93 94 8.281488846414707 0.148252365987019
-0.5 -0.25 94 95 7.768755087225017 0.1699489485339505
-0.5 -0.25 95 96 7.279697960568015 0.1918453582079227
-0.5 -0.25 96 97 6.806693432677569 0.1561411209147898
-0.5 -0.25 97 98 6.374127810886606 0.01595108575187994
-0.5 -0.25 98 99 5.952234622976267 0.01410619453212279
-0.5 -0.25 99 100 5.551841027498156 0.01262485752623566
-0.25 0 51 52 55.80122423284328 0.1263015607437239
-0.25 0 52 53 53.77066659706537 0.1231013370627784
-0.25 0 53 54 51.81009099034151 0.1178197345376267
-0.25 0 54 55 49.91773416379442 0.1107756954357174
-0.25 0 55 56 48.15057445816623 1.037395991267487
-0.25 0 56 57 46.31327229683828 1.518930935866861
-0.25 0 57 58 44.61355460959916 1.338230952523066
-0.25 0 58 59 42.97330871628353 1.174681349976488
-0.25 0 59 60 41.3907680088891 1.02752697590369
-0.25 0 60 61 39.86416940821675 0.8959814444052819
-0.25 0 61 62 38.39176207086385 0.7792315612859757
-0.25 0 62 63 36.97178019175141 0.6762376416795076
-0.25 0 63 64 35.60170034688528 0.581904617360582
-0.25 0 64 65 34.27921465184295 0.4920140725599628
-0.25 0 65 66 33.00276027053664 0.4070658039392215
-0.25 0 66 67 31.76973357037269 0.332990646836072
-0.25 0 67 68 30.57735900084781 0.2685188821454757
-0.25 0 68 69 29.42064779423444 0.2114239906184874
-0.25 0 69 70 28.29198237597149 0.1614110187016595
-0.25 0 70 71 27.18555189348015 0.1188744459537816
-0.25 0 71 72 26.09971652012959 0.08051834342910154
-0.25 0 72 73 25.0343626172326 0.05630968416270835
-0.25 0 73 74 23.99008639534843 0.04383882622196979
-0.25 0 74 75 22.96777068668655 0.03851732222245773
-0.25 0 75 76 21.96783567909108 0.03765001606483755
-0.25 0 76 77 20.99096076009137 0.03950586883937916
-0.25 0 77 78 20.03790298832909 0.04266865134749641
-0.25 0 78 79 19.10073244775194 0.5915769192100429
-0.25 0 79 80 18.19565440657259 0.4590804836061461
-0.25 0 80 81 17.31638156462664 0.3501683610763547
-0.25 0 81 82 16.46325975705061 0.2624342422273052
-0.25 0 82 83 15.63655279993566 0.1936149990333247
-0.25 0 83 84 14.83644554457452 0.1415938860360849
-0.25 0 84 85 14.06304703947019 0.1043842797821742
-0.25 0 85 86 13.31639379102583 0.08006749507713991
-0.25 0 86 87 12.59645311285651 0.06669622723703764
-0.25 0 87 88 11.90312655252448 0.06233487471252425
-0.25 0 88 89 11.23625338466001 0.0653548817813384
-0.25 0 89 90 10.59561415716112 0.07458023000786324
-0.25 0 90 91 9.980922520953662 0.08883408777424119
-0.25 0 91 92 9.391807626389085 0.1063226967061026
-0.25 0 92 93 8.827889952919637 0.1259995701441191
-0.25 0 93 94 8.288757781216631 0.1471209725860309
-0.25 0 94 95 7.773958466607535 0.1690318937892811
-0.25 0 95 96 7.283002050581352 0.1911675307038846
-0.25 0 96 97 6.80776248093882 0.1559576717454918
-0.25 0 97 98 6.374091518344613 0.01699050568355831
-0.25 0 98 99 5.95075522457358 0.01512156801411689
-0.25 0 99 100 5.54905751943318 0.01360618339235903
0 0.25 51 52 55.81816564101936 0.126306283033561
0 0.25 52 53 53.7867056002604 0.1231059768761216
0 0.25 53 54 51.82527753081061 0.1178240917613603
0 0.25 54 55 49.9321149810458 0.1107796012707037
0 0.25 55 56 48.16419327803888 1.03739632431645
0 0.25 56 57 46.32616584005476 1.519013218255796
0 0.25 57 58 44.62576547373243 1.338303887168282
0 0.25 58 59 42.9848726640771 1.174745816211032
0 0.25 59 60 41.40171865575761 1.027583804257807
0 0.25 60 61 39.87453837180087 0.8960314163777888
0 0.25 61 62 38.4015791088315 0.7792754093227067
0 0.25 62 63 36.98107331904811 0.6762760423439004
0 0.25 63 64 35.61049576044755 0.5819380499181048
0 0.25 64 65 34.28753689116489 0.4920428592280721
0 0.25 65 66 33.01063250117895 0.4070902759614756
0 0.25 66 67 31.77717744473554 0.333011322948196
0 0.25 67 68 30.58439466089769 0.2685362238098718
0 0.25 68 69 29.42729351483091 0.2114383828656979
0 0.25 69 70 28.29825407827934 0.161422807477955
0 0.25 70 71 27.19146371463046 0.118883990769487
0 0.25 71 72 26.1052818153092 0.08052589027033276
0 0.25 72 73 25.0395943523732 0.05631465179138978
0 0.25 73 74 23.99499730355717 0.04384119085243823
0 0.25 74 75 22.9723733481042 0.03851779850213514
0 0.25 75 76 21.97214243975367 0.03764946199283487
0 0.25 76 77 20.99498378703217 0.03950503408029492
0 0.25 77 78 20.04165429185849 0.04266799329136969
0 0.25 78 79 19.10422428075408 0.5915996778212367
0 0.25 79 80 18.19889742268624 0.4590973899215793
0 0.25 80 81 17.31938731764281 0.3501804042777563
0 0.25 81 82 16.46603957284687 0.2624423066842723
0 0.25 82 83 15.63911776511626 0.1936198782101402
0 0.25 83 84 14.83880649577964 0.141596299901066
0 0.25 84 85 14.06521455354368 0.1043848923025909
0 0.25 85 86 13.31837817599298 0.0800669122251351
0 0.25 86 87 12.59826439972158 0.0666949363669285
0 0.25 87 88 11.9047744879636 0.06233314850668847
0 0.25 88 89 11.23774742461642 0.06535279979785445
0 0.25 89 90 10.59696346127274 0.07457783337238476
0 0.25 90 91 9.982135946833168 0.08883147131327079
0 0.25 91 92 9.392893723082484 0.1063199856368936
0 0.25 92 93 8.828856962512642 0.1259968784880003
0 0.25 93 94 8.289613638022384 0.1471183891513923
0 0.25 94 95 7.774710795982138 0.1690294802922681
0 0.25 95 96 7.283658168543063 0.1911653243561283
0 0.25 96 97 6.808329394676033 0.1559549632847701
0 0.25 97 98 6.374576594395435 0.01699086465618269
0 0.25 98 99 5.951164122051082 0.01512183074984959
0 0.25 99 100 5.549396339297171 0.01360635707037561
0.25 0.5 51 52 55.55423725899183 0.1258340634362678
0.25 0.5 52 53 53.53426853913248 0.1225713739610235
0.25 0.5 53 54 51.58397655133612 0.1172586037409054
0.25 0.5 54 55 49.70159835515094 0.1102094904209731
0.25 0.5 55 56 47.94405224334972 1.028146065293634
0.25 0.5 56 57 46.11683709813099 1.505068026834911
0.25 0.5 57 58 44.4261943669359 1.325743892973359
0.25 0.5 58 59 42.7947374662028 1.163465706545201
0.25 0.5 59 60 41.2207041487242 1.017480044450271
0.25 0.5 60 61 39.70233620865761 0.8870026282648794
0.25 0.5 61 62 38.23788808745982 0.7712227402931291
0.25 0.5 62 63 36.82559974601068 0.6691054377831528
0.25 0.5 63 64 35.46295780616886 0.5755987745078069
0.25 0.5 64 65 34.14766347898181 0.4865208866614871
0.25 0.5 65 66 32.87815939986992 0.4023646171811833
0.25 0.5 66 67 31.65185249329365 0.3290021951743879
0.25 0.5 67 68 30.46597675648177 0.2651720201725494
0.25 0.5 68 69 29.31556158157994 0.208665149505791
0.25 0.5 69 70 28.19301417141909 0.1591866086436408
0.25 0.5 70 71 27.09254094535649 0.1171237844556327
0.25 0.5 71 72 26.01250404272211 0.0792106801996027
0.25 0.5 72 73 24.95278739644759 0.05499889730160527
0.25 0.5 73 74 23.91398219610936 0.04268621994158509
0.25 0.5 74 75 22.89696604817108 0.03748406219122837
0.25 0.5 75 76 21.90215558520303 0.03670725750741571
0.25 0.5 76 77 20.93022625481876 0.03861590498701273
0.25 0.5 77 78 19.98193166516229 0.04179136713554334
0.25 0.5 78 79 19.0490850988346 0.5850983994935718
0.25 0.5 79 80 18.14843842600203 0.4542320343984665
0.25 0.5 80 81 17.27340390652869 0.3467279257660131
0.25 0.5 81 82 16.42432711273155 0.2601970345248832
0.25 0.5 82 83 15.60147226557596 0.1923930326301057
0.25 0.5 83 84 14.80502525127942 0.1412142182880887
0.25 0.5 84 85 14.0350967450249 0.1046845297715762
0.25 0.5 85 86 13.29172543267012 0.08088892375597824
0.25 0.5 86 87 12.57488132094186 0.06788332197225536
0.25 0.5 87 88 11.88446912475563 0.0637516438125128
0.25 0.5 88 89 11.22033172108544 0.06689660076346268
0.25 0.5 89 90 10.58225365600426 0.07616119863603905
0.25 0.5 90 91 9.969952933076421 0.0903785371974604
0.25 0.5 91 92 9.383063359041426 0.1077719727037623
0.25 0.5 92 93 8.821210347760395 0.1273060677240686
0.25 0.5 93 94 8.283987361541925 0.1482454380407286
0.25 0.5 94 95 7.770947148083408 0.1699426839802254
0.25 0.5 95 96 7.281605317314149 0.1918398431768134
0.25 0.5 96 97 6.808336915408187 0.1561346410733302
0.25 0.5 97 98 6.375528400781779 0.01595166769149959
0.25 0.5 98 99 5.953410023203077 0.01410656233336557
0.25 0.5 99 100 5.552809374578988 0.01262505837876024
0.5 0.75 51 52 55.13120124747286 0.1231067637211285
0.5 0.75 52 53 53.12535662216126 0.1203687924458218
0.5 0.75 53 54 51.18897082402532 0.1142722465361552
0.5 0.75 54 55 49.32025627141311 0.1058268736464715
0.5 0.75 55 56 47.57478560145714 1.009039230366023
0.5 0.75 56 57 45.76135643174214 1.479294504372631
0.5 0.75 57 58 44.08356325904171 1.302682831845354
0.5 0.75 58 59 42.4646658355129 1.142902235356281
0.5 0.75 59 60 40.90289414551393 0.9992034475774535
0.5 0.75 60 61 39.39648448509067 0.8708071055630499
0.5 0.75 61 62 37.94368775261412 0.7569081371589463
0.5 0.75 62 63 36.54274224219316 0.6564816721233168
0.5 0.75 63 64 35.19114010628546 0.5645606821516442
0.5 0.75 64 65 33.88658768882441 0.477035769038256
0.5 0.75 65 66 32.62752867855534 0.3943871308621909
0.5 0.75 66 67 31.41138139129477 0.3223707067789983
0.5 0.75 67 68 30.23539071158424 0.2597418378135666
0.5 0.75 68 69 29.09461744290364 0.204328911109639
0.5 0.75 69 70 27.98151881170644 0.1558357592591361
0.5 0.75 70 71 26.89033796432349 0.1146381760190625
0.5 0.75 71 72 25.81944122049364 0.07752942421520718
0.5 0.75 72 73 24.7687066566718 0.05305414038082351
0.5 0.75 73 74 23.73871389505496 0.04068538757839405
0.5 0.75 74 75 22.73032809811116 0.03539860323165127
0.5 0.75 75 76 21.74395728385082 0.03458627549016161
0.5 0.75 76 77 20.78026665387364 0.03649907041430038
0.5 0.75 77 78 19.83999983030252 0.03968373635450583
0.5 0.75 78 79 18.91588705924305 0.573308355354568
0.5 0.75 79 80 18.02280673055248 0.4454922919465016
0.5 0.75 80 81 17.15510124063398 0.3405972637110153
0.5 0.75 81 82 16.31311143650829 0.2562655567940371
0.5 0.75 82 83 15.49709784066645 0.1902801468275887
0.5 0.75 83 84 14.70724362404233 0.1405654875916995
0.5 0.75 84 85 13.94365768511903 0.1051682960628288
0.5 0.75 85 86 13.20637782613814 0.08219887707846386
0.5 0.75 86 87 12.49537401687945 0.06975924091662314
0.5 0.75 87 88 11.81055173504463 0.06600658538571383
0.5 0.75 88 89 11.15175537249421 0.06939791121798282
0.5 0.75 89 90 10.51877169444256 0.07877597912325299
0.5 0.75 90 91 9.911321600018073 0.09296027039102887
0.5 0.75 91 92 9.329042442729641 0.1101927893895182
0.5 0.75 92 93 8.771563653628448 0.129460011248222
0.5 0.75 93 94 8.23848320290065 0.1500465173530369
0.5 0.75 94 95 7.729358814205053 0.1713232552165578
0.5 0.75 95 96 7.243711494757605 0.1927482831352058
0.5 0.75 96 97 6.774543191335955 0.1569542858696121
0.5 0.75 97 98 6.343983348012529 0.01516110168363565
0.5 0.75 98 99 5.924955045116096 0.01346988116999128
0.5 0.75 99 100 5.527246748391775 0.0121443424712185
0.75 1 51 52 54.7986823623506 0.121323110105716
0.75 1 52 53 52.80472387614094 0.1185468219130958
0.75 1 53 54 50.88024006861821 0.1124904534493834
0.75 1 54 55 49.02339101820886 0.1035897601768959
0.75 1 55 56 47.21414088000861 1.622591780787391
0.75 1 56 57 45.48740959272163 1.433004129250316
0.75 1 57 58 43.82119589611688 1.260638187592236
0.75 1 58 59 42.213704448399 1.104784469378364
0.75 1 59 60 40.66314171684286 0.9646998138642932
0.75 1 60 61 39.16772460022489 0.8396121153010934
0.75 1 61 62 37.72568820703626 0.7287246608576957
0.75 1 62 63 36.33525824129886 0.6310272888628928
0.75 1 63 64 34.99392049665069 0.541674609051585
0.75 1 64 65 33.69937554970279 0.4566607181003196
0.75 1 65 66 32.45006019000863 0.3764480506194021
0.75 1 66 67 31.24339433508538 0.3066273496636709
0.75 1 67 68 30.07662093810029 0.2459790939352133
0.75 1 68 69 28.9448159506196 0.1923826451787461
0.75 1 69 70 27.84046293634698 0.1455449958561286
0.75 1 70 71 26.75782593735211 0.1058219599984554
0.75 1 71 72 25.69526983330128 0.07009365785076217
0.75 1 72 73 24.65266612150603 0.0398609959801292
0.75 1 73 74 23.6305826524154 0.02582875795407354
0.75 1 74 75 22.62987309946379 0.02170597023654559
0.75 1 75 76 21.65093830600635 0.0234229472688513
0.75 1 76 77 20.69443476708832 0.02800131498270359
0.75 1 77 78 19.7610980948164 0.03311535377512699
0.75 1 78 79 18.84118716889051 0.5537364753079898
0.75 1 79 80 17.9547394851533 0.4305051825588047
0.75 1 80 81 17.09337699236444 0.3295666321774081
0.75 1 81 82 16.25743920729063 0.2486203523511871
0.75 1 82 83 15.44718648383341 0.1855057777270855
0.75 1 83 84 14.66280291210487 0.1381975525473378
0.75 1 84 85 13.90439932426374 0.1047730324919551
0.75 1 85 86 13.17201639844482 0.08333658742438188
0.75 1 86 87 12.465627851114 0.07195844072256222
0.75 1 87 88 11.78514370718938 0.06879959276498517
0.75 1 88 89 11.13041363723921 0.07239011100426584
0.75 1 89 90 10.50123034890156 0.08166895010740247
0.75 1 90 91 9.897321375431982 0.09554011096026457
0.75 1 91 92 9.318331495493176 0.1123262153530628
0.75 1 92 93 8.763897712546559 0.1310475315754343
0.75 1 93 94 8.233625880897865 0.1510072744103123
0.75 1 94 95 7.72708196111558 0.1715925417837659
0.75 1 95 96 7.235664180357354 0.1377511481161469
0.75 1 96 97 6.777211976047621 0.1544529371745975
0.75 1 97 98 6.348336142069563 0.01108269698711457
0.75 1 98 99 5.931020476678864 0.009290105791809222
0.75 1 99 100 5.534845302781598 0.007936828555364237
1 1.25 51 52 54.3181831708537 0.1166513435470857
1 1.25 52 53 52.35091181783218 0.1139168353313608
1 1.25 53 54 50.45239625819977 0.1080093522433707
1 1.25 54 55 48.62078213640561 0.09935453178311102
1 1.25 55 56 46.83796025446784 1.560266784885555
1 1.25 56 57 45.13491414920125 1.376498965546838
1 1.25 57 58 43.49166422815702 1.209559782053882
1 1.25 58 59 41.90641511218274 1.058743644582
1 1.25 59 60 40.37737619881909 0.9233128214661355
1 1.25 60 61 38.90276985269361 0.8025021232176593
1 1.25 61 62 37.48083878416291 0.6955232019014059
1 1.25 62 63 36.10981822104931 0.6013823207216789
1 1.25 63 64 34.78721076087464 0.5153844493926028
1 1.25 64 65 33.51073205881362 0.4336510645437442
1 1.25 65 66 32.27882936617773 0.3566198447426192
1 1.25 66 67 31.0889432027506 0.2896722038797745
1 1.25 67 68 29.93833022620942 0.2316185495884192
1 1.25 68 69 28.82209513195261 0.1804027934703683
1 1.25 69 70 27.73274861331841 0.1357311516091105
1 1.25 70 71 26.66456627380487 0.0979362004693119
1 1.25 71 72 25.6159034437627 0.06400456537436464
1 1.25 72 73 24.58662102814347 0.03601108915111987
1 1.25 73 74 23.5772741837547 0.02443434116939062
1 1.25 74 75 22.58870786540919 0.02121352315845373
1 1.25 75 76 21.62131694709213 0.02319971535009522
1 1.25 76 77 20.67575300805082 0.02744710331932593
1 1.25 77 78 19.75274971832535 0.03207024488791724
1 1.25 78 79 18.8432591032946 0.5138343124275362
1 1.25 79 80 17.9660925394925 0.3978123248832057
1 1.25 80 81 17.11338769286665 0.3032707460749333
1 1.25 81 82 16.2854925780553 0.2280013420496922
1 1.25 82 83 15.48267788649511 0.169937702167052
1 1.25 83 84 14.70513973735748 0.1271300252493579
1 1.25 84 85 13.9530025361157 0.09765956155845593
1 1.25 85 86 13.22632193247146 0.07949423855150589
1 1.25 86 87 12.52508786879849 0.07046948102528552
1 1.25 87 88 11.84922770882404 0.06864946030885466
1 1.25 88 89 11.19860943633697 0.07275103705485669
1 1.25 89 90 10.57304491160297 0.08202495593315712
1 1.25 90 91 9.97228160047014 0.09562482184578433
1 1.25 91 92 9.395984990045072 0.1120300494328339
1 1.25 92 93 8.843813003806815 0.1302926815351705
1 1.25 93 94 8.31539268415931 0.1497184698770025
1 1.25 94 95 7.810311412463946 0.1696979562798337
1 1.25 95 96 7.321275516011813 0.1317969352691284
1 1.25 96 97 6.863472783292302 0.1482756927523619
1 1.25 97 98 6.432821709368724 0.007747256620191848
1 1.25 98 99 6.015681137632216 0.006050656104222769
1 1.25 99 100 5.619399805355577 0.00508412883130391
1.25 1.5 51 52 53.2116456953031 0.1104721921985842
1.25 1.5 52 53 51.28185737746591 0.1077985460692321
1.25 1.5 53 54 49.42004244664028 0.10208124196018
1.25 1.5 54 55 47.62430944506931 0.09373397845813719
1.25 1.5 55 56 45.87956633828102 1.497465948296687
1.25 1.5 56 57 44.21061872776801 1.320156471607651
1.25 1.5 57 58 42.60061108115423 1.159163910398276
1.25 1.5 58 59 41.04773912327258 1.013792820379628
1.25 1.5 59 60 39.55020820833593 0.8833173418820031
1.25 1.5 60 61 38.1062408044277 0.7669857964485935
1.25 1.5 61 62 36.71408323020121 0.6640249097935923
1.25 1.5 62 63 35.37197809978305 0.5734661917552103
1.25 1.5 63 64 34.07745872219277 0.4908144829165815
1.25 1.5 64 65 32.82826875971385 0.4123618136178264
1.25 1.5 65 66 31.62286617470818 0.3385183737019749
1.25 1.5 66 67 30.45872949973773 0.274402752247686
1.25 1.5 67 68 29.33315254209934 0.2188637102189868
1.25 1.5 68 69 28.24132725695667 0.1699290358871972
1.25 1.5 69 70 27.17589953681079 0.1273062317579942
1.25 1.5 70 71 26.13124484397564 0.09130092487541168
1.25 1.5 71 72 25.10573413041529 0.05903553207830891
1.25 1.5 72 73 24.09921651174527 0.0426099480872505
1.25 1.5 73 74 23.11222062106378 0.03493018146310587
1.25 1.5 74 75 22.14556156495597 0.03322790782810985
1.25 1.5 75 76 21.1996125563459 0.03451229312949054
1.25 1.5 76 77 20.27500016803351 0.03719322911169633
1.25 1.5 77 78 19.37243387133761 0.04028132722699303
1.25 1.5 78 79 18.48115198378521 0.5093930918854677
1.25 1.5 79 80 17.62333657120848 0.3986713290621307
1.25 1.5 80 81 16.78940907869892 0.308443721244134
1.25 1.5 81 82 15.97970515301886 0.2365431090404275
1.25 1.5 82 83 15.19448552340567 0.180931838133833
1.25 1.5 83 84 14.43393866341115 0.1396889324136678
1.25 1.5 84 85 13.69818355683467 0.1109749097778042
1.25 1.5 85 86 12.98727255975579 0.09298522436333274
1.25 1.5 86 87 12.30119435009718 0.08395842117596469
1.25 1.5 87 88 11.63987695470865 0.08230179947803246
1.25 1.5 88 89 11.00319084425518 0.08672485213271314
1.25 1.5 89 90 10.39095208368055 0.09620656185457097
1.25 1.5 90 91 9.802913906741946 0.1096689683522012
1.25 1.5 91 92 9.238748904993006 0.1255494463086372
1.25 1.5 92 93 8.69812360446037 0.1429600803832554
1.25 1.5 93 94 8.18067498094182 0.1612801683645926
1.25 1.5 94 95 7.678724314747789 0.128133597508897
1.25 1.5 95 96 7.208396424026375 0.1434509946898191
1.25 1.5 96 97 6.767763313955051 0.01629950433676285
1.25 1.5 97 98 6.337961901884196 0.01466659677218246
1.25 1.5 98 99 5.929069395886263 0.01336655975307275
1.25 1.5 99 100 5.540539838124245 0.01239390117498286
1.5 1.75 51 52 52.5191699519356 0.1034825631630432
1.5 1.75 52 53 50.60482133889616 0.1008208790471809
1.5 1.75 53 54 48.75897709780887 0.09525807819699822
1.5 1.75 54 55 46.97961482726632 0.0871950913460339
1.5 1.75 55 56 45.25678589866675 1.387864863328391
1.5 1.75 56 57 43.60460568936739 1.218955871274804
1.5 1.75 57 58 42.01146293820432 1.065858073767073
1.5 1.75 58 59 40.47547684299028 0.9278782008498215
1.5 1.75 59 60 38.99478660853075 0.8042947793673908
1.5 1.75 60 61 37.56755775349819 0.6943626355740801
1.5 1.75 61 62 36.19198777876944 0.5973170209909896
1.5 1.75 62 63 34.86627772696613 0.512209165366812
1.5 1.75 63 64 33.58793145482497 0.4347537062876491
1.5 1.75 64 65 32.35466604762979 0.3614240364236785
1.5 1.75 65 66 31.16491308461669 0.2926016013200129
1.5 1.75 66 67 30.01614542606949 0.233106592738923
1.5 1.75 67 68 28.90564931697257 0.1818390601485828
1.5 1.75 68 69 27.82865185988857 0.1369296221116993
1.5 1.75 69 70 26.77787135746102 0.09814316835588187
1.5 1.75 70 71 25.747742153546 0.06581958361270107
1.5 1.75 71 72 24.73663804732459 0.03764954098322453
1.5 1.75 72 73 23.74439552351592 0.01714774100549931
1.5 1.75 73 74 22.77151747270651 0.01466524698655301
1.5 1.75 74 75 21.81879110871206 0.02351870478583941
1.5 1.75 75 76 20.88657452217431 0.03135461720540508
1.5 1.75 76 77 19.97547209933438 0.03848072860786066
1.5 1.75 77 78 19.08616956547363 0.04436245479108267
1.5 1.75 78 79 18.17462333114451 0.3457636816809447
1.5 1.75 79 80 17.35095802782928 0.3652023968507189
1.5 1.75 80 81 16.53037628066802 0.2836758811687152
1.5 1.75 81 82 15.73364514139666 0.2194009187446041
1.5 1.75 82 83 14.96101485491136 0.1704089696352146
1.5 1.75 83 84 14.21266546555289 0.1347998118286745
1.5 1.75 84 85 13.48870946166859 0.1106882523224148
1.5 1.75 85 86 12.78919451850609 0.09619441254703495
1.5 1.75 86 87 12.11410633078988 0.08956410104690275
1.5 1.75 87 88 11.46337152545905 0.08936809017701175
1.5 1.75 88 89 10.83686064484764 0.09455848116502459
1.5 1.75 89 90 10.23439118841454 0.1043143328235568
1.5 1.75 90 91 9.655719327384997 0.1176922094731084
1.5 1.75 91 92 9.100522433793561 0.1332455862570956
1.5 1.75 92 93 8.568472049571675 0.150129294235777
1.5 1.75 93 94 8.051063923292702 0.1140465060234646
1.5 1.75 94 95 7.566251228877373 0.1293338677708737
1.5 1.75 95 96 7.11538643081257 0.01286396667363395
1.5 1.75 96 97 6.670951889707645 0.009741248201426399
1.5 1.75 97 98 6.247614611532265 0.006999437604395992
1.5 1.75 98 99 5.844859971205951 0.00472505745897468
1.5 1.75 99 100 5.462150144982195 0.003138771720153026
1.75 2 51 52 51.74319713496828 0.1050856252302007
1.75 2 52 53 49.87049365633163 0.1022972833401732
1.75 2 53 54 48.06504202282565 0.09674996632655197
1.75 2 54 55 46.32481414042979 0.0888310890646533
1.75 2 55 56 44.63144809456699 1.315797323073562
1.75 2 56 57 43.016164672755 1.155024983964269
1.75 2 57 58 41.4587454682044 1.009414241986936
1.75 2 58 59 39.95732114408338 0.8782847931938227
1.75 2 59 60 38.51004562469636 0.7609302433965444
1.75 2 60 61 37.11510184064973 0.6566225225206971
1.75 2 61 62 35.77070687744578 0.5646159447950916
1.75 2 62 63 34.47508426753653 0.4839932696000888
1.75 2 63 64 33.22579034909997 0.4107117722330872
1.75 2 64 65 32.02058901161116 0.3414494608127078
1.75 2 65 66 30.8579323227374 0.2765500565358586
1.75 2 66 67 29.73533982273173 0.2205164224994688
1.75 2 67 68 28.65013341225094 0.1722876930381755
1.75 2 68 69 27.59759696060249 0.1300867583162875
1.75 2 69 70 26.5704921106222 0.09364525286973635
1.75 2 70 71 25.56325783927404 0.06322416965048792
1.75 2 71 72 24.5742402382871 0.03640932287636284
1.75 2 72 73 23.60324909041503 0.01517973819924548
1.75 2 73 74 22.65076134613504 0.01092727112369902
1.75 2 74 75 21.71754694746198 0.01813181156728088
1.75 2 75 76 20.80394654774292 0.02489921996980693
1.75 2 76 77 19.91055228752627 0.03159866021551345
1.75 2 77 78 19.03804421769387 0.03704929752366059
1.75 2 78 79 18.15037111311314 0.3313239309733946
1.75 2 79 80 17.34027976830205 0.3482852699235205
1.75 2 80 81 16.53355063961192 0.2729349829979327
1.75 2 81 82 15.74975755162721 0.2137453148989686
1.75 2 82 83 14.98916389797457 0.1688269550334212
1.75 2 83 84 14.25196537138047 0.1363613384526473
1.75 2 84 85 13.53829241646461 0.1145652741991602
1.75 2 85 86 12.84821278044698 0.1016996644091653
1.75 2 86 87 12.18173415415121 0.09616827098085852
1.75 2 87 88 11.53880689442601 0.09664653278517782
1.75 2 88 89 10.91932681898915 0.1021018915779488
1.75 2 89 90 10.32313806235146 0.1116883158774358
1.75 2 90 91 9.750024821816485 0.1244727977363309
1.75 2 91 92 9.199694112412807 0.1390980250300703
1.75 2 92 93 8.663771592070503 0.1025766929894066
1.75 2 93 94 8.160132691715056 0.116466613914052
1.75 2 94 95 7.678122844087508 0.1304502113292594
1.75 2 95 96 7.224680793860683 0.007732888193903229
1.75 2 96 97 6.782291594230788 0.005027515922103422
1.75 2 97 98 6.360482870930459 0.002968262920140072
1.75 2 98 99 5.958771173906642 0.002387122684411853
1.75 2 99 100 5.576649716002366 0.003210637401997949
2 2.25 51 52 50.54127186627767 0.1011552101061201
2 2.25 52 53 48.6830416878027 0.0983148747131741
2 2.25 53 54 46.89327235965871 0.09288749014852341
2 2.25 54 55 45.16973161933595 0.08524467688939427
2 2.25 55 56 43.49365935306909 1.234296131028885
2 2.25 56 57 41.8965890568377 1.081782247750651
2 2.25 57 58 40.35793293249652 0.9438266245319161
2 2.25 58 59 38.87569682073739 0.8197572972855052
2 2.25 59 60 37.44792485169914 0.708878407673282
2 2.25 60 61 36.0727035153031 0.610474547642176
2 2.25 61 62 34.74816529463379 0.5238147650834768
2 2.25 62 63 33.47245944137127 0.4480091111197848
2 2.25 63 64 32.24307905598081 0.379253184014417
2 2.25 64 65 31.05773087359968 0.3144264285242563
2 2.25 65 66 29.91481668544594 0.2538319680293952
2 2.25 66 67 28.81183072656783 0.2016354652700427
2 2.25 67 68 27.74607584344581 0.1568248898757745
2 2.25 68 69 26.7128987057848 0.1177237757667452
2 2.25 69 70 25.70523181664903 0.08404761246487782
2 2.25 70 71 24.71767611774029 0.05600044281427139
2 2.25 71 72 23.74861967203335 0.03125451526396535
2 2.25 72 73 22.79786710308307 0.01125937867554881
2 2.25 73 74 21.86585816425933 0.01076235584894151
2 2.25 74 75 20.95331142580032 0.01653032968265258
2 2.25 75 76 20.06054026440724 0.02274235547408601
2 2.25 76 77 19.18809297195807 0.02872961411537478
2 2.25 77 78 18.3365988086174 0.033478647417019
2 2.25 78 79 17.47495051109774 0.3032721938150919
2 2.25 79 80 16.68613008378764 0.3239759008684182
2 2.25 80 81 15.90034125719882 0.256810449935265
2 2.25 81 82 15.13736132188046 0.204529357534225
2 2.25 82 83 14.39741741984881 0.1652995861332185
2 2.25 83 84 13.68067143338711 0.1373634144427613
2 2.25 84 85 12.98722238143893 0.1190380252240056
2 2.25 85 86 12.31710891299401 0.1087572004526729
2 2.25 86 87 11.67031188972378 0.1051451470733558
2 2.25 87 88 11.04675704880034 0.1070562661481304
2 2.25 88 89 10.44631773707927 0.1135351085962713
2 2.25 89 90 9.868817704989169 0.1237383151737446
2 2.25 90 91 9.314022643563085 0.1367335274373511
2 2.25 91 92 8.772555561002978 0.1042448812821103
2 2.25 92 93 8.264289914621324 0.1175518921010944
2 2.25 93 94 7.777612718328218 0.1311123209522048
2 2.25 94 95 7.317534221575087 0.006366032661645971
2 2.25 95 96 6.870507134217501 0.00354876539763293
2 2.25 96 97 6.444073799326935 0.002263489823036787
2 2.25 97 98 6.037770325801217 0.00216794278070046
2 2.25 98 99 5.651107977074989 0.003171440721867975
2 2.25 99 100 5.283576196100569 0.004852318194317228
2.25 2.5 51 52 49.00578622625264 0.0954600908430914
2.25 2.5 52 53 47.18645734904223 0.09261583621561316
2.25 2.5 53 54 45.43540912130365 0.08735070561043527
2.25 2.5 54 55 43.75029313199894 0.08002099613986358
2.25 2.5 55 56 42.11419197771974 1.12780322386526
2.25 2.5 56 57 40.55468557966901 0.9844830424413193
2.25 2.5 57 58 39.05308035011954 0.855072389521874
2.25 2.5 58 59 37.60732335439812 0.7389092870285269
2.25 2.5 59 60 36.21541021447273 0.6353100950104813
2.25 2.5 60 61 34.87538788168069 0.5435737320902265
2.25 2.5 61 62 33.58535709834145 0.4629855539421751
2.25 2.5 62 63 32.34344324084965 0.3926859630881913
2.25 2.5 63 64 31.14714932062257 0.3291488009405717
2.25 2.5 64 65 29.99419130777035 0.269494459763101
2.25 2.5 65 66 28.88296032787429 0.2139918147983118
2.25 2.5 66 67 27.81098777403282 0.1664230591280843
2.25 2.5 67 68 26.77561965391686 0.1258464388906214
2.25 2.5 68 69 25.77233649481372 0.09073625194565051
2.25 2.5 69 70 24.79429219591778 0.06090879539698388
2.25 2.5 70 71 23.83624417735037 0.036752535640254
2.25 2.5 71 72 22.89659468318555 0.02122963270364583
2.25 2.5 72 73 21.97511648280074 0.02346289536437634
2.25 2.5 73 74 21.07219753723663 0.02917223467060999
2.25 2.5 74 75 20.1885009959911 0.03372472988247016
2.25 2.5 75 76 19.32429185933923 0.03719582213015199
2.25 2.5 76 77 18.48006876700835 0.0399048183461605
2.25 2.5 77 78 17.61780847057285 0.2968206568210291
2.25 2.5 78 79 16.81347182809657 0.223933493245947
2.25 2.5 79 80 16.05138719912491 0.2615526240705491
2.25 2.5 80 81 15.29253855570477 0.2044454172621939
2.25 2.5 81 82 14.5559212724354 0.1613306987474178
2.25 2.5 82 83 13.84173575319416 0.1303481398641906
2.25 2.5 83 84 13.15012040892281 0.1095098032127227
2.25 2.5 84 85 12.48115393952549 0.09673938809121471
2.25 2.5 85 86 11.83485770944391 0.09014097875534573
2.25 2.5 86 87 11.21119820940235 0.08832894470165806
2.25 2.5 87 88 10.61008959573424 0.09050480243137102
2.25 2.5 88 89 10.0313962988708 0.09622676339878482
2.25 2.5 89 90 9.474935689630101 0.105108526533945
2.25 2.5 90 91 8.931702464999974 0.05677412467245412
2.25 2.5 91 92 8.42096009874942 0.06974130839952557
2.25 2.5 92 93 7.931447540687342 0.08320399861377938
2.25 2.5 93 94 7.462814636253261 0.0967075526877339
2.25 2.5 94 95 7.022914691766513 0.01047349801508511
2.25 2.5 95 96 6.592571904410242 0.008486328029699569
2.25 2.5 96 97 6.182144074211985 0.006882149558045529
2.25 2.5 97 98 5.791175320347193 0.005711075215100977
2.25 2.5 98 99 5.419186393584248 0.00523496645444116
2.25 2.5 99 100 5.065677573699402 0.004920060511769218
2.5 2.75 51 52 47.59278222960802 0.1029677047656074
2.5 2.75 52 53 45.79575740099688 0.09917943356782762
2.5 2.75 53 54 44.06800514635931 0.09420144097977112
2.5 2.75 54 55 42.40697194004746 0.08825263154396584
2.5 2.75 55 56 40.75560266166212 0.8182184957535739
2.5 2.75 56 57 39.2610516605679 0.9033702462717553
2.5 2.75 57 58 37.78499238769867 0.7820778956663212
2.5 2.75 58 59 36.3650113900453 0.673379986403895
2.5 2.75 59 60 34.99899865455647 0.576607295181892
2.5 2.75 60 61 33.68490904528875 0.4910751584726123
2.5 2.75 61 62 32.42076316532821 0.4160872666205659
2.5 2.75 62 63 31.20461772527439 0.3508169651748063
2.5 2.75 63 64 30.03394146854205 0.292028025114126
2.5 2.75 64 65 28.90641900840107 0.2370880913394346
2.5 2.75 65 66 27.8203954101479 0.1862222290603443
2.5 2.75 66 67 26.77340034618044 0.1428091786107102
2.5 2.75 67 68 25.76278379421544 0.1059717553581612
2.5 2.75 68 69 24.78411939604125 0.07432692359270188
2.5 2.75 69 70 23.83074934383269 0.04775013194193823
2.5 2.75 70 71 22.89757907724847 0.0346265158435978
2.5 2.75 71 72 21.98302726848446 0.03173655560778756
2.5 2.75 72 73 21.08683914915562 0.03433991089092846
2.5 2.75 73 74 20.20934894357453 0.03808581497754603
2.5 2.75 74 75 19.35115800755513 0.04077166356136503
2.5 2.75 75 76 18.51248874626112 0.04262220973317615
2.5 2.75 76 77 17.65771405628991 0.318918082245079
2.5 2.75 77 78 16.85786760111042 0.2405104241324419
2.5 2.75 78 79 16.07965365275636 0.1765322886007999
2.5 2.75 79 80 15.34283809883309 0.2148736924482777
2.5 2.75 80 81 14.60916527965009 0.1667646338676275
2.5 2.75 81 82 13.8974298172392 0.1314986971404994
2.5 2.75 82 83 13.20779331725291 0.1071639664645784
2.5 2.75 83 84 12.54035858303735 0.09160333575519519
2.5 2.75 84 85 11.89517181224667 0.08259366063344914
2.5 2.75 85 86 11.27222488383975 0.07830589628912193
2.5 2.75 86 87 10.67145772794952 0.0776519594447582
2.5 2.75 87 88 10.09276077060544 0.08020294187234903
2.5 2.75 88 89 9.535977444839173 0.08580647009332619
2.5 2.75 89 90 8.991869684722495 0.03700936339740949
2.5 2.75 90 91 8.480244300267705 0.0486278557617678
2.5 2.75 91 92 7.989642066285645 0.06116322834698741
2.5 2.75 92 93 7.519708345647992 0.07400658233407788
2.5 2.75 93 94 7.070086999521696 0.08677285198015651
2.5 2.75 94 95 6.64439156910025 0.009674867512943186
2.5 2.75 95 96 6.232124188340223 0.008436559463812165
2.5 2.75 96 97 5.839197272225996 0.007812243844346676
2.5 2.75 97 98 5.465152626032769 0.007295321073963673
2.5 2.75 98 99 5.109510469415632 0.007246442458965697
2.5 2.75 99 100 4.771772222653402 0.007392484287706825
2.75 3 51 52 45.41271131872084 0.1194789800934317
2.75 3 52 53 43.6528506141772 0.1143171458582495
2.75 3 53 54 41.96309492085695 0.1083722755262804
2.75 3 54 55 40.3406634456245 0.1018052323050046
2.75 3 55 56 38.7315666232444 0.7482193235578402
2.75 3 56 57 37.27311724436625 0.8207058320228203
2.75 3 57 58 35.83648073983238 0.7074766944171167
2.75 3 58 59 34.45592302772269 0.606162042105631
2.75 3 59 60 33.12922162311204 0.5161106309067669
2.75 3 60 61 31.85423422678396 0.4366577089930478
2.75 3 61 62 30.62889772717611 0.3671287177526999
2.75 3 62 63 29.45119830365869 0.3067348224383187
2.75 3 63 64 28.31857915076343 0.252566416420018
2.75 3 64 65 27.22870188256852 0.2022722174782567
2.75 3 65 66 26.17986669226953 0.1560356291274989
2.75 3 66 67 25.16962038016147 0.1167872618870754
2.75 3 67 68 24.19534427670857 0.0837507753995153
2.75 3 68 69 23.25277638893517 0.05577996991703189
2.75 3 69 70 22.33557958740028 0.0422136637931212
2.75 3 70 71 21.43891457009008 0.03774845930462419
2.75 3 71 72 20.56124647488299 0.03856701653598719
2.75 3 72 73 19.70229155583277 0.04204723374615358
2.75 3 73 74 18.86231418003962 0.04521069333462276
2.75 3 74 75 18.04182981246613 0.04699679803491397
2.75 3 75 76 17.24100225480263 0.04790348497630063
2.75 3 76 77 16.41999583170373 0.2447732527358769
2.75 3 77 78 15.65886449214882 0.1764956674414578
2.75 3 78 79 14.91921253486748 0.1215058495833311
2.75 3 79 80 14.22022901111558 0.1570197831299387
2.75 3 80 81 13.52417280964932 0.1190927282495533
2.75 3 81 82 12.84973146439592 0.09329851039788502
2.75 3 82 83 12.19700583037396 0.07742458603955545
2.75 3 83 84 11.56604214211077 0.0685709072568024
2.75 3 84 85 10.95683415169073 0.06390882985541765
2.75 3 85 86 10.36932534928536 0.06160301373962988
2.75 3 86 87 9.803411259052783 0.06107854690919565
2.75 3 87 88 9.258941802480798 0.06260744885073313
2.75 3 88 89 8.726661607577462 0.01214273466922497
2.75 3 89 90 8.226333628864806 0.01907554751669605
2.75 3 90 91 7.746687013904223 0.02983233989770923
2.75 3 91 92 7.287307021393886 0.04179452559082165
2.75 3 92 93 6.847824556589592 0.05402237612488096
2.75 3 93 94 6.42786708710898 0.06607018963679043
2.75 3 94 95 6.030546392751106 0.007011794954141626
2.75 3 95 96 5.646485001710255 0.005639655870792844
2.75 3 96 97 5.280941195146719 0.005032215549076778
2.75 3 97 98 4.933448426522514 0.004528779196133472
2.75 3 98 99 4.603521285731903 0.004742399530314129
2.75 3 99 100 4.290658146560377 0.005778739166274401
3 3.25 51 52 42.02429921210076 0.1398016340869223
3 3.25 52 53 40.33601325415147 0.1330089502129344
3 3.25 53 54 38.717609310062 0.1258029764065645
3 3.25 54 55 37.16610355374164 0.1182912382738789
3 3.25 55 56 35.63068707918033 0.6888781231178928
3 3.25 56 57 34.20859211624804 0.5950626976876445
3 3.25 57 58 32.87061228393799 0.6412303435539775
3 3.25 58 59 31.55796594018618 0.5471433825977919
3 3.25 59 60 30.29818170696469 0.4635912817852166
3 3.25 60 61 29.08904650161231 0.389936992974671
3 3.25 61 62 27.92843960907191 0.3255353842586959
3 3.25 62 63 26.81430314296695 0.2696452225400168
3 3.25 63 64 25.74409655186029 0.2197354124394695
3 3.25 64 65 24.71549694449652 0.1737774562916186
3 3.25 65 66 23.72678369560815 0.1319051830888303
3 3.25 66 67 22.77556829785837 0.09653920353071603
3 3.25 67 68 21.85932042162998 0.06703473748413692
3 3.25 68 69 20.97405567729847 0.05251405363974521
3 3.25 69 70 20.1139471064028 0.04531920884957189
3 3.25 70 71 19.27455935901349 0.04335666033018703
3 3.25 71 72 18.45444773274054 0.04481628647178299
3 3.25 72 73 17.65330191262453 0.04760764503405516
3 3.25 73 74 16.87130012382659 0.04974372910627595
3 3.25 74 75 16.10884596411532 0.05060539997466066
3 3.25 75 76 15.36603046467961 0.05066469951871425
3 3.25 76 77 14.60135646328352 0.1685759697342372
3 3.25 77 78 13.8985013985404 0.1105761500391405
3 3.25 78 79 13.21677363263801 0.06511931929678715
3 3.25 79 80 12.5735826238156 0.09618655022655072
3 3.25 80 81 11.93410300595479 0.07240302896368481
3 3.25 81 82 11.31563713940932 0.06136794061512478
3 3.25 82 83 10.77542027843584 0.1508928108377056
3 3.25 83 84 10.13177462235682 0.07688556782959921
3 3.25 84 85 9.542798056993774 0.0440094186381843
3 3.25 85 86 9.002675250891466 0.03847349321576583
3 3.25 86 87 8.506076035871425 0.04635644373453696
3 3.25 87 88 8.048139423271124 0.07316220653052265
3 3.25 88 89 7.544768333339396 0.07364089165317519
3 3.25 89 90 7.112173730513883 0.01097645044428055
3 3.25 90 91 6.679874597762907 0.007111109015768756
3 3.25 91 92 6.266676267035069 0.01631334175458899
3 3.25 92 93 5.872189907547696 0.02757508280247998
3 3.25 93 94 5.496021622851701 0.03875080425486926
3 3.25 94 95 5.140415006139762 0.003813879104753127
3 3.25 95 96 4.797891880124174 0.00285296024376375
3 3.25 96 97 4.47262973797999 0.003474805828008066
3 3.25 97 98 4.164153929111039 0.004170237994531704
3 3.25 98 99 3.871624409538251 0.002917436620822914
3 3.25 99 100 3.595186353284498 0.003780701714779605
3.25 3.5 51 52 36.92626796929116 0.1165104822635864
3.25 3.5 52 53 35.37236863894829 0.1093802523990836
3.25 3.5 53 54 33.88559813398169 0.1018996224765262
3.25 3.5 54 55 32.46288019718421 0.09414198020073165
3.25 3.5 55 56 31.10117125332941 0.08636226512202361
3.25 3.5 56 57 29.79722114602328 0.07927169598386476
3.25 3.5 57 58 28.51211788474711 0.4619523403382869
3.25 3.5 58 59 27.34045331071364 0.4893989679760848
3.25 3.5 59 60 26.19491910979983 0.4127871660844063
3.25 3.5 60 61 25.09714475306169 0.3452558008274502
3.25 3.5 61 62 24.04503004335541 0.2861998862535259
3.25 3.5 62 63 23.03654857409754 0.2349388567330274
3.25 3.5 63 64 22.06927038210583 0.1893779034256249
3.25 3.5 64 65 21.14097453564825 0.1478506652360269
3.25 3.5 65 66 20.24998279587341 0.11041858838723
3.25 3.5 66 67 19.39406233396941 0.07891370996701896
3.25 3.5 67 68 18.57087079192599 0.05282160624066575
3.25 3.5 68 69 17.77686458707365 0.03166995038113118
3.25 3.5 69 70 17.00697576130651 0.01724469614788482
3.25 3.5 70 71 16.25736545644081 0.01956733682346502
3.25 3.5 71 72 15.52674176602314 0.02602182986325322
3.25 3.5 72 73 14.81477929697083 0.03222060166671324
3.25 3.5 73 74 14.12155912706697 0.03700952941942853
3.25 3.5 74 75 13.44735051348822 0.04038003193556543
3.25 3.5 75 76 12.75221481337773 0.1495204204674467
3.25 3.5 76 77 12.11568165776901 0.09013173103390397
3.25 3.5 77 78 11.49927231461613 0.04347687844505609
3.25 3.5 78 79 10.91836151628751 0.05881540108869161
3.25 3.5 79 80 10.34187099334675 0.04686271235051882
3.25 3.5 80 81 9.733966479268549 0.03084053612889226
3.25 3.5 81 82 9.18760945004405 0.1071640613087871
3.25 3.5 82 83 8.730789326058717 0.06924927495080077
3.25 3.5 83 84 8.232982194533434 0.07255263702442021
3.25 3.5 84 85 7.754561731770395 0.07196285622667468
3.25 3.5 85 86 7.295337034301374 0.06817352418149755
3.25 3.5 86 87 6.85508215690738 0.06189689578399108
3.25 3.5 87 88 6.433538218283218 0.05438445743265109
3.25 3.5 88 89 6.027011962975138 0.04444197213134451
3.25 3.5 89 90 5.643669696424298 0.03165366067518401
3.25 3.5 90 91 5.240175240803431 0.0118433701462359
3.25 3.5 91 92 4.928991327540294 0.009115350641745321
3.25 3.5 92 93 4.597084725404938 0.002422025920154321
3.25 3.5 93 94 4.281612176711716 0.01228811384505505
3.25 3.5 94 95 3.982030260094443 0.0220531918494743
3.25 3.5 95 96 3.697851096396693 0.004033434074154287
3.25 3.5 96 97 3.427777478493218 0.004560430385451744
3.25 3.5 97 98 3.172563911987209 0.00530840087357228
3.25 3.5 98 99 2.931729944965662 0.005955617737790711
3.25 3.5 99 100 2.704786886729373 0.006463607903875725
3.5 3.75 51 52 29.91868316793519 0.05998173075809925
3.5 3.75 52 53 28.58606673208248 0.05792937593888932
3.5 3.75 53 54 27.31375041628093 0.05452555437304205
3.5 3.75 54 55 26.09878149768104 0.05001214832114729
3.5 3.75 55 56 24.93826730467458 0.04488720810161814
3.5 3.75 56 57 23.82916315758759 0.04048611101239583
3.5 3.75 57 58 22.76891614040661 0.0370437493521409
3.5 3.75 58 59 21.75522391698271 0.03442505867913934
3.5 3.75 59 60 20.75802099822041 0.2949912940394989
3.5 3.75 60 61 19.8480794950812 0.3036129384518697
3.5 3.75 61 62 18.96158883555626 0.2506423373255021
3.5 3.75 62 63 18.11338336734348 0.2045914915888079
3.5 3.75 63 64 17.30129024314084 0.1638580267030388
3.5 3.75 64 65 16.52332452921304 0.1271729883718723
3.5 3.75 65 66 15.77795652522653 0.09450019173015473
3.5 3.75 66 67 15.06323893150526 0.06700431333216789
3.5 3.75 67 68 14.37715220659231 0.04423551879461259
3.5 3.75 68 69 13.71678308386613 0.02950769338938316
3.5 3.75 69 70 13.07808464140673 0.02812875894207957
3.5 3.75 70 71 12.45801214899873 0.03156664051516621
3.5 3.75 71 72 11.85549784379998 0.03661402272073923
3.5 3.75 72 73 11.27022345854535 0.04142525968537695
3.5 3.75 73 74 10.70217542921955 0.04508737863808323
3.5 3.75 74 75 10.15148139800384 0.04751224336886477
3.5 3.75 75 76 9.584569230703481 0.07201578461913644
3.5 3.75 76 77 9.079165376445854 0.04009191794533215
3.5 3.75 77 78 8.580916684619552 0.04258411667710919
3.5 3.75 78 79 7.977219522340468 0.07715382641296865
3.5 3.75 79 80 7.666754496359186 0.06889353760240571
3.5 3.75 80 81 7.221287500120529 0.03640904539914959
3.5 3.75 81 82 6.78296619102732 0.02824551526269819
3.5 3.75 82 83 6.370784499016002 0.02562507439578695
3.5 3.75 83 84 5.975496063778536 0.02278513513225888
3.5 3.75 84 85 5.596914507930168 0.01984227330454191
3.5 3.75 85 86 5.234821878607104 0.01690059316877884
3.5 3.75 86 87 4.889351196000556 0.01402279652073087
3.5 3.75 87 88 4.559084411145427 0.01139968053828032
3.5 3.75 88 89 4.243240496458129 0.009016679117388548
3.5 3.75 89 90 3.94598084213059 0.007097597063244943
3.5 3.75 90 91 3.662091529656178 0.005763143924246934
3.5 3.75 91 92 3.392826109272664 0.005196423420304032
3.5 3.75 92 93 3.137801883694188 0.005417835953325532
3.5 3.75 93 94 2.892359500811177 0.005954760199830284
3.5 3.75 94 95 2.668473456781083 0.006309884968692311
3.5 3.75 95 96 2.454145369868184 0.007309754163065257
3.5 3.75 96 97 2.25199777404817 0.00789355913297967
3.5 3.75 97 98 2.061997000350013 0.00834191766484218
3.5 3.75 98 99 1.883700674441326 0.008646497525591783
3.5 3.75 99 100 1.716662859401606 0.008811233465061286
3.75 4 51 52 21.43229776855694 0.1624319250106075
3.75 4 52 53 20.4142851595546 0.1608762859498403
3.75 4 53 54 19.44466154793128 0.1590799426420731
3.75 4 54 55 18.52153302322847 0.03915652604590635
3.75 4 55 56 17.64115203403366 0.03533381543702246
3.75 4 56 57 16.80163770749145 0.03199260981862046
3.75 4 57 58 16.00085273140058 0.02929033620195727
3.75 4 58 59 15.23687606563131 0.02712802908814097
3.75 4 59 60 14.50788823889794 0.02540743502600362
3.75 4 60 61 13.81204863150171 0.02373824003973057
3.75 4 61 62 13.14756164242383 0.02167635746607498
3.75 4 62 63 12.49565241950542 0.1452235804645964
3.75 4 63 64 11.8912570422311 0.1156808101231517
3.75 4 64 65 11.31994035024989 0.107184097279769
3.75 4 65 66 10.76652814615536 0.08004856552463477
3.75 4 66 67 10.23702558615926 0.05717205034869937
3.75 4 67 68 9.729877184281644 0.03814142442405501
3.75 4 68 69 9.242956644715861 0.02250583692398662
3.75 4 69 70 8.77341262401497 0.01041563160778174
3.75 4 70 71 8.31911747307818 0.005655023724667965
3.75 4 71 72 7.879283689795795 0.01097332918631563
3.75 4 72 73 7.453631213142835 0.01647118121247818
3.75 4 73 74 7.042076213218962 0.02032580400635361
3.75 4 74 75 6.628286953810277 0.04024963549011697
3.75 4 75 76 6.238146494490872 0.006077970157650042
3.75 4 76 77 5.868635258364356 0.03225772629008326
3.75 4 77 78 5.53644599752433 0.02285114962332047
3.75 4 78 79 5.19477606287454 0.02187919020874487
3.75 4 79 80 4.866141481148589 0.02081824345055542
3.75 4 80 81 4.551688917749827 0.01891207175101685
3.75 4 81 82 4.249781919529838 0.001627716282325831
3.75 4 82 83 3.961915457085808 0.001033757837075216
3.75 4 83 84 3.687153612945551 0.001772114794225099
3.75 4 84 85 3.425273033887752 0.002953092242053624
3.75 4 85 86 3.176030057296385 0.004157016628879813
3.75 4 86 87 2.933964982235783 0.01071567938407482
3.75 4 87 88 2.709057608710269 0.004425867480609432
3.75 4 88 89 2.501161537288985 0.01692895642227175
3.75 4 89 90 2.292681293030407 0.01218880137950137
3.75 4 90 91 2.10162347682475 0.01909209442240572
3.75 4 91 92 1.933963408827102 0.01531342753378669
3.75 4 92 93 1.766094703858573 0.00997342327391762
3.75 4 93 94 1.613836721679775 0.01779985440526896
3.75 4 94 95 1.459941564104288 0.0167491969322475
3.75 4 95 96 1.314058740305417 0.01208102598991805
3.75 4 96 97 1.183559261501991 0.01229498500167266
3.75 4 97 98 1.061807603716453 0.0123618911509625
3.75 4 98 99 0.9484430659676231 0.01229399914085636
3.75 4 99 100 0.8431052176848333 0.01210586427090437
4 5 51 52 16.04144819022819 0.07397578764154299
4 5 52 53 15.11841242566024 0.07228414340419552
4 5 53 54 14.24365964648767 0.06962777268131599
4 5 54 55 13.41447601350994 0.06620937429184665
4 5 55 56 12.62822795295149 0.06235005805731442
4 5 56 57 11.88214414240708 0.05873303520917925
4 5 57 58 11.17397817677756 0.05546572876295803
4 5 58 59 10.50174409357936 0.05247564776449966
4 5 59 60 9.863569766352086 0.04969475842912698
4 5 60 61 9.258565969589242 0.04692432764506236
4 5 61 62 8.681929631029949 0.04397287265110208
4 5 62 63 8.134376386344325 0.04082984943757283
4 5 63 64 7.615589783795801 0.03797555127446389
4 5 64 65 7.121864275335478 0.03543248816975484
4 5 65 66 6.666619545655383 0.01484650659301255
4 5 66 67 6.21928063898836 0.01467124711932379
4 5 67 68 5.79507258773894 0.01452476767707792
4 5 68 69 5.385060794806074 0.008989884631208969
4 5 69 70 4.99660106942211 0.008105868735482909
4 5 70 71 4.628398806326224 0.008296267100673139
4 5 71 72 4.276224677335801 0.009765613750544598
4 5 72 73 3.94331802596915 0.01375130061643187
4 5 73 74 3.62118591843793 0.01349449221332479
4 5 74 75 3.304555205061391 0.0173132505722451
4 5 75 76 3.013074927865293 0.01622173304493424
4 5 76 77 2.723718335031478 0.02709879614733275
4 5 77 78 2.45397900523349 0.05199778161790947
4 5 78 79 2.206873069007317 0.04653756555719698
4 5 79 80 1.973513713953995 0.04237940402844782
4 5 80 81 1.75356815167849 0.03984924947813857
4 5 81 82 1.546685255644594 0.03909451566993932
4 5 82 83 1.352487931022136 0.03996143192761151
4 5 83 84 1.170597655252791 0.04285829553500248
4 5 84 85 1.000631783034602 0.04573488906768412
4 5 85 86 0.8500538693406581 0.01217363693305161
4 5 86 87 0.355083349720057 0.01551881381513227
4 5 87 88 0.5658754973776574 0.01650711689753418
4 5 88 89 0.4395048754087689 0.01930847036220036
4 5 89 90 0.3230533776335207 0.02169963112595721
4 5 90 91 0.2160967453636982 0.02364987750233025
4 5 91 92 0.09409916826039577 0.02597085499022403
4 5 92 93 0.003684799781979109 0.01182016025116144
4 5 93 94 -0.03648322686485095 0.03522924100489623
4 5 94 95 -0.1038530863034275 0.04168285416886532
4 5 95 96 -0.1441101041623734 0.02766906511582509
4 5 96 97 -0.2040941926166555 0.03689703871009293
4 5 97 98 -0.2577055976824365 0.04904604095196401
4 5 98 99 -0.348018508462471 0.02604891236573055
4 5 99 100 -0.3881641882131772 0.02519426735200666
-5 5 51 100 32788.1250793416 14.52678354200769
