#ylo yhi qTlo qThi PDF0  uncertainty
-5 -4 0 1 -1023.960779650759 2.792311074593661
-5 -4 1 2 -4475.276407036644 7.441817606077063
-5 -4 2 3 -2567.055000031017 5.573926495316423
-5 -4 3 4 -1404.60282652519 4.178513770515059
-5 -4 4 5 -772.1164068862022 3.119321150945052
-5 -4 5 6 -416.7157547895467 2.35815491936729
-5 -4 6 7 -210.4625861028123 1.84555431747708
-5 -4 7 8 -87.55177633349626 1.496448415506126
-5 -4 8 9 -12.91370286280494 1.249669741708554
-5 -4 9 10 32.80533108175632 1.066630572542478
-5 -4 10 11 60.6411520652822 0.9261462159902846
-5 -4 11 12 77.20541532708296 0.8167111008285619
-5 -4 12 13 86.54066123373491 0.7285467156481458
-5 -4 13 14 91.16871493898623 0.6553184228215764
-5 -4 14 15 92.70557484099123 0.5940963180041341
-5 -4 15 16 92.21685046255794 0.5427527667256645
-5 -4 16 17 90.41565156507045 0.4989260364439058
-5 -4 17 18 87.78104416710028 0.4606388350834714
-5 -4 18 19 84.63633101660685 0.4267267903366275
-5 -4 19 20 81.20165369808376 0.3965776110399388
-5 -4 20 21 77.62806462446733 0.3697281325113376
-5 -4 21 22 74.01919518858634 0.3457014756116912
-5 -4 22 23 70.4454326783351 0.3240380570195897
-5 -4 23 24 66.95367224080863 0.3043584569919475
-5 -4 24 25 63.57424562305158 0.2863805161282205
-5 -4 25 26 60.32586463035241 0.2698971325485709
-5 -4 26 27 57.21911397800247 0.2547452585533573
-5 -4 27 28 54.25890030496743 0.2407846987799141
-5 -4 28 29 51.44617221145636 0.2278892680345201
-5 -4 29 30 48.77914011581127 0.2159453442429924
-5 -4 30 31 46.25415181058359 0.2048526163136039
-5 -4 31 32 43.86632629485642 0.1945242563616676
-5 -4 32 33 41.61001372141689 0.1848858905716525
-5 -4 33 34 39.47912792107068 0.1758737860214395
-5 -4 34 35 37.46738472953614 0.1674328573109902
-5 -4 35 36 35.56847064083594 0.1595149030244313
-5 -4 36 37 33.77616014625288 0.1520772340113172
-5 -4 37 38 32.08439551329441 0.145081682408349
-5 -4 38 39 30.48733922189845 0.1384939054366275
-5 -4 39 40 28.97940658788449 0.1322828864048891
-5 -4 40 41 27.55528413652674 0.1264205551424465
-5 -4 41 42 26.20993773428516 0.1208814771987308
-5 -4 42 43 24.93861344992258 0.1156425821989818
-5 -4 43 44 23.7368333318273 0.1106829200165275
-5 -4 44 45 22.60038766378933 0.1059834366383755
-5 -4 45 46 21.52486644871699 0.1019176666226565
-5 -4 46 47 20.50709932266101 0.09988529417427701
-5 -4 47 48 19.54320070755065 0.09987102532612879
-5 -4 48 49 18.62996798746533 0.1014522458331306
-5 -4 49 50 17.76396474800545 0.1034141841956536
-4 -3.75 0 1 -327.6195155639948 1.812630919440864
-4 -3.75 1 2 -4048.823916746793 28.54729592329786
-4 -3.75 2 3 -2817.51862101313 13.37517509242871
-4 -3.75 3 4 -1718.744442506365 7.862305708602891
-4 -3.75 4 5 -1050.861607442239 5.148399247978315
-4 -3.75 5 6 -646.1557786474016 3.591768185963416
-4 -3.75 6 7 -395.2070297362561 2.611021073669207
-4 -3.75 7 8 -235.5867233794108 1.952554373561446
-4 -3.75 8 9 -131.749446899373 1.489631807662714
-4 -3.75 9 10 -62.97373238514422 1.153117371897664
-4 -3.75 10 11 -16.87302063094046 0.9020490532362569
-4 -3.75 11 12 14.22369759120602 0.7111722314073946
-4 -3.75 12 13 35.18583459786646 0.5641198953201481
-4 -3.75 13 14 49.18590773704341 0.4499870312655789
-4 -3.75 14 15 58.33772737067068 0.3613532689203683
-4 -3.75 15 16 64.07767182931411 0.2931059253579046
-4 -3.75 16 17 67.39862065075488 0.2620102376361056
-4 -3.75 17 18 68.99708048061564 0.2418209829806387
-4 -3.75 18 19 69.36784234827144 0.2236759108092529
-4 -3.75 19 20 68.86615423426247 0.207306207165273
-4 -3.75 20 21 67.74932821337006 0.1924863662175053
-4 -3.75 21 22 66.20505869129397 0.1790260766365629
-4 -3.75 22 23 64.37099153811482 0.1667638054519794
-4 -3.75 23 24 62.34843396779689 0.1575062079947834
-4 -3.75 24 25 60.21207910890354 0.1610371676472601
-4 -3.75 25 26 58.01698120066456 0.1647663507427615
-4 -3.75 26 27 55.80360942372673 0.1683324959505583
-4 -3.75 27 28 53.60154302945472 0.1715402227457588
-4 -3.75 28 29 51.43219526046914 0.1742959870939409
-4 -3.75 29 30 49.31083609128078 0.176566992186209
-4 -3.75 30 31 47.24810417258723 0.1783556461944521
-4 -3.75 31 32 45.25114354022926 0.1796839332311341
-4 -3.75 32 33 43.32446256850025 0.1805839420144194
-4 -3.75 33 34 41.47058588603979 0.1810921821697629
-4 -3.75 34 35 39.69055098584454 0.1812462233695069
-4 -3.75 35 36 37.9842876496032 0.1810827592410905
-4 -3.75 36 37 36.35090848342446 0.1806365444403163
-4 -3.75 37 38 34.78893171756128 0.1799398650755099
-4 -3.75 38 39 33.29645216066835 0.179022331745362
-4 -3.75 39 40 31.87127231186325 0.1779108647093622
-4 -3.75 40 41 30.51100279989906 0.1766297895409078
-4 -3.75 41 42 29.21313907648293 0.1752009924467989
-4 -3.75 42 43 27.97511973550309 0.1736441042450666
-4 -3.75 43 44 26.79437058711585 0.1719766936163268
-4 -3.75 44 45 25.66833764265485 0.1702144581565609
-4 -3.75 45 46 24.59404056537954 0.1684284738505898
-4 -3.75 46 47 23.56983415041947 0.1668302529402771
-4 -3.75 47 48 22.59288267157835 0.1654342165887819
-4 -3.75 48 49 21.66091087278244 0.1642199380458434
-4 -3.75 49 50 20.77153049584724 0.1630165599149525
-3.75 -3.5 0 1 187.5882124595856 1.599436396421299
-3.75 -3.5 1 2 -4710.946348645673 24.66314540215053
-3.75 -3.5 2 3 -3713.199490055794 16.35424853485806
-3.75 -3.5 3 4 -2385.922862030713 11.582132947543
-3.75 -3.5 4 5 -1523.946373482371 8.696289195965273
-3.75 -3.5 5 6 -981.0227317190174 6.802609757344323
-3.75 -3.5 6 7 -634.0841923785617 5.481163378500654
-3.75 -3.5 7 8 -407.3735650401111 4.515814693747886
-3.75 -3.5 8 9 -255.9569536160577 3.785313885069935
-3.75 -3.5 9 10 -152.8891628867746 3.217128441193741
-3.75 -3.5 10 11 -81.71009306433416 2.765175390666117
-3.75 -3.5 11 12 -32.03011565458519 2.399029374277378
-3.75 -3.5 12 13 2.855999172080601 2.097806838290782
-3.75 -3.5 13 14 27.384362006929 1.846742381121486
-3.75 -3.5 14 15 44.55410383253718 1.635125528411056
-3.75 -3.5 15 16 56.43239027163145 1.455014389707155
-3.75 -3.5 16 17 64.46854506406521 1.300406493185693
-3.75 -3.5 17 18 69.6940507855337 1.166688659369534
-3.75 -3.5 18 19 72.85268621228363 1.050262674288355
-3.75 -3.5 19 20 74.48691381104436 0.9482848456359959
-3.75 -3.5 20 21 74.99628005089318 0.8584811724948072
-3.75 -3.5 21 22 74.67755481306074 0.7790138331813752
-3.75 -3.5 22 23 73.75273756965373 0.7083831948130492
-3.75 -3.5 23 24 72.3888663133406 0.6453548501221972
-3.75 -3.5 24 25 70.71220333411173 0.5889045735739934
-3.75 -3.5 25 26 68.818509280412 0.5381762968674975
-3.75 -3.5 26 27 66.78056099716412 0.4924496705346383
-3.75 -3.5 27 28 64.65370426342662 0.4511147720097977
-3.75 -3.5 28 29 62.47999026913274 0.4136522009441508
-3.75 -3.5 29 30 60.2912810810318 0.3796172792923984
-3.75 -3.5 30 31 58.1115976689504 0.3486274088707293
-3.75 -3.5 31 32 55.95890669636609 0.3203518798651886
-3.75 -3.5 32 33 53.84648817402888 0.2945035984999111
-3.75 -3.5 33 34 51.78398782367591 0.2708323283197494
-3.75 -3.5 34 35 49.77823067268676 0.249119135245036
-3.75 -3.5 35 36 47.83385269691905 0.2291717958388506
-3.75 -3.5 36 37 45.95379300781323 0.2108209820082099
-3.75 -3.5 37 38 44.1396786053956 0.193917075215961
-3.75 -3.5 38 39 42.39212594451553 0.1783274941383862
-3.75 -3.5 39 40 40.71097779141324 0.1639344440858062
-3.75 -3.5 40 41 39.09548959731967 0.1506330144064338
-3.75 -3.5 41 42 37.54447624444339 0.1383295647364607
-3.75 -3.5 42 43 36.05642766567009 0.1269403530171911
-3.75 -3.5 43 44 34.62959991542454 0.1163903670179319
-3.75 -3.5 44 45 33.2620868050447 0.1066123278520415
-3.75 -3.5 45 46 31.95124201105824 0.09768827252032754
-3.75 -3.5 46 47 30.69612275893678 0.0901351421144987
-3.75 -3.5 47 48 29.49399624196332 0.08407166977186449
-3.75 -3.5 48 49 28.34277124519959 0.07951270006932533
-3.75 -3.5 49 50 27.24016742989411 0.07593642719067815
-3.5 -3.25 0 1 855.1143933388859 0.428683420145948
-3.5 -3.25 1 2 -4893.944834254075 18.35934959592629
-3.5 -3.25 2 3 -4361.331121330013 14.67256451302257
-3.5 -3.25 3 4 -2921.206428261386 11.10199896820963
-3.5 -3.25 4 5 -1926.430287210768 8.665414278665468
-3.5 -3.25 5 6 -1279.649890161021 6.967550433122567
-3.5 -3.25 6 7 -856.5676269397622 5.736760038100496
-3.5 -3.25 7 8 -574.4674770900738 4.812728819425306
-3.5 -3.25 8 9 -382.4458929338145 4.098514778735469
-3.5 -3.25 9 10 -249.2398360498787 3.53332695209981
-3.5 -3.25 10 11 -155.404242676424 3.077131749189173
-3.5 -3.25 11 12 -88.48141503931629 2.702810638898323
-3.5 -3.25 12 13 -40.32670000756843 2.391349998850903
-3.5 -3.25 13 14 -5.488289199309747 2.129070620359098
-3.5 -3.25 14 15 19.76007189579104 1.905902654193153
-3.5 -3.25 15 16 38.01368746067487 1.714283526941148
-3.5 -3.25 16 17 51.11084881989098 1.548433099892166
-3.5 -3.25 17 18 60.37324546164587 1.403864514431964
-3.5 -3.25 18 19 66.76378257422516 1.277046449645398
-3.5 -3.25 19 20 70.99220184994181 1.165165110764847
-3.5 -3.25 20 21 73.58703516931905 1.065953397674471
-3.5 -3.25 21 22 74.94542434758409 0.9775662495382877
-3.5 -3.25 22 23 75.36812991543519 0.8984883146697169
-3.5 -3.25 23 24 75.08446633781352 0.8274646272583241
-3.5 -3.25 24 25 74.2702825157657 0.7634479085544313
-3.5 -3.25 25 26 73.06107412734985 0.7055580478662498
-3.5 -3.25 26 27 71.56164494288208 0.6530506212171017
-3.5 -3.25 27 28 69.85329290976387 0.6052921945374443
-3.5 -3.25 28 29 67.9992017043603 0.5617407758494498
-3.5 -3.25 29 30 66.04851813945214 0.5219302144767957
-3.5 -3.25 30 31 64.0394583653632 0.4854576534832983
-3.5 -3.25 31 32 62.0016901101165 0.4519733655941354
-3.5 -3.25 32 33 59.95817095987215 0.4211724639982367
-3.5 -3.25 33 34 57.92657491106826 0.3927880995202378
-3.5 -3.25 34 35 55.92040513653782 0.3665858448608257
-3.5 -3.25 35 36 53.94986607864723 0.3423590323680086
-3.5 -3.25 36 37 52.02254983832782 0.3199248637953178
-3.5 -3.25 37 38 50.14397850611189 0.2991211475490801
-3.5 -3.25 38 39 48.31803414514442 0.2798035496659465
-3.5 -3.25 39 40 46.54730072289229 0.2618432674943238
-3.5 -3.25 40 41 44.83333680774308 0.2451250524320106
-3.5 -3.25 41 42 43.17689346880999 0.2295455230563974
-3.5 -3.25 42 43 41.57808876841275 0.215011720245679
-3.5 -3.25 43 44 40.03654768857848 0.2014398652415359
-3.5 -3.25 44 45 38.55151443717237 0.1887542884940075
-3.5 -3.25 45 46 37.12118037035488 0.1769863879164682
-3.5 -3.25 46 47 35.74567566864528 0.166461002224757
-3.5 -3.25 47 48 34.42281288712432 0.1572114363420486
-3.5 -3.25 48 49 33.15106352290293 0.1492104779282249
-3.5 -3.25 49 50 31.92861759956395 0.1420758851815814
-3.25 -3 0 1 1568.689828292354 1.184564970746103
-3.25 -3 1 2 -4728.744159378676 9.115080219943385
-3.25 -3 2 3 -4777.680203956968 9.568974693926977
-3.25 -3 3 4 -3316.038973765423 7.787019013920876
-3.25 -3 4 5 -2243.448297503994 6.31993718899718
-3.25 -3 5 6 -1526.128186154553 5.217557807419722
-3.25 -3 6 7 -1047.55671262759 4.382946452915437
-3.25 -3 7 8 -723.1840324749828 3.737626690294649
-3.25 -3 8 9 -499.0651719141404 3.227684767245895
-3.25 -3 9 10 -341.3313808324431 2.817086394800302
-3.25 -3 10 11 -228.5780505043301 2.480837819334011
-3.25 -3 11 12 -146.9149222046399 2.201512959354868
-3.25 -3 12 13 -87.16128363278813 1.966573810896435
-3.25 -3 13 14 -43.11222028185216 1.766818822789981
-3.25 -3 14 15 -10.48908167953391 1.595362439251773
-3.25 -3 15 16 13.71305955552907 1.446961410814837
-3.25 -3 16 17 31.63972587666365 1.317560110221491
-3.25 -3 17 18 44.84563130155493 1.203977175055014
-3.25 -3 18 19 54.472314757032 1.103685318763401
-3.25 -3 19 20 61.3678307420613 1.014653824654435
-3.25 -3 20 21 66.16880319999041 0.9352340232817292
-3.25 -3 21 22 69.35757757046326 0.8640747699457916
-3.25 -3 22 23 71.30261161074054 0.8000592037520049
-3.25 -3 23 24 72.28740332559187 0.7422568321035435
-3.25 -3 24 25 72.53146363099609 0.6898868051516912
-3.25 -3 25 26 72.20569256098668 0.6422894654682018
-3.25 -3 26 27 71.44376889802646 0.5989040906877116
-3.25 -3 27 28 70.35066689237374 0.5592513211537246
-3.25 -3 28 29 69.00908041830678 0.5229191686733595
-3.25 -3 29 30 67.48430766732292 0.4895517884766815
-3.25 -3 30 31 65.82799289047432 0.4588404015335104
-3.25 -3 31 32 64.0810122473045 0.4305159055483341
-3.25 -3 32 33 62.27571360311072 0.4043428209503258
-3.25 -3 33 34 60.43766505024905 0.3801143007730125
-3.25 -3 34 35 58.58702725999939 0.3576479941084662
-3.25 -3 35 36 56.73963593638538 0.3367825986217766
-3.25 -3 36 37 54.90785949753069 0.3173749725445998
-3.25 -3 37 38 53.10128152285381 0.2992977041593357
-3.25 -3 38 39 51.32724584560731 0.2824370568080425
-3.25 -3 39 40 49.59129343234113 0.2666912237650256
-3.25 -3 40 41 47.89751370651942 0.2519688405604493
-3.25 -3 41 42 46.24882779021715 0.2381877117587113
-3.25 -3 42 43 44.64721749409364 0.2252737169031559
-3.25 -3 43 44 43.09391084384404 0.213159867708653
-3.25 -3 44 45 41.58953266236745 0.2017854922464032
-3.25 -3 45 46 40.133371827004 0.191203324971491
-3.25 -3 46 47 38.72677889136929 0.1817746711723133
-3.25 -3 47 48 37.36835805303264 0.1735365315555875
-3.25 -3 48 49 36.057345580321 0.1664585528858313
-3.25 -3 49 50 34.7925997333858 0.1601335155388454
-3 -2.75 0 1 2255.192924164928 1.617026836200764
-3 -2.75 1 2 -4379.525431293392 4.484147624724382
-3 -2.75 2 3 -5027.80823575741 5.948064863539087
-3 -2.75 3 4 -3596.255533616575 5.06661971494077
-3 -2.75 4 5 -2482.976363780931 4.206930382928598
-3 -2.75 5 6 -1720.096552407721 3.525294975339845
-3 -2.75 6 7 -1202.784238496205 2.994293436249932
-3 -2.75 7 8 -847.5152776037457 2.576045177811627
-3 -2.75 8 9 -599.1569519763061 2.240908539750485
-3 -2.75 9 10 -422.4139417230792 1.968232237091581
-3 -2.75 10 11 -294.6723834575794 1.742949050440112
-3 -2.75 11 12 -201.1001544172243 1.554413004769015
-3 -2.75 12 13 -131.8057951061999 1.394814540849366
-3 -2.75 13 14 -80.05150477177244 1.258345690918625
-3 -2.75 14 15 -41.15811364567912 1.140613247364677
-3 -2.75 15 16 -11.81763506407469 1.038241536271795
-3 -2.75 16 17 10.34673226596146 0.9485992226587956
-3 -2.75 17 18 27.06782257749774 0.8696082167136063
-3 -2.75 18 19 39.62561395717296 0.7996077615069942
-3 -2.75 19 20 48.97671342569333 0.7372562214023074
-3 -2.75 20 21 55.84357917442583 0.6814590491937733
-3 -2.75 21 22 60.77696372148262 0.631315219194499
-3 -2.75 22 23 64.20024568051667 0.5860768787050364
-3 -2.75 23 24 66.44131988186257 0.5451185942264596
-3 -2.75 24 25 67.75581655957637 0.5079136522134325
-3 -2.75 25 26 68.34419605311587 0.4740156096290219
-3 -2.75 26 27 68.36446386639699 0.4430437951690769
-3 -2.75 27 28 67.94171765068256 0.4146718150029399
-3 -2.75 28 29 67.17537811829845 0.388618365492422
-3 -2.75 29 30 66.14470986831208 0.3646398334662843
-3 -2.75 30 31 64.91306802463595 0.3425242940786344
-3 -2.75 31 32 63.53118729228271 0.3220866090992635
-3 -2.75 32 33 62.03974563132709 0.3031643989649251
-3 -2.75 33 34 60.47137436199529 0.2856147134450649
-3 -2.75 34 35 58.85224288283086 0.2693112638747588
-3 -2.75 35 36 57.20331438124026 0.2541421111450384
-3 -2.75 36 37 55.54134551387529 0.2400077233605675
-3 -2.75 37 38 53.87968575263238 0.226819338258008
-3 -2.75 38 39 52.22891910674028 0.2144975745629457
-3 -2.75 39 40 50.59738119425378 0.2029712512220274
-3 -2.75 40 41 48.9915773740413 0.1921763777546931
-3 -2.75 41 42 47.41652182778583 0.1820552892522819
-3 -2.75 42 43 45.87601340471312 0.1725559009385113
-3 -2.75 43 44 44.37286057060615 0.1636310654677404
-3 -2.75 44 45 42.90906527554253 0.1552380149070301
-3 -2.75 45 46 41.48505204266371 0.147494730611464
-3 -2.75 46 47 40.10335965014826 0.1409629729090502
-3 -2.75 47 48 38.76344398770649 0.1357238917717084
-3 -2.75 48 49 37.46534605924492 0.1317493018053409
-3 -2.75 49 50 36.20863729963571 0.1284620446656643
-2.75 -2.5 0 1 2889.171475312147 2.142839534259781
-2.75 -2.5 1 2 -3953.041939934492 1.110155573216016
-2.75 -2.5 2 3 -5172.831132597212 2.810089971809722
-2.75 -2.5 3 4 -3795.207594174173 2.678912504921583
-2.75 -2.5 4 5 -2662.98733139043 2.347584807006411
-2.75 -2.5 5 6 -1870.812143904232 2.037712887801398
-2.75 -2.5 6 7 -1326.439982870432 1.77671172781103
-2.75 -2.5 7 8 -948.6431472632084 1.560895424585639
-2.75 -2.5 8 9 -682.0963781305481 1.381595736606404
-2.75 -2.5 9 10 -490.7771723510284 1.231796115972412
-2.75 -2.5 10 11 -351.3364351625933 1.105212514568979
-2.75 -2.5 11 12 -248.3257802200626 0.9972743128836189
-2.75 -2.5 12 13 -171.3671124463192 0.9044159097258793
-2.75 -2.5 13 14 -113.3463316867471 0.8238809899804692
-2.75 -2.5 14 15 -69.29476895889798 0.7535196342160271
-2.75 -2.5 15 16 -35.68125437118852 0.6916375429726286
-2.75 -2.5 16 17 -9.955988533644359 0.6368853950210572
-2.75 -2.5 17 18 9.748898091368346 0.5881776208907906
-2.75 -2.5 18 19 24.81958396455468 0.5446323959723672
-2.75 -2.5 19 20 36.29683623674839 0.5055269140168652
-2.75 -2.5 20 21 44.97030301611039 0.4702637189988943
-2.75 -2.5 21 22 51.44475982340145 0.4383451035168405
-2.75 -2.5 22 23 56.18731386811316 0.4093534457337571
-2.75 -2.5 23 24 59.56147989007604 0.3829359626851002
-2.75 -2.5 24 25 61.85207527515547 0.3587927784718973
-2.75 -2.5 25 26 63.28360958484802 0.3366675057723472
-2.75 -2.5 26 27 64.03400741844587 0.3163397502179721
-2.75 -2.5 27 28 64.24494538290492 0.2976190981752114
-2.75 -2.5 28 29 64.02970645733939 0.2803402602298693
-2.75 -2.5 29 30 63.47919601054321 0.2643591200248823
-2.75 -2.5 30 31 62.66658416008318 0.2495494995257556
-2.75 -2.5 31 32 61.65091288385429 0.2358004947446758
-2.75 -2.5 32 33 60.47991672121981 0.2230142680368048
-2.75 -2.5 33 34 59.1922416623014 0.2111042093765396
-2.75 -2.5 34 35 57.81920028598302 0.1999933968829745
-2.75 -2.5 35 36 56.3861672246461 0.1896133012404418
-2.75 -2.5 36 37 54.91369395000976 0.1799026909851063
-2.75 -2.5 37 38 53.41840331981041 0.1708067031962802
-2.75 -2.5 38 39 51.91371035118732 0.1622760511627399
-2.75 -2.5 39 40 50.41040517754826 0.1542663461956899
-2.75 -2.5 40 41 48.91712629690201 0.14673751541262
-2.75 -2.5 41 42 47.44074591135046 0.1396532997500646
-2.75 -2.5 42 43 45.98668472959642 0.1329808193633936
-2.75 -2.5 43 44 44.55916982536402 0.1266901970355174
-2.75 -2.5 44 45 43.16144638748943 0.1207542298982072
-2.75 -2.5 45 46 41.79498076191211 0.1153702232219796
-2.75 -2.5 46 47 40.4633726504498 0.1113536662618257
-2.75 -2.5 47 48 39.16687298283176 0.1088185990191551
-2.75 -2.5 48 49 37.90626790526605 0.1077053178061823
-2.75 -2.5 49 50 36.68179156951493 0.107199834255346
-2.5 -2.25 0 1 3467.571811160948 1.658993559304943
-2.5 -2.25 1 2 -3516.017181974084 0.9609605253166468
-2.5 -2.25 2 3 -5261.143858701615 1.694538686221288
-2.5 -2.25 3 4 -3941.619329242029 1.561059061020002
-2.5 -2.25 4 5 -2800.250820625609 1.397100456630125
-2.5 -2.25 5 6 -1988.04749985267 1.256323874777257
-2.5 -2.25 6 7 -1424.118118991738 1.124976620070691
-2.5 -2.25 7 8 -1029.600243376062 1.009449533483951
-2.5 -2.25 8 9 -749.3082392502893 0.9088428649353016
-2.5 -2.25 9 10 -546.8194141934246 0.8220113620176521
-2.5 -2.25 10 11 -398.3060420869726 0.7465427703826056
-2.5 -2.25 11 12 -287.8996279728249 0.6807137604170644
-2.5 -2.25 12 13 -204.879455059212 0.6229883278801696
-2.5 -2.25 13 14 -141.8607945498645 0.5720961339284135
-2.5 -2.25 14 15 -93.66330364348551 0.5269943807328692
-2.5 -2.25 15 16 -56.59038960289672 0.4868272427097154
-2.5 -2.25 16 17 -27.96252906528298 0.4508900554830718
-2.5 -2.25 17 18 -5.80956289458004 0.4185997620027027
-2.5 -2.25 18 19 11.33586186270236 0.3894711916112032
-2.5 -2.25 19 20 24.57936222707588 0.3630982326778968
-2.5 -2.25 20 21 34.76273972884462 0.3391389338680865
-2.5 -2.25 21 22 42.53298324103514 0.3173036997391363
-2.5 -2.25 22 23 48.39157824886547 0.2973459072968156
-2.5 -2.25 23 24 52.73020029497059 0.2790544114655416
-2.5 -2.25 24 25 55.85686153707434 0.2622475268417626
-2.5 -2.25 25 26 58.01527504403884 0.2467681690597986
-2.5 -2.25 26 27 59.39934203956852 0.2324799085634692
-2.5 -2.25 27 28 60.1640921873709 0.2192637481191708
-2.5 -2.25 28 29 60.43401713100445 0.2070154757710118
-2.5 -2.25 29 30 60.30946936324398 0.1956434798764139
-2.5 -2.25 30 31 59.87161221246942 0.1850669341867469
-2.5 -2.25 31 32 59.18627547108059 0.1752142854036558
-2.5 -2.25 32 33 58.30697788427045 0.1660219835502092
-2.5 -2.25 33 34 57.27731067530868 0.1574334142070329
-2.5 -2.25 34 35 56.13282762675897 0.1493979944574928
-2.5 -2.25 35 36 54.90255163067872 0.1418704052943366
-2.5 -2.25 36 37 53.61018129840369 0.1348099368960191
-2.5 -2.25 37 38 52.27506170832527 0.1281799282704965
-2.5 -2.25 38 39 50.91296865469951 0.1219472856157085
-2.5 -2.25 39 40 49.53674466428424 0.1160820669602586
-2.5 -2.25 40 41 48.15681675690706 0.1105571231958238
-2.5 -2.25 41 42 46.78161923972223 0.105347786278008
-2.5 -2.25 42 43 45.41794013458099 0.1004315974965066
-2.5 -2.25 43 44 44.07120581154186 0.0957880714039442
-2.5 -2.25 44 45 42.74571547909625 0.09139848730837119
-2.5 -2.25 45 46 41.44382234045182 0.08756666967145052
-2.5 -2.25 46 47 40.17002539486563 0.08547854978177444
-2.5 -2.25 47 48 38.92525735982244 0.0852678795980425
-2.5 -2.25 48 49 37.71094406248602 0.08677824147617647
-2.5 -2.25 49 50 36.52788800020139 0.0918617569275976
-2.25 -2 0 1 3990.521318926392 1.030364996663033
-2.25 -2 1 2 -3118.460041047474 0.8510438530892596
-2.25 -2 2 3 -5351.629486212887 1.652018971830464
-2.25 -2 3 4 -4081.98056837887 1.529980388413349
-2.25 -2 4 5 -2927.171169081172 1.350149778847948
-2.25 -2 5 6 -2092.869117279835 1.190980075226864
-2.25 -2 6 7 -1508.728946700724 1.057288238341448
-2.25 -2 7 8 -1097.653820657557 0.9450326360078176
-2.25 -2 8 9 -804.2084539594193 0.8501554415336556
-2.25 -2 9 10 -591.3361533825409 0.7687585802593556
-2.25 -2 10 11 -434.5991137757164 0.6986165470032325
-2.25 -2 11 12 -317.6387419827361 0.6376042426998612
-2.25 -2 12 13 -229.3568722434516 0.5841483575079981
-2.25 -2 13 14 -162.0828619239676 0.5370075831229378
-2.25 -2 14 15 -110.4199554386009 0.4951914268815666
-2.25 -2 15 16 -70.50688949298137 0.4579011432730886
-2.25 -2 16 17 -39.53785767103159 0.4244862887616704
-2.25 -2 17 18 -15.44500649832048 0.3944123934794515
-2.25 -2 18 19 3.315266179562968 0.3672366151982134
-2.25 -2 19 20 17.90860003907187 0.3425891994389507
-2.25 -2 20 21 29.22442892006779 0.320159208423164
-2.25 -2 21 22 37.94782697940059 0.299683431696302
-2.25 -2 22 23 44.61094458634113 0.2809376848552331
-2.25 -2 23 24 49.63030709833902 0.2637299270443101
-2.25 -2 24 25 53.3341842774131 0.2478947706435171
-2.25 -2 25 26 55.98289422243749 0.2332890707756342
-2.25 -2 26 27 57.7840185847673 0.219788352853427
-2.25 -2 27 28 58.90391122172593 0.2072839047392601
-2.25 -2 28 29 59.47647871201207 0.1956803891947608
-2.25 -2 29 30 59.60993312056689 0.1848938759047047
-2.25 -2 30 31 59.39202395244234 0.1748502077432201
-2.25 -2 31 32 58.89411976984314 0.1654836377807018
-2.25 -2 32 33 58.17441279771481 0.156735687276697
-2.25 -2 33 34 57.28044997241955 0.1485541818774067
-2.25 -2 34 35 56.25114309924146 0.1408924377582055
-2.25 -2 35 36 55.11837358255156 0.1337085678249933
-2.25 -2 36 37 53.90827965523073 0.1269648915274217
-2.25 -2 37 38 52.64229359445068 0.1206274265897702
-2.25 -2 38 39 51.33798097764247 0.1146654548413858
-2.25 -2 39 40 50.00972238770328 0.1090511449290661
-2.25 -2 40 41 48.66926925349344 0.1037592265525838
-2.25 -2 41 42 47.32619847966788 0.09876670791488372
-2.25 -2 42 43 45.98828558280044 0.09405262875933555
-2.25 -2 43 44 44.66181178682737 0.08959784483042822
-2.25 -2 44 45 43.35181746625454 0.08538483860607397
-2.25 -2 45 46 42.06125595750345 0.08205005347470047
-2.25 -2 46 47 40.79526848328359 0.08197154575401734
-2.25 -2 47 48 39.55523115467821 0.08521342865733032
-2.25 -2 48 49 38.34299370553401 0.0911602533996603
-2.25 -2 49 50 37.15972720587308 0.09745375446255694
-2 -1.75 0 1 4488.441231290887 1.064889232799437
-2 -1.75 1 2 -2719.908263568582 2.728851907719679
-2 -1.75 2 3 -5409.629482534291 2.734562805015913
-2 -1.75 3 4 -4200.154833307781 2.234772846850184
-2 -1.75 4 5 -3044.148620790269 1.836374937990483
-2 -1.75 5 6 -2196.404695311449 1.539601090659088
-2 -1.75 6 7 -1597.437291071467 1.314883095283518
-2 -1.75 7 8 -1172.911714036301 1.140110736845037
-2 -1.75 8 9 -867.9646385419937 1.000864059722819
-2 -1.75 9 10 -645.4601451904164 0.8876007490418614
-2 -1.75 10 11 -480.7105609964469 0.793632290131471
-2 -1.75 11 12 -357.0866690504024 0.7145772260304708
-2 -1.75 12 13 -263.2483203510324 0.6471910972895329
-2 -1.75 13 14 -191.3221658662087 0.5891223777438465
-2 -1.75 14 15 -135.7462172501926 0.5386127906986408
-2 -1.75 15 16 -92.52599485805627 0.4943211685493873
-2 -1.75 16 17 -58.74861133425247 0.4552063007792746
-2 -1.75 17 18 -32.26004417722902 0.4204471495223983
-2 -1.75 18 19 -11.44712198176626 0.389387296148143
-2 -1.75 19 20 4.912209865836985 0.3614954598422175
-2 -1.75 20 21 17.75335871878849 0.3363369087813287
-2 -1.75 21 22 27.79905503996952 0.3135524034749208
-2 -1.75 22 23 35.61245055815186 0.2928424456151564
-2 -1.75 23 24 41.6357205914419 0.2739553309740139
-2 -1.75 24 25 46.21845951641603 0.2566779706912327
-2 -1.75 25 26 49.63879600893335 0.2408287577427966
-2 -1.75 26 27 52.11925297035691 0.2262519634062528
-2 -1.75 27 28 53.83877114088784 0.2128132936080333
-2 -1.75 28 29 54.94190306337032 0.2003963323193359
-2 -1.75 29 30 55.54589947203408 0.1888996721421163
-2 -1.75 30 31 55.74621178967607 0.1782345806838255
-2 -1.75 31 32 55.6207941720694 0.1683230907805777
-2 -1.75 32 33 55.23348853177652 0.1590964244280624
-2 -1.75 33 34 54.63670390022656 0.1504936875523846
-2 -1.75 34 35 53.87354901946816 0.142460779507202
-2 -1.75 35 36 52.97953854482409 0.1349494793204804
-2 -1.75 36 37 51.98396469846182 0.1279166752784998
-2 -1.75 37 38 50.91100497991687 0.1213237118655967
-2 -1.75 38 39 49.78062049443463 0.1151358346865033
-2 -1.75 39 40 48.60928732306746 0.1093217157273619
-2 -1.75 40 41 47.4105942575568 0.1038530463586305
-2 -1.75 41 42 46.19573287396025 0.0987041863066747
-2 -1.75 42 43 44.97390075134001 0.09385186108938975
-2 -1.75 43 44 43.75263416717587 0.08927489859404206
-2 -1.75 44 45 42.53808339005448 0.08495400082452814
-2 -1.75 45 46 41.33415664631994 0.08126558952721145
-2 -1.75 46 47 40.14692063294018 0.08131163796145358
-2 -1.75 47 48 38.97849957437421 0.08501408310312701
-2 -1.75 48 49 37.83143446116577 0.0915616855709275
-2 -1.75 49 50 36.70750717563504 0.09846957832404267
-1.75 -1.5 0 1 4948.08398922186 0.9812951329826872
-1.75 -1.5 1 2 -2332.907492111085 0.8671550250700754
-1.75 -1.5 2 3 -5437.1546251151 1.772229364635239
-1.75 -1.5 3 4 -4271.476951499515 1.709832749785621
-1.75 -1.5 4 5 -3108.934175785532 1.522415756633468
-1.75 -1.5 5 6 -2248.498613425871 1.334194635322248
-1.75 -1.5 6 7 -1638.157237101057 1.169520957166627
-1.75 -1.5 7 8 -1204.583223589526 1.03099096080264
-1.75 -1.5 8 9 -892.6992490184252 0.9141524162559628
-1.75 -1.5 9 10 -664.8515954718082 0.8155888457334121
-1.75 -1.5 10 11 -495.9671367538517 0.733186502881058
-1.75 -1.5 11 12 -369.1320637620104 0.6623377949103878
-1.75 -1.5 12 13 -272.7752086978003 0.6013082781843195
-1.75 -1.5 13 14 -198.8597006189345 0.5483149933502287
-1.75 -1.5 14 15 -141.7027575431262 0.5019597969048631
-1.75 -1.5 15 16 -97.21973614838089 0.4611386621376741
-1.75 -1.5 16 17 -62.42967576025967 0.4249720311382304
-1.75 -1.5 17 18 -35.12657859951901 0.3927525107336649
-1.75 -1.5 18 19 -13.65717019337512 0.3639057998120538
-1.75 -1.5 19 20 3.231844416041213 0.3379614256398912
-1.75 -1.5 20 21 16.50041913185601 0.314530679299319
-1.75 -1.5 21 22 26.8907200427999 0.293289845494059
-1.75 -1.5 22 23 34.98139314049138 0.2739673326994507
-1.75 -1.5 23 24 41.22704103267415 0.256333710324059
-1.75 -1.5 24 25 45.98727933626549 0.2401939225855552
-1.75 -1.5 25 26 49.54835654360659 0.2253811528410892
-1.75 -1.5 26 27 52.13940280074655 0.2117519448247053
-1.75 -1.5 27 28 53.94475567845961 0.1991822958118753
-1.75 -1.5 28 29 55.11339071821146 0.1875645023988102
-1.75 -1.5 29 30 55.76619434571512 0.1768045967760229
-1.75 -1.5 30 31 56.00161434909342 0.1668202488498742
-1.75 -1.5 31 32 55.90008000500859 0.1575390394691661
-1.75 -1.5 32 33 55.52748181279617 0.148897029612517
-1.75 -1.5 33 34 54.93792719251331 0.1408375691612462
-1.75 -1.5 34 35 54.17593486734836 0.1333102995524517
-1.75 -1.5 35 36 53.27819129253442 0.1262703147901809
-1.75 -1.5 36 37 52.27496328112102 0.1196774515955541
-1.75 -1.5 37 38 51.19123925900487 0.1134956883101193
-1.75 -1.5 38 39 50.04765514172965 0.107692630395555
-1.75 -1.5 39 40 48.8612483968837 0.1022390718041752
-1.75 -1.5 40 41 47.64607452625432 0.09710861699320734
-1.75 -1.5 41 42 46.41371266045451 0.09227735569071106
-1.75 -1.5 42 43 45.17368166982493 0.08772358103442836
-1.75 -1.5 43 44 43.93378358175158 0.08342754503360193
-1.75 -1.5 44 45 42.70038781694086 0.07937124626212119
-1.75 -1.5 45 46 41.47754199330029 0.07625109571416797
-1.75 -1.5 46 47 40.27153905901142 0.07667130730551119
-1.75 -1.5 47 48 39.08458196487001 0.08072051056541657
-1.75 -1.5 48 49 37.91930805790875 0.08774725592309705
-1.75 -1.5 49 50 36.77758427265175 0.09517216993815684
-1.5 -1.25 0 1 5383.825151774695 3.12894722477988
-1.5 -1.25 1 2 -1953.014936832661 3.793204081720044
-1.5 -1.25 2 3 -5460.499225339102 1.695347933779179
-1.5 -1.25 3 4 -4350.79159586702 1.629662783077212
-1.5 -1.25 4 5 -3189.838598079492 1.454835632192408
-1.5 -1.25 5 6 -2320.278619067459 1.284076759056416
-1.5 -1.25 6 7 -1699.49028123725 1.13533325836205
-1.5 -1.25 7 8 -1256.439737167492 1.009230693177181
-1.5 -1.25 8 9 -936.4790460515978 0.9016515098368092
-1.5 -1.25 9 10 -701.9873246232537 0.8117184848930385
-1.5 -1.25 10 11 -527.5291673108773 0.7335758091985104
-1.5 -1.25 11 12 -396.1034797464195 0.6664904534200533
-1.5 -1.25 12 13 -295.9326843881302 0.6081833318688765
-1.5 -1.25 13 14 -218.8340562313917 0.5571454915737825
-1.5 -1.25 14 15 -159.0072941836595 0.5121779558631633
-1.5 -1.25 15 16 -112.2737835832463 0.4723216466234628
-1.5 -1.25 16 17 -75.57747297761966 0.4368031198551832
-1.5 -1.25 17 18 -46.65219714698355 0.4049932827121863
-1.5 -1.25 18 19 -23.79625954736389 0.3763761052720774
-1.5 -1.25 19 20 -5.717194773682877 0.3505248472478094
-1.5 -1.25 20 21 8.576809206814232 0.3270838813697105
-1.5 -1.25 21 22 19.85396964284087 0.3057546980950641
-1.5 -1.25 22 23 28.71434749712319 0.286285034460584
-1.5 -1.25 23 24 35.63023833245313 0.2684603626518252
-1.5 -1.25 24 25 40.97594609901023 0.252097172049929
-1.5 -1.25 25 26 45.04996906337487 0.2382309671008974
-1.5 -1.25 26 27 48.09169775956889 0.2263879594514788
-1.5 -1.25 27 28 50.29409917878036 0.2153432026688204
-1.5 -1.25 28 29 51.81343487961658 0.2050269075629239
-1.5 -1.25 29 30 52.77676582658171 0.195376753897836
-1.5 -1.25 30 31 53.28779086370105 0.1863369672466335
-1.5 -1.25 31 32 53.43141995184226 0.1778575216826442
-1.5 -1.25 32 33 53.27737917427913 0.1698934475045011
-1.5 -1.25 33 34 52.88306936805469 0.1624042334932508
-1.5 -1.25 34 35 52.29584543366036 0.1553533067895881
-1.5 -1.25 35 36 51.5548431084847 0.1487075815975006
-1.5 -1.25 36 37 50.69245007634686 0.1424370664711735
-1.5 -1.25 37 38 49.73549601375174 0.1365145212990734
-1.5 -1.25 38 39 48.70621931743796 0.1309151579915879
-1.5 -1.25 39 40 47.62305547178897 0.1256163780950346
-1.5 -1.25 40 41 46.50128243701971 0.1205975423866856
-1.5 -1.25 41 42 45.35355066636004 0.1158397689098419
-1.5 -1.25 42 43 44.19031991719072 0.1113257538261229
-1.5 -1.25 43 44 43.02022025786414 0.107039614651428
-1.5 -1.25 44 45 41.85035129268255 0.1029667499382634
-1.5 -1.25 45 46 40.6853780268201 0.09943842200219018
-1.5 -1.25 46 47 39.53220860644601 0.09773215915094843
-1.5 -1.25 47 48 38.39352537391824 0.09802647857920413
-1.5 -1.25 48 49 37.27241575279842 0.1002235103402613
-1.5 -1.25 49 50 36.17113434530521 0.1030739162049018
-1.25 -1 0 1 5751.654709063341 1.551421841197244
-1.25 -1 1 2 -1651.128996854618 0.7330207516801617
-1.25 -1 2 3 -5498.049850400539 2.062932291565627
-1.25 -1 3 4 -4428.251266385326 1.962546499849814
-1.25 -1 4 5 -3262.54583649492 1.729064544843682
-1.25 -1 5 6 -2381.135983678722 1.511698118090743
-1.25 -1 6 7 -1748.901531607374 1.328343587039374
-1.25 -1 7 8 -1296.266732260039 1.175976843685166
-1.25 -1 8 9 -968.5939211742402 1.049040050841986
-1.25 -1 9 10 -727.9651912577483 0.9425526552944113
-1.25 -1 10 11 -548.6241766056364 0.8515717557704745
-1.25 -1 11 12 -413.2915809324199 0.7736621540281305
-1.25 -1 12 13 -309.977599464833 0.7061869297015551
-1.25 -1 13 14 -230.3346689738321 0.6472736389625888
-1.25 -1 14 15 -168.4362872782144 0.5954618462519007
-1.25 -1 15 16 -120.0069359233441 0.5495991651115884
-1.25 -1 16 17 -81.91568937406328 0.5087657479765321
-1.25 -1 17 18 -51.8380895122225 0.4722192841823157
-1.25 -1 18 19 -28.02669462660788 0.439354597737001
-1.25 -1 19 20 -9.152860301399414 0.409673650495169
-1.25 -1 20 21 5.804051376746202 0.3827630128614001
-1.25 -1 21 22 17.63538423960404 0.3582767490489676
-1.25 -1 22 23 26.95987252296266 0.3359232704898177
-1.25 -1 23 24 34.26497849923635 0.315455132993404
-1.25 -1 24 25 39.9373917897932 0.2966610383687782
-1.25 -1 25 26 44.28577587652376 0.2793595089217958
-1.25 -1 26 27 47.55790259342803 0.2633938403539283
-1.25 -1 27 28 49.95367876991679 0.2486280426878329
-1.25 -1 28 29 51.63513483865597 0.2349435520023777
-1.25 -1 29 30 52.73414470790919 0.22223654663955
-1.25 -1 30 31 53.3584361961565 0.2104157438739942
-1.25 -1 31 32 53.59630255034335 0.1994005780387514
-1.25 -1 32 33 53.52031922326478 0.1891196869534686
-1.25 -1 33 34 53.19029328074657 0.1795096464127316
-1.25 -1 34 35 52.65561677131512 0.1705139074530841
-1.25 -1 35 36 51.95715417221754 0.1620818988256784
-1.25 -1 36 37 51.12876339914811 0.1541682661653337
-1.25 -1 37 38 50.19852705112476 0.1467322237057661
-1.25 -1 38 39 49.18975326288404 0.1397370000658898
-1.25 -1 39 40 48.12179243662928 0.1331493622862725
-1.25 -1 40 41 47.01070628186437 0.1269392054352299
-1.25 -1 41 42 45.86981760513902 0.1210791984121317
-1.25 -1 42 43 44.71016370796218 0.1155444753973433
-1.25 -1 43 44 43.54087133756406 0.110312368642366
-1.25 -1 44 45 42.36946766713862 0.1053621739345165
-1.25 -1 45 46 41.20095790070729 0.1010542794487423
-1.25 -1 46 47 40.0426255611757 0.09881062867201205
-1.25 -1 47 48 38.89739868392968 0.09885095480266799
-1.25 -1 48 49 37.76860085147291 0.1010598286630614
-1.25 -1 49 50 36.65869363113245 0.1084980651743123
-1 -0.75 0 1 6072.380724870151 2.26118491054621
-1 -0.75 1 2 -1362.285729493286 2.027107266488774
-1 -0.75 2 3 -5498.841294993931 1.560148104952124
-1 -0.75 3 4 -4467.449457843053 1.51552028466071
-1 -0.75 4 5 -3302.403950656242 1.359022840870761
-1 -0.75 5 6 -2415.093691652214 1.2081868160795
-1 -0.75 6 7 -1776.596522674684 1.07812621325528
-1 -0.75 7 8 -1318.609949569589 0.9678790165069934
-1 -0.75 8 9 -986.6111929960648 0.8739177035884769
-1 -0.75 9 10 -742.5384084707803 0.7929544413632029
-1 -0.75 10 11 -560.4644646575666 0.7233760856196642
-1 -0.75 11 12 -422.9497503802095 0.6624867350055271
-1 -0.75 12 13 -317.8855113034494 0.6089831313995138
-1 -0.75 13 14 -236.8307923312182 0.5616627855893173
-1 -0.75 14 15 -173.7875588273337 0.5195654784483072
-1 -0.75 15 16 -124.4253491950622 0.4819164673763134
-1 -0.75 16 17 -85.57076687223025 0.448084434502893
-1 -0.75 17 18 -54.86627004809679 0.4175501594248249
-1 -0.75 18 19 -30.53844035001339 0.389882949116402
-1 -0.75 19 20 -11.23807996184564 0.3647227155887258
-1 -0.75 20 21 4.071828442395599 0.3417661973067977
-1 -0.75 21 22 16.19576807996987 0.3207562665270663
-1 -0.75 22 23 25.76307693818671 0.3014735440974787
-1 -0.75 23 24 33.26982148458626 0.283729769536365
-1 -0.75 24 25 39.10970760850876 0.267362513664421
-1 -0.75 25 26 43.59714587662222 0.2522309294578621
-1 -0.75 26 27 46.98463480515977 0.2382123101531458
-1 -0.75 27 28 49.47598309682928 0.2251992842184916
-1 -0.75 28 29 51.23645307104675 0.2130975129669048
-1 -0.75 29 30 52.40060384033154 0.2018237888122519
-1 -0.75 30 31 53.07840051114908 0.1913044564178476
-1 -0.75 31 32 53.3600052235555 0.1814740935079868
-1 -0.75 32 33 53.31955826351373 0.1722744042119025
-1 -0.75 33 34 53.01817975240033 0.1636532846036387
-1 -0.75 34 35 52.50636567245073 0.1555640311249801
-1 -0.75 35 36 51.8259102541154 0.1479646670624996
-1 -0.75 36 37 51.01145570297757 0.1408173659761109
-1 -0.75 37 38 50.09174712737934 0.1340879580271165
-1 -0.75 38 39 49.09065298306103 0.1277455040104078
-1 -0.75 39 40 48.02799805678717 0.1217619274775702
-1 -0.75 40 41 46.92024602878155 0.1161116949971733
-1 -0.75 41 42 45.78106053869328 0.1107715396508732
-1 -0.75 42 43 44.62176801391462 0.1057202173250896
-1 -0.75 43 44 43.45174052179351 0.100938295963413
-1 -0.75 44 45 42.27871338866527 0.09640796841285909
-1 -0.75 45 46 41.10784349325354 0.09291188702077216
-1 -0.75 46 47 39.94660995094898 0.0933760754148806
-1 -0.75 47 48 38.79804259864108 0.09790966184045252
-1 -0.75 48 49 37.66557208547081 0.1057861375442667
-1 -0.75 49 50 36.55174369908431 0.1141197330748051
-0.75 -0.5 0 1 6324.40615402961 3.257780898383687
-0.75 -0.5 1 2 -1138.637903237936 2.722420852574717
-0.75 -0.5 2 3 -5506.542114544737 1.567668784670545
-0.75 -0.5 3 4 -4507.36567760855 1.532603537253132
-0.75 -0.5 4 5 -3343.411515267288 1.376388972242449
-0.75 -0.5 5 6 -2451.201655916511 1.222951252260343
-0.75 -0.5 6 7 -1807.151931105494 1.089704624589863
-0.75 -0.5 7 8 -1344.20503147914 0.9763683172123364
-0.75 -0.5 8 9 -1008.046741689167 0.897170093894028
-0.75 -0.5 9 10 -760.550293423903 0.8266625855286105
-0.75 -0.5 10 11 -575.6760718588125 0.7632869331709681
-0.75 -0.5 11 12 -435.8611800019726 0.7059325314902543
-0.75 -0.5 12 13 -328.9005060141287 0.654278015912848
-0.75 -0.5 13 14 -246.2739856057876 0.6077291446433395
-0.75 -0.5 14 15 -181.9209346251864 0.5657059700405047
-0.75 -0.5 15 16 -131.4614474962693 0.5276777340331393
-0.75 -0.5 16 17 -91.68301838906336 0.4931729861412196
-0.75 -0.5 17 18 -60.19702113307903 0.4617790207856967
-0.75 -0.5 18 19 -35.20518467705074 0.433137027227353
-0.75 -0.5 19 20 -15.33831645605869 0.4069358700968989
-0.75 -0.5 20 21 0.4567870620448957 0.3829058070080854
-0.75 -0.5 21 22 12.99779027079762 0.3608126905559703
-0.75 -0.5 22 23 22.92482564579586 0.3404528433333165
-0.75 -0.5 23 24 30.74284628635235 0.3216486315019958
-0.75 -0.5 24 25 36.85291017256122 0.3042446865974095
-0.75 -0.5 25 26 41.57553846424412 0.2881047035888244
-0.75 -0.5 26 27 45.16833033838986 0.2731087336600119
-0.75 -0.5 27 28 47.83936938062527 0.2591508981836283
-0.75 -0.5 28 29 49.75751434855624 0.2461374560887522
-0.75 -0.5 29 30 51.06036088798885 0.233985168383534
-0.75 -0.5 30 31 51.86044661659651 0.2226199101906217
-0.75 -0.5 31 32 52.25012010137493 0.2119754907689901
-0.75 -0.5 32 33 52.30538561866831 0.2019926464400313
-0.75 -0.5 33 34 52.08895704630925 0.1926181800809439
-0.75 -0.5 34 35 51.65269688019032 0.1838042220185098
-0.75 -0.5 35 36 51.03957416349022 0.1755075945240008
-0.75 -0.5 36 37 50.2852437036567 0.1676892634714782
-0.75 -0.5 37 38 49.4193255532258 0.160313863136352
-0.75 -0.5 38 39 48.46644596352974 0.1533492849094586
-0.75 -0.5 39 40 47.44708755488779 0.1467663173809225
-0.75 -0.5 40 41 46.37828632354319 0.1405383345831316
-0.75 -0.5 41 42 45.27420487986689 0.134641021255139
-0.75 -0.5 42 43 44.14660556864777 0.12905213252117
-0.75 -0.5 43 44 43.00524203921134 0.1237512828572156
-0.75 -0.5 44 45 41.8581842735893 0.1187197597010268
-0.75 -0.5 45 46 40.71086626352024 0.1143188205795132
-0.75 -0.5 46 47 39.57105497198529 0.1119624544838773
-0.75 -0.5 47 48 38.44199202219306 0.1118654133070983
-0.75 -0.5 48 49 37.32730995860064 0.1139238371211335
-0.75 -0.5 49 50 36.22973111809657 0.1167566085128731
-0.5 -0.25 0 1 6494.080969222913 3.35824944833061
-0.5 -0.25 1 2 -992.1399226996614 2.34563095144385
-0.5 -0.25 2 3 -5515.976749533378 1.546839609651328
-0.5 -0.25 3 4 -4537.44384117666 1.53025556126817
-0.5 -0.25 4 5 -3373.195573571374 1.445746216055013
-0.5 -0.25 5 6 -2476.86222713661 1.357054764405245
-0.5 -0.25 6 7 -1828.457110918407 1.2478897711487
-0.5 -0.25 7 8 -1361.721529960843 1.140858939783568
-0.5 -0.25 8 9 -1022.437986514624 1.04267950544073
-0.5 -0.25 9 10 -772.4068571729777 0.9548461007295752
-0.5 -0.25 10 11 -585.4819209633965 0.8762204841694163
-0.5 -0.25 11 12 -444.0022640032294 0.8064850184219433
-0.5 -0.25 12 13 -335.6840614259113 0.7443993169977285
-0.5 -0.25 13 14 -251.9446018339177 0.688970586327358
-0.5 -0.25 14 15 -186.6742513987867 0.6393185034150024
-0.5 -0.25 15 16 -135.4548886201364 0.594682296865038
-0.5 -0.25 16 17 -95.04405508751051 0.5544118450281917
-0.5 -0.25 17 18 -63.02950768577648 0.5179538477810218
-0.5 -0.25 18 19 -37.59422754779143 0.4848375561896717
-0.5 -0.25 19 20 -17.35403681939647 0.4546617535474586
-0.5 -0.25 20 21 -1.243674025162818 0.4270834916921924
-0.5 -0.25 21 22 11.56428892751273 0.4018085942016455
-0.5 -0.25 22 23 21.71793701045704 0.3785837511844888
-0.5 -0.25 23 24 29.72873589140431 0.3571899772225609
-0.5 -0.25 24 25 36.00310376004768 0.3374372084692668
-0.5 -0.25 25 26 40.8659940450666 0.3191598379247798
-0.5 -0.25 26 27 44.57868666562513 0.3022130193396398
-0.5 -0.25 27 28 47.35233405179224 0.286469599352641
-0.5 -0.25 28 29 49.35836313321977 0.271817561761334
-0.5 -0.25 29 30 50.73652618825565 0.2581578914946399
-0.5 -0.25 30 31 51.60117774840353 0.2454027823564662
-0.5 -0.25 31 32 52.04620175164223 0.2334741269402108
-0.5 -0.25 32 33 52.148903645617 0.2223022403721444
-0.5 -0.25 33 34 51.97310298402044 0.2118247765142486
-0.5 -0.25 34 35 51.57160421418405 0.2019858048775961
-0.5 -0.25 35 36 50.98818078703704 0.1927350216707185
-0.5 -0.25 36 37 50.25917602949943 0.1840270719702328
-0.5 -0.25 37 38 49.41480059661524 0.1758209671692275
-0.5 -0.25 38 39 48.48018838990083 0.1680795814263541
-0.5 -0.25 39 40 47.4762592255301 0.1607692148465276
-0.5 -0.25 40 41 46.42042631069148 0.1538592148153924
-0.5 -0.25 41 42 45.32717827600374 0.1473216450721252
-0.5 -0.25 42 43 44.20855970332883 0.1411309967815344
-0.5 -0.25 43 44 43.07456895103581 0.1352639354935901
-0.5 -0.25 44 45 41.93348847590153 0.1296990783848288
-0.5 -0.25 45 46 40.79092527779102 0.1247713152993374
-0.5 -0.25 46 47 39.65483016685351 0.1218061191364362
-0.5 -0.25 47 48 38.52857320212473 0.1210203094181306
-0.5 -0.25 48 49 37.41590911041246 0.1223455755603737
-0.5 -0.25 49 50 36.31966752382064 0.1244922292379519
-0.25 0 0 1 6581.009327366477 3.580615922465201
-0.25 0 1 2 -915.0122217126554 3.017303287050093
-0.25 0 2 3 -5517.839944545257 1.56491522556371
-0.25 0 3 4 -4549.444627010123 1.539364923637117
-0.25 0 4 5 -3384.927667560976 1.386212863922792
-0.25 0 5 6 -2486.582534331985 1.233914870014205
-0.25 0 6 7 -1836.155212154204 1.124113079479888
-0.25 0 7 8 -1367.728052481157 1.039558695641907
-0.25 0 8 9 -1027.097741648424 0.9582388607233889
-0.25 0 9 10 -776.0088181274609 0.8834190039897457
-0.25 0 10 11 -588.2563279768447 0.81505385977172
-0.25 0 11 12 -446.1252124804287 0.7535753092364007
-0.25 0 12 13 -337.2923716114378 0.6982377197711613
-0.25 0 13 14 -253.1445685848846 0.6483994346388254
-0.25 0 14 15 -187.5490171786805 0.603433381143373
-0.25 0 15 16 -136.0699617953912 0.5627654983327262
-0.25 0 16 17 -95.45141157049829 0.5258859719658912
-0.25 0 17 18 -63.27064822575335 0.4923487212566386
-0.25 0 18 19 -37.70247330014149 0.4617661576197637
-0.25 0 19 20 -17.35626894141137 0.4338024256039581
-0.25 0 20 21 -1.161664889374379 0.4081665641830612
-0.25 0 21 22 11.712847224911 0.3846061944876233
-0.25 0 22 23 21.91863081679548 0.3629019415340002
-0.25 0 23 24 29.96979968494816 0.3428626183993225
-0.25 0 24 25 36.27492093988951 0.3243211190224853
-0.25 0 25 26 41.1606988901674 0.3071309393628043
-0.25 0 26 27 44.88984504778944 0.2911632388988526
-0.25 0 27 28 47.67468594882973 0.2763043604537304
-0.25 0 28 29 49.68761398924164 0.2624537362565939
-0.25 0 29 30 51.06917713399184 0.2495221157470328
-0.25 0 30 31 51.93438691887911 0.2374300640196835
-0.25 0 31 32 52.3776706190863 0.2261066852941353
-0.25 0 32 33 52.47678357162556 0.2154885349787173
-0.25 0 33 34 52.29591818206416 0.2055186897707557
-0.25 0 34 35 51.88818808479914 0.1961459503068035
-0.25 0 35 36 51.29762318620135 0.187324155548123
-0.25 0 36 37 50.56077950603219 0.1790115916824827
-0.25 0 37 38 49.70804400755674 0.1711704802631259
-0.25 0 38 39 48.76469660146091 0.1637665348171217
-0.25 0 39 40 47.75177784590841 0.15676857467056
-0.25 0 40 41 46.68680059404028 0.150148188085041
-0.25 0 41 42 45.58433548993202 0.1438794382065181
-0.25 0 42 43 44.45649437795595 0.1379386040777512
-0.25 0 43 44 43.31333053157852 0.132303954346878
-0.25 0 44 45 42.16317098170708 0.1269555465182471
-0.25 0 45 46 41.01165162185185 0.1222416370434349
-0.25 0 46 47 39.86676588263902 0.1195324389844508
-0.25 0 47 48 38.73189921525596 0.1190461286192191
-0.25 0 48 49 37.61082365656625 0.1207019805932655
-0.25 0 49 50 36.50638138877576 0.1231655358148263
0 0.25 0 1 6580.512911183547 3.580612407610996
0 0.25 1 2 -915.9390599449048 3.017275693625941
0 0.25 2 3 -5518.443499790241 1.564834812317163
0 0.25 3 4 -4549.618447534818 1.539299315253157
0 0.25 4 5 -3384.859867289229 1.386178522751797
0 0.25 5 6 -2486.417625247346 1.233913283835983
0 0.25 6 7 -1835.965308789817 1.124135807076618
0 0.25 7 8 -1367.545372613779 1.039595737895934
0 0.25 8 9 -1026.934242575718 0.9582815797340514
0 0.25 9 10 -775.8669815835469 0.8834604779635593
0 0.25 10 11 -588.135291636579 0.815094775398031
0 0.25 11 12 -446.0218268959215 0.753612899791001
0 0.25 12 13 -337.2035099211034 0.6982714988139044
0 0.25 13 14 -253.0674036770529 0.6484293957676008
0 0.25 14 15 -187.4811955716943 0.6034597601232702
0 0.25 15 16 -136.0096141342653 0.5627886347040774
0 0.25 16 17 -95.39709553891907 0.5259062327337579
0 0.25 17 18 -63.22127093309314 0.4923664618839504
0 0.25 18 19 -37.65721490565079 0.4617817042112223
0 0.25 19 20 -17.31451634081509 0.4338160681494242
0 0.25 20 21 -1.122957894590854 0.4081785564567819
0 0.25 21 22 11.74885772900871 0.3846167560429039
0 0.25 22 23 21.95221442207708 0.3629112616078364
0 0.25 23 24 30.00116968501311 0.3428708595512346
0 0.25 24 25 36.30425108436918 0.3243284207140522
0 0.25 25 26 41.18813524882091 0.3071374214277106
0 0.25 26 27 44.91551426374451 0.2911690043796855
0 0.25 27 28 47.69870087469246 0.2763094982183948
0 0.25 28 29 49.71007746066368 0.2624583229402969
0 0.25 29 30 51.09018444216917 0.2495262176229073
0 0.25 30 31 51.95402739057329 0.2374337386087922
0 0.25 31 32 52.3960285992863 0.2261099825911438
0 0.25 32 33 52.49393901617827 0.2154914984111964
0 0.25 33 34 52.31194700510764 0.2055213573210887
0 0.25 34 35 51.90316235956612 0.1961483551552358
0 0.25 35 36 51.31161126487706 0.1873263267612145
0 0.25 36 37 50.57384610143407 0.1790135547338183
0 0.25 37 38 49.72025026142785 0.1711722575375217
0 0.25 38 39 48.77610015601192 0.163768146087903
0 0.25 39 40 47.76243292736837 0.156770037266171
0 0.25 40 41 46.69675810752636 0.1501495175217404
0 0.25 41 42 45.59364313080545 0.1438806478998263
0 0.25 42 43 44.46519675451441 0.1379397062613606
0 0.25 43 44 43.3214692979945 0.1323049595363973
0 0.25 44 45 42.17078497910779 0.1269564643531634
0 0.25 45 46 41.01877698419429 0.1222424878871022
0 0.25 46 47 39.8734362932675 0.1195332852589891
0 0.25 47 48 38.73814593665173 0.1190470313118739
0 0.25 48 49 37.61667572930352 0.1207029883292974
0 0.25 49 50 36.51186574199076 0.1231666519292664
0.25 0.5 0 1 6492.667671835786 3.358241332950609
0.25 0.5 1 2 -994.7737365345979 2.345557452456721
0.25 0.5 2 3 -5517.684517481837 1.546685209900099
0.25 0.5 3 4 -4537.930583871379 1.530144524972297
0.25 0.5 4 5 -3373.001325010486 1.445700853650984
0.25 0.5 5 6 -2476.397404206074 1.357063239783578
0.25 0.5 6 7 -1827.924584530339 1.247932500959569
0.25 0.5 7 8 -1361.211018140069 1.140922051077345
0.25 0.5 8 9 -1021.98219050838 1.042749744666667
0.25 0.5 9 10 -772.0120413874738 0.954911128602726
0.25 0.5 10 11 -585.1452211487217 0.8762862051289023
0.25 0.5 11 12 -443.7145277342343 0.8065456398112201
0.25 0.5 12 13 -335.4363609154166 0.7444541860155156
0.25 0.5 13 14 -251.7289546026682 0.6890197071571936
0.25 0.5 14 15 -186.484073914208 0.6393622140317237
0.25 0.5 15 16 -135.2849989589083 0.5947210801670458
0.25 0.5 16 17 -94.89049298789655 0.5544462240845852
0.25 0.5 17 18 -62.88930290088888 0.5179843312854066
0.25 0.5 18 19 -37.46517630622861 0.4848646132844082
0.25 0.5 19 20 -17.23450999684383 0.4546858044315976
0.25 0.5 20 21 -1.132462874121757 0.4271049064800504
0.25 0.5 21 22 11.66809170740339 0.4018276961256214
0.25 0.5 22 23 21.81502616531066 0.3786008210777513
0.25 0.5 23 24 29.81965842319119 0.3572052588988272
0.25 0.5 24 25 36.08830515457498 0.3374509135323057
0.25 0.5 25 26 40.94585056692824 0.3191721500887979
0.25 0.5 26 27 44.65352744118536 0.3022240986617294
0.25 0.5 27 28 47.42245582041039 0.2864795853916088
0.25 0.5 28 29 49.42403983658824 0.271826576416392
0.25 0.5 29 30 50.79801499880864 0.2581660417062281
0.25 0.5 30 31 51.65872269983811 0.245410161867462
0.25 0.5 31 32 52.10003579675219 0.2334808183237476
0.25 0.5 32 33 52.19924972297929 0.2223083164109011
0.25 0.5 33 34 52.02017448966296 0.2118303013923672
0.25 0.5 34 35 51.61560514553611 0.2019908354719207
0.25 0.5 35 36 51.02930573341087 0.1927396081538293
0.25 0.5 36 37 50.29761011815748 0.1840312590641492
0.25 0.5 37 38 49.45071945759855 0.1758247945523387
0.25 0.5 38 39 48.51375817486888 0.1680830843190753
0.25 0.5 39 40 47.50763669470638 0.1607724246827568
0.25 0.5 40 41 46.44975899039252 0.1538621595835485
0.25 0.5 41 42 45.35460468220549 0.1473243497222816
0.25 0.5 42 43 44.23420962051188 0.1411334836998718
0.25 0.5 43 44 43.09856375766026 0.1352662247503796
0.25 0.5 44 45 41.95594150483129 0.1297011878248992
0.25 0.5 45 46 40.81194210722452 0.1247732929103814
0.25 0.5 46 47 39.67450926909709 0.1218081261177635
0.25 0.5 47 48 38.54700607532243 0.121022508337467
0.25 0.5 48 49 37.43318081554105 0.1223481010840546
0.25 0.5 49 50 36.33585699158027 0.1244950937065168
0.5 0.75 0 1 6322.163541750526 3.257779969192595
0.5 0.75 1 2 -1142.802147028354 2.722395278884415
0.5 0.75 2 3 -5509.213707519769 1.567547208258136
0.5 0.75 3 4 -4508.095530486307 1.532479840697507
0.5 0.75 4 5 -3343.073537580499 1.376319709484358
0.5 0.75 5 6 -2450.450568789679 1.222939988647152
0.5 0.75 6 7 -1806.306274243699 1.089731495481684
0.5 0.75 7 8 -1343.402547577252 0.9764186719191874
0.5 0.75 8 9 -1007.334700033855 0.8968158033237238
0.5 0.75 9 10 -759.9383325555787 0.8271284166793678
0.5 0.75 10 11 -575.1557195304631 0.7633374116453311
0.5 0.75 11 12 -435.4177830939389 0.7059786049753487
0.5 0.75 12 13 -328.5194630762342 0.6543193195240823
0.5 0.75 13 14 -245.9424719841161 0.6077658058946561
0.5 0.75 14 15 -181.6285013275449 0.5657383485130529
0.5 0.75 15 16 -131.1999508317426 0.5277062800003174
0.5 0.75 16 17 -91.44629034510262 0.4931981650265819
0.5 0.75 17 18 -59.98047673361657 0.4618012742688914
0.5 0.75 18 19 -35.00545366493657 0.4331567552985661
0.5 0.75 19 20 -15.15293202456223 0.4069534247223969
0.5 0.75 20 21 0.6296360784524495 0.3829214922540226
0.5 0.75 21 22 13.15944897229861 0.3608267658376187
0.5 0.75 22 23 23.07631382847126 0.3404655286814038
0.5 0.75 23 24 30.88496041469432 0.321660112306887
0.5 0.75 24 25 36.9862956245729 0.304255119205442
0.5 0.75 25 26 41.70073960693867 0.2881142195230222
0.5 0.75 26 27 45.28582443892174 0.2731174440297456
0.5 0.75 27 28 47.94958897056756 0.2591588969416217
0.5 0.75 28 29 49.86086150270921 0.2461448231030068
0.5 0.75 29 30 51.1572159665302 0.2339919716506926
0.5 0.75 30 31 51.95117330573214 0.2226262082997521
0.5 0.75 31 32 52.33506805927993 0.2119813338993354
0.5 0.75 32 33 52.38489163461225 0.2019980783271781
0.5 0.75 33 34 52.16334533338977 0.1926232387477478
0.5 0.75 34 35 51.72227891693348 0.1838089406984632
0.5 0.75 35 36 51.10464834749041 0.1755120027440199
0.5 0.75 36 37 50.34609498614913 0.1676933871025701
0.5 0.75 37 38 49.47622514522374 0.1603177254397514
0.5 0.75 38 39 48.51965116441636 0.1533529063845685
0.5 0.75 39 40 47.49684171969193 0.1467697167802516
0.5 0.75 40 41 46.42481896800427 0.1405415284514365
0.5 0.75 41 42 45.31773191207895 0.1346440247309006
0.5 0.75 42 43 44.18732962833866 0.1290549593273617
0.5 0.75 43 44 43.04335292625956 0.1237539453852612
0.5 0.75 44 45 41.89385944413124 0.1187222693099876
0.5 0.75 45 46 40.74427126263549 0.1143212357549178
0.5 0.75 46 47 39.60234430567164 0.1119650082880759
0.5 0.75 47 48 38.47130942731457 0.1118683482481779
0.5 0.75 48 49 37.35478918033823 0.1139273585098391
0.5 0.75 49 50 36.25549636218216 0.1167607324393771
0.75 1 0 1 6069.362906315509 2.261107097142544
0.75 1 1 2 -1367.885196768015 2.026594089749848
0.75 1 2 3 -5502.426403188221 1.559519247878945
0.75 1 3 4 -4468.421113900816 1.515490295525352
0.75 1 4 5 -3301.941061009797 1.359467449144042
0.75 1 5 6 -2414.076961826978 1.208842602530911
0.75 1 6 7 -1775.453770210354 1.078814678390204
0.75 1 7 8 -1317.526042811542 0.9685091003942456
0.75 1 8 9 -985.6506231483554 0.8744639935032618
0.75 1 9 10 -741.7109995151818 0.7934266296865432
0.75 1 10 11 -559.7619049922469 0.723757614484148
0.75 1 11 12 -422.3513201442011 0.6627984000461258
0.75 1 12 13 -317.3715664557949 0.6092361018815862
0.75 1 13 14 -236.3840591550138 0.5618672385890728
0.75 1 14 15 -173.3939411979309 0.5197302303492802
0.75 1 15 16 -124.0738385883299 0.4820489590253161
0.75 1 16 17 -85.25300430384414 0.4481908486791913
0.75 1 17 18 -54.57602274513238 0.417635580013986
0.75 1 18 19 -30.27111015251126 0.3899515242232369
0.75 1 19 20 -10.9902873765343 0.3647778091199587
0.75 1 20 21 4.302575810262624 0.3418105237035359
0.75 1 21 22 16.4113295647569 0.3207920074830151
0.75 1 22 23 25.96486779540555 0.3015024467509144
0.75 1 23 24 33.45895012340031 0.2837532293714192
0.75 1 24 25 39.28707311769028 0.2673816424444313
0.75 1 25 26 43.76350589699803 0.2522466114229909
0.75 1 26 27 47.14065174191978 0.238225247162283
0.75 1 27 28 49.62225482561303 0.2252100330746051
0.75 1 28 29 51.37353275499242 0.2131065144718107
0.75 1 29 30 52.52901226106871 0.2018313919702948
0.75 1 30 31 53.19863337053187 0.1913109374293506
0.75 1 31 32 53.47253716696878 0.181479670906504
0.75 1 32 33 53.42484484515421 0.1722792508821405
0.75 1 33 34 53.11665817906737 0.1636575372558656
0.75 1 34 35 52.59845488715274 0.1555677982688783
0.75 1 35 36 51.91201072246389 0.1479680343803497
0.75 1 36 37 51.09194912895941 0.1408204018827866
0.75 1 37 38 50.16699623189845 0.1340907169061493
0.75 1 38 39 49.16100141324222 0.1277480289762272
0.75 1 39 40 48.09377045676155 0.1217642531291298
0.75 1 40 41 46.98174827244435 0.1161138492760723
0.75 1 41 42 45.83858011379152 0.1107735448894728
0.75 1 42 43 44.67557453592735 0.1057220916737684
0.75 1 43 44 43.50208635375196 0.1009400543391899
0.75 1 44 45 42.32583434256321 0.09640962287224002
0.75 1 45 46 41.1519594260987 0.09291350674262004
0.75 1 46 47 39.98792598367743 0.09337793799389821
0.75 1 47 48 38.83674946472431 0.09791203131525091
0.75 1 48 49 37.70184719392051 0.1057892050880812
0.75 1 49 50 36.58575174812137 0.1141234761824866
1 1.25 0 1 5747.94746572042 1.551693149440171
1 1.25 1 2 -1658.028403063017 0.7353977617295706
1 1.25 2 3 -5502.506003911909 2.06330895234458
1 1.25 3 4 -4429.500623399976 1.962215382634596
1 1.25 4 5 -3262.012392988688 1.72842340818143
1 1.25 5 6 -2379.897444970186 1.511043484515114
1 1.25 6 7 -1747.489377630274 1.327789089656379
1 1.25 7 8 -1294.915122747113 1.175735181522817
1 1.25 8 9 -967.3894319731553 1.048514265869755
1 1.25 9 10 -726.9226710516264 0.9422930940029799
1 1.25 10 11 -547.7360732241741 0.8513864570796484
1 1.25 11 12 -412.5337288747669 0.7735257571487847
1 1.25 12 13 -309.3263819144565 0.7060883375405602
1 1.25 13 14 -229.7689610623727 0.6472044785278863
1 1.25 14 15 -167.9386376370571 0.5954156786182305
1 1.25 15 16 -119.5635723028527 0.5495709394929964
1 1.25 16 17 -81.51604893608669 0.5087514449597875
1 1.25 17 18 -51.47421476846716 0.4722156797072237
1 1.25 18 19 -27.69265046070291 0.4393590999881928
1 1.25 19 20 -8.844233308307594 0.4096841798118959
1 1.25 20 21 6.090556091035296 0.3827779085819022
1 1.25 21 22 17.90225453923722 0.3582946938939531
1 1.25 22 23 27.20902272939702 0.3359432286155771
1 1.25 23 24 34.49792027518299 0.3154762976179157
1 1.25 24 25 40.15535665125401 0.2966827886586159
1 1.25 25 26 44.48980135193938 0.279381373965651
1 1.25 26 27 47.74889166816649 0.2634154688533032
1 1.25 27 28 50.13244007659171 0.2486491785677918
1 1.25 28 29 51.80240922592566 0.2349640142062648
1 1.25 29 30 52.89062235300298 0.2222562128136734
1 1.25 30 31 53.50476728976548 0.2104345368490779
1 1.25 31 32 53.73310371948787 0.1994184554154703
1 1.25 32 33 53.64817721269128 0.1891366325470785
1 1.25 33 34 53.30976694749739 0.1795256636423047
1 1.25 34 35 52.76723810044228 0.1705290138276244
1 1.25 35 36 52.06142878532779 0.1620961219314599
1 1.25 36 37 51.22617085246827 0.1541816404387986
1 1.25 37 38 50.28952110440304 0.1467447879041696
1 1.25 38 39 49.27476222068998 0.139748795556425
1 1.25 39 40 48.20121961094583 0.1331604313393714
1 1.25 40 41 47.08493059069275 0.1269495904295633
1 1.25 41 42 45.93919430258381 0.1210889409642029
1 1.25 42 43 44.77502522911487 0.1155536159552028
1 1.25 43 44 43.60152823556484 0.1103209457677903
1 1.25 44 45 42.42620962066883 0.1053702246853623
1 1.25 45 46 41.25405450737424 0.1010619395345307
1 1.25 46 47 40.0923281086385 0.09881839265282816
1 1.25 47 48 38.94394047560618 0.09885931048647434
1 1.25 48 49 37.8121986373551 0.1010691505831965
1 1.25 49 50 36.6995484135943 0.1085079220886995
1.25 1.5 0 1 5379.811358084756 3.129154695034138
1.25 1.5 1 2 -1960.442749760957 3.794081709357163
1.25 1.5 2 3 -5465.228678390298 1.697113571805433
1.25 1.5 3 4 -4352.059072202557 1.630108501571774
1.25 1.5 4 5 -3189.223472346803 1.454256840527742
1.25 1.5 5 6 -2318.942801453722 1.282975286407751
1.25 1.5 6 7 -1697.992596573981 1.134071903472416
1.25 1.5 7 8 -1255.019836078077 1.007693461890098
1.25 1.5 8 9 -935.2206002367857 0.9015748987848029
1.25 1.5 9 10 -700.9044965593789 0.8100941506756975
1.25 1.5 10 11 -526.6077662990069 0.7328096101008063
1.25 1.5 11 12 -395.3173805825645 0.6658672356054061
1.25 1.5 12 13 -295.2561460593658 0.6076828140091007
1.25 1.5 13 14 -218.2445317862544 0.5567475111890582
1.25 1.5 14 15 -158.4864546383624 0.5118642881645221
1.25 1.5 15 16 -111.8073734892357 0.4720765802963057
1.25 1.5 16 17 -75.15471649935989 0.436613462353618
1.25 1.5 17 18 -46.26509840751942 0.4048481282374535
1.25 1.5 18 19 -23.43894965452114 0.3762665276276057
1.25 1.5 19 20 -5.385381998808271 0.350443588750236
1.25 1.5 20 21 8.886275745666808 0.3270250689756202
1.25 1.5 21 22 20.14343270606537 0.3057135970610899
1.25 1.5 22 23 28.98558795539691 0.2862578387159738
1.25 1.5 23 24 35.88465289991416 0.2684440216427703
1.25 1.5 24 25 41.21467274106146 0.2520892462070071
1.25 1.5 25 26 45.27397350932358 0.238229518127586
1.25 1.5 26 27 48.30183175496722 0.226391375517943
1.25 1.5 27 28 50.49113862780553 0.2153501949257831
1.25 1.5 28 29 51.99810397127453 0.2050364715868971
1.25 1.5 29 30 52.94975161063212 0.1953881096032785
1.25 1.5 30 31 53.44975148913227 0.1863495119836923
1.25 1.5 31 32 53.58298883798375 0.1778707921865849
1.25 1.5 32 33 53.4191666917369 0.1699070905616893
1.25 1.5 33 34 53.01566309674826 0.1624179820655788
1.25 1.5 34 35 52.41980970742179 0.1553669614050585
1.25 1.5 35 36 51.6707182973413 0.1487209955144526
1.25 1.5 36 37 50.8007518809539 0.1424501342580846
1.25 1.5 37 38 49.83671492819656 0.1365271691956315
1.25 1.5 38 39 48.80082033300192 0.1309273369826014
1.25 1.5 39 40 47.71147804614662 0.1256280580145017
1.25 1.5 40 41 46.58394072074123 0.1206087075573083
1.25 1.5 41 42 45.43083396039134 0.1158504141754551
1.25 1.5 42 43 44.26259332612631 0.1113358825598337
1.25 1.5 43 44 43.08782550271053 0.1070492358554967
1.25 1.5 44 45 41.91360764404521 0.1029758770104714
1.25 1.5 45 46 40.74458312857269 0.0994471875574227
1.25 1.5 46 47 39.58764004557781 0.09774111559797621
1.25 1.5 47 48 38.44544123340029 0.09803618048986003
1.25 1.5 48 49 37.32105602527639 0.1002343876892774
1.25 1.5 49 50 36.21672176591426 0.1030859568136877
1.5 1.75 0 1 4943.773032789079 0.9830959017183329
1.5 1.75 1 2 -2340.874453954206 0.8772260692764039
1.5 1.75 2 3 -5442.203857976279 1.776333767254235
1.5 1.75 3 4 -4272.798295622945 1.710545184309242
1.5 1.75 4 5 -3108.236898948501 1.520884246919927
1.5 1.75 5 6 -2247.036228748995 1.331765403316951
1.5 1.75 6 7 -1636.5300642658 1.166973194011261
1.5 1.75 7 8 -1203.043717555617 1.028566425808157
1.5 1.75 8 9 -891.3226491826517 0.9111010297768701
1.5 1.75 9 10 -663.7080741344453 0.8151206944791078
1.5 1.75 10 11 -494.9775991510642 0.7318524355226352
1.5 1.75 11 12 -368.2896724141995 0.6612677726344642
1.5 1.75 12 13 -272.0518332836609 0.600456741169446
1.5 1.75 13 14 -198.2307937788908 0.5476413709069787
1.5 1.75 14 15 -141.1483925205021 0.5014297062766437
1.5 1.75 15 16 -96.72441501725052 0.4607236966495038
1.5 1.75 16 17 -61.98167150129643 0.4246490478622966
1.5 1.75 17 18 -34.71717337844893 0.3925028066807774
1.5 1.75 18 19 -13.27994901220063 0.363714333714128
1.5 1.75 19 20 3.581586738673877 0.3378161391142807
1.5 1.75 20 21 16.82614800316173 0.3144219257036947
1.5 1.75 21 22 27.19501954084228 0.2932099200231806
1.5 1.75 22 23 35.26623153677883 0.2739100895182847
1.5 1.75 23 24 41.49396281903512 0.2562942526346607
1.5 1.75 24 25 46.23754112101017 0.2401683535086993
1.5 1.75 25 26 49.78302120359638 0.2253663745095579
1.5 1.75 26 27 52.35940326236562 0.2117454978815293
1.5 1.75 27 28 54.15093704173739 0.1991822305628826
1.5 1.75 28 29 55.30653724119372 0.1875692756132182
1.5 1.75 29 30 55.94704606633388 0.1768129895994201
1.5 1.75 30 31 56.17087678965879 0.1668313005816636
1.5 1.75 31 32 56.05842939529123 0.1575519952242182
1.5 1.75 32 33 55.67556753109909 0.1489112981200066
1.5 1.75 33 34 55.07637257973568 0.140852689373576
1.5 1.75 34 35 54.30533718334073 0.1333259137552166
1.5 1.75 35 36 53.3991213118789 0.1262861472530496
1.5 1.75 36 37 52.38796483291054 0.11969329180009
1.5 1.75 37 38 51.29682888592606 0.1135113767664656
1.5 1.75 38 39 50.14632197038941 0.1077080484415091
1.5 1.75 39 40 48.95345424804293 0.1022541326926815
1.5 1.75 40 41 47.73225426829384 0.09712325898520094
1.5 1.75 41 42 46.49427478102427 0.09229153669923328
1.5 1.75 42 43 45.24900903491579 0.08773727419561958
1.5 1.75 43 44 44.0042343463694 0.08344073536549614
1.5 1.75 44 45 42.76629645091197 0.07938392767420221
1.5 1.75 45 46 41.53922017936904 0.07626336275779563
1.5 1.75 46 47 40.32927736976387 0.07668358907108881
1.5 1.75 47 48 39.13865046537816 0.08073322123134755
1.5 1.75 48 49 37.96995781024307 0.08776069279277809
1.5 1.75 49 50 36.82504820984295 0.09518629810023431
1.75 2 0 1 4484.115649792253 1.065126002450286
1.75 2 1 2 -2727.920385354779 2.72920615803934
1.75 2 2 3 -5414.756241457444 2.734651083906792
1.75 2 3 4 -4201.570252918399 2.234501738450049
1.75 2 4 5 -3043.53213532171 1.835952270083592
1.75 2 5 6 -2194.992493627402 1.539200601203243
1.75 2 6 7 -1595.830000843835 1.31456393549471
1.75 2 7 8 -1171.372400202958 1.139876063046206
1.75 2 8 9 -866.5893161165832 1.000880471619948
1.75 2 9 10 -644.273276287005 0.8872946066481684
1.75 2 10 11 -479.6943892138615 0.793555377145469
1.75 2 11 12 -356.2169235685615 0.7145284575569695
1.75 2 12 13 -262.4982503257966 0.6471637024414735
1.75 2 13 14 -190.6679407900349 0.589111446700276
1.75 2 14 15 -135.1682442952692 0.5386146040786394
1.75 2 15 16 -92.00889525482444 0.4943327955019436
1.75 2 16 17 -58.28065945337789 0.4552253716211836
1.75 2 17 18 -31.83246051308993 0.420471725722897
1.75 2 18 19 -11.05339736650444 0.3894157905327384
1.75 2 19 20 5.2768901826621 0.361526580795872
1.75 2 20 21 18.09257545141975 0.336369616443865
1.75 2 21 22 28.11550776981846 0.3135858718113917
1.75 2 22 23 35.9082200320953 0.2928760293618914
1.75 2 23 24 41.91245886420336 0.2739885357907824
1.75 2 24 25 46.47752476820278 0.2567104268042747
1.75 2 25 26 49.88134612375075 0.2408601970534141
1.75 2 26 27 52.34630907500093 0.2262821998738997
1.75 2 27 28 54.05125971150312 0.2128422062973071
1.75 2 28 29 55.14068304573232 0.200423851537656
1.75 2 29 30 55.73177914711982 0.1889257679125394
1.75 2 30 31 55.91995879135834 0.1782592531655897
1.75 2 31 32 55.78314107112351 0.1683463624333427
1.75 2 32 33 55.38513566173378 0.1591183342542276
1.75 2 33 34 54.77832056780238 0.1505142858191076
1.75 2 34 35 54.0057738564754 0.1424801239678434
1.75 2 35 36 53.10297949135781 0.1349676324513946
1.75 2 36 37 52.09919891409908 0.1279337017268869
1.75 2 37 38 51.01857885639362 0.1213396768735447
1.75 2 38 39 49.88104985645947 0.1151508027240384
1.75 2 39 40 48.70305784823847 0.1093357496425364
1.75 2 40 41 47.49816211434887 0.1038662066230909
1.75 2 41 42 46.27752555445454 0.09871653081404044
1.75 2 42 43 45.05031806987392 0.09386344449861843
1.75 2 43 44 43.82404938749988 0.08928577274550344
1.75 2 44 45 42.60484444798203 0.08496421399002574
1.75 2 45 46 41.3965871658188 0.08127531215086685
1.75 2 46 47 40.2053219379259 0.08132128364129622
1.75 2 47 48 39.03315125426323 0.08502406310035709
1.75 2 48 49 37.88259606868385 0.0915723192371503
1.75 2 49 50 36.75541921562066 0.09848086286677303
2 2.25 0 1 3986.138421232787 1.030308221110376
2 2.25 1 2 -3126.542945931769 0.8504982969070097
2 2.25 2 3 -5356.721158453374 1.651630363238326
2 2.25 3 4 -4083.275924243639 1.529817077106402
2 2.25 4 5 -2926.419735371147 1.350277677256385
2 2.25 5 6 -2091.345976737584 1.19128957252354
2 2.25 6 7 -1507.043102719428 1.057747507738031
2 2.25 7 8 -1096.064548342854 0.9453258930091342
2 2.25 8 9 -802.8054723466289 0.8504979489428681
2 2.25 9 10 -590.1343358227118 0.769060770569008
2 2.25 10 11 -433.5795492783029 0.6988744161088314
2 2.25 11 12 -316.7727916201113 0.6378214202631787
2 2.25 12 13 -228.6155887017449 0.5843300573891042
2 2.25 13 14 -161.4408994147207 0.5371592161488042
2 2.25 14 15 -109.8566479938945 0.4953179978887063
2 2.25 15 16 -70.00607379566259 0.4580070301152537
2 2.25 16 17 -39.08721763813332 0.4245752029066508
2 2.25 17 18 -15.03530873819091 0.3944874212210224
2 2.25 18 19 3.690883756437415 0.3673002910088643
2 2.25 19 20 18.25522712472048 0.3426435880017976
2 2.25 20 21 29.5458589699582 0.320205982457919
2 2.25 21 22 38.24692171731283 0.2997239422719485
2 2.25 22 23 44.88990536823724 0.280973021547648
2 2.25 23 24 49.89087245866597 0.2637609681374308
2 2.25 24 25 53.5777709545049 0.2479222251617105
2 2.25 25 26 56.21069600587407 0.2333135117815556
2 2.25 26 27 57.9970743374771 0.2198102453279096
2 2.25 27 28 59.10315078751785 0.2073036268418033
2 2.25 28 29 59.66275323890272 0.1956982501321512
2 2.25 29 30 59.78403459970684 0.1849101296596771
2 2.25 30 31 59.55469744918332 0.1748650640311611
2 2.25 31 32 59.04607081714352 0.1654972709198775
2 2.25 32 33 58.3163116888353 0.1567482428383909
2 2.25 33 34 57.41293414300355 0.1485657825916529
2 2.25 34 35 56.37481840497651 0.1409031873533814
2 2.25 35 36 55.23381500030399 0.1337185549936244
2 2.25 36 37 54.01603174307303 0.1269741920891039
2 2.25 37 38 52.74287091357121 0.1206361063394558
2 2.25 38 39 51.43186858914669 0.1146735708588439
2 2.25 39 40 50.09737647789569 0.1090587470964377
2 2.25 40 41 48.75111790498801 0.1037663586671147
2 2.25 41 42 47.40264258196567 0.09877340897656352
2 2.25 42 43 46.05969986310018 0.09405893313041594
2 2.25 43 44 44.7285459381506 0.08960378323890944
2 2.25 44 45 43.41419734444531 0.08539043867692192
2 2.25 45 46 42.11958457724174 0.08205542950299105
2 2.25 46 47 40.84982790463565 0.08197712602742034
2 2.25 47 48 39.60628305853817 0.08521961917543655
2 2.25 48 49 38.39078099362038 0.09116734807592787
2 2.25 49 50 37.20447492223744 0.09746172710790847
2.25 2.5 0 1 3463.680919714155 1.658982324683301
2.25 2.5 1 2 -3523.104829960425 0.9607935369855995
2.25 2.5 2 3 -5265.475700387607 1.694380296601677
2.25 2.5 3 4 -3942.618418137959 1.560953032537755
2.25 2.5 4 5 -2799.535437048219 1.39709435197399
2.25 2.5 5 6 -1986.724735982353 1.256385114132583
2.25 2.5 6 7 -1422.689671750144 1.125065915145906
2.25 2.5 7 8 -1028.269515509078 1.009538093792245
2.25 2.5 8 9 -748.1410716329801 0.9089311305475759
2.25 2.5 9 10 -545.8223575694501 0.8220871868076013
2.25 2.5 10 11 -397.4599639904579 0.7466087772336845
2.25 2.5 11 12 -287.1789681460414 0.6807710138337785
2.25 2.5 12 13 -204.2594088045009 0.6230381671279062
2.25 2.5 13 14 -141.3201603682496 0.5721398320519481
2.25 2.5 14 15 -93.18511848771482 0.5270330340921907
2.25 2.5 15 16 -56.16161471452824 0.4868617534363262
2.25 2.5 16 17 -27.57339991560229 0.4509211487143794
2.25 2.5 17 18 -5.452888877673331 0.4186280122784996
2.25 2.5 18 19 11.66532685870288 0.3894970509628188
2.25 2.5 19 20 24.88543817041955 0.363122055359997
2.25 2.5 20 21 35.04822535218693 0.3391609975694312
2.25 2.5 21 22 42.79996092452564 0.3173242230579758
2.25 2.5 22 23 48.64163713801918 0.2973650637145479
2.25 2.5 23 24 52.96459564285431 0.2790723400682878
2.25 2.5 24 25 56.07662592497695 0.2622643409301545
2.25 2.5 25 26 58.22129421973784 0.2467839626091365
2.25 2.5 26 27 59.5924053084459 0.2324947608687417
2.25 2.5 27 28 60.34492488443595 0.2192777275370798
2.25 2.5 28 29 60.60330074047727 0.2070286422587532
2.25 2.5 29 30 60.46785332959331 0.1956558869454758
2.25 2.5 30 31 60.01972031997281 0.1850786304160278
2.25 2.5 31 32 59.32470881022442 0.1752253149753844
2.25 2.5 32 33 58.43631578514481 0.1660323876442781
2.25 2.5 33 34 57.39811053593849 0.1574432308590754
2.25 2.5 34 35 56.24562423944377 0.1494072593431913
2.25 2.5 35 36 55.00785638234584 0.1418791517640647
2.25 2.5 36 37 53.70848146792974 0.1348181963465205
2.25 2.5 37 38 52.36681997787457 0.1281877300821339
2.25 2.5 38 39 50.99862288482791 0.1219546574734478
2.25 2.5 39 40 49.61670794093379 0.1160890348620205
2.25 2.5 40 41 48.23147769071596 0.110563711528755
2.25 2.5 41 42 46.85134248644172 0.1053540179546154
2.25 2.5 42 43 45.48306709958308 0.1004374940607173
2.25 2.5 43 44 44.13205549795248 0.09579365286143592
2.25 2.5 44 45 42.80258544417239 0.09140377255247954
2.25 2.5 45 46 41.49698958242521 0.08757177242976612
2.25 2.5 46 47 40.21974774038137 0.08548393032317637
2.25 2.5 47 48 38.97177420500748 0.08527400825187416
2.25 2.5 48 49 37.75447770007028 0.08678550300031307
2.25 2.5 49 50 36.56864442451848 0.09186989224236415
2.5 2.75 0 1 2885.681927431302 2.142843822854838
2.5 2.75 1 2 -3959.37276802197 1.110160387054959
2.5 2.75 2 3 -5176.65593094183 2.810032072675254
2.5 2.75 3 4 -3796.042673618315 2.678818279991463
2.5 2.75 4 5 -2662.303987659984 2.347511379552706
2.5 2.75 5 6 -1869.601675596474 2.037676950199884
2.5 2.75 6 7 -1325.146117062618 1.776704521751055
2.5 2.75 7 8 -947.4437544885295 1.560901885982385
2.5 2.75 8 9 -681.047785689369 1.381614207268132
2.5 2.75 9 10 -489.8837285910097 1.231816442734536
2.5 2.75 10 11 -350.580105367032 1.105233923548009
2.5 2.75 11 12 -247.6831497956211 0.9972956446002523
2.5 2.75 12 13 -170.8156483089463 0.9044366576451139
2.5 2.75 13 14 -112.8668368258066 0.8239009609494633
2.5 2.75 14 15 -68.87189771815292 0.7535387752377906
2.5 2.75 15 16 -35.30320284657705 0.6916558575727956
2.5 2.75 16 17 -9.613898928233084 0.636902905401708
2.5 2.75 17 18 10.06157000089479 0.5881943524006114
2.5 2.75 18 19 25.10763381668824 0.5446483717298071
2.5 2.75 19 20 36.5637748686047 0.5055421541596183
2.5 2.75 20 21 45.21871818410841 0.4702782414538662
2.5 2.75 21 22 51.67658848519602 0.4383589251756463
2.5 2.75 22 23 56.40404161078038 0.4093665837279719
2.5 2.75 23 24 59.76428365027675 0.3829484349868206
2.5 2.75 24 25 62.04192331382444 0.3588046043269175
2.5 2.75 25 26 63.46133003220405 0.3366787060536349
2.5 2.75 26 27 64.20033419755305 0.3163503470825034
2.5 2.75 27 28 64.40054817058274 0.2976291152137527
2.5 2.75 28 29 64.1752096068069 0.280349721891374
2.5 2.75 29 30 63.61519001157961 0.2643680514824922
2.5 2.75 30 31 62.79363218207766 0.2495579263102423
2.5 2.75 31 32 61.76955419103882 0.2358084423703345
2.5 2.75 32 33 60.59066818806747 0.2230217618969796
2.5 2.75 33 34 59.29559821526021 0.2111112744072177
2.5 2.75 34 35 57.91563481601224 0.2000000572788146
2.5 2.75 35 36 56.47613030972889 0.1896195804711968
2.5 2.75 36 37 54.99761359575803 0.1799086116650024
2.5 2.75 37 38 53.49668482822818 0.1708122868868612
2.5 2.75 38 39 51.98673637210379 0.1622813183518677
2.5 2.75 39 40 50.47853595445795 0.1542713163805502
2.5 2.75 40 41 48.98070009863912 0.1467422069928985
2.5 2.75 41 42 47.50007962673411 0.1396577300426535
2.5 2.75 42 43 46.04207459805727 0.1329850046014355
2.5 2.75 43 44 44.61089227116133 0.1266941524994926
2.5 2.75 44 45 43.20975893226569 0.1207579698555192
2.5 2.75 45 46 41.8401228549873 0.1153738311491059
2.5 2.75 46 47 40.50556694026321 0.1113574820229583
2.5 2.75 47 48 39.20632599496801 0.1088229852241126
2.5 2.75 48 49 37.94317123768192 0.1077105986284727
2.5 2.75 49 50 36.71632261426666 0.1072060679334875
2.75 3 0 1 2252.190927738528 1.617037044546866
2.75 3 1 2 -4384.917489040292 4.48416902843091
2.75 3 2 3 -5030.97310236052 5.948057322348537
2.75 3 3 4 -3596.851560342826 5.066575631169274
2.75 3 4 5 -2482.313309638479 4.206879805698241
2.75 3 5 6 -1719.022578489161 3.525255674401973
2.75 3 6 7 -1201.665009826603 2.994266974396019
2.75 3 7 8 -846.4915288344459 2.576026617069613
2.75 3 8 9 -598.2696866865326 2.240898650502292
2.75 3 9 10 -421.6628612928134 1.968225863105303
2.75 3 10 11 -294.0398856398958 1.742945850306581
2.75 3 11 12 -200.565143563673 1.554412153610031
2.75 3 12 13 -131.3485175379701 1.39481548302572
2.75 3 13 14 -79.65535721423521 1.258348024641277
2.75 3 14 15 -40.80992408003226 1.140616663130756
2.75 3 15 16 -11.50731495410037 1.038245785282319
2.75 3 16 17 10.62673731525206 0.9486041002562452
2.75 3 17 18 27.32309067150868 0.8696135529053735
2.75 3 18 19 39.86023538030759 0.7996134150440913
2.75 3 19 20 49.1936872159165 0.7372620754084924
2.75 3 20 21 56.04512037108225 0.6814650077305059
2.75 3 21 22 60.96473371258958 0.6313212043024408
2.75 3 22 23 64.37552055148979 0.5860828278770267
2.75 3 23 24 66.60511082077937 0.5451244581115403
2.75 3 24 25 67.90895427572627 0.5079193926754187
2.75 3 25 26 68.48738880498342 0.4740211978159094
2.75 3 26 27 68.4983365189442 0.4430492101191607
2.75 3 27 28 68.06683735102246 0.4146770422304913
2.75 3 28 29 67.29227070413754 0.3886233956749577
2.75 3 29 30 66.25386999704091 0.3646446616624125
2.75 3 30 31 65.01496514447808 0.3425289186868096
2.75 3 31 32 63.62626894942582 0.3220910311815989
2.75 3 32 33 62.12843913485261 0.3031686216739112
2.75 3 33 34 60.55408750272267 0.285618741437748
2.75 3 34 35 58.92936415828132 0.2693151030399809
2.75 3 35 36 57.27521301766922 0.2541457680645695
2.75 3 36 37 55.60837146147827 0.2400112052189628
2.75 3 37 38 53.9421697508896 0.2268226525398336
2.75 3 38 39 52.28717286942501 0.2145007289050423
2.75 3 39 40 50.6516977294491 0.2029742531939926
2.75 3 40 41 49.04223143356879 0.1921792349709255
2.75 3 41 42 47.46377047502256 0.1820580089570811
2.75 3 42 43 45.92009667562641 0.1725584903802596
2.75 3 43 44 44.41400220979943 0.1636335314141897
2.75 3 44 45 42.94747352413475 0.1552403639966253
2.75 3 45 46 41.52092035963761 0.1474970155740581
2.75 3 46 47 40.13686774593882 0.1409654194317626
2.75 3 47 48 38.79475843514615 0.1357267501662029
2.75 3 48 49 37.49462127702563 0.1317528112857135
2.75 3 49 50 36.23601614746013 0.1284662720076164
3 3.25 0 1 1566.196767132361 1.184568977856605
3 3.25 1 2 -4733.15819613206 9.115085709266125
3 3.25 2 3 -4780.160062615421 9.568968762873334
3 3.25 3 4 -3316.387935036979 7.786993808591701
3 3.25 4 5 -2242.806241470135 6.31990982098153
3 3.25 5 6 -1525.194823882362 5.217538319821653
3 3.25 6 7 -1046.61739150311 4.382935092344364
3 3.25 7 8 -722.3414298308794 3.737619947261375
3 3.25 8 9 -498.3446113402051 3.227682896898136
3 3.25 9 10 -340.7277929504646 2.817086126526207
3 3.25 10 11 -228.0742475239506 2.480838941987364
3 3.25 11 12 -146.4921394677613 2.201514994417397
3 3.25 12 13 -86.80256416968928 1.966576460733254
3 3.25 13 14 -42.80356782543345 1.766821890381091
3 3.25 14 15 -10.21950554697514 1.59536578606736
3 3.25 15 16 13.95192907700721 1.446964935011181
3 3.25 16 17 31.85413859136668 1.317563734859659
3 3.25 17 18 45.04019855504714 1.203980841253856
3 3.25 18 19 54.65042018637109 1.103688981340287
3 3.25 19 20 61.53195895808756 1.014657448956539
3 3.25 20 21 66.32079228512703 0.9352375830240178
3 3.25 21 22 69.49880749525528 0.8640782454730611
3 3.25 22 23 71.43414167952153 0.8000625806774881
3 3.25 23 24 72.41007053217106 0.7422601003364908
3 3.25 24 25 72.64595181813024 0.6898899579600261
3 3.25 25 26 72.3125802235208 0.6422924988532134
3 3.25 26 27 71.54356164165853 0.5989070028478517
3 3.25 27 28 70.44381905053388 0.5592541119586704
3 3.25 28 29 69.09600913703918 0.5229218394034598
3 3.25 29 30 67.56540185082963 0.4895543413733823
3 3.25 30 31 65.90361871372295 0.4588428396597946
3 3.25 31 32 64.15151643400435 0.4305182325572061
3 3.25 32 33 62.34142529537434 0.4043450408106993
3 3.25 33 34 60.49889683386402 0.380116417798857
3 3.25 34 35 58.64407571655858 0.3576500127492438
3 3.25 35 36 56.79278196439753 0.3367845233118716
3 3.25 36 37 54.95736855050745 0.3173768077959232
3 3.25 37 38 53.14740385350646 0.2992994543673028
3 3.25 38 39 51.37021680046445 0.2824387262536006
3 3.25 39 40 49.63133381764925 0.2666928166252943
3 3.25 40 41 47.93483022846098 0.2519703608557177
3 3.25 41 42 46.28361356235297 0.2381891633057039
3 3.25 42 43 44.6796526015693 0.2252751033576723
3 3.25 43 44 43.12416294992838 0.2131611925174499
3 3.25 44 45 41.61775764393306 0.2017867587335041
3 3.25 45 46 40.15971435979932 0.1912045634154352
3 3.25 46 47 38.751373222654 0.18177601383951
3 3.25 47 48 37.39132851854109 0.1735381286940916
3 3.25 48 49 36.07880735296281 0.1664605547364335
3 3.25 49 50 34.81265927688921 0.1601359752871642
3.25 3.5 0 1 853.086865278906 0.4286723961053908
3.25 3.5 1 2 -4897.462457055704 18.35935163442321
3.25 3.5 2 3 -4363.179459386747 14.67256328622238
3.25 3.5 3 4 -2921.323188046129 11.10198608364353
3.25 3.5 4 5 -1925.802087323023 8.665398650804057
3.25 3.5 5 6 -1278.841449914965 6.9675384044022
3.25 3.5 6 7 -855.7907593578975 5.73675196204729
3.25 3.5 7 8 -573.7897144094363 4.81272271283822
3.25 3.5 8 9 -381.877879980387 4.098511169729024
3.25 3.5 9 10 -248.7718748814193 3.533323979389771
3.25 3.5 10 11 -155.0193253855705 3.077129514450899
3.25 3.5 11 12 -88.16276068696084 2.702808990716937
3.25 3.5 12 13 -40.05979662462346 2.391348846704709
3.25 3.5 13 14 -5.261437560299555 2.129069896856189
3.25 3.5 14 15 19.9559351018604 1.905902300722065
3.25 3.5 15 16 38.18541166784837 1.714283489564793
3.25 3.5 16 17 51.26352918413374 1.548433328977464
3.25 3.5 17 18 60.51063665093716 1.40386496507461
3.25 3.5 18 19 66.88864040010139 1.277047081920367
3.25 3.5 19 20 71.10655161631462 1.165165889792366
3.25 3.5 20 21 73.69237565724791 1.065954293289278
3.25 3.5 21 22 75.04287923169613 0.9775672359581383
3.25 3.5 22 23 75.45855808325973 0.8984893700277865
3.25 3.5 23 24 75.16854101438258 0.8274657331231299
3.25 3.5 24 25 74.34854721829828 0.763449049517781
3.25 3.5 25 26 73.13398170584856 0.7055592111644616
3.25 3.5 26 27 71.62958445544825 0.6530517962980669
3.25 3.5 27 28 69.91660786726442 0.6052933727909057
3.25 3.5 28 29 68.05820227498629 0.5617419503373332
3.25 3.5 29 30 66.10348918629472 0.5219313796100876
3.25 3.5 30 31 64.09066465509432 0.4854588048904457
3.25 3.5 31 32 62.04937963692623 0.4519744998619529
3.25 3.5 32 33 60.00257704173742 0.4211735785303313
3.25 3.5 33 34 57.96791751007007 0.3927891924414703
3.25 3.5 34 35 55.958891707954 0.3665869147999989
3.25 3.5 35 36 53.98569215005753 0.3423600784756128
3.25 3.5 36 37 52.05589944843595 0.319925885578367
3.25 3.5 37 38 50.17502458292171 0.2991221447620016
3.25 3.5 38 39 48.34693887065194 0.2798045224108408
3.25 3.5 39 40 46.57421591018951 0.2618442159768429
3.25 3.5 40 41 44.85840429882589 0.2451259770472335
3.25 3.5 41 42 43.20024555854229 0.2295464243212564
3.25 3.5 42 43 41.59984864919798 0.2150125987383567
3.25 3.5 43 44 40.05682991117538 0.2014407216362548
3.25 3.5 44 45 38.57042538208765 0.1887551234824786
3.25 3.5 45 46 37.13881868522519 0.1769872219717506
3.25 3.5 46 47 35.76213278322294 0.1664619313630057
3.25 3.5 47 48 34.43817342166572 0.1572125734177749
3.25 3.5 48 49 33.16540580456761 0.149211939569981
3.25 3.5 49 50 31.94201397540239 0.1420777187087413
3.5 3.75 0 1 185.9757401608867 1.599429932148633
3.5 3.75 1 2 -4713.672941820099 24.66314559121069
3.5 3.75 2 3 -3714.505163102124 16.35424779030318
3.5 3.75 3 4 -2385.855181767194 11.58212600455722
3.5 3.75 4 5 -1523.347544666104 8.696281042616514
3.5 3.75 5 6 -980.3361213333326 6.802603996505034
3.5 3.75 6 7 -633.457628312176 5.481159890965369
3.5 3.75 7 8 -406.8449507668729 4.515811870762972
3.5 3.75 8 9 -255.525108710297 3.785312398315344
3.5 3.75 9 10 -152.5410697635364 3.217126872664999
3.5 3.75 10 11 -81.42939456438376 2.765173985562271
3.5 3.75 11 12 -31.80208065782654 2.399028114817314
3.5 3.75 12 13 3.043542983347152 2.097805729938732
3.5 3.75 13 14 27.54097278835116 1.846741429460122
3.5 3.75 14 15 44.68706796414347 1.635124733128567
3.5 3.75 15 16 56.54716030300074 1.45501374506525
3.5 3.75 16 17 64.56915359854463 1.300405990037774
3.5 3.75 17 18 69.78346001595423 1.166688286937476
3.5 3.75 18 19 72.93306645576365 1.050262421308881
3.5 3.75 19 20 74.55985771934076 0.9482847010909077
3.5 3.75 20 21 75.06296341161493 0.8584811258648708
3.5 3.75 21 22 74.73885512105784 0.779013874638748
3.5 3.75 22 23 73.80932023603299 0.708383315226233
3.5 3.75 23 24 72.44124660836479 0.6453550410742316
3.5 3.75 24 25 70.76079043054636 0.5889048273742564
3.5 3.75 25 26 68.86363726668003 0.5381766064415343
3.5 3.75 26 27 66.82251051026168 0.4924500295009926
3.5 3.75 27 28 64.6927174400974 0.4511151746057382
3.5 3.75 28 29 62.51628098414511 0.4136526419592198
3.5 3.75 29 30 60.32504189634932 0.3796177541513056
3.5 3.75 30 31 58.14300451329439 0.3486279134046663
3.5 3.75 31 32 55.98812199731557 0.3203524105027579
3.5 3.75 32 33 53.87366295140211 0.2945041520721771
3.5 3.75 33 34 51.80926309715318 0.2708329020890354
3.5 3.75 34 35 49.80173842544119 0.2491197268437462
3.5 3.75 35 36 47.8557165606093 0.229172403293011
3.5 3.75 36 37 45.97412877730437 0.2108216036593896
3.5 3.75 37 38 44.15859465456037 0.1939177096320261
3.5 3.75 38 39 42.4097235882189 0.1783281402903126
3.5 3.75 39 40 40.7273516201676 0.1639351011123079
3.5 3.75 40 41 39.1107278008522 0.1506336816940576
3.5 3.75 41 42 37.55866093103442 0.1383302419020299
3.5 3.75 42 43 36.06963518099855 0.1269410399464104
3.5 3.75 43 44 34.64190116098706 0.1163910636923113
3.5 3.75 44 45 33.27354755382184 0.1066130345398154
3.5 3.75 45 46 31.96192321017409 0.0976890093272117
3.5 3.75 46 47 30.70608082052841 0.09013600712233637
3.5 3.75 47 48 29.50328334951504 0.08407278150835178
3.5 3.75 48 49 28.35143566976913 0.07951417891597846
3.5 3.75 49 50 27.24825372461665 0.07593831723355013
3.75 4 0 1 -328.8478657668709 1.812627244178662
3.75 4 1 2 -4050.83899614849 28.54729567337095
3.75 4 2 3 -2818.372522818068 13.37517484283786
3.75 4 3 4 -1718.560863504026 7.862304038737371
3.75 4 4 5 -1050.330394353324 5.148398553668033
3.75 4 5 6 -645.6062799496929 3.591769272399319
3.75 4 6 7 -394.7319404042896 2.611022791604239
3.75 4 7 8 -235.2005906697666 1.952554278770519
3.75 4 8 9 -131.44307590168 1.489632566829049
3.75 4 9 10 -62.73292734632651 1.153115613823233
3.75 4 10 11 -16.68321840463523 0.9020464880774578
3.75 4 11 12 14.37460226692315 0.711168835243934
3.75 4 12 13 35.30739628448634 0.5641158424850476
3.75 4 13 14 49.28541252609091 0.4499824580751668
3.75 4 14 15 58.42062046078297 0.3613482871561705
3.75 4 15 16 64.14797169536041 0.2931006460990622
3.75 4 16 17 67.45926959959519 0.2620052209194492
3.75 4 17 18 69.0502235011723 0.2418164066069255
3.75 4 18 19 69.41504125994913 0.2236717761058999
3.75 4 19 20 68.90854844479327 0.2073025042770759
3.75 4 20 21 67.7877534638456 0.1924830780538975
3.75 4 21 22 66.24013369854941 0.1790231814704676
3.75 4 22 23 64.40318059108023 0.1667612786441846
3.75 4 23 24 62.378091773883 0.1575040502912295
3.75 4 24 25 60.23948268292875 0.1610354808723924
3.75 4 25 26 58.04235238286819 0.1647650469544684
3.75 4 26 27 55.82713067452923 0.168331499424756
3.75 4 27 28 53.62336843678241 0.1715394712047041
3.75 4 28 29 51.45245816256971 0.1742954302544476
3.75 4 29 30 49.32965432592331 0.1765665898709783
3.75 4 30 31 47.26558367364299 0.1783553663692383
3.75 4 31 32 45.26738079557299 0.1796837503905882
3.75 4 32 33 43.33954629950863 0.1805838357880618
3.75 4 33 34 41.48459820257526 0.1810921362480158
3.75 4 34 35 39.70356819135728 0.1812462247273461
3.75 4 35 36 37.99638081707454 0.1810827973936155
3.75 4 36 37 36.36214388345778 0.180636610979459
3.75 4 37 38 34.799371153452 0.1799399531942916
3.75 4 38 39 33.30615324539943 0.1790224360039926
3.75 4 39 40 31.88028871064654 0.1779109807417159
3.75 4 40 41 30.51938445191929 0.1766299137743285
3.75 4 41 42 29.22093240381069 0.1752011220622093
3.75 4 42 43 27.98236784472306 0.1736442369971954
3.75 4 43 44 26.80111346436218 0.1719768276539252
3.75 4 44 45 25.67461234423904 0.1702145920610384
3.75 4 45 46 24.59988141072883 0.1684286118765986
3.75 4 46 47 23.5752728490942 0.1668304187538434
3.75 4 47 48 22.59794854665991 0.1654344357847852
3.75 4 48 49 21.66563102915325 0.1642202351365346
3.75 4 49 50 20.77592993098767 0.1630169414106063
4 5 0 1 -1025.51477198799 2.785361488891508
4 5 1 2 -4477.721616163206 7.430145158209699
4 5 2 3 -2567.892043580034 5.568271631116038
4 5 3 4 -1404.139201891781 4.189605291265914
4 5 4 5 -771.3254847709863 3.132207831921925
4 5 5 6 -416.0042932265421 2.363664413815427
4 5 6 7 -209.9008956926766 1.846589526784457
4 5 7 8 -87.12100340262009 1.496382219822554
4 5 8 9 -12.5845607826559 1.249694358140288
4 5 9 10 33.05906472598929 1.066618020793289
4 5 10 11 60.83811229155992 0.926135855050723
4 5 11 12 77.3598952286701 0.8165248697692745
4 5 12 13 86.66349403718789 0.7282839469375325
4 5 13 14 91.26784075952469 0.6550184151221706
4 5 14 15 92.7868536030395 0.5937866351897437
4 5 15 16 92.28458737241715 0.5424511291756219
4 5 16 17 90.47300322784133 0.4986449914306042
4 5 17 18 87.83032599390282 0.4603863553511537
4 5 18 19 84.67924549081596 0.4265063226774107
4 5 19 20 81.23945823736722 0.3963892469952897
4 5 20 21 77.66169444062541 0.3695700705061508
4 5 21 22 74.04935272468424 0.3455710258684673
4 5 22 23 70.47265226518869 0.3239321629534115
4 5 23 24 66.97836654493159 0.3042739678967601
4 5 24 25 63.59673888740073 0.2863143659559351
4 5 25 26 60.34641643494393 0.269846467886282
4 5 26 27 57.23793622827799 0.2547075160988857
4 5 27 28 54.27616938598433 0.2407576358174987
4 5 28 29 51.46203768849632 0.2278709583111128
4 5 29 30 48.79373096857418 0.2159341536089004
4 5 30 31 46.26758091023562 0.2048471703785117
4 5 31 32 43.87869363360433 0.1945234067622291
4 5 32 33 41.62140876001523 0.184888683046066
4 5 33 34 39.48963131517687 0.1758794319194266
4 5 34 35 37.4770696195847 0.1674407079595259
4 5 35 36 35.57740363453 0.1595244276382102
4 5 36 37 33.78440208544177 0.1520880005411942
4 5 37 38 32.09200208813434 0.145093340756004
4 5 38 39 30.4943614755398 0.1385061736408157
4 5 39 40 28.98589134269805 0.132295538451984
4 5 40 41 27.56127436236118 0.1264334110902863
4 5 41 42 26.2154728730528 0.1208943948152959
4 5 42 43 24.9437297060791 0.1156554500276732
4 5 43 44 23.74156393578222 0.1106956515489051
4 5 44 45 22.60476311234225 0.1059959657764979
4 5 45 46 21.5289146835305 0.101929990103594
4 5 46 47 20.5108460408986 0.09989745914549564
4 5 47 48 19.54666944118625 0.09988309428135286
4 5 48 49 18.63318033027275 0.101464247780301
4 5 49 50 17.7669404775508 0.1034260788483807
-5 5 0 50 -531711.2995795348 92.98393945129503
