#ylo yhi qTlo qThi PDF0  uncertainty
-5 -4 0 1 -1002.743059408287 2.758270038857145
-5 -4 1 2 -4415.966465918647 7.141393013260102
-5 -4 2 3 -2532.304743158393 5.315860410160174
-5 -4 3 4 -1384.901042257913 3.973926013786049
-5 -4 4 5 -761.1937247982116 2.967774576439612
-5 -4 5 6 -410.8980953630435 2.249037225095709
-5 -4 6 7 -207.6464887719901 1.767539804368171
-5 -4 7 8 -86.52356396149503 1.439673372049276
-5 -4 8 9 -12.96218929341012 1.206435739128848
-5 -4 9 10 32.10647888621577 1.031955412789186
-5 -4 10 11 59.55377170468375 0.8972620283205544
-5 -4 11 12 75.89305946663058 0.7918532467900118
-5 -4 12 13 85.10651281512003 0.706415802559377
-5 -4 13 14 89.67915489202323 0.6351272181938715
-5 -4 14 15 91.20358733799799 0.5753528016585532
-5 -4 15 16 90.73010526363259 0.5251129978769983
-5 -4 16 17 88.96165520414303 0.4821514305652997
-5 -4 17 18 86.37057391549354 0.4445767369307435
-5 -4 18 19 83.27570840900893 0.4112790020934504
-5 -4 19 20 79.89422195405905 0.3816732623143931
-5 -4 20 21 76.37515565340505 0.3553117374764426
-5 -4 21 22 72.82078300536082 0.3317303194937177
-5 -4 22 23 69.30058817075869 0.3104808162464867
-5 -4 23 24 65.86088262673999 0.2911923438173623
-5 -4 24 25 62.53163719930933 0.2735879432688231
-5 -4 25 26 59.33135625302219 0.2574632342033157
-5 -4 26 27 56.27052196921639 0.2426566161326103
-5 -4 27 28 53.35400992767106 0.2290289037199385
-5 -4 28 29 50.58278621323031 0.2164548296991642
-5 -4 29 30 47.95511136478309 0.2048216375858754
-5 -4 30 31 45.46740470379368 0.1940297705698056
-5 -4 31 32 43.11487013556039 0.1839930006294015
-5 -4 32 33 40.8919503326762 0.1746374023013181
-5 -4 33 34 38.7926551473964 0.1658995733741784
-5 -4 34 35 36.81079705103696 0.1577246840649716
-5 -4 35 36 34.94015780036327 0.1500647505757323
-5 -4 36 37 33.17460445073795 0.1428772879050671
-5 -4 37 38 31.50816828541918 0.1361243319308921
-5 -4 38 39 29.93509674127661 0.1297717484552944
-5 -4 39 40 28.4498857625089 0.1237887338953276
-5 -4 40 41 27.04729807142814 0.1181474342990968
-5 -4 41 42 25.72237131293142 0.1128226317665889
-5 -4 42 43 24.47041900735444 0.1077914713041126
-5 -4 43 44 23.28702647163131 0.1030332146926932
-5 -4 44 45 22.16804325192009 0.09852901667932105
-5 -4 45 46 21.1091198172379 0.0946472305891724
-5 -4 46 47 20.10713070151408 0.09277017711884286
-5 -4 47 48 19.15824341513994 0.09288833744842052
-5 -4 48 49 18.25930015243967 0.09458968662547544
-5 -4 49 50 17.40690922185053 0.09667327807541747
-4 -3.75 0 1 -318.8311571805393 1.81210775400033
-4 -3.75 1 2 -4012.051635648631 28.1084496072111
-4 -3.75 2 3 -2795.087345613655 13.01133973689643
-4 -3.75 3 4 -1706.405726514927 7.583860961051666
-4 -3.75 4 5 -1044.471775457332 4.92994538770196
-4 -3.75 5 6 -643.1774670034667 3.415817694742157
-4 -3.75 6 7 -394.1706129361032 2.466306656225544
-4 -3.75 7 8 -235.6518030724822 1.831615843876862
-4 -3.75 8 9 -132.432506794368 1.387389490824093
-4 -3.75 9 10 -63.99329463671131 1.06597221542649
-4 -3.75 10 11 -18.06291313363215 0.8274583504102565
-4 -3.75 11 12 12.96247704856955 0.6473245569164946
-4 -3.75 12 13 33.91248031073746 0.5097656342878065
-4 -3.75 13 14 47.93557432606133 0.4043343401286155
-4 -3.75 14 15 57.13081983027905 0.3239985264364064
-4 -3.75 15 16 62.92543527314876 0.2823373388922998
-4 -3.75 16 17 66.30657029219066 0.2599546241316266
-4 -3.75 17 18 67.96714312309524 0.239921903904363
-4 -3.75 18 19 68.39971293806138 0.2219185665804317
-4 -3.75 19 20 67.9581649775339 0.2056774405098613
-4 -3.75 20 21 66.89900979386033 0.1909744772621753
-4 -3.75 21 22 65.40950410038818 0.1776206504070441
-4 -3.75 22 23 63.62709178009897 0.1669761148325661
-4 -3.75 23 24 61.65302975921441 0.1707847242212966
-4 -3.75 24 25 59.5620570783633 0.1747459424179933
-4 -3.75 25 26 57.40933324045486 0.1784753499457675
-4 -3.75 26 27 55.23546752705428 0.1817737469740304
-4 -3.75 27 28 53.07019784206202 0.1845526681560934
-4 -3.75 28 29 50.93510387630621 0.1867878818565
-4 -3.75 29 30 48.845622828502 0.1884911824029838
-4 -3.75 30 31 46.81255686080928 0.1896935269257092
-4 -3.75 31 32 44.84320703749563 0.1904350554739367
-4 -3.75 32 33 42.94223067057111 0.1907592567504393
-4 -3.75 33 34 41.11229241289368 0.1907096259484628
-4 -3.75 34 35 39.35456056785536 0.1903278210905317
-4 -3.75 35 36 37.66908655819896 0.1896527173446662
-4 -3.75 36 37 36.05509572569797 0.1887199969688446
-4 -3.75 37 38 34.51121053057501 0.1875620535261396
-4 -3.75 38 39 33.0356219816077 0.1862080754108956
-4 -3.75 39 40 31.62622126232846 0.1846842265344355
-4 -3.75 40 41 30.28070069426026 0.1830138740743716
-4 -3.75 41 42 28.99663094756427 0.1812178333493223
-4 -3.75 42 43 27.77151986048678 0.1793146120404371
-4 -3.75 43 44 26.60285698728849 0.1773206438079666
-4 -3.75 44 45 25.48814703011175 0.1752505063482667
-4 -3.75 45 46 24.42446765695166 0.1731719458725786
-4 -3.75 46 47 23.41021606310299 0.1712881433660192
-4 -3.75 47 48 22.44260640549508 0.1696135862236577
-4 -3.75 48 49 21.51940567978971 0.1681292187180783
-4 -3.75 49 50 20.63826561037379 0.1666702884493849
-3.75 -3.5 0 1 194.8863177120064 1.601208262107707
-3.75 -3.5 1 2 -4676.43636573346 24.78754240828757
-3.75 -3.5 2 3 -3690.38638734597 16.33435453875886
-3.75 -3.5 3 4 -2372.559045818495 11.53800353517985
-3.75 -3.5 4 5 -1516.498632999546 8.648819727513438
-3.75 -3.5 5 6 -977.1272636227932 6.757047707124484
-3.75 -3.5 6 7 -632.2964064273224 5.438870057786725
-3.75 -3.5 7 8 -406.8345072688828 4.476976603315594
-3.75 -3.5 8 9 -256.1561967518774 3.74974135448948
-3.75 -3.5 9 10 -153.5202699924839 3.184522601164038
-3.75 -3.5 10 11 -82.58666029381766 2.735224816098072
-3.75 -3.5 11 12 -33.03731006138173 2.371443602196705
-3.75 -3.5 12 13 1.789573473421115 2.072326514864525
-3.75 -3.5 13 14 26.30325774708251 1.823140167134647
-3.75 -3.5 14 15 43.48600211599364 1.613203610732381
-3.75 -3.5 15 16 55.39421294952911 1.434600974453357
-3.75 -3.5 16 17 63.47027468752503 1.281352243739311
-3.75 -3.5 17 18 68.74116076659175 1.148863443162621
-3.75 -3.5 18 19 71.94771129387118 1.033552726452447
-3.75 -3.5 19 20 73.63047858318009 0.9325903508534226
-3.75 -3.5 20 21 74.18777985239399 0.8437142254991378
-3.75 -3.5 21 22 73.91561019513222 0.7650967266408577
-3.75 -3.5 22 23 73.03549924155089 0.6952469835453962
-3.75 -3.5 23 24 71.71422020093831 0.6329381461581016
-3.75 -3.5 24 25 70.07790824839651 0.5771525325592648
-3.75 -3.5 25 26 68.22228875912731 0.5270397631174968
-3.75 -3.5 26 27 66.22016379260725 0.4818844536703091
-3.75 -3.5 27 28 64.12694329397863 0.4410810327371107
-3.75 -3.5 28 29 61.98476675056597 0.4041139278245779
-3.75 -3.5 29 30 59.82559846825896 0.370541841530111
-3.75 -3.5 30 31 57.67356862150439 0.3399851729070293
-3.75 -3.5 31 32 55.54675530350883 0.3121158799880853
-3.75 -3.5 32 33 53.45854900763635 0.2866492527280123
-3.75 -3.5 33 34 51.41870291336815 0.2633371935726045
-3.75 -3.5 34 35 49.43414517077363 0.2419626954949677
-3.75 -3.5 35 36 47.50960976971547 0.2223352794171954
-3.75 -3.5 36 37 45.64812832506448 0.204287203965375
-3.75 -3.5 37 38 43.85141468474097 0.1876703017749032
-3.75 -3.5 38 39 42.12016652427093 0.1723533272093801
-3.75 -3.5 39 40 40.45430234676834 0.1582197237863627
-3.75 -3.5 40 41 38.8531480747625 0.1451657384257971
-3.75 -3.5 41 42 37.31558405781648 0.1330988237324013
-3.75 -3.5 42 43 35.84016097863197 0.1219362820658536
-3.75 -3.5 43 44 34.42519121919112 0.1116041130529113
-3.75 -3.5 44 45 33.0688207917685 0.1020360344464091
-3.75 -3.5 45 46 31.7684556886004 0.09332063647018721
-3.75 -3.5 46 47 30.52319031522863 0.08600001189967788
-3.75 -3.5 47 48 29.33033738872903 0.08020388791405236
-3.75 -3.5 48 49 28.18784410487063 0.07595089491293873
-3.75 -3.5 49 50 27.09346655711967 0.07269754115217986
-3.5 -3.25 0 1 863.8671221518616 0.4303039437621954
-3.5 -3.25 1 2 -4859.710130250404 18.64805026990753
-3.5 -3.25 2 3 -4338.771052775816 14.83269773115834
-3.5 -3.25 3 4 -2907.576951798224 11.20603134628498
-3.5 -3.25 4 5 -1918.493184593048 8.738880835641888
-3.5 -3.25 5 6 -1275.217836461438 7.022201854516346
-3.5 -3.25 6 7 -854.2699156397439 5.778887658767163
-3.5 -3.25 7 8 -573.4700828089065 4.846049777955918
-3.5 -3.25 8 9 -382.2427633922257 4.125388330656473
-3.5 -3.25 9 10 -249.5211187437471 3.555327699551941
-3.5 -3.25 10 11 -155.9776686395057 3.095357782030093
-3.5 -3.25 11 12 -89.22601910925505 2.718052366911459
-3.5 -3.25 12 13 -41.16545940368337 2.404192272854552
-3.5 -3.25 13 14 -6.371746467248158 2.139956163942014
-3.5 -3.25 14 15 18.86378146975358 1.915173145457907
-3.5 -3.25 15 16 37.12502428812672 1.72220707817529
-3.5 -3.25 16 17 50.24278251480473 1.555223154262636
-3.5 -3.25 17 18 59.53377426142504 1.409693155367533
-3.5 -3.25 18 19 65.95758174622847 1.282053973447062
-3.5 -3.25 19 20 70.22171767380769 1.169467040208705
-3.5 -3.25 20 21 72.85321986526242 1.069645705745023
-3.5 -3.25 21 22 74.24823479153088 0.9807293080192745
-3.5 -3.25 22 23 74.70686875225772 0.9011899186056238
-3.5 -3.25 23 24 74.45801662664041 0.8297623395147417
-3.5 -3.25 24 25 73.67726966392098 0.7653908974403181
-3.5 -3.25 25 26 72.4999777022141 0.7071885417086703
-3.5 -3.25 26 27 71.03087566308636 0.6544050704071829
-3.5 -3.25 27 28 69.35124529185009 0.6064022077710554
-3.5 -3.25 28 29 67.52428961048429 0.5626338802537199
-3.5 -3.25 29 30 65.59919827745489 0.5226304772182894
-3.5 -3.25 30 31 63.61424529021474 0.4859861936002888
-3.5 -3.25 31 32 61.59916523654357 0.4523487780719968
-3.5 -3.25 32 33 59.57698736881693 0.4214111729507082
-3.5 -3.25 33 34 57.56545922363227 0.3929046544685507
-3.5 -3.25 34 35 55.57815736485534 0.3665931698180333
-3.5 -3.25 35 36 53.62535810726109 0.3422686370300425
-3.5 -3.25 36 37 51.71472300486511 0.3197470228115302
-3.5 -3.25 37 38 49.85184061416115 0.298865053610717
-3.5 -3.25 38 39 48.04065615011106 0.2794774449236184
-3.5 -3.25 39 40 46.28381325934478 0.2614545563668967
-3.5 -3.25 40 41 44.58292667609993 0.244680399274897
-3.5 -3.25 41 42 42.9388001647271 0.2290509366719096
-3.5 -3.25 42 43 41.35160110898846 0.2144726274555769
-3.5 -3.25 43 44 39.8210005718625 0.2008611750031196
-3.5 -3.25 44 45 38.34628575681251 0.1881404481547977
-3.5 -3.25 45 46 36.92569164091098 0.1763413521941888
-3.5 -3.25 46 47 35.55937883861034 0.1657884055571978
-3.5 -3.25 47 48 34.24519828887179 0.1565154622646983
-3.5 -3.25 48 49 32.98165382320211 0.1484961243089273
-3.5 -3.25 49 50 31.76696634137267 0.141348619025897
-3.25 -3 0 1 1581.158106633254 1.179527054231945
-3.25 -3 1 2 -4689.811357115237 9.203412679012601
-3.25 -3 2 3 -4753.34569551409 9.657951351675608
-3.25 -3 3 4 -3301.176189380227 7.858663466349081
-3.25 -3 4 5 -2234.502851806386 6.377625598312648
-3.25 -3 5 6 -1520.856287109827 5.264874662099862
-3.25 -3 6 7 -1044.561298110217 4.422480426788397
-3.25 -3 7 8 -721.6079652025605 3.77118658422928
-3.25 -3 8 9 -498.3814710434365 3.256558810298573
-3.25 -3 9 10 -341.2123636189388 2.84220694745286
-3.25 -3 10 11 -228.8167695099798 2.502901148652521
-3.25 -3 11 12 -147.3786210808673 2.221048265344947
-3.25 -3 12 13 -87.76352693823333 1.983991510531862
-3.25 -3 13 14 -43.79603330164673 1.782442664911155
-3.25 -3 14 15 -11.21656866217518 1.609451657506086
-3.25 -3 15 16 12.96722967999312 1.459726345495111
-3.25 -3 16 17 30.89248557505016 1.329173448797531
-3.25 -3 17 18 44.10822768399828 1.214582189183951
-3.25 -3 18 19 53.75210654125783 1.113402000628881
-3.25 -3 19 20 60.66949649003334 1.023583527178112
-3.25 -3 20 21 65.49516463196517 0.9434630172066096
-3.25 -3 21 22 68.710167137962 0.8716770041714939
-3.25 -3 22 23 70.68206765883701 0.807098471926477
-3.25 -3 23 24 71.69374748691121 0.7487884907625393
-3.25 -3 24 25 71.96429682387759 0.695959149203302
-3.25 -3 25 26 71.66433414279089 0.647944839163735
-3.25 -3 26 27 70.92735575212168 0.604179792016914
-3.25 -3 27 28 69.85822405087202 0.5641803438088557
-3.25 -3 28 29 68.53957132362194 0.5275308149764497
-3.25 -3 29 30 67.03666978903829 0.4938721788109547
-3.25 -3 30 31 65.40116275917427 0.4628929006964371
-3.25 -3 31 32 63.67394281903222 0.434321481173057
-3.25 -3 32 33 61.88738605352171 0.4079203467144083
-3.25 -3 33 34 60.06709652190739 0.383480814247432
-3.25 -3 34 35 58.23327567342415 0.360818916663479
-3.25 -3 35 36 56.40180267895792 0.3397719242237776
-3.25 -3 36 37 54.58509058496668 0.320195430346096
-3.25 -3 37 38 52.79276767642619 0.301960899102225
-3.25 -3 38 39 51.03222180509661 0.2849535915680846
-3.25 -3 39 40 49.30903674680286 0.2690708051067344
-3.25 -3 40 41 47.62734317715024 0.2542203722362443
-3.25 -3 41 42 45.99010169451751 0.2403193759027037
-3.25 -3 42 43 44.39933168751398 0.2272930457255432
-3.25 -3 43 44 42.85629680430498 0.2150738065936126
-3.25 -3 44 45 41.36165553053218 0.2036004558117889
-3.25 -3 45 46 39.91473170222605 0.1929239816576285
-3.25 -3 46 47 38.51689943417 0.1834005201091554
-3.25 -3 47 48 37.16679428940913 0.175066053846925
-3.25 -3 48 49 35.86367885160901 0.1678903084868993
-3.25 -3 49 50 34.60643684840043 0.1614704624692427
-3 -2.75 0 1 2271.037071058746 1.702242568109667
-3 -2.75 1 2 -4334.636509216874 4.34823540983322
-3 -2.75 2 3 -5000.74106307569 5.895907780666628
-3 -2.75 3 4 -3579.596111419753 5.040644050025802
-3 -2.75 4 5 -2472.667843851299 4.192522302148885
-3 -2.75 5 6 -1713.739933250841 3.516957941828093
-3 -2.75 6 7 -1198.91019073189 2.989491388036238
-3 -2.75 7 8 -845.2207135448143 2.573446087843681
-3 -2.75 8 9 -597.8813967265633 2.23975192790083
-3 -2.75 9 10 -421.804245504037 1.96805003365604
-3 -2.75 10 11 -294.5018920234363 1.743442303775224
-3 -2.75 11 12 -201.2207942834166 1.555381895168484
-3 -2.75 12 13 -132.1191406885066 1.39612158787124
-3 -2.75 13 14 -80.49112480530675 1.259893925526929
-3 -2.75 14 15 -41.67859208384743 1.142332867815464
-3 -2.75 15 16 -12.38760886511 1.040081448249458
-3 -2.75 16 17 9.749075050564215 0.9505215075266493
-3 -2.75 17 18 26.45770872379137 0.8715844169463339
-3 -2.75 18 19 39.01367329000118 0.8016163283212328
-3 -2.75 19 20 48.3703329129238 0.7392807248663451
-3 -2.75 20 21 55.24783839190593 0.6834869007395558
-3 -2.75 21 22 60.19528938554026 0.6333367451962849
-3 -2.75 22 23 63.63487480375136 0.5880846391408974
-3 -2.75 23 24 65.8936307596897 0.547106875312511
-3 -2.75 24 25 67.22656733882616 0.5098780841607186
-3 -2.75 25 26 67.83369795029682 0.4759528757245942
-3 -2.75 26 27 67.87270770227883 0.4449514085278893
-3 -2.75 27 28 67.46846673722445 0.4165479454721628
-3 -2.75 28 29 66.72023668970161 0.3904617046022461
-3 -2.75 29 30 65.70717361451022 0.366449488468781
-3 -2.75 30 31 64.49256143907581 0.3442997040309865
-3 -2.75 31 32 63.12709125526931 0.3238274780988102
-3 -2.75 32 33 61.6514177257352 0.3048706430318918
-3 -2.75 33 34 60.09816376205629 0.2872864176015753
-3 -2.75 34 35 58.49350117566576 0.2709486478562856
-3 -2.75 35 36 56.85840333568103 0.2557455012720444
-3 -2.75 36 37 55.20964255553332 0.2415775302175591
-3 -2.75 37 38 53.56058771311461 0.2283560380957598
-3 -2.75 38 39 51.92184467978265 0.2160016944689132
-3 -2.75 39 40 50.30177242260891 0.2044433566937141
-3 -2.75 40 41 48.7069004131784 0.1936170628811165
-3 -2.75 41 42 47.1422671775511 0.1834651684071338
-3 -2.75 42 43 45.61169574710885 0.1739356022841228
-3 -2.75 43 44 44.11801832662033 0.1649812252422568
-3 -2.75 44 45 42.66325996078703 0.1565592731292845
-3 -2.75 45 46 41.24787055231309 0.1487860219554294
-3 -2.75 46 47 39.87440438013925 0.1422166256665013
-3 -2.75 47 48 38.54234102071086 0.1369309801306849
-3 -2.75 48 49 37.25174106312551 0.1329012938448573
-3 -2.75 49 50 36.00219539776282 0.1295569864063476
-2.75 -2.5 0 1 2906.584849909208 2.209890570668271
-2.75 -2.5 1 2 -3905.058883269658 1.099447446559515
-2.75 -2.5 2 3 -5144.229902620693 2.707770155243967
-2.75 -2.5 3 4 -3777.440873742037 2.609984075042853
-2.75 -2.5 4 5 -2651.744104650476 2.297610962243651
-2.75 -2.5 5 6 -1863.638298887784 1.999684088433704
-2.75 -2.5 6 7 -1321.851409203881 1.746769492775978
-2.75 -2.5 7 8 -945.7267123051188 1.536718235232471
-2.75 -2.5 8 9 -680.2810748713696 1.361690800883386
-2.75 -2.5 9 10 -489.6992408348287 1.215156428781905
-2.75 -2.5 10 11 -350.7592956910789 1.091129438546639
-2.75 -2.5 11 12 -248.0925449707267 0.9852335986688471
-2.75 -2.5 12 13 -171.3717507214212 0.894034179444309
-2.75 -2.5 13 14 -113.5159505654819 0.8148659684298166
-2.75 -2.5 14 15 -69.57850118213696 0.7456442157248688
-2.75 -2.5 15 16 -36.04314830089697 0.6847223401775869
-2.75 -2.5 16 17 -10.37036721482013 0.6307866734348163
-2.75 -2.5 17 18 9.300524487115354 0.58277875867132
-2.75 -2.5 18 19 24.35060905531282 0.5398377127219948
-2.75 -2.5 19 20 35.81699667552664 0.5012571294054048
-2.75 -2.5 20 21 44.48668394289268 0.4664525559431354
-2.75 -2.5 21 22 50.962506719722 0.4349367101156533
-2.75 -2.5 22 23 55.71014264372434 0.4063004129433226
-2.75 -2.5 23 24 59.09204634727416 0.3801977814747903
-2.75 -2.5 24 25 61.3922453070868 0.356334626279402
-2.75 -2.5 25 26 62.83465847674097 0.3344592822615297
-2.75 -2.5 26 27 63.59676797166117 0.3143553042363297
-2.75 -2.5 27 28 63.81991873671132 0.2958356026727458
-2.75 -2.5 28 29 63.61714548097359 0.2787377030261305
-2.75 -2.5 29 30 63.07916836406685 0.2629198858010464
-2.75 -2.5 30 31 62.27902017283844 0.2482580246175961
-2.75 -2.5 31 32 61.27564202440942 0.2346429798890701
-2.75 -2.5 32 33 60.11669544063761 0.2219784387424912
-2.75 -2.5 33 34 58.84077468143226 0.2101791138328837
-2.75 -2.5 34 35 57.47915687660833 0.1991692354493392
-2.75 -2.5 35 36 56.0571936518117 0.1888812817419707
-2.75 -2.5 36 37 54.59542296040036 0.1792549053823138
-2.75 -2.5 37 38 53.11046135040652 0.1702360215967004
-2.75 -2.5 38 39 51.61572297462311 0.1617760307938597
-2.75 -2.5 39 40 50.122001180365 0.1538311531961834
-2.75 -2.5 40 41 48.6379406978734 0.1463618565550768
-2.75 -2.5 41 42 47.17042215562114 0.1393323632246538
-2.75 -2.5 42 43 45.72487624605577 0.1327102233069167
-2.75 -2.5 43 44 44.30554108712744 0.1264659444320788
-2.75 -2.5 44 45 42.91567359188392 0.1205726688496403
-2.75 -2.5 45 46 41.55675509856937 0.115227826623338
-2.75 -2.5 46 47 40.23239205769389 0.1112461994195506
-2.75 -2.5 47 48 38.94285063514309 0.1087414005715626
-2.75 -2.5 48 49 37.6889291066777 0.107653583706853
-2.75 -2.5 49 50 36.47087438625437 0.1071700073794772
-2.5 -2.25 0 1 3485.039526103872 1.667876961759
-2.5 -2.25 1 2 -3468.810178359794 0.951118003133094
-2.5 -2.25 2 3 -5233.392515799697 1.687933206760982
-2.5 -2.25 3 4 -3924.379297440257 1.556075901553008
-2.5 -2.25 4 5 -2789.220375514621 1.371421361642436
-2.5 -2.25 5 6 -1980.866606457648 1.227218078212397
-2.5 -2.25 6 7 -1419.389239342625 1.101098556192267
-2.5 -2.25 7 8 -1026.469936546956 0.9894775962132119
-2.5 -2.25 8 9 -747.2429284645127 0.8918691815675103
-2.5 -2.25 9 10 -545.4778265974724 0.8073994636747603
-2.5 -2.25 10 11 -397.4647891085583 0.7338265644639052
-2.5 -2.25 11 12 -287.4093206777286 0.6695457402323972
-2.5 -2.25 12 13 -204.6381329241804 0.6131031508787436
-2.5 -2.25 13 14 -141.7975750770997 0.5632872879677729
-2.5 -2.25 14 15 -93.72809823855346 0.5190984484584755
-2.5 -2.25 15 16 -56.74729599521061 0.4797130139507069
-2.5 -2.25 16 17 -28.1854970526756 0.4444508198610073
-2.5 -2.25 17 18 -6.079494935024286 0.4127477401508234
-2.5 -2.25 18 19 11.03308589755397 0.3841334389313152
-2.5 -2.25 19 20 24.25425339688979 0.3582135757731721
-2.5 -2.25 20 21 34.42316248397026 0.3346556461626481
-2.5 -2.25 21 22 42.18484180116468 0.3131777141999132
-2.5 -2.25 22 23 48.03931224590065 0.2935394255746182
-2.5 -2.25 23 24 52.37714674517974 0.2755348092036334
-2.5 -2.25 24 25 55.50552189711379 0.2589864842188169
-2.5 -2.25 25 26 57.66751406306764 0.2437409727364475
-2.5 -2.25 26 27 59.05653705437146 0.229664887274017
-2.5 -2.25 27 28 59.82724605388808 0.2166418122037117
-2.5 -2.25 28 29 60.10384421961874 0.204569739473949
-2.5 -2.25 29 30 59.98646143889039 0.1933589478465466
-2.5 -2.25 30 31 59.55608917087864 0.1829302420575452
-2.5 -2.25 31 32 58.87842459861366 0.1732134811203828
-2.5 -2.25 32 33 58.00688435879124 0.164146344478866
-2.5 -2.25 33 34 56.98498134633832 0.1556732914983987
-2.5 -2.25 34 35 55.84820960897673 0.1477446811314755
-2.5 -2.25 35 36 54.62554687391037 0.1403160233068824
-2.5 -2.25 36 37 53.34065802533138 0.1333473406546218
-2.5 -2.25 37 38 52.01286340005009 0.1268026207440675
-2.5 -2.25 38 39 50.65792111324839 0.1206493464744267
-2.5 -2.25 39 40 49.28866155873391 0.1148580899501316
-2.5 -2.25 40 41 47.91550397385129 0.1094021614245652
-2.5 -2.25 41 42 46.54687828456997 0.1042573044065804
-2.5 -2.25 42 43 45.1895707832835 0.09940143037546167
-2.5 -2.25 43 44 43.8490081625867 0.09481438667391379
-2.5 -2.25 44 45 42.52949153226743 0.09047775318425397
-2.5 -2.25 45 46 41.23337974109799 0.08669825770709264
-2.5 -2.25 46 47 39.96517104281546 0.08467148086636432
-2.5 -2.25 47 48 38.72580544489958 0.08453069624122662
-2.5 -2.25 48 49 37.51671391729596 0.08611547339783952
-2.5 -2.25 49 50 36.33870534925836 0.09180860934648453
-2.25 -2 0 1 4008.248279701787 1.027520772975981
-2.25 -2 1 2 -3072.81134240646 0.8428210387740274
-2.25 -2 2 3 -5325.231995176746 1.646845729395844
-2.25 -2 3 4 -4065.72611811567 1.526420911057067
-2.25 -2 4 5 -2916.851513627821 1.347281192026853
-2.25 -2 5 6 -2086.201322331484 1.188470872698929
-2.25 -2 6 7 -1504.374434324561 1.055098177165188
-2.25 -2 7 8 -1094.801113650954 0.9428628499031149
-2.25 -2 8 9 -802.3518633639387 0.8482391988023749
-2.25 -2 9 10 -590.1538962415657 0.7669964693361976
-2.25 -2 10 11 -433.8812219853546 0.6969952751017258
-2.25 -2 11 12 -317.2452226658697 0.6361122550136851
-2.25 -2 12 13 -229.1924497571438 0.5827746379231443
-2.25 -2 13 14 -162.0814793153056 0.5357417577481881
-2.25 -2 14 15 -110.5350557375082 0.4940238682066073
-2.25 -2 15 16 -70.70518818456299 0.4568230207660136
-2.25 -2 16 17 -39.79526761620309 0.423489570165332
-2.25 -2 17 18 -15.74391791399262 0.3934898122274494
-2.25 -2 18 19 2.98783500329705 0.3663816186879176
-2.25 -2 19 20 17.56228142861892 0.3417958894512786
-2.25 -2 20 21 28.86640365392725 0.3194222783629385
-2.25 -2 21 22 37.58346353915715 0.2989981067621506
-2.25 -2 22 23 44.24426005447481 0.2802996655992215
-2.25 -2 23 24 49.26430325390356 0.2631353377414355
-2.25 -2 24 25 52.97109520101367 0.2473401131716463
-2.25 -2 25 26 55.62437039454767 0.2327711827640824
-2.25 -2 26 27 57.43126490282702 0.2193043713691599
-2.25 -2 27 28 58.55779124057517 0.20683123341582
-2.25 -2 28 29 59.13759389608572 0.195256669568239
-2.25 -2 29 30 59.27868345628326 0.1844969619886962
-2.25 -2 30 31 59.06865454550456 0.174478143727485
-2.25 -2 31 32 58.57875683054164 0.165134638414918
-2.25 -2 32 33 57.86709154171393 0.1564081199192457
-2.25 -2 33 34 56.98113632245571 0.148246551833073
-2.25 -2 34 35 55.95975061042287 0.1406033737770291
-2.25 -2 35 36 54.83477666882368 0.133436810768604
-2.25 -2 36 37 53.63232393870425 0.1267092828045553
-2.25 -2 37 38 52.37380400766222 0.1203868995004165
-2.25 -2 38 39 51.07676810538936 0.1144390251222639
-2.25 -2 39 40 49.75558742517256 0.1088379038282384
-2.25 -2 40 41 48.42200787301488 0.1035583336174343
-2.25 -2 41 42 47.0856038361872 0.09857738523190644
-2.25 -2 42 43 45.75415063751859 0.09387415510868796
-2.25 -2 43 44 44.43393109031192 0.08942955103368558
-2.25 -2 44 45 43.12998851373149 0.08522610301899478
-2.25 -2 45 46 41.84528255043452 0.08190026998475819
-2.25 -2 46 47 40.58495487892009 0.08183018871042719
-2.25 -2 47 48 39.35038927050041 0.08508036679978596
-2.25 -2 48 49 38.14344106526815 0.09103573820266335
-2.25 -2 49 50 36.96528814311691 0.09733833953441991
-2 -1.75 0 1 4506.43349444725 1.063834817276301
-2 -1.75 1 2 -2676.610156003824 2.790119407637217
-2 -1.75 2 3 -5385.689307270421 2.758311261636768
-2 -1.75 3 4 -4185.372250134147 2.246605828497563
-2 -1.75 4 5 -3034.520189131419 1.842968848854814
-2 -1.75 5 6 -2189.93032674852 1.54345091037964
-2 -1.75 6 7 -1592.980442422174 1.317122784253293
-2 -1.75 7 8 -1169.789057574772 1.14133154809329
-2 -1.75 8 9 -865.7494317733012 1.001490471432717
-2 -1.75 9 10 -643.8784389776724 0.8875749435139708
-2 -1.75 10 11 -479.5798463978249 0.7933677602484616
-2 -1.75 11 12 -356.2836286310246 0.7140748112217894
-2 -1.75 12 13 -262.6871371393654 0.6465174783441957
-2 -1.75 13 14 -190.9419750006127 0.5883256511835683
-2 -1.75 14 15 -135.5030501780607 0.5377282654310687
-2 -1.75 15 16 -92.38756562792037 0.4933751290813796
-2 -1.75 16 17 -58.6908664900368 0.4542185308465826
-2 -1.75 17 18 -32.26483196475647 0.4194326699945835
-2 -1.75 18 19 -11.50058743218165 0.3883575876963355
-2 -1.75 19 20 4.820749472654597 0.3604593392226285
-2 -1.75 20 21 17.63221442041072 0.3353011666572163
-2 -1.75 21 22 27.65474443268249 0.3125222745847239
-2 -1.75 22 23 35.45012099951566 0.2918219607669114
-2 -1.75 23 24 41.45946268672958 0.2729475821806245
-2 -1.75 24 25 46.03154190288626 0.255685313833017
-2 -1.75 25 26 49.44384298142813 0.2398529678974666
-2 -1.75 26 27 51.91838011488346 0.2252943561317057
-2 -1.75 27 28 53.63368979260053 0.2118748190835566
-2 -1.75 28 29 54.73400139127693 0.1994776495472756
-2 -1.75 29 30 55.33630588233734 0.1880012078454517
-2 -1.75 30 31 55.53584483951204 0.1773565762192615
-2 -1.75 31 32 55.41040211209395 0.167465638835178
-2 -1.75 32 33 55.0236808157407 0.1582595000088849
-2 -1.75 33 34 54.42797643204659 0.1496771714960479
-2 -1.75 34 35 53.66630448433324 0.1416644782141621
-2 -1.75 35 36 52.77410286096676 0.1341731408081122
-2 -1.75 36 37 51.78060038850845 0.1271600020644111
-2 -1.75 37 38 50.7099220834279 0.1205863712491445
-2 -1.75 38 39 49.58198550975573 0.1144174676712511
-2 -1.75 39 40 48.41323055924977 0.1086219439108701
-2 -1.75 40 41 47.21721590204442 0.1031714775066519
-2 -1.75 41 42 46.0051080139142 0.0980404196652621
-2 -1.75 42 43 44.78608354245125 0.09320549012027217
-2 -1.75 43 44 43.56766130410767 0.08864551538143145
-2 -1.75 44 45 42.35597700332215 0.08434119746424307
-2 -1.75 45 46 41.15492830603776 0.08107815589404138
-2 -1.75 46 47 39.97056915222095 0.08129722196702897
-2 -1.75 47 48 38.80501699972294 0.08500385058499127
-2 -1.75 48 49 37.66080587777287 0.09155753946476543
-2 -1.75 49 50 36.53971313407752 0.09847283045005868
-1.75 -1.5 0 1 4967.184743215152 0.9805072970737874
-1.75 -1.5 1 2 -2291.132995738385 0.843956153878634
-1.75 -1.5 2 3 -5416.834455777051 1.755060209880301
-1.75 -1.5 3 4 -4260.265169865588 1.695133301665142
-1.75 -1.5 4 5 -3102.386274105392 1.510849758604759
-1.75 -1.5 5 6 -2244.567307824584 1.325520551619995
-1.75 -1.5 6 7 -1635.770942826119 1.163160424718392
-1.75 -1.5 7 8 -1203.143327700539 1.026377567963568
-1.75 -1.5 8 9 -891.8559807953311 0.9108486112139402
-1.75 -1.5 9 10 -664.3936294899604 0.8132540588457906
-1.75 -1.5 10 11 -495.7624520154031 0.7315708470101566
-1.75 -1.5 11 12 -369.0960353373923 0.6612653370114391
-1.75 -1.5 12 13 -272.8523516451712 0.6006478926976072
-1.75 -1.5 13 14 -199.0128965317242 0.5479695546850527
-1.75 -1.5 14 15 -141.9067583257142 0.5018565426075409
-1.75 -1.5 15 16 -97.45713231197033 0.4612224611718845
-1.75 -1.5 16 17 -62.68833322287992 0.4252006644911748
-1.75 -1.5 17 18 -35.39797299448583 0.3930933314575524
-1.75 -1.5 18 19 -13.93528282264197 0.3643333423759556
-1.75 -1.5 19 20 2.951271419741943 0.3384556735578793
-1.75 -1.5 20 21 16.22039328622827 0.3150757940618267
-1.75 -1.5 21 22 26.61335330654072 0.2938732227723974
-1.75 -1.5 22 23 34.70815156735682 0.2745788937475109
-1.75 -1.5 23 24 40.95892237082717 0.2569653640735899
-1.75 -1.5 24 25 45.72494058293978 0.2408391541027619
-1.75 -1.5 25 26 49.29220632214208 0.2260347043643594
-1.75 -1.5 26 27 51.88966874263247 0.2124095678649074
-1.75 -1.5 27 28 53.70153387043717 0.1998405560895515
-1.75 -1.5 28 29 54.87668216988186 0.1882206253699955
-1.75 -1.5 29 30 55.53593198873705 0.1774563452412166
-1.75 -1.5 30 31 55.77768308286579 0.1674658243906881
-1.75 -1.5 31 32 55.68233160160526 0.1581770034253576
-1.75 -1.5 32 33 55.31574600547981 0.1495262388945344
-1.75 -1.5 33 34 54.73201991318439 0.141457124414516
-1.75 -1.5 34 35 53.97566434867355 0.1339195024469915
-1.75 -1.5 35 36 53.08336256557101 0.126868633125449
-1.75 -1.5 36 37 52.08538146391641 0.120264490848745
-1.75 -1.5 37 38 51.00671193211502 0.1140711678873188
-1.75 -1.5 38 39 49.86799403620012 0.1082563639185139
-1.75 -1.5 39 40 48.68627056142856 0.1027909511556334
-1.75 -1.5 40 41 47.47560310339247 0.09764859844524686
-1.75 -1.5 41 42 46.24757736864632 0.09280544868026339
-1.75 -1.5 42 43 45.01171906444694 0.08823983905372684
-1.75 -1.5 43 44 43.77583715404182 0.08393205734015552
-1.75 -1.5 44 45 42.54630797170836 0.07986413142296303
-1.75 -1.5 45 46 41.32718739444704 0.07673382082481499
-1.75 -1.5 46 47 40.12477244951427 0.0771503561735469
-1.75 -1.5 47 48 38.94127403815014 0.08120241977615468
-1.75 -1.5 48 49 37.77933568277263 0.08823683900937015
-1.75 -1.5 49 50 36.64083093400671 0.095670131116216
-1.5 -1.25 0 1 5404.645954367599 3.107745401516364
-1.5 -1.25 1 2 -1911.1644071784 3.740375813521933
-1.5 -1.25 2 3 -5442.445735969717 1.685694880948444
-1.5 -1.25 3 4 -4341.673994473 1.621357400130706
-1.5 -1.25 4 5 -3184.876973780269 1.447953293835363
-1.5 -1.25 5 6 -2317.477142956323 1.27857840161765
-1.5 -1.25 6 7 -1697.884641559377 1.131025208429578
-1.5 -1.25 7 8 -1255.526491110085 1.005884840915047
-1.5 -1.25 8 9 -935.9804879097983 0.8990773672173259
-1.5 -1.25 9 10 -701.7437123333411 0.8097310070062621
-1.5 -1.25 10 11 -527.4461509995549 0.7320617952895216
-1.5 -1.25 11 12 -396.1223733618071 0.6653461627798426
-1.5 -1.25 12 13 -296.0167456812906 0.6073321586943125
-1.5 -1.25 13 14 -218.9596807101971 0.5565281400621163
-1.5 -1.25 14 15 -159.1590692536092 0.5117482089864924
-1.5 -1.25 15 16 -112.4415206938359 0.4720431932645942
-1.5 -1.25 16 17 -75.75437941074415 0.436647198881964
-1.5 -1.25 17 18 -46.8337234028827 0.4049369333243563
-1.5 -1.25 18 19 -23.9793577263647 0.3764008614237567
-1.5 -1.25 19 20 -5.899832876137225 0.3506157564591325
-1.5 -1.25 20 21 8.395970277575771 0.32722876049859
-1.5 -1.25 21 22 19.67579370917997 0.3059435648085657
-1.5 -1.25 22 23 28.53937137622449 0.2865096675557902
-1.5 -1.25 23 24 35.4587737876916 0.2687139614571087
-1.5 -1.25 24 25 40.80815047053341 0.2523740875263176
-1.5 -1.25 25 26 44.88589448195012 0.238741571791454
-1.5 -1.25 26 27 47.93132557869876 0.2268675291023217
-1.5 -1.25 27 28 50.13736411737318 0.2157929399922864
-1.5 -1.25 28 29 51.66024195569264 0.2054480388605096
-1.5 -1.25 29 30 52.62700221000682 0.1957705072583156
-1.5 -1.25 30 31 53.14133413132174 0.1867045578009217
-1.5 -1.25 31 32 53.28814378944742 0.178200139877581
-1.5 -1.25 32 33 53.13715726079181 0.170212252637584
-1.5 -1.25 33 34 52.74577796705148 0.1627003476839455
-1.5 -1.25 34 35 52.16136506512186 0.1556278122358445
-1.5 -1.25 35 36 51.42305957063712 0.1489615186297464
-1.5 -1.25 36 37 50.56325500732288 0.1426714328817132
-1.5 -1.25 37 38 49.60878713586851 0.1367302719170812
-1.5 -1.25 38 39 48.58190045924141 0.1311132056384488
-1.5 -1.25 39 40 47.50103644324406 0.1257975940756901
-1.5 -1.25 40 41 46.38147880755611 0.1207627578275987
-1.5 -1.25 41 42 45.23588348313439 0.1159897759915692
-1.5 -1.25 42 43 44.0747153901396 0.1114613074281252
-1.5 -1.25 43 44 42.90660942853521 0.1071614335874143
-1.5 -1.25 44 45 41.73866970175879 0.1030755189152166
-1.5 -1.25 45 46 40.57556639167586 0.09953684172185832
-1.5 -1.25 46 47 39.42421022634997 0.09783071377049656
-1.5 -1.25 47 48 38.2872881578665 0.09813600052181656
-1.5 -1.25 48 49 37.16789085256224 0.1003521869683145
-1.5 -1.25 49 50 36.06827698469843 0.1032221274866526
-1.25 -1 0 1 5774.672822047799 1.558461778699579
-1.25 -1 1 2 -1608.12019507781 0.7249696119251825
-1.25 -1 2 3 -5481.880976292117 2.062302737726574
-1.25 -1 3 4 -4421.246038017929 1.963569569767027
-1.25 -1 4 5 -3259.417163677565 1.730669143087606
-1.25 -1 5 6 -2379.830846103337 1.51354049486375
-1.25 -1 6 7 -1748.497450954015 1.330268652675596
-1.25 -1 7 8 -1296.317055720811 1.178097436569738
-1.25 -1 8 9 -968.873133504107 1.050709896931361
-1.25 -1 9 10 -728.3527468608718 0.9443495873344607
-1.25 -1 10 11 -549.0579235395062 0.8532851039236372
-1.25 -1 11 12 -413.7366009685657 0.7752847705922956
-1.25 -1 12 13 -310.4154537738661 0.7077192061607027
-1.25 -1 13 14 -230.7558500346602 0.6487185002813382
-1.25 -1 14 15 -168.8363377010355 0.5968235326835863
-1.25 -1 15 16 -120.3842618455787 0.5508825093061662
-1.25 -1 16 17 -82.27030377181154 0.5099757529225537
-1.25 -1 17 18 -52.17087954282169 0.4733608818335823
-1.25 -1 18 19 -28.33899107017101 0.4404325165498064
-1.25 -1 19 20 -9.446184466875366 0.4106923485285734
-1.25 -1 20 21 5.528134961489286 0.3837266494264114
-1.25 -1 21 22 17.37535144342633 0.3591891792714296
-1.25 -1 22 23 26.71428468403349 0.3367880530599177
-1.25 -1 23 24 34.03250419691005 0.3162755445842114
-1.25 -1 24 25 39.71681465739209 0.2974400922255194
-1.25 -1 25 26 44.07599421652424 0.2800999744536448
-1.25 -1 26 27 47.35792436356382 0.2640982623208695
-1.25 -1 27 28 49.76261414486976 0.2492987608495965
-1.25 -1 28 29 51.45218770059296 0.2355827183411468
-1.25 -1 29 30 52.55860388061353 0.2228461426693828
-1.25 -1 30 31 53.189666902299 0.2109975952278453
-1.25 -1 31 32 53.4337383557405 0.1999563689603474
-1.25 -1 32 33 53.36345460156133 0.189650972663806
-1.25 -1 33 34 53.03867684704477 0.1800178649404422
-1.25 -1 34 35 52.50884518722603 0.171000389747066
-1.25 -1 35 36 51.81486669247636 0.162547878303013
-1.25 -1 36 37 50.99063701800429 0.1546148871632121
-1.25 -1 37 38 50.06427219593019 0.1471605493953226
-1.25 -1 38 39 49.05910998402317 0.1401480189966796
-1.25 -1 39 40 47.99452704172359 0.1335439948261545
-1.25 -1 40 41 46.88660836447451 0.1273183099937167
-1.25 -1 41 42 45.74869742491768 0.121443575282285
-1.25 -1 42 43 44.59184987988868 0.1158948727376598
-1.25 -1 43 44 43.42520879387598 0.1106494860108411
-1.25 -1 44 45 42.25631585984769 0.1056866662062362
-1.25 -1 45 46 41.09018994480726 0.101367286680236
-1.25 -1 46 47 39.93412502071413 0.0991152547421407
-1.25 -1 47 48 38.79106022764933 0.099150628730394
-1.25 -1 48 49 37.66432833002727 0.1013579556523756
-1.25 -1 49 50 36.55639990535332 0.1087474170810645
-1 -0.75 0 1 6097.25667116914 2.283901092705064
-1 -0.75 1 2 -1318.731489344171 2.05412561234404
-1 -0.75 2 3 -5485.18211427132 1.558467616982241
-1 -0.75 3 4 -4463.149177975319 1.515003934754914
-1 -0.75 4 5 -3301.61775110583 1.35892654585875
-1 -0.75 5 6 -2415.701594688994 1.208258761136314
-1 -0.75 6 7 -1777.726365170765 1.078263784134041
-1 -0.75 7 8 -1319.886172377442 0.9680380330628242
-1 -0.75 8 9 -987.8709565438076 0.8740833417111454
-1 -0.75 9 10 -743.7144098863 0.7931264933060801
-1 -0.75 10 11 -561.5350979758718 0.7235420365249289
-1 -0.75 11 12 -423.9112487718248 0.6626500174896049
-1 -0.75 12 13 -318.7435825473931 0.6091436291662762
-1 -0.75 13 14 -237.5946495417688 0.5618205675358452
-1 -0.75 14 15 -174.4673703751148 0.5197206481794397
-1 -0.75 15 16 -125.0310444564789 0.4820691130276499
-1 -0.75 16 17 -86.11151453391017 0.4482346172797044
-1 -0.75 17 18 -55.35029090631747 0.4176979158158636
-1 -0.75 18 19 -30.97298404894536 0.3900282968473605
-1 -0.75 19 20 -11.6294785100888 0.3648656594395135
-1 -0.75 20 21 3.718075104217633 0.3419067342786858
-1 -0.75 21 22 15.87489721891939 0.3208943897842543
-1 -0.75 22 23 25.4709701056297 0.3016092451695947
-1 -0.75 23 24 33.00291869497789 0.2838630407577603
-1 -0.75 24 25 38.86493059119982 0.2674933495308563
-1 -0.75 25 26 43.37183073732342 0.2523593267835738
-1 -0.75 26 27 46.77647362902644 0.2383382692273422
-1 -0.75 27 28 49.28297366999107 0.2253228086735929
-1 -0.75 28 29 51.05685578162388 0.213218609638621
-1 -0.75 29 30 52.23290482752111 0.2019424681602801
-1 -0.75 30 31 52.92128019523068 0.1914207317628276
-1 -0.75 31 32 53.21231144160868 0.1815879814772599
-1 -0.75 32 33 53.18028333190171 0.1723859239855626
-1 -0.75 33 34 52.88644086586487 0.1637624576693873
-1 -0.75 34 35 52.38138814004645 0.1556708814743741
-1 -0.75 35 36 51.7070131414506 0.1480692205435683
-1 -0.75 36 37 50.89803951874217 0.1409196501008272
-1 -0.75 37 38 49.98328324693819 0.1341880020895277
-1 -0.75 38 39 48.98667454837982 0.127843338327037
-1 -0.75 39 40 47.92809213489545 0.1218575835079987
-1 -0.75 40 41 46.82404684203834 0.1162052052952423
-1 -0.75 41 42 45.68824361060075 0.1108629373396263
-1 -0.75 42 43 44.5320450988313 0.1058095364177374
-1 -0.75 43 44 43.36485520465629 0.1010255707837967
-1 -0.75 44 45 42.19443726033529 0.09649323351503183
-1 -0.75 45 46 41.02597337377762 0.09299718288997946
-1 -0.75 46 47 39.86696372184099 0.09347102696363839
-1 -0.75 47 48 38.72045803246058 0.09802471410123972
-1 -0.75 48 49 37.58990395849045 0.1059304100422328
-1 -0.75 49 50 36.47786280928085 0.1142955437148298
-0.75 -0.5 0 1 6350.936666869918 3.297152224279542
-0.75 -0.5 1 2 -1094.398275849947 2.77738466323816
-0.75 -0.5 2 3 -5494.588005687716 1.56530028209238
-0.75 -0.5 3 4 -4504.83921445929 1.531558653824642
-0.75 -0.5 4 5 -3344.079333266348 1.375951170960268
-0.75 -0.5 5 6 -2452.929050699991 1.222876981863184
-0.75 -0.5 6 7 -1809.12498820321 1.08986956015052
-0.75 -0.5 7 8 -1346.111183467091 0.9766954201648503
-0.75 -0.5 8 9 -1009.775084510338 0.8997941477229519
-0.75 -0.5 9 10 -762.0732556172134 0.8294250772620975
-0.75 -0.5 10 11 -577.002062461951 0.766081429054811
-0.75 -0.5 11 12 -437.008278675924 0.7087115847283303
-0.75 -0.5 12 13 -329.8907905540748 0.6570099924318343
-0.75 -0.5 13 14 -247.1289481166993 0.6103953191279607
-0.75 -0.5 14 15 -182.6600389323789 0.5682957005725157
-0.75 -0.5 15 16 -132.101725294043 0.5301855127695365
-0.75 -0.5 16 17 -92.23911255646158 0.4955965937619881
-0.75 -0.5 17 18 -60.68140534160534 0.4641183483096939
-0.75 -0.5 18 19 -35.62843591005412 0.4353933114924082
-0.75 -0.5 19 20 -15.70938590793889 0.409111191675118
-0.75 -0.5 20 21 0.1303269111260761 0.385002756625063
-0.75 -0.5 21 22 12.70952953192682 0.3628341467299578
-0.75 -0.5 22 23 22.66933215169956 0.3424018234292694
-0.75 -0.5 23 24 30.51550940716595 0.3235281923822513
-0.75 -0.5 24 25 36.6498097678375 0.3060578587777357
-0.75 -0.5 25 26 41.39333531706313 0.2898544484059318
-0.75 -0.5 26 27 45.00417468529406 0.2747979163262187
-0.75 -0.5 27 28 47.69082456508966 0.2607822712752824
-0.75 -0.5 28 29 49.62249305424768 0.247713651200428
-0.75 -0.5 29 30 50.93707181384923 0.2355086920475488
-0.75 -0.5 30 31 51.74734981238578 0.2240931442577877
-0.75 -0.5 31 32 52.14588948905748 0.2134006941506596
-0.75 -0.5 32 33 52.20887747947359 0.2033719591564242
-0.75 -0.5 33 34 51.99918346971924 0.1939536275531197
-0.75 -0.5 34 35 51.56880334464614 0.1850977206669399
-0.75 -0.5 35 36 50.96082056594003 0.1767609571143156
-0.75 -0.5 36 37 50.21098827128469 0.168904204503115
-0.75 -0.5 37 38 49.3490111714961 0.1614920047314867
-0.75 -0.5 38 39 48.39958853182469 0.154492161791816
-0.75 -0.5 39 40 47.38326604993256 0.1478753823741852
-0.75 -0.5 40 41 46.31713430091378 0.1416149633849891
-0.75 -0.5 41 42 45.21540319259384 0.1356865170662544
-0.75 -0.5 42 43 44.08987611597689 0.1300677306972221
-0.75 -0.5 43 44 42.95034238929878 0.124738154905942
-0.75 -0.5 44 45 41.80490302958708 0.1196790170652478
-0.75 -0.5 45 46 40.65901932234101 0.1152501899811237
-0.75 -0.5 46 47 39.52048169918208 0.1128607338839272
-0.75 -0.5 47 48 38.39255271828347 0.112725717448708
-0.75 -0.5 48 49 37.27888287509757 0.1147439444653925
-0.75 -0.5 49 50 36.18221101987493 0.1175398887364563
-0.5 -0.25 0 1 6521.845078454091 3.397558826011869
-0.5 -0.25 1 2 -947.4185555622457 2.386603640973672
-0.5 -0.25 2 3 -5505.276415367633 1.54481729078212
-0.5 -0.25 3 4 -4536.234178633938 1.529333212309785
-0.5 -0.25 4 5 -3374.96552675889 1.452153670462131
-0.5 -0.25 5 6 -2479.462737332337 1.364048812930598
-0.5 -0.25 6 7 -1831.111615093964 1.254862598548959
-0.5 -0.25 7 8 -1364.159021719505 1.147584568645095
-0.5 -0.25 8 9 -1024.58230194943 1.049071990276018
-0.5 -0.25 9 10 -774.2571793084098 0.9608757073708836
-0.5 -0.25 10 11 -587.0672076499136 0.8819073662914623
-0.5 -0.25 11 12 -445.3556628940423 0.8118401459854717
-0.5 -0.25 12 13 -336.839091526937 0.7494440574498596
-0.5 -0.25 13 14 -252.9314485784744 0.6937273432248801
-0.5 -0.25 14 15 -187.5190499239877 0.6438091114831553
-0.5 -0.25 15 16 -136.1798416973309 0.5989272977237422
-0.5 -0.25 16 17 -95.66785212817649 0.5584302071791324
-0.5 -0.25 17 18 -63.56781685527017 0.521762911593912
-0.5 -0.25 18 19 -38.06016793238541 0.4884530899826007
-0.5 -0.25 19 20 -17.75859721118627 0.4580980603392491
-0.5 -0.25 20 21 -1.596070759943359 0.430353535380541
-0.5 -0.25 21 22 11.25631199788063 0.4049241285121061
-0.5 -0.25 22 23 21.4478595334358 0.381555443001014
-0.5 -0.25 23 24 29.49105534527143 0.3600275209769166
-0.5 -0.25 24 25 35.79316588523341 0.3401494293341093
-0.5 -0.25 25 26 40.67985305455306 0.3217547845393106
-0.5 -0.25 26 27 44.41298989155996 0.3046980462058952
-0.5 -0.25 27 28 47.20422659780763 0.2888514398045023
-0.5 -0.25 28 29 49.22540890114055 0.2741023922816429
-0.5 -0.25 29 30 50.6166423136134 0.2603513889231661
-0.5 -0.25 30 31 51.49258003431441 0.2475101739890171
-0.5 -0.25 31 32 51.94735913966019 0.2355002350566586
-0.5 -0.25 32 33 52.05850013079623 0.2242515214582171
-0.5 -0.25 33 34 51.89000567386893 0.2137013562962383
-0.5 -0.25 34 35 51.49483647294301 0.203793509219183
-0.5 -0.25 35 36 50.9168995997174 0.1944774039304209
-0.5 -0.25 36 37 50.19265287497382 0.1857074377352956
-0.5 -0.25 37 38 49.35240524836456 0.1774423961016964
-0.5 -0.25 38 39 48.42137516361367 0.1696449467380133
-0.5 -0.25 39 40 47.42055527757395 0.1622812010477655
-0.5 -0.25 40 41 46.36742166021725 0.1553203331569163
-0.5 -0.25 41 42 45.27651727854652 0.148734247989234
-0.5 -0.25 42 43 44.15993374939399 0.142497290703358
-0.5 -0.25 43 44 43.02771020183894 0.1365859921579977
-0.5 -0.25 44 45 41.88816447870437 0.1309788454333781
-0.5 -0.25 45 46 40.74693439252354 0.126009122235349
-0.5 -0.25 46 47 39.61199765899192 0.1229967128690036
-0.5 -0.25 47 48 38.48674780110179 0.1221586312622706
-0.5 -0.25 48 49 37.3749598148315 0.1234291801352962
-0.5 -0.25 49 50 36.27948169825859 0.125524969098914
-0.25 0 0 1 6609.366555252363 3.618595510276784
-0.25 0 1 2 -870.2115474356274 3.05012484870807
-0.25 0 2 3 -5508.004419245603 1.563188592623732
-0.25 0 3 4 -4549.137249352323 1.538842021796165
-0.25 0 4 5 -3387.476911414193 1.386179876120593
-0.25 0 5 6 -2489.82526399746 1.234156270420025
-0.25 0 6 7 -1839.332737550773 1.133508603032742
-0.25 0 7 8 -1370.59178725557 1.048299001098588
-0.25 0 8 9 -1029.591295599753 0.9663301827711711
-0.25 0 9 10 -778.147258527501 0.8908972275207687
-0.25 0 10 11 -590.0811430057151 0.8219902141201473
-0.25 0 11 12 -447.6790808552018 0.760017043032328
-0.25 0 12 13 -338.6162378251997 0.7042346157572426
-0.25 0 13 14 -254.2744118699602 0.6539960641547259
-0.25 0 14 15 -188.5155336349869 0.6086691301437098
-0.25 0 15 16 -136.8989780787813 0.5676749885456455
-0.25 0 16 17 -96.16452255429567 0.5304996014847876
-0.25 0 17 18 -63.88587148034321 0.4966932078524928
-0.25 0 18 19 -38.23484278550018 0.4658650374372529
-0.25 0 19 20 -17.81834561015171 0.437676492521722
-0.25 0 20 21 -1.563964586608336 0.411834249143743
-0.25 0 21 22 11.36149980789992 0.3880838893996671
-0.25 0 22 23 21.61081117843719 0.3662042746466855
-0.25 0 23 24 29.69924491321171 0.3460026878350799
-0.25 0 24 25 36.03633410074144 0.3273106910757259
-0.25 0 25 26 40.94958848561544 0.3099806173923608
-0.25 0 26 27 44.70239301141351 0.2938826071000984
-0.25 0 27 28 47.50763885168055 0.2789021070025873
-0.25 0 28 29 49.53819314073507 0.2649377585505914
-0.25 0 29 30 50.93500409199817 0.2518996114090757
-0.25 0 30 31 51.81342159170129 0.2397076093308412
-0.25 0 31 32 52.2681596858032 0.2282903030488477
-0.25 0 32 33 52.37721737908623 0.2175837537223886
-0.25 0 33 34 52.20499462462817 0.2075305950304956
-0.25 0 34 35 51.8047822530325 0.1980792299377086
-0.25 0 35 36 51.22076179596417 0.1891831393041033
-0.25 0 36 37 50.48961929798935 0.1808002858277829
-0.25 0 37 38 49.64185345451375 0.1728925985000024
-0.25 0 38 39 48.70284037933305 0.1654255253400901
-0.25 0 39 40 47.69370361964764 0.1583676445788601
-0.25 0 40 41 46.63202774658851 0.1516903247257036
-0.25 0 41 42 45.53244548728276 0.1453674281714193
-0.25 0 42 43 44.4071225157881 0.1393750508168642
-0.25 0 43 44 43.26615884946864 0.1336912930652329
-0.25 0 44 45 42.11792216831867 0.1282960584638998
-0.25 0 45 46 40.96808377799408 0.1235356851799195
-0.25 0 46 47 39.82466819331552 0.1207738461528261
-0.25 0 47 48 38.69108794006479 0.1202291091290115
-0.25 0 48 49 37.57113857072318 0.1218239806635797
-0.25 0 49 50 36.46768352842946 0.1242313164014921
0 0.25 0 1 6608.86388214321 3.618592258271915
0 0.25 1 2 -871.148995201846 3.050098916823945
0 0.25 2 3 -5508.613249519522 1.563110481466563
0 0.25 3 4 -4549.311318974384 1.538777153773091
0 0.25 4 5 -3387.407519266398 1.386145152364197
0 0.25 5 6 -2489.658466306543 1.234153638581932
0 0.25 6 7 -1839.141093465184 1.133529795546327
0 0.25 7 8 -1370.407606721551 1.048334337956052
0 0.25 8 9 -1029.426517234252 0.9663711971180425
0 0.25 9 10 -778.004318804647 0.890937064691395
0 0.25 10 11 -589.9591481611888 0.8220296787710237
0 0.25 11 12 -447.5748411419972 0.7600533549712649
0 0.25 12 13 -338.5265996877042 0.7042672844764858
0 0.25 13 14 -254.1965293970236 0.6540250699716245
0 0.25 14 15 -188.4470408354689 0.6086946917519603
0 0.25 15 16 -136.8379977159564 0.5676974278095159
0 0.25 16 17 -96.10960762264267 0.5305192687225894
0 0.25 17 18 -63.83592646430589 0.4967104433991698
0 0.25 18 19 -38.18904645435464 0.4658801542116472
0 0.25 19 20 -17.77608412891527 0.4376897690943634
0 0.25 20 21 -1.524777317410326 0.4118459295340625
0 0.25 21 22 11.39796238085182 0.3880941849512098
0 0.25 22 23 21.6448191288423 0.3662133675655473
0 0.25 23 24 29.73101215858446 0.3460107346956903
0 0.25 24 25 36.06603517304279 0.3273178264647518
0 0.25 25 26 40.97737038717298 0.309986956938859
0 0.25 26 27 44.7283834442942 0.2938882503724063
0 0.25 27 28 47.53195182476315 0.2789071397645597
0 0.25 28 29 49.56093271296982 0.2649422549603804
0 0.25 29 30 50.95626681533474 0.2519036356414725
0 0.25 30 31 51.83329806677193 0.2397112171159714
0 0.25 31 32 52.28673552272835 0.2282935427715457
0 0.25 32 33 52.39457377240296 0.2175866675300686
0 0.25 33 34 52.22120868820127 0.2075332198673856
0 0.25 34 35 51.8199272104485 0.198081597910677
0 0.25 35 36 51.23490709390353 0.1891852788180895
0 0.25 36 37 50.50283068290207 0.1808022214978712
0 0.25 37 38 49.65419303908021 0.1728943522533077
0 0.25 38 39 48.71436671395458 0.1654271164031906
0 0.25 39 40 47.70447177511215 0.1583690898811229
0 0.25 40 41 46.64208941198126 0.1516916392438063
0 0.25 41 42 45.54184908291381 0.1453686252366143
0 0.25 42 43 44.41591331864731 0.139376142141866
0 0.25 43 44 43.27437912959584 0.1336922891573155
0 0.25 44 45 42.12561133268071 0.1282969684748619
0 0.25 45 46 40.97527848019826 0.1235365295638543
0 0.25 46 47 39.83140259239946 0.1207746872303219
0 0.25 47 48 38.69739373443485 0.1202300080258167
0 0.25 48 49 37.57704520003432 0.1218249862707217
0 0.25 49 50 36.47321828662598 0.1242324321939983
0.25 0.5 0 1 6520.41281529243 3.397550878349071
0.25 0.5 1 2 -950.0848325658117 2.386532003603115
0.25 0.5 2 3 -5507.000839745289 1.54466405564792
0.25 0.5 3 4 -4536.72222991992 1.529223631501847
0.25 0.5 4 5 -3374.766634302107 1.452109883540654
0.25 0.5 5 6 -2478.99206123344 1.364058141730175
0.25 0.5 6 7 -1830.573510268473 1.254905447110653
0.25 0.5 7 8 -1363.643589441464 1.147647283198687
0.25 0.5 8 9 -1024.122250780376 1.049141482595425
0.25 0.5 9 10 -773.8586713203563 0.9609396980542092
0.25 0.5 10 11 -586.72729864552 0.8819720832408009
0.25 0.5 11 12 -445.0650844152765 0.8118997859340417
0.25 0.5 12 13 -336.5888344205805 0.7494980073721385
0.25 0.5 13 14 -252.7134696470539 0.6937756256108419
0.25 0.5 14 15 -187.3267224148826 0.6438520700524316
0.25 0.5 15 16 -136.0079539592007 0.598965413847924
0.25 0.5 16 17 -95.51242391550363 0.5584639985675257
0.25 0.5 17 18 -63.42586459715108 0.5217928801007817
0.25 0.5 18 19 -37.92947884583464 0.4884796973378413
0.25 0.5 19 20 -17.63753578671003 0.458121719345069
0.25 0.5 20 21 -1.483423341364869 0.430374609345033
0.25 0.5 21 22 11.36145688712941 0.4049429343593124
0.25 0.5 22 23 21.54620053434996 0.3815722559519544
0.25 0.5 23 24 29.58314332359578 0.3600425798339557
0.25 0.5 24 25 35.87945027693877 0.3401629411810018
0.25 0.5 25 26 40.76071419432935 0.321766929327837
0.25 0.5 26 27 44.48876108191814 0.3047089805061826
0.25 0.5 27 28 47.2752088202617 0.2888613002201457
0.25 0.5 28 29 49.29188035578397 0.2741112982445283
0.25 0.5 29 30 50.67886439656127 0.2603594450894337
0.25 0.5 30 31 51.5508009212607 0.2475174721270067
0.25 0.5 31 32 52.00181580490812 0.235506856115992
0.25 0.5 32 33 52.10941938139058 0.2242575366692047
0.25 0.5 33 34 51.93760459808732 0.2137068287271702
0.25 0.5 34 35 51.53932256767507 0.2037984944745784
0.25 0.5 35 36 50.95847075144815 0.1944819513874824
0.25 0.5 36 37 50.23149730111783 0.1857115912860141
0.25 0.5 37 38 49.388701462011 0.177446194658118
0.25 0.5 38 39 48.45529199605272 0.1696484248805149
0.25 0.5 39 40 47.45225197106657 0.1622843896862282
0.25 0.5 40 41 46.39704803415907 0.1553232598038891
0.25 0.5 41 42 45.30421396134142 0.1487369373478817
0.25 0.5 42 43 44.18583246838347 0.1424997646392927
0.25 0.5 43 44 43.05193411926598 0.1365882704675066
0.25 0.5 44 45 41.9108285622612 0.1309809457146698
0.25 0.5 45 46 40.76814571822365 0.1260110923737786
0.25 0.5 46 47 39.63185606811578 0.1229987144686422
0.25 0.5 47 48 38.50534604366521 0.1221608275863092
0.25 0.5 48 49 37.39238409590573 0.1234317067811787
0.25 0.5 49 50 36.29581199280582 0.1255278388021505
0.5 0.75 0 1 6348.664207633634 3.297150852534883
0.5 0.75 1 2 -1098.614043757396 2.77735726329378
0.5 0.75 2 3 -5497.286886121919 1.565176729749042
0.5 0.75 3 4 -4505.572253410818 1.531436777366165
0.5 0.75 4 5 -3343.734747814832 1.375885160919719
0.5 0.75 5 6 -2452.168966164807 1.222868792202673
0.5 0.75 6 7 -1808.270407438235 1.089898836766575
0.5 0.75 7 8 -1345.300599371366 0.9767476164408673
0.5 0.75 8 9 -1009.055910620247 0.8994517420786914
0.5 0.75 9 10 -761.4549888740025 0.8298804199464139
0.5 0.75 10 11 -576.476203479283 0.7661323701855455
0.5 0.75 11 12 -436.5599963645509 0.7087579773712027
0.5 0.75 12 13 -329.5053648445105 0.6570515329809533
0.5 0.75 13 14 -246.7934603309418 0.6104321735964306
0.5 0.75 14 15 -182.3639692372803 0.5683282514470026
0.5 0.75 15 16 -131.8368782417112 0.5302142233711542
0.5 0.75 16 17 -91.99928288187039 0.4956219361575823
0.5 0.75 17 18 -60.46198122615328 0.4641407668933526
0.5 0.75 18 19 -35.42602737895436 0.4354132068147806
0.5 0.75 19 20 -15.52151110656382 0.4091289147306063
0.5 0.75 20 21 0.3054912631962452 0.3850186100242138
0.5 0.75 21 22 12.87333888570856 0.3628483883186259
0.5 0.75 22 23 22.82281563838296 0.3424146717129765
0.5 0.75 23 24 30.65947225935474 0.3235398313259383
0.5 0.75 24 25 36.78490581244967 0.3060684436157435
0.5 0.75 25 26 41.5201171660716 0.2898641099421829
0.5 0.75 26 27 45.12312768327558 0.2748067649546718
0.5 0.75 27 28 47.80238914335678 0.2607904006219997
0.5 0.75 28 29 49.72707897772068 0.2477211408732281
0.5 0.75 29 30 51.03506688300251 0.2355156102639205
0.5 0.75 30 31 51.83912486507791 0.2240995494360768
0.5 0.75 31 32 52.23180101294702 0.2134066368418296
0.5 0.75 32 33 52.28926874539866 0.2033774831969852
0.5 0.75 33 34 52.07438480783026 0.1939587715006006
0.5 0.75 34 35 51.63913197662248 0.1851025180486928
0.5 0.75 35 36 51.02658025688891 0.1767654377555009
0.5 0.75 36 37 50.27246896885549 0.1689083947688781
0.5 0.75 37 38 49.40648872090287 0.161495928160983
0.5 0.75 38 39 48.45332451757054 0.154495839362363
0.5 0.75 39 40 47.43350777891089 0.1478788330975579
0.5 0.75 40 41 46.36411492447297 0.1416182042600469
0.5 0.75 41 42 45.25934195774312 0.1356895635069172
0.5 0.75 42 43 44.13097872285539 0.1300705967321828
0.5 0.75 43 44 42.98880143970649 0.1247408532470789
0.5 0.75 44 45 41.84089854212084 0.1196815593616403
0.5 0.75 45 46 40.69271918219272 0.115252635403472
0.5 0.75 46 47 39.55204254961205 0.112863317791626
0.5 0.75 47 48 38.42212024560069 0.112728684696897
0.5 0.75 48 49 37.30659260295297 0.1147475024789105
0.5 0.75 49 50 36.20818877463881 0.1175440540303932
0.75 1 0 1 6094.205106413146 2.283824223881199
0.75 1 1 2 -1324.389049802498 2.05362487743395
0.75 1 2 3 -5488.797861328407 1.557846078852077
0.75 1 3 4 -4464.12452692227 1.51496697658252
0.75 1 4 5 -3301.147777958866 1.35935322847414
0.75 1 5 6 -2414.675168737434 1.208893593981854
0.75 1 6 7 -1776.573951600963 1.078932773652956
0.75 1 7 8 -1318.793442314877 0.9686516270851817
0.75 1 8 9 -986.9025423771736 0.8746163829018214
0.75 1 9 10 -742.8800525011161 0.7935885587900091
0.75 1 10 11 -560.8264073801602 0.723915581908704
0.75 1 11 12 -423.3073388674597 0.6629555551750832
0.75 1 12 13 -318.2246866529972 0.609391937000781
0.75 1 13 14 -237.1433969534273 0.5620215106245048
0.75 1 14 15 -174.0695924417259 0.5198827964170324
0.75 1 15 16 -124.6756802919742 0.4821997121384006
0.75 1 16 17 -85.79016803433319 0.4483396952833377
0.75 1 17 18 -55.05670298367295 0.4177824333341056
0.75 1 18 19 -30.70253747016068 0.3900963036187732
0.75 1 19 20 -11.37877930324157 0.364920441229976
0.75 1 20 21 3.951531071418003 0.3419509434448335
0.75 1 21 22 16.09297950216046 0.3209301587259594
0.75 1 22 23 25.67510342645028 0.301638282461559
0.75 1 23 24 33.19422060705267 0.2838867115869464
0.75 1 24 25 39.04430922219558 0.2675127421340225
0.75 1 25 26 43.54005273900714 0.2523753071608747
0.75 1 26 27 46.93421038540134 0.2383515253663258
0.75 1 27 28 49.43083195433269 0.2253338867196543
0.75 1 28 29 51.19539750799731 0.2132279426939484
0.75 1 29 30 52.36265931106232 0.2019503994823016
0.75 1 30 31 53.04275139100639 0.1914275334339046
0.75 1 31 32 53.32598191467741 0.1815938690181423
0.75 1 32 33 53.28661618088677 0.1723910683476456
0.75 1 33 34 52.98588043955203 0.1637669945713323
0.75 1 34 35 52.47436010330682 0.1556749187708733
0.75 1 35 36 51.79392425429575 0.1480728436576151
0.75 1 36 37 50.97927735400299 0.1409229276058661
0.75 1 37 38 50.05921597569807 0.1341909884494532
0.75 1 38 39 49.0576508630345 0.1278460773160106
0.75 1 39 40 47.99444133614401 0.1218601103937197
0.75 1 40 41 46.88607909162926 0.1162075484788189
0.75 1 41 42 45.7462503358496 0.1108651199046302
0.75 1 42 43 44.58629952864311 0.1058115772000285
0.75 1 43 44 43.41561301120402 0.1010274851505421
0.75 1 44 45 42.24193728309984 0.09649503438375852
0.75 1 45 46 41.07043823561753 0.09299894052540399
0.75 1 46 47 39.90860107013572 0.09347302185060255
0.75 1 47 48 38.75946090565321 0.09802721291226645
0.75 1 48 49 37.62645186878515 0.1059336058308416
0.75 1 49 50 36.51212237167101 0.1142994139698029
1 1.25 0 1 5770.936233008851 1.558717670256198
1 1.25 1 2 -1615.069162802514 0.7272484156488567
1 1.25 2 3 -5486.361777443466 2.062657278093247
1 1.25 3 4 -4422.497104998565 1.96324824761712
1 1.25 4 5 -3258.877215078451 1.730052494295822
1 1.25 5 6 -2378.584368540933 1.512912129135808
1 1.25 6 7 -1747.077790267389 1.329736919813837
1 1.25 7 8 -1294.959241701104 1.177675133923968
1 1.25 8 9 -967.6623468458679 1.050407461700613
1 1.25 9 10 -727.3050554178644 0.9441006378146268
1 1.25 10 11 -548.1652255307645 0.8531080477574207
1 1.25 11 12 -412.9745814853154 0.775154711713726
1 1.25 12 13 -309.7603979050277 0.7076254963208913
1 1.25 13 14 -230.1865630123696 0.6486530975048101
1 1.25 14 15 -168.3353216100097 0.5967802455803392
1 1.25 15 16 -119.9377153847006 0.5508564762938598
1 1.25 16 17 -81.86764714504829 0.5099631016049176
1 1.25 17 18 -51.8041460111881 0.4733585039741421
1 1.25 18 19 -28.00224070270156 0.4404379124513538
1 1.25 19 20 -9.135001203538877 0.4107035119137488
1 1.25 20 21 5.817047985588488 0.3837419780092647
1 1.25 21 22 17.64448425917089 0.3592074023370076
1 1.25 22 23 26.96555443404361 0.3368081715631847
1 1.25 23 24 34.26742619995503 0.3162967809522743
1 1.25 24 25 39.93662492437261 0.2974618485934771
1 1.25 25 26 44.28173551425255 0.2801217974960977
1 1.25 26 27 47.5505055131614 0.2641198148464706
1 1.25 27 28 49.94285005006986 0.2493197974318019
1 1.25 28 29 51.62082575631939 0.2356030661567244
1 1.25 29 30 52.71634094154922 0.2228656854504698
1 1.25 30 31 53.33715984309663 0.2110162605190896
1 1.25 31 32 53.57161039109894 0.1999741177840105
1 1.25 32 33 53.49229888678667 0.1896677914599083
1 1.25 33 34 53.15905841164175 0.1800337587099868
1 1.25 34 35 52.62130190657979 0.1710153772181192
1 1.25 35 36 51.91990976725458 0.1625619878832124
1 1.25 36 37 51.08875125543415 0.1546281537179823
1 1.25 37 38 50.15591627138946 0.1471730119423319
1 1.25 38 39 49.14471678305915 0.1401597188761699
1 1.25 39 40 48.07450412869525 0.1335549744020246
1 1.25 40 41 46.96133859212307 0.1273286111300246
1 1.25 41 42 45.81853967821604 0.1214532397310829
1 1.25 42 43 44.65713993626264 0.1159039404469272
1 1.25 43 44 43.48626027789214 0.1106579953920912
1 1.25 44 45 42.31342126772904 0.1056946538478259
1 1.25 45 46 41.14362145626779 0.1013748883099059
1 1.25 46 47 39.98413628442597 0.09912296545221706
1 1.25 47 48 38.83788670684621 0.09915893749501112
1 1.25 48 49 37.70818874905513 0.1013672387137311
1 1.25 49 50 36.59749706888272 0.1087572508124321
1.25 1.5 0 1 5400.605333401206 3.107938575761529
1.25 1.5 1 2 -1918.638393886569 3.741203449086777
1.25 1.5 2 3 -5447.199883686952 1.687363975912784
1.25 1.5 3 4 -4342.945318216489 1.62179210090643
1.25 1.5 4 5 -3184.257296140092 1.447415257051109
1.25 1.5 5 6 -2316.134432748833 1.277536112194796
1.25 1.5 6 7 -1696.379710602418 1.12982374326376
1.25 1.5 7 8 -1254.099701130422 1.004405665404901
1.25 1.5 8 9 -934.7157233588082 0.8990320565665965
1.25 1.5 9 10 -700.655144909641 0.8081520526613921
1.25 1.5 10 11 -526.5196131996977 0.7313250759393085
1.25 1.5 11 12 -395.3316349652055 0.6647464939335216
1.25 1.5 12 13 -295.3359897297196 0.6068503836716154
1.25 1.5 13 14 -218.3662948160763 0.5561450503341738
1.25 1.5 14 15 -158.6346725339401 0.5114463599126167
1.25 1.5 15 16 -111.9718183988562 0.4718075010143314
1.25 1.5 16 17 -75.32856657362481 0.4364649713567721
1.25 1.5 17 18 -46.44378253205105 0.4047976628627996
1.25 1.5 18 19 -23.61940351295948 0.3762959380415545
1.25 1.5 19 20 -5.56556056618092 0.350538173692565
1.25 1.5 20 21 8.707722498509384 0.3271728450329223
1.25 1.5 21 22 19.96737831468363 0.3059047406220965
1.25 1.5 22 23 28.81257827853301 0.2864842551316542
1.25 1.5 23 24 35.71500838712666 0.2686990105683963
1.25 1.5 24 25 41.04855922072181 0.2523672390053614
1.25 1.5 25 26 45.11145146046931 0.2387409476661979
1.25 1.5 26 27 48.14289073766076 0.226871563631254
1.25 1.5 27 28 50.3357213933906 0.2158003902762533
1.25 1.5 28 29 51.84612335047552 0.205457936220957
1.25 1.5 29 30 52.80110231896629 0.1957820998531999
1.25 1.5 30 31 53.30431834031265 0.1867172648813955
1.25 1.5 31 32 53.44065241149451 0.1782135156929342
1.25 1.5 32 33 53.27980719324745 0.1702259573119819
1.25 1.5 33 34 52.87916293381733 0.1627141248077863
1.25 1.5 34 35 52.28605515491688 0.1556414706511452
1.25 1.5 35 36 51.5396005197241 0.1489749180588084
1.25 1.5 36 37 50.67216750110219 0.1426844727609054
1.25 1.5 37 38 49.71056628196459 0.1367428826815592
1.25 1.5 38 39 48.67701550694551 0.1311253410688844
1.25 1.5 39 40 47.58993076961644 0.1258092263889571
1.25 1.5 40 41 46.46457016339463 0.1207738729948915
1.25 1.5 41 42 45.31356446965754 0.1160003704971384
1.25 1.5 42 43 44.14735413296773 0.1114713854710388
1.25 1.5 43 44 42.97455041057583 0.1071710048834013
1.25 1.5 44 45 41.80223471549056 0.1030845974309539
1.25 1.5 45 46 40.63505538032138 0.09954556052937369
1.25 1.5 46 47 39.47990287590162 0.09783962523254779
1.25 1.5 47 48 38.33944446267424 0.09814565925082845
1.25 1.5 48 49 37.21675254710053 0.1003630234550813
1.25 1.5 49 50 36.11406838936634 0.1032341302368943
1.5 1.75 0 1 4962.856401573488 0.9821560855182918
1.5 1.75 1 2 -2299.128801873925 0.8534857261662562
1.5 1.75 2 3 -5421.897789116172 1.758923306063952
1.5 1.75 3 4 -4261.588244703704 1.695834061523214
1.5 1.75 4 5 -3101.686791827392 1.509425436193179
1.5 1.75 5 6 -2243.101911129309 1.323228542656337
1.5 1.75 6 7 -1634.140598864515 1.1607408945168
1.5 1.75 7 8 -1201.600010815513 1.023629522147956
1.5 1.75 8 9 -890.4752000717749 0.9095368531874535
1.5 1.75 9 10 -663.2489824629943 0.8116256598764907
1.5 1.75 10 11 -494.7701523416522 0.7302898002582686
1.5 1.75 11 12 -368.2510209767906 0.6602366646311051
1.5 1.75 12 13 -272.1264789724305 0.5998286132457975
1.5 1.75 13 14 -198.381606348021 0.5473211189992445
1.5 1.75 14 15 -141.3501157078038 0.5013461327681084
1.5 1.75 15 16 -96.95963489643077 0.4608228795299276
1.5 1.75 16 17 -62.23825238182258 0.4248897037490325
1.5 1.75 17 18 -34.98659097965106 0.3928530152719339
1.5 1.75 18 19 -13.55618541025706 0.3641491959580166
1.5 1.75 19 20 3.30278869499648 0.3383160812175333
1.5 1.75 20 21 16.54779565004128 0.3149714562468554
1.5 1.75 21 22 26.91922543927467 0.2937967073017366
1.5 1.75 22 23 34.99446320853201 0.274524269214066
1.5 1.75 23 24 41.22722031441265 0.2569279028470753
1.5 1.75 24 25 45.97648447627387 0.2408150923697688
1.5 1.75 25 26 49.5280626852574 0.2260210495381882
1.5 1.75 26 27 52.11077460686283 0.2124039435769237
1.5 1.75 27 28 53.90873876366413 0.1998410782628289
1.5 1.75 28 29 55.07077497462944 0.188225802688444
1.5 1.75 29 30 55.71765745480138 0.177464999631474
1.5 1.75 30 31 55.9477514400254 0.1674770276553863
1.5 1.75 31 32 55.84142371044095 0.1581900261029401
1.5 1.75 32 33 55.46451574149614 0.149540509924157
1.5 1.75 33 34 54.87109493866819 0.1414721985278961
1.5 1.75 34 35 54.10564604018532 0.133935034412842
1.5 1.75 35 36 53.20482559031507 0.1268843571210858
1.5 1.75 36 37 52.19887330911439 0.1202802040233106
1.5 1.75 37 38 51.1127525607273 0.1140867166760595
1.5 1.75 38 39 49.96707575785882 0.1082716343539995
1.5 1.75 39 40 48.77885814909087 0.1028058602161304
1.5 1.75 40 41 47.56213415417602 0.09766308693551365
1.5 1.75 41 42 46.32846288604401 0.09281947685475397
1.5 1.75 42 43 45.08734422885885 0.08825338152044855
1.5 1.75 43 44 43.84656224576668 0.08394510035166723
1.5 1.75 44 45 42.61246940955755 0.07987666967420201
1.5 1.75 45 46 41.38909864437133 0.07674594920358647
1.5 1.75 46 47 40.18272571693782 0.07716250245905662
1.5 1.75 47 48 38.99554087991703 0.08121499704974443
1.5 1.75 48 49 37.83016852426499 0.08825014466429684
1.5 1.75 49 50 36.68846395250213 0.09568413126176691
1.75 2 0 1 4502.097809785066 1.064063793686213
1.75 2 1 2 -2684.637853242298 2.790453928164026
1.75 2 2 3 -5390.82155769627 2.758393471455625
1.75 2 3 4 -4186.786143035943 2.246340302446066
1.75 2 4 5 -3033.901033118011 1.842556920157902
1.75 2 5 6 -2188.516009772518 1.543061338290769
1.75 2 6 7 -1591.371561019214 1.31678209648263
1.75 2 7 8 -1168.248555787608 1.141137620854416
1.75 2 8 9 -864.3738687242499 1.001164545393257
1.75 2 9 10 -642.6899003831527 0.8876416773313592
1.75 2 10 11 -478.5628338607094 0.7932940170626239
1.75 2 11 12 -355.4130646619647 0.7140284729775034
1.75 2 12 13 -261.9362520159941 0.6464919359684017
1.75 2 13 14 -190.2869298028038 0.5883161116389699
1.75 2 14 15 -134.9242505992368 0.5377310990212288
1.75 2 15 16 -91.86963572736772 0.4933874772133436
1.75 2 16 17 -58.22208583817542 0.4542380840063559
1.75 2 17 18 -31.83642725049162 0.4194575403864562
1.75 2 18 19 -11.10605574955139 0.3883862306307626
1.75 2 19 20 5.186217122539574 0.3604904985495527
1.75 2 20 21 17.97219383097593 0.3353338313386641
1.75 2 21 22 27.97193123238492 0.3125556422669951
1.75 2 22 23 35.74659296796915 0.29185540465872
1.75 2 23 24 41.73686983946004 0.2729806226244849
1.75 2 24 25 46.2912412103318 0.2557175922130634
1.75 2 25 26 49.68699182856471 0.2398842247250634
1.75 2 26 27 52.14599971915482 0.2253244114237389
1.75 2 27 28 53.84670719362782 0.2119035564917038
1.75 2 28 29 54.93327646545993 0.1995050025652817
1.75 2 29 30 55.52264811520331 0.1880271482723077
1.75 2 30 31 55.71002326423559 0.1773811054146781
1.75 2 31 32 55.57315082683493 0.1674887800243754
1.75 2 32 33 55.17570175594926 0.1582812920965064
1.75 2 33 34 54.56994053757825 0.1496976644992045
1.75 2 34 35 53.79885201801306 0.1416837295377082
1.75 2 35 36 52.89784336515015 0.13419121233645
1.75 2 36 37 51.89611257786737 0.1271769575706682
1.75 2 37 38 50.8177538438452 0.1206022753221719
1.75 2 38 39 49.68265408977049 0.1144323840915536
1.75 2 39 40 48.50722298493122 0.1086359346333645
1.75 2 40 41 47.3049896108754 0.103184602434812
1.75 2 41 42 46.08709168767609 0.09805273566234618
1.75 2 42 43 44.86267810615345 0.09321705153390095
1.75 2 43 44 43.63924105587421 0.08865637316237461
1.75 2 44 45 42.42289083879547 0.08435139937837387
1.75 2 45 46 41.21750073895578 0.08108782352060856
1.75 2 46 47 40.02910232781838 0.08130680087501141
1.75 2 47 48 38.85979126639594 0.08501377322676182
1.75 2 48 49 37.71208148853358 0.09156812550764783
1.75 2 49 50 36.58773123816911 0.09848407628800539
2 2.25 0 1 4003.86880309477 1.027462292489956
2 2.25 1 2 -3080.886506016307 0.8422710232219399
2 2.25 2 3 -5330.317833691711 1.646460719656075
2 2.25 3 4 -4067.021264690592 1.526256294126171
2 2.25 4 5 -2916.103962429862 1.347400720338526
2 2.25 5 6 -2084.683326031231 1.188768295446514
2 2.25 6 7 -1502.693548113808 1.055461989896467
2 2.25 7 8 -1093.215616101524 0.9432330261260375
2 2.25 8 9 -800.9519109143394 0.8485714109171798
2 2.25 9 10 -588.9543304280733 0.7672900399518335
2 2.25 10 11 -432.8632802287448 0.6972460693024087
2 2.25 11 12 -316.380398672077 0.6363237010758376
2 2.25 12 13 -228.4519042951736 0.5829517367419397
2 2.25 13 14 -161.439952471271 0.5358897232743427
2 2.25 14 15 -109.9719495880581 0.4941475337070763
2 2.25 15 16 -70.20439355999497 0.4569266192594696
2 2.25 16 17 -39.34451171547698 0.4235766929007827
2 2.25 17 18 -15.33400201746349 0.39356344670529
2 2.25 18 19 3.36374523106997 0.3664442192863955
2 2.25 19 20 17.90925353863327 0.3418494556945267
2 2.25 20 21 29.18821354076965 0.319468430681607
2 2.25 21 22 37.88295910783665 0.2990381540929735
2 2.25 22 23 44.52363189631205 0.2803346638289541
2 2.25 23 24 49.52528162277576 0.263166138313041
2 2.25 24 25 53.21509056577293 0.2473674036929058
2 2.25 25 26 55.85257189413869 0.2327955192775752
2 2.25 26 27 57.64470804377845 0.2193262053064448
2 2.25 27 28 58.75740353755714 0.2068509322932269
2 2.25 28 29 59.32422497646542 0.1952745340938382
2 2.25 29 30 59.45312442056627 0.1845132395506101
2 2.25 30 31 59.23165005329224 0.1744930388511582
2 2.25 31 32 58.73101237822925 0.1651483210940085
2 2.25 32 33 58.00927766064063 0.1564207328631742
2 2.25 33 34 57.11389088768794 0.1482582150062682
2 2.25 34 35 56.08368005857034 0.1406141891089788
2 2.25 35 36 54.95045665380053 0.1334468654053212
2 2.25 36 37 53.7402997554758 0.1267186515344469
2 2.25 37 38 52.47459098678002 0.1203956471856928
2 2.25 38 39 51.17085208868315 0.1144472082319508
2 2.25 39 40 49.84342537545638 0.1088455717311661
2 2.25 40 41 48.50402863348438 0.1035655299168489
2 2.25 41 42 47.16220903290736 0.09858414852230177
2 2.25 42 43 45.82571570504092 0.09388051972156976
2 2.25 43 44 44.50080639537245 0.08943554761281686
2 2.25 44 45 43.19250055053635 0.08523175911565249
2 2.25 45 46 41.90373493620552 0.08190570005675307
2 2.25 46 47 40.6396302389829 0.08183582201882002
2 2.25 47 48 39.40154981548713 0.08508661025652101
2 2.25 48 49 38.19133019207305 0.09104288645201129
2 2.25 49 50 37.01013135696451 0.09734636642662509
2.25 2.5 0 1 3481.149021531665 1.667865707116807
2.25 2.5 1 2 -3475.897510419169 0.9509497062864204
2.25 2.5 2 3 -5237.725596504042 1.687775187721918
2.25 2.5 3 4 -3925.381131728636 1.555970099896254
2.25 2.5 4 5 -2788.50784327563 1.371414703075963
2.25 2.5 5 6 -1979.545830745738 1.227279499485273
2.25 2.5 6 7 -1417.961802352518 1.101188099136894
2.25 2.5 7 8 -1025.139506478367 0.9895661993674854
2.25 2.5 8 9 -746.0756406226319 0.8919574962675282
2.25 2.5 9 10 -544.4804451248192 0.8074752531169861
2.25 2.5 10 11 -396.618308652319 0.7338925382357411
2.25 2.5 11 12 -286.688247670178 0.6696029844208262
2.25 2.5 12 13 -204.0176926314605 0.6131530120713924
2.25 2.5 13 14 -141.2565760195289 0.5633310386103334
2.25 2.5 14 15 -93.24957767490082 0.5191371808340164
2.25 2.5 15 16 -56.31821146781795 0.4797476251137769
2.25 2.5 16 17 -27.79607926894391 0.4444820297240783
2.25 2.5 17 18 -5.722548826458933 0.4127761189361712
2.25 2.5 18 19 11.36281008057995 0.3841594346858336
2.25 2.5 19 20 24.56057833385444 0.3582375397816929
2.25 2.5 20 21 34.70888878059884 0.3346778535338927
2.25 2.5 21 22 42.4520530314503 0.3131983816649876
2.25 2.5 22 23 48.28959823640128 0.2935587249319617
2.25 2.5 23 24 52.61176306710911 0.2755528784539464
2.25 2.5 24 25 55.72550121052404 0.2590034357216112
2.25 2.5 25 26 57.87374204880859 0.2437568998483493
2.25 2.5 26 27 59.24980287694234 0.2296798687517251
2.25 2.5 27 28 60.00827488148343 0.2166559162232952
2.25 2.5 28 29 60.27331737795271 0.2045830256604655
2.25 2.5 29 30 60.14502824187969 0.1933714697465983
2.25 2.5 30 31 59.70437331289384 0.1829420480627319
2.25 2.5 31 32 59.01702712509729 0.1732246156427329
2.25 2.5 32 33 58.13638460048679 0.1641568486167216
2.25 2.5 33 34 57.10593674583896 0.1556832035298154
2.25 2.5 34 35 55.96115504217954 0.1477540367969507
2.25 2.5 35 36 54.73099384646019 0.1403248562103238
2.25 2.5 36 37 53.43909396355082 0.1333556822004608
2.25 2.5 37 38 52.10475115772681 0.1268105006984338
2.25 2.5 38 39 50.74369874134345 0.1206567925531231
2.25 2.5 39 40 49.36874234793936 0.1148651283929102
2.25 2.5 40 41 47.9902767493594 0.1094088167941353
2.25 2.5 41 42 46.61670792361531 0.1042635998510241
2.25 2.5 42 43 45.25479891556853 0.09940738745106066
2.25 2.5 43 44 43.9099540165578 0.09482002559695685
2.25 2.5 44 45 42.58645288900345 0.09048309320760184
2.25 2.5 45 46 41.28663381791523 0.08670341318960353
2.25 2.5 46 47 40.01497588368372 0.08467691546703583
2.25 2.5 47 48 38.77240065577772 0.084536882891955
2.25 2.5 48 49 37.5603219942403 0.08612279778732944
2.25 2.5 49 50 36.37953248227188 0.09181675871477524
2.5 2.75 0 1 2903.097494204604 2.209894442214184
2.5 2.75 1 2 -3911.386364318065 1.099448838695522
2.5 2.75 2 3 -5148.054430358172 2.707710091802963
2.5 2.75 3 4 -3778.278559707805 2.609889854197891
2.5 2.75 4 5 -2651.063995553621 2.297538904614026
2.5 2.75 5 6 -1862.430367886154 1.999649611738922
2.5 2.75 6 7 -1320.55916318456 1.746763340475144
2.5 2.75 7 8 -944.5282389675367 1.536725287019173
2.5 2.75 8 9 -679.2329664686754 1.361709597551098
2.5 2.75 9 10 -488.8060407575172 1.215176878151165
2.5 2.75 10 11 -350.0030876675817 1.091150870445474
2.5 2.75 11 12 -247.4499776916075 0.9852549051271894
2.5 2.75 12 13 -170.8203208797097 0.89405488212361
2.5 2.75 13 14 -113.0364727335202 0.8148858888223053
2.5 2.75 14 15 -69.15563248097328 0.7456633078240965
2.5 2.75 15 16 -35.66508404832962 0.6847406105081864
2.5 2.75 16 17 -10.02824797332187 0.6308041452671569
2.5 2.75 17 18 9.613244215907116 0.5827954574357617
2.5 2.75 18 19 24.63872538350222 0.5398536611929672
2.5 2.75 19 20 36.08402007021675 0.5012723471734908
2.5 2.75 20 21 44.73520107912805 0.4664670603078653
2.5 2.75 21 22 51.19445295336766 0.4349505174533508
2.5 2.75 22 23 55.92700162915435 0.406313539763394
2.5 2.75 23 24 59.29499292140599 0.3802102452220104
2.5 2.75 24 25 61.58224559368421 0.3563464458387658
2.5 2.75 25 26 63.01253852670402 0.3344704780351133
2.5 2.75 26 27 63.76325975227746 0.3143658980568417
2.5 2.75 27 28 63.97569013355815 0.295845617824612
2.5 2.75 28 29 63.76281924350252 0.2787471636865105
2.5 2.75 29 30 63.21533357286398 0.262928816915915
2.5 2.75 30 31 62.40623878189712 0.2482664514727777
2.5 2.75 31 32 61.39445226704612 0.2346509279964492
2.5 2.75 32 33 60.2276133323445 0.2219859332432401
2.5 2.75 33 34 58.94429444629037 0.210186179517423
2.5 2.75 34 35 57.57575084325208 0.1991758964926107
2.5 2.75 35 36 56.14731195989964 0.1888875615847072
2.5 2.75 36 37 54.67949328475822 0.1792608265141563
2.5 2.75 37 38 53.18888875567211 0.1702416055317545
2.5 2.75 38 39 51.68888995209306 0.1617812980503324
2.5 2.75 39 40 50.19026788221538 0.1538361231927836
2.5 2.75 40 41 48.70164535694286 0.1463665476492369
2.5 2.75 41 42 47.22988167143632 0.1393367927112431
2.5 2.75 42 43 45.78038690552305 0.1327144075717442
2.5 2.75 43 44 44.35737939281901 0.1264698985820459
2.5 2.75 44 45 42.96409716702192 0.1205764072256827
2.5 2.75 45 46 41.6020035117738 0.1152314327847729
2.5 2.75 46 47 40.27468809249063 0.1112500136088818
2.5 2.75 47 48 38.98240096095313 0.108745785761438
2.5 2.75 48 49 37.72592547217943 0.1076588644373252
2.5 2.75 49 50 36.50549433801885 0.1071762420285059
2.75 3 0 1 2268.034645669089 1.702252220246741
2.75 3 1 2 -4340.030494237827 4.348255916062201
2.75 3 2 3 -5003.909540459812 5.895899754498145
2.75 3 3 4 -3580.195981349865 5.04060115434821
2.75 3 4 5 -2472.007481457261 4.19247380365515
2.75 3 5 6 -1712.667218012449 3.516920579524465
2.75 3 6 7 -1197.79117041382 2.989466384025557
2.75 3 7 8 -844.1965982712832 2.57342853668984
2.75 3 8 9 -596.9935343342072 2.239742698986377
2.75 3 9 10 -421.0525335137261 1.96804409278705
2.75 3 10 11 -293.8688184928994 1.743439383377985
2.75 3 11 12 -200.6852919801436 1.555381221435165
2.75 3 12 13 -131.6614530890577 1.396122637725676
2.75 3 13 14 -80.09463287654989 1.259896318079964
2.75 3 14 15 -41.33010496543284 1.142336307488452
2.75 3 15 16 -12.07702077158524 1.040085695877101
2.75 3 16 17 10.02933236685362 0.9505263653226673
2.75 3 17 18 26.71322349751949 0.8715897200638927
2.75 3 18 19 39.24854256862102 0.8016219394039158
2.75 3 19 20 48.587559743165 0.7392865299888451
2.75 3 20 21 55.44963971714697 0.6834928062510798
2.75 3 21 22 60.38332698156296 0.633342674850894
2.75 3 22 23 63.81042411564886 0.5880905317842086
2.75 3 23 24 66.05770169138759 0.5471126825648756
2.75 3 24 25 67.37998896134945 0.5098837685993333
2.75 3 25 26 67.97717673793056 0.4759584090614973
2.75 3 26 27 68.0068667368634 0.4449567701522676
2.75 3 27 28 67.59387147736214 0.416553121094746
2.75 3 28 29 66.83741143916563 0.3904666851111498
2.75 3 29 30 65.81661168150504 0.3664542689777823
2.75 3 30 31 64.5947311205075 0.3443042829276505
2.75 3 31 32 63.22243914172014 0.3238318564802469
2.75 3 32 33 61.74037035814433 0.3048748239654411
2.75 3 33 34 60.18112833516824 0.2872904056985687
2.75 3 34 35 58.57086574608149 0.2709524488971937
2.75 3 35 36 56.93053682571463 0.2557491217878095
2.75 3 36 37 55.27689472945639 0.2415809773189484
2.75 3 37 38 53.62328922584061 0.2283593191019334
2.75 3 38 39 51.98030724542446 0.2160048169637594
2.75 3 39 40 50.35628911912733 0.2044463281950303
2.75 3 40 41 48.75774612046996 0.193619890835344
2.75 3 41 42 47.18969913145153 0.1834678601124036
2.75 3 42 43 45.65595419228896 0.1739381647525747
2.75 3 43 44 44.15932724333257 0.1649836652773263
2.75 3 44 45 42.7018278455181 0.1565615972228255
2.75 3 45 46 41.28389113201743 0.1487882825036152
2.75 3 46 47 39.90805764364788 0.1422190466038734
2.75 3 47 48 38.57379382227768 0.136933810044979
2.75 3 48 49 37.28114810377298 0.1329047707044534
2.75 3 49 50 36.0296998171477 0.129561177264964
3 3.25 0 1 1578.659482843615 1.179531277936553
3 3.25 1 2 -4694.236690683752 9.203417695620383
3 3.25 2 3 -4755.834740881961 9.657945182349158
3 3.25 3 4 -3301.529902641186 7.858639356323065
3 3.25 4 5 -2233.862051758713 6.377599950797062
3 3.25 5 6 -1519.92206679176 5.264856715771654
3 3.25 6 7 -1043.620105567057 4.422470203411883
3 3.25 7 8 -720.7631901959658 3.771180633880328
3 3.25 8 9 -497.6588179773914 3.25655745304222
3 3.25 9 10 -340.6069257096178 2.842207023376494
3 3.25 10 11 -228.3113954633402 2.502902497640004
3 3.25 11 12 -146.9545234033419 2.221050447334356
3 3.25 12 13 -87.40370321694604 1.983994252598917
3 3.25 13 14 -43.48643849997848 1.782445786282332
3 3.25 14 15 -10.94616872707343 1.609455030650407
3 3.25 15 16 13.20683941177754 1.459729876295403
3 3.25 16 17 31.10758124983568 1.329177065916811
3 3.25 17 18 44.30343942869501 1.214585837875642
3 3.25 18 19 53.93083066275483 1.11340563876028
3 3.25 19 20 60.83422560050201 1.023587122446943
3 3.25 20 21 65.64774140947225 0.9434665450564818
3 3.25 21 22 68.85197377143959 0.8716804462365668
3 3.25 22 23 70.81416409188409 0.8071018147968262
3 3.25 23 24 71.81697036977755 0.7487917250150923
3 3.25 24 25 72.07932910376667 0.6959622686244523
3 3.25 25 26 71.77175316768773 0.647947840098767
3 3.25 26 27 71.02766593138887 0.6041826728759874
3 3.25 27 28 69.95187860028653 0.5641831046413571
3 3.25 28 29 68.6269864262589 0.5275334571097609
3 3.25 29 30 67.11823357862693 0.4938747045356928
3 3.25 30 31 65.47724084584905 0.4628953130690912
3 3.25 31 32 63.74488156395438 0.4343237837715274
3 3.25 32 33 61.9535144244274 0.4079225435522262
3 3.25 33 34 60.12872709872391 0.3834829095064247
3 3.25 34 35 58.29070517869781 0.360820914710914
3 3.25 35 36 56.45531227538521 0.3397738295056301
3 3.25 36 37 54.63494609245521 0.3201972472423205
3 3.25 37 38 52.83921979474789 0.3019626319549249
3 3.25 38 39 51.07550639074233 0.2849552446179285
3 3.25 39 40 49.34937516232844 0.2690723824596888
3 3.25 40 41 47.6649427175463 0.254221877842556
3 3.25 41 42 46.02515608261072 0.2403208135057564
3 3.25 42 43 44.43202162772437 0.2272944189536355
3 3.25 43 44 42.88679058159869 0.2150751188784499
3 3.25 44 45 41.39010963881461 0.2036017103586324
3 3.25 45 46 39.94129142390096 0.1929252085489687
3 3.25 46 47 38.54169961010143 0.1834018506948085
3 3.25 47 48 37.18995983075934 0.1750676374828689
3 3.25 48 49 35.88532548726754 0.1678922947710209
3 3.25 49 50 34.62667157625809 0.1614729047303148
3.25 3.5 0 1 861.8285694288822 0.4302960933510053
3.25 3.5 1 2 -4863.248776397517 18.64805226996916
3.25 3.5 2 3 -4340.634068866243 14.83269638048483
3.25 3.5 3 4 -2907.699213722069 11.20601903133377
3.25 3.5 4 5 -1917.864840616787 8.73886616639671
3.25 3.5 5 6 -1274.406603753044 7.022190708789742
3.25 3.5 6 7 -853.4893187771904 5.778880254193975
3.25 3.5 7 8 -572.7885382669363 4.84604415962449
3.25 3.5 8 9 -381.6713068512859 4.125385062166728
3.25 3.5 9 10 -249.0501768875856 3.555324976217018
3.25 3.5 10 11 -155.5902213528461 3.095355732188058
3.25 3.5 11 12 -88.90522025209225 2.71805085877455
3.25 3.5 12 13 -40.89671847883892 2.404191228545584
3.25 3.5 13 14 -6.14329126598841 2.139955524522906
3.25 3.5 14 15 19.06107458862243 1.915172858158346
3.25 3.5 15 16 37.29805118447791 1.722207093313528
3.25 3.5 16 17 50.39667222597745 1.555223425384595
3.25 3.5 17 18 59.67230507236059 1.409693639980681
3.25 3.5 18 19 66.08352519312189 1.282054633476975
3.25 3.5 19 20 70.33710900026051 1.169467842186888
3.25 3.5 20 21 72.95956372826777 1.069646620607054
3.25 3.5 21 22 74.3466580116268 0.9807303108575284
3.25 3.5 22 23 74.79823162514884 0.9011909881669408
3.25 3.5 23 24 74.54299276039268 0.8297634578925365
3.25 3.5 24 25 73.75640242807464 0.7653920495924567
3.25 3.5 25 26 72.57371959837712 0.7071897151597522
3.25 3.5 26 27 71.09961540929487 0.6544062548597512
3.25 3.5 27 28 69.41532619067925 0.606403394777688
3.25 3.5 28 29 67.58402181752672 0.5626350629736314
3.25 3.5 29 30 65.65486686237449 0.5226316502081736
3.25 3.5 30 31 63.66611544381061 0.4859873525331672
3.25 3.5 31 32 61.64748557694037 0.4523499196010769
3.25 3.5 32 33 59.62199201190646 0.4214122945549716
3.25 3.5 33 34 57.6073690739351 0.3929057542623149
3.25 3.5 34 35 55.61718093408973 0.3665942465092999
3.25 3.5 35 36 53.66169206542088 0.3422696897564222
3.25 3.5 36 37 51.74855259194868 0.3197480510814164
3.25 3.5 37 38 49.88333999600749 0.2988660572851422
3.25 3.5 38 39 48.06998876301637 0.2794784240240934
3.25 3.5 39 40 46.31113217026936 0.2614555111722875
3.25 3.5 40 41 44.60837496744514 0.244681330156647
3.25 3.5 41 42 42.96251134708211 0.2290518441952587
3.25 3.5 42 43 41.3736995574329 0.2144735121790982
3.25 3.5 43 44 39.84160198064421 0.2008620376357131
3.25 3.5 44 45 38.3654976058215 0.1881412893777871
3.25 3.5 45 46 36.94361363026721 0.1763421926769635
3.25 3.5 46 47 35.57610340172187 0.1657893421253391
3.25 3.5 47 48 34.26081099946377 0.1565166089099192
3.25 3.5 48 49 32.99623391229593 0.1484975990286869
3.25 3.5 49 50 31.78058700986132 0.1413504699646007
3.5 3.75 0 1 193.2598439581899 1.601202793058431
3.5 3.75 1 2 -4679.189444636721 24.78754267121434
3.5 3.75 2 3 -3691.710179636184 16.33435370021787
3.5 3.75 3 4 -2372.49787837815 11.53799674412218
3.5 3.75 4 5 -1515.899487066878 8.648811950189202
3.5 3.75 5 6 -976.4372963691555 6.757042342985386
3.5 3.75 6 7 -631.6654584943103 5.438866906939012
3.5 3.75 7 8 -406.3014604983794 4.47697404622286
3.5 3.75 8 9 -255.7202835851795 3.749740085160987
3.5 3.75 9 10 -153.1685983390319 3.18452120770939
3.5 3.75 10 11 -82.30285571126433 2.735223557341515
3.5 3.75 11 12 -32.80657199637039 2.371442467895085
3.5 3.75 12 13 1.979498167523843 2.072325515693177
3.5 3.75 13 14 26.46200067760276 1.823139312345753
3.5 3.75 14 15 43.62090915564966 1.613202902700228
3.5 3.75 15 16 55.51078149781267 1.434600409436659
3.5 3.75 16 17 63.57256938517389 1.281351814098193
3.5 3.75 17 18 68.83216564831639 1.148863139254686
3.5 3.75 18 19 72.02961090813119 1.033552537932579
3.5 3.75 19 20 73.70487442100944 0.932590267349906
3.5 3.75 20 21 74.25585290782107 0.8437142370455351
3.5 3.75 21 22 73.9782408588971 0.7650968238073429
3.5 3.75 22 23 73.09335446092007 0.6952471575369524
3.5 3.75 23 24 71.76781607884027 0.6329383888315617
3.5 3.75 24 25 70.12765451992442 0.5771528364061647
3.5 3.75 25 26 68.2685200737842 0.527040121298786
3.5 3.75 26 27 66.26316150126718 0.4818848599342276
3.5 3.75 27 28 64.16695047478282 0.4410814814829784
3.5 3.75 28 29 62.02199846973483 0.404114413974145
3.5 3.75 29 30 59.86024872002116 0.3705423605888682
3.5 3.75 30 31 57.70581497829201 0.3399857208905424
3.5 3.75 31 32 55.57676201120097 0.3121164533764719
3.5 3.75 32 33 53.48646903707905 0.2866498485262587
3.5 3.75 33 34 51.44467932790704 0.2633378090904675
3.5 3.75 34 35 49.45831205282818 0.2419633285239799
3.5 3.75 35 36 47.53209287257985 0.2223359280815878
3.5 3.75 36 37 45.66904555986653 0.2042878667027349
3.5 3.75 37 38 43.870876512775 0.1876709773283544
3.5 3.75 38 39 42.13827630032722 0.1723540146236417
3.5 3.75 39 40 40.47115663953352 0.1582204223596677
3.5 3.75 40 41 38.86883697951963 0.1451664476623878
3.5 3.75 41 42 37.3301915079503 0.133099543447178
3.5 3.75 42 43 35.8537650597134 0.1219370122511745
3.5 3.75 43 44 34.43786448452643 0.111604853864834
3.5 3.75 44 45 33.08063057729109 0.1020367863615765
3.5 3.75 45 46 31.77946441545731 0.09332142082865794
3.5 3.75 46 47 30.53345578244748 0.08600093220250002
3.5 3.75 47 48 29.33991308150762 0.08020506896034268
3.5 3.75 48 49 28.19677951441501 0.07595246224856166
3.5 3.75 49 50 27.10180737728699 0.07269953856299979
3.75 4 0 1 -320.0720407649424 1.812104722705759
3.75 4 1 2 -4014.091084453093 28.10844942948303
3.75 4 2 3 -2795.959114175061 13.01133940176229
3.75 4 3 4 -1706.229836957907 7.583859226160394
3.75 4 4 5 -1043.941752355991 4.929944919048502
3.75 4 5 6 -642.6259490091679 3.415819278708683
3.75 4 6 7 -393.6921741283049 2.466309014150918
3.75 4 7 8 -235.2619289538204 1.831624137980677
3.75 4 8 9 -132.1225634685768 1.387381286416092
3.75 4 9 10 -63.74915625660378 1.065970931070631
3.75 4 10 11 -17.87008612076181 0.8274561694186832
3.75 4 11 12 13.11612351804979 0.6473214384819173
3.75 4 12 13 34.03654578741009 0.5097617598487604
3.75 4 13 14 48.03739004718057 0.4043298602733827
3.75 4 14 15 57.21586867646829 0.3239935790789092
3.75 4 15 16 62.99776412995709 0.2823324227713099
3.75 4 16 17 66.36914139811859 0.2599500677589662
3.75 4 17 18 68.02211463758283 0.2399177368441712
3.75 4 18 19 68.44865492078611 0.221914798085732
3.75 4 19 20 68.00222174491898 0.2056740670104561
3.75 4 20 21 66.9390199222841 0.1909714867026124
3.75 4 21 22 65.44608799034154 0.1776180250424219
3.75 4 22 23 63.66071488850002 0.1669738541441912
3.75 4 23 24 61.68404785571826 0.1707829519691057
3.75 4 24 25 59.59074837858373 0.1747445686352889
3.75 4 25 26 57.43592104980692 0.1784742968114405
3.75 4 26 27 55.26013608185232 0.1817729501149194
3.75 4 27 28 53.09310331283075 0.1845520755772062
3.75 4 28 29 50.95638195636701 0.1867874518026127
3.75 4 29 30 48.86539393348983 0.1884908815220323
3.75 4 30 31 46.83092966968584 0.1896933285774352
3.75 4 31 32 44.86028089533275 0.1904349383297864
3.75 4 32 33 42.958097216626 0.1907592036627715
3.75 4 33 34 41.12703669051716 0.1907096231988785
3.75 4 34 35 39.36826179128172 0.1903278576353503
3.75 4 35 36 37.68181865681251 0.1896527842604105
3.75 4 36 37 36.06692774739953 0.1887200870429832
3.75 4 37 38 34.52220695768303 0.1875621610009064
3.75 4 38 39 33.04584299446518 0.1862081955991688
3.75 4 39 40 31.63572297234384 0.1846843556705549
3.75 4 40 41 30.28953535997228 0.1830140091286964
3.75 4 41 42 29.00484718157166 0.1812179719091792
3.75 4 42 43 27.77916283026751 0.1793147521521711
3.75 4 43 44 26.60996861267351 0.1773207839414981
3.75 4 44 45 25.49476617690417 0.1752506452631352
3.75 4 45 46 24.43063033409227 0.1731720880212645
3.75 4 46 47 23.41595555485433 0.1712883125395928
3.75 4 47 48 22.44795350003535 0.1696138082029321
3.75 4 48 49 21.52438884404863 0.1681295182713217
3.75 4 49 50 20.64291110539289 0.1666706723421433
4 5 0 1 -1004.316616521774 2.751681213095241
4 5 1 2 -4418.453253253216 7.129854110952747
4 5 2 3 -2533.174928311832 5.310108157150109
4 5 3 4 -1384.450704910204 3.985273152449877
4 5 4 5 -760.4035170714844 2.980828005904495
4 5 5 6 -410.1828758687091 2.254363836711751
4 5 6 7 -207.0796780639023 1.768422659351856
4 5 7 8 -86.08738569116758 1.43963910513418
4 5 8 9 -12.62671796550603 1.20642576137547
4 5 9 10 32.36622575362401 1.031945083674279
4 5 10 11 59.75673066402749 0.8971991669615554
4 5 11 12 76.05307147307656 0.791643896434577
4 5 12 13 85.23450655028989 0.7061270029673758
4 5 13 14 89.78307362023315 0.6348018719624969
4 5 14 15 91.28931313100838 0.5750200019202122
4 5 15 16 90.80197057547423 0.5247908928969462
4 5 16 17 89.02284291562569 0.4818526490456503
4 5 17 18 86.42342275123036 0.444309194250585
4 5 18 19 83.32194097904784 0.4110459619057495
4 5 19 20 79.9351130488572 0.3814745463488304
4 5 20 21 76.41165571132055 0.355145249651075
4 5 21 22 72.85360812139589 0.3315930915592241
4 5 22 23 69.33028520270895 0.3103695421415198
4 5 23 24 65.88787595702027 0.2911036519318765
4 5 24 25 62.55626217360134 0.2735185727890883
4 5 25 26 59.35388305484133 0.2574101620312563
4 5 26 27 56.29117266589824 0.2426171335291497
4 5 27 28 53.37297064746787 0.2290006452317812
4 5 28 29 50.60021584923533 0.2164357664662677
4 5 29 30 47.97114780228338 0.2048100503692654
4 5 30 31 45.48216928689538 0.1940242145246055
4 5 31 32 43.1284708871199 0.1839922692116312
4 5 32 33 40.90448429544971 0.174640493286327
4 5 33 34 38.80421010842142 0.1659056584022694
4 5 34 35 36.82145283419503 0.1577330819641815
4 5 35 36 34.94998725643511 0.1500749038773615
4 5 36 37 33.18367423569883 0.1428887427247646
4 5 37 38 31.51653948929697 0.1361367205371639
4 5 38 39 29.94282541056433 0.1297847744579904
4 5 39 40 28.4570233457959 0.1238021597387258
4 5 40 41 27.05389180799317 0.1181610708641632
4 5 41 42 25.72846457887219 0.1128363295170808
4 5 42 43 24.47605162755875 0.1078051129171185
4 5 43 44 23.29223500433827 0.1030467093429042
4 5 44 45 22.17286125031045 0.09854229468807393
4 5 45 46 21.1135780199907 0.09466029140609018
4 5 46 47 20.11125738455748 0.09278307777496436
4 5 47 48 19.16206446700415 0.09290114969515924
4 5 48 49 18.2628393272822 0.09460244275740427
4 5 49 50 17.41018827417074 0.09668593229140636
-5 5 0 50 -528563.1572811618 92.67854201708442
