#ylo yhi qTlo qThi PDF0  uncertainty
-5 -4 0 1 -992.5786381093275 2.763437957485122
-5 -4 1 2 -4378.730705701073 6.556728767713254
-5 -4 2 3 -2511.017007919035 4.941440285362798
-5 -4 3 4 -1374.250782539507 3.705779122254761
-5 -4 4 5 -756.1463339305001 2.754145471555031
-5 -4 5 6 -408.7409166695561 2.070092992949949
-5 -4 6 7 -207.0229673812071 1.614774545289782
-5 -4 7 8 -86.72788352757971 1.308765257022144
-5 -4 8 9 -13.60948871390769 1.094696210861448
-5 -4 9 10 31.23102946044173 0.9365193648637521
-5 -4 10 11 58.57506490704509 0.8158240878807518
-5 -4 11 12 74.88091562262616 0.7223031959287289
-5 -4 12 13 84.10321371821658 0.6469651053047702
-5 -4 13 14 88.70862365622179 0.584110780975224
-5 -4 14 15 90.27892461918282 0.5314912214976844
-5 -4 15 16 89.85786895551945 0.4874098567841789
-5 -4 16 17 88.14444694945308 0.4497302356952622
-5 -4 17 18 85.60857342210039 0.4166448260166159
-5 -4 18 19 82.56760851468141 0.3871603730575613
-5 -4 19 20 79.23783079091237 0.3608188801418986
-5 -4 20 21 75.76779567576875 0.3372753789739712
-5 -4 21 22 72.25955150868532 0.316137751224319
-5 -4 22 23 68.78252140205421 0.2970099961260984
-5 -4 23 24 65.38305584336277 0.2795645604147388
-5 -4 24 25 62.09122429899841 0.2635634919442379
-5 -4 25 26 58.92566434145249 0.2488372810604483
-5 -4 26 27 55.89701004801225 0.2352542736805247
-5 -4 27 28 53.01029713472292 0.2227001804122281
-5 -4 28 29 50.26665304654153 0.2110702038187205
-5 -4 29 30 47.66449625984454 0.2002685507083555
-5 -4 30 31 45.20039768022025 0.1902099598191853
-5 -4 31 32 42.86970475077098 0.1808204431407774
-5 -4 32 33 40.66699479898887 0.1720366609909543
-5 -4 33 34 38.58640318179084 0.1638044039999454
-5 -4 34 35 36.62185881436763 0.1560768294973107
-5 -4 35 36 34.76725114170995 0.1488128877192164
-5 -4 36 37 33.01654657886657 0.1419761104412682
-5 -4 37 38 31.36386793094823 0.135533757965238
-5 -4 38 39 29.80354683733812 0.1294562391300072
-5 -4 39 40 28.33015664775645 0.1237167121566098
-5 -4 40 41 26.93853120477598 0.1182907867911004
-5 -4 41 42 25.62377348181824 0.1131562836053169
-5 -4 42 43 24.38125700278628 0.1082930204986372
-5 -4 43 44 23.20662220282276 0.1036826169642579
-5 -4 44 45 22.09576926987189 0.09930831227457529
-5 -4 45 46 21.04439929057766 0.0955441616165084
-5 -4 46 47 20.04942498227835 0.09378320807796481
-5 -4 47 48 19.10705689436108 0.09400525183238942
-5 -4 48 49 18.21417304795235 0.0957856602347006
-5 -4 49 50 17.36741900858505 0.09791781463425103
-4 -3.75 0 1 -316.7101833405424 1.81210486578326
-4 -3.75 1 2 -3973.861273632803 27.39519454729166
-4 -3.75 2 3 -2760.954393697782 12.42856128705468
-4 -3.75 3 4 -1682.9356321524 7.138695835785274
-4 -3.75 4 5 -1028.767439008186 4.580939733532155
-4 -3.75 5 6 -632.613589638479 3.134998824934893
-4 -3.75 6 7 -387.0201592557396 2.235720127588693
-4 -3.75 7 8 -230.8059012579754 1.639423373063678
-4 -3.75 8 9 -129.1713773539448 1.225527381293698
-4 -3.75 9 10 -61.84003019487477 0.9288543533201541
-4 -3.75 10 11 -16.69669459226839 0.7112214355449792
-4 -3.75 11 12 13.7626900564735 0.5493478936055709
-4 -3.75 12 13 34.30172757597961 0.4284357792839681
-4 -3.75 13 14 48.02446613471534 0.3388670806614935
-4 -3.75 14 15 56.99945455994612 0.3061046022145423
-4 -3.75 15 16 62.63257114819544 0.2810711750452467
-4 -3.75 16 17 65.89579123602766 0.2587656322214326
-4 -3.75 17 18 67.47108138934618 0.2388023380719622
-4 -3.75 18 19 67.84299073211025 0.2208619098021301
-4 -3.75 19 20 67.35947597046902 0.2046781325511586
-4 -3.75 20 21 66.2726131640934 0.1900277177780133
-4 -3.75 21 22 64.7663108973079 0.1883464738311917
-4 -3.75 22 23 62.9754642028845 0.1927248074348352
-4 -3.75 23 24 60.99937552701002 0.196867406547241
-4 -3.75 24 25 58.91127572461698 0.2004988641763724
-4 -3.75 25 26 56.76515417723346 0.2035024266179179
-4 -3.75 26 27 54.60070817354915 0.2058499784015903
-4 -3.75 27 28 52.44696214608592 0.2075610133302125
-4 -3.75 28 29 50.32493599312497 0.2086789844247697
-4 -3.75 29 30 48.24962678981873 0.209257835246146
-4 -3.75 30 31 46.2314902551114 0.2093544498702313
-4 -3.75 31 32 44.27755469494977 0.2090245385900159
-4 -3.75 32 33 42.39226286349033 0.2083205148751582
-4 -3.75 33 34 40.57811099650064 0.2072905217342389
-4 -3.75 34 35 38.83613567593848 0.2059781138369821
-4 -3.75 35 36 37.16628586525384 0.2044223040662453
-4 -3.75 36 37 35.56770783258393 0.2026578037771746
-4 -3.75 37 38 34.03896368319604 0.2007153560184576
-4 -3.75 38 39 32.57819907133397 0.198622102910962
-4 -3.75 39 40 31.18327185146748 0.1964019544328555
-4 -3.75 40 41 29.85185065613949 0.194075940324971
-4 -3.75 41 42 28.58149018597997 0.191662535992557
-4 -3.75 42 43 27.36968848194569 0.1891779589150828
-4 -3.75 43 44 26.21393022114508 0.1866364347812102
-4 -3.75 44 45 25.11171913630563 0.1840504345450483
-4 -3.75 45 46 24.06014032037693 0.1814820732453684
-4 -3.75 46 47 23.05758893111793 0.1791204209749281
-4 -3.75 47 48 22.10129052933861 0.1769787195180777
-4 -3.75 48 49 21.18901966704674 0.1750385921360826
-4 -3.75 49 50 20.31844157852159 0.1731447297107853
-3.75 -3.5 0 1 189.4630496805104 1.606944820050902
-3.75 -3.5 1 2 -4646.484653380465 25.00924553468981
-3.75 -3.5 2 3 -3653.219542951033 16.2594882137346
-3.75 -3.5 3 4 -2344.238469929437 11.41957665905312
-3.75 -3.5 4 5 -1496.254905355391 8.52876128658105
-3.75 -3.5 5 6 -962.7601001264725 6.644889805206325
-3.75 -3.5 6 7 -622.0637269220381 5.33644397127094
-3.75 -3.5 7 8 -399.5141883306005 4.383970380646143
-3.75 -3.5 8 9 -250.9103930063775 3.665259741447456
-3.75 -3.5 9 10 -149.77191485403 3.107588433620868
-3.75 -3.5 10 11 -79.93537589568814 2.664925177620841
-3.75 -3.5 11 12 -31.19999317822362 2.306975440647319
-3.75 -3.5 12 13 3.016239940447804 2.01299770374301
-3.75 -3.5 13 14 27.06759655480619 1.768358553389521
-3.75 -3.5 14 15 43.89778416542924 1.562463055322765
-3.75 -3.5 15 16 55.5357355034464 1.387467922341241
-3.75 -3.5 16 17 63.40395142762736 1.237453942931086
-3.75 -3.5 17 18 68.51480853698968 1.107878005009863
-3.75 -3.5 18 19 71.59829090650032 0.9952008839501071
-3.75 -3.5 19 20 73.18678104576219 0.8966286732716154
-3.75 -3.5 20 21 73.67238184708981 0.8099295416072142
-3.75 -3.5 21 22 73.3463156232142 0.7333015357694503
-3.75 -3.5 22 23 72.4264142565296 0.6652756687524126
-3.75 -3.5 23 24 71.07656345372078 0.6046438373234342
-3.75 -3.5 24 25 69.42062752799484 0.5504044970818537
-3.75 -3.5 25 26 67.55253449141304 0.5017212259084211
-3.75 -3.5 26 27 65.54365561513981 0.4578907675318202
-3.75 -3.5 27 28 63.44825599565689 0.4183181365587951
-3.75 -3.5 28 29 61.30755486392272 0.382497041771354
-3.75 -3.5 29 30 59.15277380413923 0.3499943587891269
-3.75 -3.5 30 31 57.00744143196766 0.3204377153256651
-3.75 -3.5 31 32 54.88914713444606 0.2935054907327154
-3.75 -3.5 32 33 52.81088336678002 0.2689187052283202
-3.75 -3.5 33 34 50.78207845034123 0.2464343983756289
-3.75 -3.5 34 35 48.80939499078482 0.2258401920833921
-3.75 -3.5 35 36 46.89734969259575 0.206949800709321
-3.75 -3.5 36 37 45.04879628926867 0.1895993047427466
-3.75 -3.5 37 38 43.26530302278138 0.1736440443533826
-3.75 -3.5 38 39 41.5474484760079 0.1589560182031931
-3.75 -3.5 39 40 39.89505389525981 0.1454216989664605
-3.75 -3.5 40 41 38.3073659707503 0.1329401928666856
-3.75 -3.5 41 42 36.78320072730102 0.1214216871233168
-3.75 -3.5 42 43 35.32105687373721 0.1107861397251668
-3.75 -3.5 43 44 33.91920506477902 0.1009621759110223
-3.75 -3.5 44 45 32.57575809475506 0.09188616317509729
-3.75 -3.5 45 46 31.28810159816094 0.08366308126673247
-3.75 -3.5 46 47 30.05530350619043 0.07689652279593331
-3.75 -3.5 47 48 28.8746664987609 0.07173968981952368
-3.75 -3.5 48 49 27.74412608187031 0.06821258020252173
-3.75 -3.5 49 50 26.66143654095478 0.06571158348439884
-3.5 -3.25 0 1 856.8837325280761 0.4285808116974472
-3.5 -3.25 1 2 -4835.051963963124 19.16910961037121
-3.5 -3.25 2 3 -4301.435804835126 15.03177079400418
-3.5 -3.25 3 4 -2877.495235853686 11.30437405280524
-3.5 -3.25 4 5 -1896.26238478227 8.792521856053746
-3.5 -3.25 5 6 -1259.038802572471 7.052357980889488
-3.5 -3.25 6 7 -842.4882525558169 5.795396146881721
-3.5 -3.25 7 8 -564.8554983378906 4.854085945127458
-3.5 -3.25 8 9 -375.9240267750938 4.127919342718288
-3.5 -3.25 9 10 -244.8851622922907 3.554169472012441
-3.5 -3.25 10 11 -152.5923653079024 3.091673364230919
-3.5 -3.25 11 12 -86.781823954331 2.712616197819698
-3.5 -3.25 12 13 -39.43751127502196 2.397535339381318
-3.5 -3.25 13 14 -5.194254608377378 2.132451310940732
-3.5 -3.25 14 15 19.61477881243695 1.907087269627267
-3.5 -3.25 15 16 37.543409698392 1.713734234471575
-3.5 -3.25 16 17 50.40048571647253 1.54650620640353
-3.5 -3.25 17 18 59.48647894331145 1.400838310036592
-3.5 -3.25 18 19 65.74879372442638 1.27314076058763
-3.5 -3.25 19 20 69.88570654286661 1.16055530338643
-3.5 -3.25 20 21 72.41717466025955 1.060780584151349
-3.5 -3.25 21 22 73.73386336670637 0.9719448421658484
-3.5 -3.25 22 23 74.13159808659941 0.8925116960014022
-3.5 -3.25 23 24 73.83590318558356 0.8212094597225168
-3.5 -3.25 24 25 73.01969659947645 0.7569774476409997
-3.5 -3.25 25 26 71.8161936070515 0.6989247157774495
-3.5 -3.25 26 27 70.3284143432183 0.646298024991574
-3.5 -3.25 27 28 68.63625533992371 0.5984567223962008
-3.5 -3.25 28 29 66.80179499543004 0.5548528701776024
-3.5 -3.25 29 30 64.87330573888937 0.5150153941340686
-3.5 -3.25 30 31 62.88831040175023 0.4785373407845711
-3.5 -3.25 31 32 60.875926121379 0.4450655591912926
-3.5 -3.25 32 33 58.85867293311907 0.4142922898481627
-3.5 -3.25 33 34 56.85387718727065 0.3859482644353035
-3.5 -3.25 34 35 54.87476618420365 0.3597970115667442
-3.5 -3.25 35 36 52.93132598220939 0.3356301316642863
-3.5 -3.25 36 37 51.03097647644512 0.3132633548476783
-3.5 -3.25 37 38 49.17910473429797 0.2925332364576816
-3.5 -3.25 38 39 47.37948779287876 0.2732943734194472
-3.5 -3.25 39 40 45.63462883183468 0.2554170493795915
-3.5 -3.25 40 41 43.94602523259903 0.23878523405586
-3.5 -3.25 41 42 42.31438273900349 0.2232948765228249
-3.5 -3.25 42 43 40.73978691967363 0.2088524441675766
-3.5 -3.25 43 44 39.22184063585922 0.1953736668916628
-3.5 -3.25 44 45 37.75977434776644 0.182782454570129
-3.5 -3.25 45 46 36.35178146876279 0.171110604329499
-3.5 -3.25 46 47 34.99797930872434 0.1606863871896062
-3.5 -3.25 47 48 33.69619171170805 0.1515451332801739
-3.5 -3.25 48 49 32.44489585133144 0.1436608443574659
-3.5 -3.25 49 50 31.24229907907586 0.1366480123774402
-3.25 -3 0 1 1579.272216836055 1.182473414627584
-3.25 -3 1 2 -4660.669891741319 9.671310663885915
-3.25 -3 2 3 -4713.810465457133 9.908319607643245
-3.25 -3 3 4 -3269.396126627759 8.018637943319401
-3.25 -3 4 5 -2210.985016247515 6.489507163237033
-3.25 -3 5 6 -1503.721101221849 5.347574244731656
-3.25 -3 6 7 -1032.072711628504 4.485931378645903
-3.25 -3 7 8 -712.4698425975985 3.821186218171847
-3.25 -3 8 9 -491.6741732694604 3.296750380883534
-3.25 -3 9 10 -336.2882674679888 2.875012795645102
-3.25 -3 10 11 -225.2194002904296 2.530000215547588
-3.25 -3 11 12 -144.7810081107091 2.243645605037147
-3.25 -3 12 13 -85.9281419168683 2.002976350449157
-3.25 -3 13 14 -42.54769765705032 1.798486600128604
-3.25 -3 14 15 -10.42422736642061 1.623071982035652
-3.25 -3 15 16 13.40291738200654 1.471328274569818
-3.25 -3 16 17 31.04772005847917 1.339079073971189
-3.25 -3 17 18 44.04208471824575 1.223050825011382
-3.25 -3 18 19 53.51082255963718 1.120644789551766
-3.25 -3 19 20 60.28956554902197 1.029774121243598
-3.25 -3 20 21 65.00560709373576 0.9487455214224182
-3.25 -3 21 22 68.13421263719499 0.8761719721921355
-3.25 -3 22 23 70.03841817302077 0.8109074925776409
-3.25 -3 23 24 70.99753549564014 0.7519977392804035
-3.25 -3 24 25 71.22781938827234 0.6986421674275266
-3.25 -3 25 26 70.89762046201986 0.6501647339640004
-3.25 -3 26 27 70.13860968502252 0.6059909899359359
-3.25 -3 27 28 69.0541718445885 0.565630003369442
-3.25 -3 28 29 67.72573683351226 0.5286599722106097
-3.25 -3 29 30 66.21759376811906 0.4947166834961144
-3.25 -3 30 31 64.58057867265791 0.4634841864425008
-3.25 -3 31 32 62.85491861535451 0.4346872028899544
-3.25 -3 32 33 61.07243909853463 0.4080849116041386
-3.25 -3 33 34 59.25828724171686 0.3834658260343576
-3.25 -3 34 35 57.4322842042792 0.3606435497854625
-3.25 -3 35 36 55.60999187841475 0.3394532400989326
-3.25 -3 36 37 53.80355804084957 0.3197486460451268
-3.25 -3 37 38 52.02238879290604 0.3013996165099507
-3.25 -3 38 39 50.27368562232564 0.2842899937971671
-3.25 -3 39 40 48.56287581478125 0.2683158253053544
-3.25 -3 40 41 46.89395854466437 0.2533838392624684
-3.25 -3 41 42 45.26978386988955 0.2394101404304731
-3.25 -3 42 43 43.69227826418074 0.2263190899249652
-3.25 -3 43 44 42.16262731786625 0.2140423395651508
-3.25 -3 44 45 40.68142400610813 0.2025179971001167
-3.25 -3 45 46 39.24794254445322 0.1917947582820585
-3.25 -3 46 47 37.86350836844645 0.1822218047494474
-3.25 -3 47 48 36.52672337963494 0.1738330708704388
-3.25 -3 48 49 35.23681787476035 0.1665971227295374
-3.25 -3 49 50 33.99265846568096 0.1601154630758902
-3 -2.75 0 1 2278.329140025714 1.615701313772467
-3 -2.75 1 2 -4292.575385380445 4.611215278238044
-3 -2.75 2 3 -4956.113660247463 6.068554482909327
-3 -2.75 3 4 -3545.195082657214 5.162363118939252
-3 -2.75 4 5 -2447.722087489958 4.283553301567224
-3 -2.75 5 6 -1695.829148175344 3.587911608492988
-3 -2.75 6 7 -1186.022516665023 3.046468481895459
-3 -2.75 7 8 -835.9073233685167 2.620235617705072
-3 -2.75 8 9 -591.1344146929587 2.278849545573317
-3 -2.75 9 10 -416.9234837149934 2.001179207089252
-3 -2.75 10 11 -290.9990162166939 1.771835295488237
-3 -2.75 11 12 -198.7490629083354 1.579947249264349
-3 -2.75 12 13 -130.4285544764409 1.417545655967892
-3 -2.75 13 14 -79.39852422571994 1.278706054066792
-3 -2.75 14 15 -41.04775783310015 1.158948605282833
-3 -2.75 15 16 -12.11583454661604 1.054832045178885
-3 -2.75 16 17 9.740188920451146 0.9636745776288955
-3 -2.75 17 18 26.2286704014474 0.8833587310242369
-3 -2.75 18 19 38.6116424303716 0.8121926152294998
-3 -2.75 19 20 47.83238567723458 0.74880969439978
-3 -2.75 20 21 54.60334746307547 0.692095295288336
-3 -2.75 21 22 59.46768150092817 0.6411319679963108
-3 -2.75 22 23 62.84294424802852 0.5951583386974637
-3 -2.75 23 24 65.05253189298537 0.5535377528525037
-3 -2.75 24 25 66.34857224374741 0.5157341154964161
-3 -2.75 25 26 66.92878021804859 0.4812930865753052
-3 -2.75 26 27 66.94899615669237 0.4498273052887831
-3 -2.75 27 28 66.53260089466175 0.4210046776952409
-3 -2.75 28 29 65.77764730122431 0.3945390166245459
-3 -2.75 29 30 64.76230559702333 0.3701825037660778
-3 -2.75 30 31 63.54905215466425 0.3477195757732826
-3 -2.75 31 32 62.18791392328632 0.3269619323409497
-3 -2.75 32 33 60.71899741992939 0.3077444343859221
-3 -2.75 33 34 59.17447171071962 0.289921713738826
-3 -2.75 34 35 57.5801317883874 0.273365355654942
-3 -2.75 35 36 55.95663739499298 0.2579615444807882
-3 -2.75 36 37 54.32049927305371 0.2436090871569268
-3 -2.75 37 38 52.68486777325938 0.2302177457727032
-3 -2.75 38 39 51.06016595841811 0.2177068247709924
-3 -2.75 39 40 49.45459972223628 0.2060039688631426
-3 -2.75 40 41 47.87457029274131 0.1950441358931029
-3 -2.75 41 42 46.32500874186661 0.1847687165653855
-3 -2.75 42 43 44.80964810005415 0.1751247762234231
-3 -2.75 43 44 43.33124525458294 0.166064400313127
-3 -2.75 44 45 41.89176231403314 0.1575441276528301
-3 -2.75 45 46 40.49160201042108 0.1496754690335441
-3 -2.75 46 47 39.13327288801193 0.142997106177195
-3 -2.75 47 48 37.81622296513967 0.1375849769777973
-3 -2.75 48 49 36.5404824795425 0.1334104605876442
-3 -2.75 49 50 35.30562812455494 0.129916083496855
-2.75 -2.5 0 1 2924.347223328205 2.196407140052699
-2.75 -2.5 1 2 -3845.917228560648 1.09405738668171
-2.75 -2.5 2 3 -5093.024776839227 2.79381243641431
-2.75 -2.5 3 4 -3739.964568800876 2.675825310842241
-2.75 -2.5 4 5 -2625.311930142665 2.349086817950195
-2.75 -2.5 5 6 -1845.049547080785 2.041015724265281
-2.75 -2.5 6 7 -1308.72009816771 1.780706261023672
-2.75 -2.5 7 8 -936.4088881396824 1.565093679978322
-2.75 -2.5 8 9 -673.6619386039069 1.385768435557812
-2.75 -2.5 9 10 -485.0180595895386 1.235841191105275
-2.75 -2.5 10 11 -347.4927541719433 1.109083182881073
-2.75 -2.5 11 12 -245.8733897647592 1.000954199843306
-2.75 -2.5 12 13 -169.9379013300857 0.9079035874638606
-2.75 -2.5 13 14 -112.6771772304112 0.8271824778164315
-2.75 -2.5 14 15 -69.19454124898948 0.7566444516959502
-2.75 -2.5 15 16 -36.00910096626308 0.694596607890262
-2.75 -2.5 16 17 -10.60677429392172 0.6396899053505025
-2.75 -2.5 17 18 8.854533279692987 0.5908384724158132
-2.75 -2.5 18 19 23.74213254505401 0.5471598946726953
-2.75 -2.5 19 20 35.08279973998447 0.5079306519079204
-2.75 -2.5 20 21 43.65568669006007 0.4725525401663823
-2.75 -2.5 21 22 50.05761120719967 0.4405271183935846
-2.75 -2.5 22 23 54.74959001584614 0.4114360703510906
-2.75 -2.5 23 24 58.09043654729624 0.3849259693307976
-2.75 -2.5 24 25 60.36131124718179 0.3606963498644498
-2.75 -2.5 25 26 61.78385942780653 0.338490289039999
-2.75 -2.5 26 27 62.53374840354672 0.3180869079978766
-2.75 -2.5 27 28 62.75086600947475 0.2992953560717935
-2.75 -2.5 28 29 62.54707078204598 0.2819499498793845
-2.75 -2.5 29 30 62.01212889826104 0.2659062181191215
-2.75 -2.5 30 31 61.21829602203292 0.2510376631363245
-2.75 -2.5 31 32 60.22387776642347 0.2372330922859258
-2.75 -2.5 32 33 59.07601417726721 0.2243944074031919
-2.75 -2.5 33 34 57.81287032178301 0.2124347629868268
-2.75 -2.5 34 35 56.46536917964607 0.2012770236118159
-2.75 -2.5 35 36 55.05856951590977 0.1908524664253866
-2.75 -2.5 36 37 53.61276668798848 0.1810996841939572
-2.75 -2.5 37 38 52.14437602315593 0.171963653756934
-2.75 -2.5 38 39 50.66664463213317 0.1633949424363528
-2.75 -2.5 39 40 49.19022714418989 0.1553490282335238
-2.75 -2.5 40 41 47.72365311052184 0.1477857164488193
-2.75 -2.5 41 42 46.27370759859883 0.1406686359355379
-2.75 -2.5 42 43 44.8457421260203 0.1339648045016944
-2.75 -2.5 43 44 43.44392935476756 0.1276442504780495
-2.75 -2.5 44 45 42.07147224808404 0.1216796841705624
-2.75 -2.5 45 46 40.72981342641378 0.1162618663722537
-2.75 -2.5 46 47 39.42252095802195 0.1121813177380392
-2.75 -2.5 47 48 38.14983653492206 0.1095473689828421
-2.75 -2.5 48 49 36.91253430547252 0.1083017898169336
-2.75 -2.5 49 50 35.71085333219213 0.1076532864725413
-2.5 -2.25 0 1 3512.854449384311 1.715521075414879
-2.5 -2.25 1 2 -3391.890204549022 0.9453850724511442
-2.5 -2.25 2 3 -5175.44434750399 1.681253728981052
-2.5 -2.25 3 4 -3883.898755126716 1.550697794249823
-2.5 -2.25 4 5 -2761.426392868022 1.368831783643468
-2.5 -2.25 5 6 -1961.723657116002 1.235665268686843
-2.5 -2.25 6 7 -1406.12229554103 1.109221804353806
-2.5 -2.25 7 8 -1017.237578605814 0.9970515490005121
-2.5 -2.25 8 9 -740.824836396765 0.8988368582876451
-2.5 -2.25 9 10 -541.055020470249 0.813789231288551
-2.5 -2.25 10 11 -394.4811022373399 0.7396826662406149
-2.5 -2.25 11 12 -285.4788438024098 0.6749208059085086
-2.5 -2.25 12 13 -203.4882579119792 0.6180483778632267
-2.5 -2.25 13 14 -141.2322955091513 0.567849515358879
-2.5 -2.25 14 15 -93.6041886738351 0.5233193370248509
-2.5 -2.25 15 16 -56.95856933486357 0.4836291301542036
-2.5 -2.25 16 17 -28.65220467192307 0.4480940764273935
-2.5 -2.25 17 18 -6.741058617354156 0.4161459441320089
-2.5 -2.25 18 19 10.22314400470782 0.3873108374918779
-2.5 -2.25 19 20 23.33190471077319 0.3611913559774257
-2.5 -2.25 20 21 33.41645756874186 0.3374523729385867
-2.5 -2.25 21 22 41.11579599653646 0.3158097076898507
-2.5 -2.25 22 23 46.92529809249743 0.296021081641813
-2.5 -2.25 23 24 51.23193402925665 0.2778788708445826
-2.5 -2.25 24 25 54.34006268050439 0.2612042704750392
-2.5 -2.25 25 26 56.49054095780195 0.2458425722044726
-2.5 -2.25 26 27 57.87502322660407 0.2316593218248653
-2.5 -2.25 27 28 58.64676180750837 0.2185371753937702
-2.5 -2.25 28 29 58.92883549936334 0.2063733143508389
-2.5 -2.25 29 30 58.82046886349929 0.1950773077207882
-2.5 -2.25 30 31 58.40192140572492 0.1845693360213786
-2.5 -2.25 31 32 57.73829640072597 0.174778707804585
-2.5 -2.25 32 33 56.88252709748701 0.1656426158235126
-2.5 -2.25 33 34 55.87773193701668 0.1571050870542823
-2.5 -2.25 34 35 54.75908241043004 0.1491160960010012
-2.5 -2.25 35 36 53.55529206593383 0.1416308093090734
-2.5 -2.25 36 37 52.28980919307071 0.1346089420635115
-2.5 -2.25 37 38 50.98177646647167 0.1280142062834562
-2.5 -2.25 38 39 49.64680629412948 0.1218138366106168
-2.5 -2.25 39 40 48.2976096722569 0.1159781814707854
-2.5 -2.25 40 41 46.94450815975966 0.1104803486370175
-2.5 -2.25 41 42 45.59585197731511 0.1052958985888096
-2.5 -2.25 42 43 44.25836261724169 0.1004025760957845
-2.5 -2.25 43 44 42.93741435411599 0.09578007716493103
-2.5 -2.25 44 45 41.63726618335042 0.09140984385297166
-2.5 -2.25 45 46 40.36024934687322 0.08758951881163272
-2.5 -2.25 46 47 39.11083283867205 0.08548068400031064
-2.5 -2.25 47 48 37.88994147424015 0.08521320501045794
-2.5 -2.25 48 49 36.69899019281567 0.086633985777818
-2.5 -2.25 49 50 35.53878763387459 0.09123747269586278
-2.25 -2 0 1 4044.553277214893 1.023190431569699
-2.25 -2 1 2 -2980.248517999733 0.8360247680794172
-2.25 -2 2 3 -5261.594415832019 1.640595463558649
-2.25 -2 3 4 -4022.845027952106 1.521732056254957
-2.25 -2 4 5 -2888.038140770599 1.343785219016965
-2.25 -2 5 6 -2066.689671605911 1.185783377467571
-2.25 -2 6 7 -1491.060218117964 1.052860883380603
-2.25 -2 7 8 -1085.680973961859 0.9411498076461582
-2.25 -2 8 9 -796.1227932152779 0.8466896898417203
-2.25 -2 9 10 -585.9526462625236 0.7656197307647435
-2.25 -2 10 11 -431.1277691600485 0.6957505198095304
-2.25 -2 11 12 -315.5408453199971 0.6349702601308669
-2.25 -2 12 13 -228.257857603822 0.5817154645325199
-2.25 -2 13 14 -161.717452645009 0.5347513229023774
-2.25 -2 14 15 -110.5971329172251 0.4930918867578024
-2.25 -2 15 16 -71.08706747795077 0.4559417421586118
-2.25 -2 16 17 -40.41770814953634 0.4226529851830316
-2.25 -2 17 18 -16.54717705865232 0.3926931413567675
-2.25 -2 18 19 2.049246291091094 0.365620974318708
-2.25 -2 19 20 16.52329566401772 0.3410680468469958
-2.25 -2 20 21 27.75404237532325 0.3187245172230672
-2.25 -2 21 22 36.41875663318478 0.2983280986932144
-2.25 -2 22 23 43.04365582976789 0.2796553926777814
-2.25 -2 23 24 48.04071635932939 0.2625150321284624
-2.25 -2 24 25 51.73469363796255 0.2467422119518163
-2.25 -2 25 26 54.38317230808514 0.2321942930706214
-2.25 -2 26 27 56.19159514748492 0.2187472433333028
-2.25 -2 27 28 57.3246335196875 0.2062927384621447
-2.25 -2 28 29 57.91486439902258 0.1947357836525219
-2.25 -2 29 30 58.06944495905771 0.183992751139226
-2.25 -2 30 31 57.87528499767086 0.1739897527999424
-2.25 -2 31 32 57.40308287849467 0.1646612814510972
-2.25 -2 32 33 56.71049485188632 0.1559490720218961
-2.25 -2 33 34 55.84463866429564 0.1478011427014282
-2.25 -2 34 35 54.84408225163941 0.1401709814413124
-2.25 -2 35 36 53.74043158361377 0.1330168570569921
-2.25 -2 36 37 52.5596045411458 0.1263012286325709
-2.25 -2 37 38 51.32285752004509 0.1199902414066089
-2.25 -2 38 39 50.04761621811838 0.1140532918801731
-2.25 -2 39 40 48.74815055043774 0.1084626533628934
-2.25 -2 40 41 47.4361250261386 0.1031931509124419
-2.25 -2 41 42 46.12104896541717 0.09822187957294332
-2.25 -2 42 43 44.81064605987802 0.093527958390327
-2.25 -2 43 44 43.51115856099136 0.08909231571563443
-2.25 -2 44 45 42.22759835468426 0.08489750077740731
-2.25 -2 45 46 40.96290740926602 0.08157592158147234
-2.25 -2 46 47 39.72220605258607 0.08149046164174292
-2.25 -2 47 48 38.50687106024992 0.08470431046014153
-2.25 -2 48 49 37.31874884824342 0.09060548548259637
-2.25 -2 49 50 36.15902336632962 0.0968484421496906
-2 -1.75 0 1 4549.437039422086 1.056002117130385
-2 -1.75 1 2 -2571.543818161049 2.63289617490743
-2 -1.75 2 3 -5317.826554870452 2.684268620206047
-2 -1.75 3 4 -4140.954999332447 2.203655675069002
-2 -1.75 4 5 -3005.2528378833 1.815498447179495
-2 -1.75 5 6 -2170.445992599465 1.524853547711166
-2 -1.75 6 7 -1579.910544609264 1.304057263814318
-2 -1.75 7 8 -1161.00535772185 1.13186537735945
-2 -1.75 8 9 -859.8846081257511 0.9945566052490973
-2 -1.75 9 10 -640.0391413656125 0.8825659345019329
-2 -1.75 10 11 -477.1706519578042 0.7895757326755577
-2 -1.75 11 12 -354.8985837834352 0.7112636013085603
-2 -1.75 12 13 -262.0444014079105 0.6444523897406914
-2 -1.75 13 14 -190.8421727346661 0.5868364275986453
-2 -1.75 14 15 -135.8028096246601 0.5366888501071312
-2 -1.75 15 16 -92.98228176782072 0.4926905346196407
-2 -1.75 16 17 -59.50324477601475 0.4538160806058485
-2 -1.75 17 18 -33.23712729430213 0.4192560107410033
-2 -1.75 18 19 -12.589251836112 0.3883625082096531
-2 -1.75 19 20 3.648819238703936 0.3606107936465193
-2 -1.75 20 21 16.402347598132 0.3355711189859958
-2 -1.75 21 22 26.38642346145468 0.312888114123183
-2 -1.75 22 23 34.15838975753559 0.2922653203649189
-2 -1.75 23 24 40.15596735649785 0.2734534466579592
-2 -1.75 24 25 44.72530836955559 0.2562413383124861
-2 -1.75 25 26 48.14186300655047 0.2404489528126056
-2 -1.75 26 27 50.62605718745272 0.2259218371475171
-2 -1.75 27 28 52.3551809558503 0.2125267452333637
-2 -1.75 28 29 53.47248123031272 0.2001481283678128
-2 -1.75 29 30 54.09417176073259 0.1886853010838579
-2 -1.75 30 31 54.31487743301966 0.178050136273129
-2 -1.75 31 32 54.21189167626738 0.1681651761113281
-2 -1.75 32 33 53.84852700603898 0.1589620746166143
-2 -1.75 33 34 53.27676757875571 0.150380304879811
-2 -1.75 34 35 52.53938081104144 0.1423660805078616
-2 -1.75 35 36 51.6716070893155 0.1348714502779643
-2 -1.75 36 37 50.70251837584044 0.1278535348618459
-2 -1.75 37 38 49.65611555266531 0.121273880129432
-2 -1.75 38 39 48.5522184751797 0.1150979064355602
-2 -1.75 39 40 47.40719070455413 0.1092944379981819
-2 -1.75 40 41 46.23453190354485 0.1038352993393752
-2 -1.75 41 42 45.04536359343786 0.09869496701145242
-2 -1.75 42 43 43.84882887537617 0.09385026895851444
-2 -1.75 43 44 42.65242228060873 0.08928012375916966
-2 -1.75 44 45 41.46226274316575 0.08496531314932576
-2 -1.75 45 46 40.28224380925545 0.08127668090372189
-2 -1.75 46 47 39.11840901428107 0.08101499181528143
-2 -1.75 47 48 37.97287998708703 0.08468797709619851
-2 -1.75 48 49 36.848191598737 0.09119157800997958
-2 -1.75 49 50 35.74613570341103 0.09805160934400613
-1.75 -1.5 0 1 5015.288304868011 0.9712322615933818
-1.75 -1.5 1 2 -2176.373039179178 0.8434004423702434
-1.75 -1.5 2 3 -5345.541809961821 1.752483265900816
-1.75 -1.5 3 4 -4214.384188032041 1.693753796873702
-1.75 -1.5 4 5 -3072.436478951603 1.509962387263102
-1.75 -1.5 5 6 -2224.761316589182 1.324802560991042
-1.75 -1.5 6 7 -1622.559590913712 1.162467196825411
-1.75 -1.5 7 8 -1194.321921393768 1.02567360149192
-1.75 -1.5 8 9 -885.9872548475109 0.9098734285838626
-1.75 -1.5 9 10 -660.575291931536 0.8126699087486192
-1.75 -1.5 10 11 -493.3906732131491 0.7307616802996967
-1.75 -1.5 11 12 -367.7520624849344 0.6604450174298256
-1.75 -1.5 12 13 -272.2499652961051 0.5998249163990576
-1.75 -1.5 13 14 -198.9502884916369 0.5471506572217566
-1.75 -1.5 14 15 -142.2392849099622 0.5010468452280465
-1.75 -1.5 15 16 -98.07961495811242 0.4604257419080444
-1.75 -1.5 16 17 -63.52332405113384 0.4244196336224401
-1.75 -1.5 17 18 -36.38782340590228 0.3923298706345426
-1.75 -1.5 18 19 -15.03668551482247 0.3635886985909946
-1.75 -1.5 19 20 1.771100908974176 0.337730612040499
-1.75 -1.5 20 21 14.98642866786167 0.3143707164023749
-1.75 -1.5 21 22 25.34471052704987 0.2931882577597424
-1.75 -1.5 22 23 33.41951289610938 0.2739139672252538
-1.75 -1.5 23 24 39.66158672533209 0.2563202521394434
-1.75 -1.5 24 25 44.42760626769621 0.2402135236182776
-1.75 -1.5 25 26 48.00155989000166 0.2254281443704363
-1.75 -1.5 26 27 50.61083183183405 0.2118216131845838
-1.75 -1.5 27 28 52.43840494324206 0.199270705511234
-1.75 -1.5 28 29 53.6321997510297 0.1876683556647053
-1.75 -1.5 29 30 54.31227876294747 0.1769211214750569
-1.75 -1.5 30 31 54.57644508014118 0.1669471079369115
-1.75 -1.5 31 32 54.5046230255009 0.1576742581584991
-1.75 -1.5 32 33 54.16230759682281 0.1490389354123729
-1.75 -1.5 33 34 53.60329680194587 0.1409847432997418
-1.75 -1.5 34 35 52.87186791252003 0.1334615366918211
-1.75 -1.5 35 36 52.00451975148184 0.1264245898333504
-1.75 -1.5 36 37 51.03137423217049 0.1198338923812161
-1.75 -1.5 37 38 49.97730888195986 0.1136535520928557
-1.75 -1.5 38 39 48.86287581620218 0.1078512851281732
-1.75 -1.5 39 40 47.70505031923517 0.1023979797712412
-1.75 -1.5 40 41 46.51784296225071 0.09726732087439995
-1.75 -1.5 41 42 45.31280170992227 0.09243546769614622
-1.75 -1.5 42 43 44.09942523706997 0.08788077254699385
-1.75 -1.5 43 44 42.88550410160076 0.0835835387350779
-1.75 -1.5 44 45 41.67740317438711 0.07952580862296851
-1.75 -1.5 45 46 40.47917913850762 0.07640178282007754
-1.75 -1.5 46 47 39.29712232440326 0.07680732890908901
-1.75 -1.5 47 48 38.13345187928832 0.08083004843201706
-1.75 -1.5 48 49 36.99081570166089 0.08781954389908596
-1.75 -1.5 49 50 35.87110467213151 0.09520313473308967
-1.5 -1.25 0 1 5456.374092978295 3.135954646681706
-1.5 -1.25 1 2 -1789.188413714878 3.768306863237547
-1.5 -1.25 2 3 -5368.886028610648 1.678862874693187
-1.5 -1.25 3 4 -4295.083372246378 1.61719072605543
-1.5 -1.25 4 5 -3154.8029454171 1.445213479741258
-1.5 -1.25 5 6 -2297.788866231225 1.276620831626834
-1.5 -1.25 6 7 -1684.889244596536 1.129505398889425
-1.5 -1.25 7 8 -1246.942973962098 1.004260274912137
-1.5 -1.25 8 9 -930.3692073741136 0.8982406867087394
-1.5 -1.25 9 10 -698.1675133699341 0.8088300486524803
-1.5 -1.25 10 11 -525.293200861382 0.7311340974762197
-1.5 -1.25 11 12 -394.9756325863432 0.6644756800610455
-1.5 -1.25 12 13 -295.5897379430953 0.6065082218368996
-1.5 -1.25 13 14 -219.0514286038037 0.5557438987845864
-1.5 -1.25 14 15 -159.6262805576682 0.5109990155914823
-1.5 -1.25 15 16 -113.1805800662105 0.4713257086900637
-1.5 -1.25 16 17 -76.68944619314948 0.4359588869222903
-1.5 -1.25 17 18 -47.90871105848282 0.4042757676122668
-1.5 -1.25 18 19 -25.15243092364926 0.3757651527062875
-1.5 -1.25 19 20 -7.139569067991715 0.3500040473195287
-1.5 -1.25 20 21 7.113298902315819 0.3266397608096758
-1.5 -1.25 21 22 18.36817147379338 0.3053761102333906
-1.5 -1.25 22 23 27.22045741781301 0.285962693092345
-1.5 -1.25 23 24 34.13894466608042 0.2681864830696228
-1.5 -1.25 24 25 39.49527447621983 0.2523528925371209
-1.5 -1.25 25 26 43.58591203907963 0.2395505322784219
-1.5 -1.25 26 27 46.64868797083034 0.2276304392187765
-1.5 -1.25 27 28 48.87536765262837 0.2165138146260887
-1.5 -1.25 28 29 50.42128424666851 0.2061304391726222
-1.5 -1.25 29 30 51.41277994782331 0.1964176023856016
-1.5 -1.25 30 31 51.95299656471889 0.1873191779074188
-1.5 -1.25 31 32 52.12641242544044 0.1787848202339619
-1.5 -1.25 32 33 52.00241963796589 0.1707692707273868
-1.5 -1.25 33 34 51.63816140218091 0.1632317555869273
-1.5 -1.25 34 35 51.08079484805035 0.1561354637259006
-1.5 -1.25 35 36 50.36930501500109 0.1494470925004784
-1.5 -1.25 36 37 49.53596597810338 0.1431364531972491
-1.5 -1.25 37 38 48.60752307114825 0.1371761255094601
-1.5 -1.25 38 39 47.60615345837135 0.1315411569215346
-1.5 -1.25 39 40 46.55024964118633 0.1262087984509673
-1.5 -1.25 40 41 45.4550609988662 0.1211582730779203
-1.5 -1.25 41 42 44.33322074776225 0.1163705723264472
-1.5 -1.25 42 43 43.19518031922752 0.1118282762436503
-1.5 -1.25 43 44 42.04956842639876 0.1075153952254405
-1.5 -1.25 44 45 40.9034887369765 0.1034172297231474
-1.5 -1.25 45 46 39.76162241381076 0.09986138187422273
-1.5 -1.25 46 47 38.63088155095346 0.09811184342842441
-1.5 -1.25 47 48 37.5139697562546 0.09834461286659041
-1.5 -1.25 48 49 36.41398947314789 0.1004623218140782
-1.5 -1.25 49 50 35.33322280252222 0.1032273106134986
-1.25 -1 0 1 5829.204550475522 1.600715183280666
-1.25 -1 1 2 -1479.800051530304 0.6738196573248659
-1.25 -1 2 3 -5406.087717253502 2.044523656738502
-1.25 -1 3 4 -4373.812505690883 1.956950460084463
-1.25 -1 4 5 -3229.045718885112 1.728410995602537
-1.25 -1 5 6 -2360.083409716667 1.513260676292361
-1.25 -1 6 7 -1735.550214423235 1.330945353055573
-1.25 -1 7 8 -1287.82792830995 1.179044716961332
-1.25 -1 8 9 -963.3701556844253 1.052282359173959
-1.25 -1 9 10 -724.8913760740375 0.9458203196392249
-1.25 -1 10 11 -547.0109083440279 0.8547696446889308
-1.25 -1 11 12 -412.685880380036 0.7767521950456366
-1.25 -1 12 13 -310.0730386340661 0.7091484661251678
-1.25 -1 13 14 -230.9204167511073 0.6500986779318823
-1.25 -1 14 15 -169.3648793418902 0.5981495734633897
-1.25 -1 15 16 -121.1737779872792 0.5521527810532272
-1.25 -1 16 17 -83.24572593622725 0.5111906164033271
-1.25 -1 17 18 -53.27695184615777 0.4745218381595868
-1.25 -1 18 19 -29.53471109655129 0.4415416920773836
-1.25 -1 19 20 -10.70093361235263 0.4117521810137982
-1.25 -1 20 21 4.237325995461333 0.3847396966409057
-1.25 -1 21 22 16.06576158592156 0.3601580034844107
-1.25 -1 22 23 25.39892329807162 0.3377151522528581
-1.25 -1 23 24 32.7211531687243 0.3171633137071218
-1.25 -1 24 25 38.41680047662101 0.2982908025034525
-1.25 -1 25 26 42.79276524742386 0.2809157645945156
-1.25 -1 26 27 46.09548602376606 0.2648811373767549
-1.25 -1 27 28 48.5238594015467 0.25005059447332
-1.25 -1 28 29 50.23914973932983 0.2363052587463246
-1.25 -1 29 30 51.37265042360661 0.2235410189118763
-1.25 -1 30 31 52.0316504414069 0.211666325150799
-1.25 -1 31 32 52.30411284361981 0.2006003665478168
-1.25 -1 32 33 52.26236645489519 0.1902715554578198
-1.25 -1 33 34 51.96603616378923 0.1806162614518148
-1.25 -1 34 35 51.46438163563829 0.1715777459871693
-1.25 -1 35 36 50.79817347328139 0.1631052643406212
-1.25 -1 36 37 50.00120549773845 0.1551533030697551
-1.25 -1 37 38 49.10151921919766 0.1476809302830863
-1.25 -1 38 39 48.12239941613518 0.1406512406092085
-1.25 -1 39 40 47.0831867499096 0.1340308776329324
-1.25 -1 40 41 45.99994358586912 0.1277896232552661
-1.25 -1 41 42 44.88600125894612 0.1219000417314636
-1.25 -1 42 43 43.75241149416092 0.1163371711976882
-1.25 -1 43 44 42.60831980462132 0.111078255007951
-1.25 -1 44 45 41.46127525526663 0.1061025069477386
-1.25 -1 45 46 40.31631499434684 0.1017650537160779
-1.25 -1 46 47 39.18073995560235 0.09946791999942528
-1.25 -1 47 48 38.05751198248626 0.09942800740702337
-1.25 -1 48 49 36.94998085540402 0.1015333401289778
-1.25 -1 49 50 35.86064484881479 0.1084034215971072
-1 -0.75 0 1 6153.883998663533 2.318328259027454
-1 -0.75 1 2 -1184.773069192072 2.095507678242909
-1 -0.75 2 3 -5407.121811153475 1.544131864368554
-1 -0.75 3 4 -4414.746294767747 1.505251695224932
-1 -0.75 4 5 -3270.832133880391 1.351835133508271
-1 -0.75 5 6 -2395.802948383382 1.202829800208731
-1 -0.75 6 7 -1764.758658604865 1.073941924435158
-1 -0.75 7 8 -1311.441843202947 0.964497073203209
-1 -0.75 8 9 -982.445386296155 0.8711100438247367
-1 -0.75 9 10 -740.3432411741123 0.790569043059988
-1 -0.75 10 11 -559.5815555337904 0.7213308582537313
-1 -0.75 11 12 -422.951458024866 0.660708267123841
-1 -0.75 12 13 -318.4864344949794 0.6074221514977053
-1 -0.75 13 14 -237.8372137243541 0.5602822438741517
-1 -0.75 14 15 -175.0659319905533 0.5183367792908048
-1 -0.75 15 16 -125.8824319884013 0.4808170576466037
-1 -0.75 16 17 -87.14080682203485 0.4470962018971699
-1 -0.75 17 18 -56.50256392494475 0.4166583345510085
-1 -0.75 18 19 -32.20766870874945 0.3890753305642836
-1 -0.75 19 20 -12.91643908485617 0.3639891099927787
-1 -0.75 20 21 2.401307964431453 0.3410980053917263
-1 -0.75 21 22 14.54510560228459 0.320146171914871
-1 -0.75 22 23 24.14068194589834 0.3009152744213793
-1 -0.75 23 24 31.68145707664121 0.283217911568809
-1 -0.75 24 25 37.55918974652991 0.2668923672523592
-1 -0.75 25 26 42.08685509044381 0.2517983914968135
-1 -0.75 26 27 45.51589336305267 0.2378137810837629
-1 -0.75 27 28 48.04933472996743 0.2248315922129743
-1 -0.75 28 29 49.85187150193337 0.2127578513226299
-1 -0.75 29 30 51.05764888525118 0.201509664677442
-1 -0.75 30 31 51.77633530488629 0.1910136480472792
-1 -0.75 31 32 52.09788443419598 0.1812046145500349
-1 -0.75 32 33 52.09629453841649 0.1720244729615238
-1 -0.75 33 34 51.83259375070372 0.1634212989194944
-1 -0.75 34 35 51.35722367000483 0.1553485462534498
-1 -0.75 35 36 50.71195230448416 0.1477643771770144
-1 -0.75 36 37 49.93141660419559 0.1406310880831194
-1 -0.75 37 38 49.04437189446389 0.1339146179735218
-1 -0.75 38 39 48.07470811856632 0.1275841246610037
-1 -0.75 39 40 47.04227960945417 0.1216116178904412
-1 -0.75 40 41 45.96358519380811 0.1159716418608959
-1 -0.75 41 42 44.85232738157589 0.1106409987164037
-1 -0.75 42 43 43.71987376637719 0.1055985067882758
-1 -0.75 43 44 42.57563879391091 0.1008247899875518
-1 -0.75 44 45 41.4274005648245 0.09630209200286464
-1 -0.75 45 46 40.28036650793007 0.09281136107486818
-1 -0.75 46 47 39.14204899575384 0.09327245594426764
-1 -0.75 47 48 38.01552640978971 0.0977948661258695
-1 -0.75 48 49 36.90426858096697 0.1056542429676359
-1 -0.75 49 50 35.81086873081659 0.1139692684334928
-0.75 -0.5 0 1 6409.063902991627 3.311555204246616
-0.75 -0.5 1 2 -955.5710398044403 2.814044928656251
-0.75 -0.5 2 3 -5414.438829556906 1.54903780343149
-0.75 -0.5 3 4 -4455.554196652839 1.520246369553321
-0.75 -0.5 4 5 -3312.952457831547 1.367578328640733
-0.75 -0.5 5 6 -2432.948528592472 1.216378077219022
-0.75 -0.5 6 7 -1796.203122577046 1.084634975108651
-0.75 -0.5 7 8 -1337.774684908027 0.972351779567679
-0.75 -0.5 8 9 -1004.484974744645 0.8939610139939137
-0.75 -0.5 9 10 -758.8465549317611 0.8243268790183581
-0.75 -0.5 10 11 -575.1922157753474 0.7616014406102197
-0.75 -0.5 11 12 -436.1858704733909 0.7047298209895109
-0.75 -0.5 12 13 -329.7619046768655 0.6534430590252038
-0.75 -0.5 13 14 -247.4893605701518 0.6071787515143365
-0.75 -0.5 14 15 -183.3656226529768 0.5653786125251298
-0.75 -0.5 15 16 -133.0494080646172 0.527527021399096
-0.75 -0.5 16 17 -93.35436380812735 0.4931633562286855
-0.75 -0.5 17 18 -61.9098498898602 0.4618828175873839
-0.75 -0.5 18 19 -36.93013072618078 0.4333324724015413
-0.75 -0.5 19 20 -17.05484909884035 0.4072056251036155
-0.75 -0.5 20 21 -1.237086935070465 0.3832359347790342
-0.75 -0.5 21 22 11.33631551607596 0.3611918929818378
-0.75 -0.5 22 23 21.30224449939237 0.3408718934438861
-0.75 -0.5 23 24 29.16330533988162 0.3220999437747595
-0.75 -0.5 24 25 35.3188554654256 0.3047219890047254
-0.75 -0.5 25 26 40.08818530964481 0.2886027835884064
-0.75 -0.5 26 27 43.72800657954497 0.2736232399324505
-0.75 -0.5 27 28 46.44576749305963 0.2596781843317726
-0.75 -0.5 28 29 48.40987734581256 0.2466744561865476
-0.75 -0.5 29 30 49.75761979806566 0.2345292974672103
-0.75 -0.5 30 31 50.60132229300541 0.2231689836410004
-0.75 -0.5 31 32 51.03319862300202 0.2125276589729125
-0.75 -0.5 32 33 51.12917403230324 0.2025463415125545
-0.75 -0.5 33 34 50.95192442101995 0.1931720715082305
-0.75 -0.5 34 35 50.55330435098034 0.184357180513346
-0.75 -0.5 35 36 49.97629670088787 0.1760586617707398
-0.75 -0.5 36 37 49.2565856565468 0.1682376270050969
-0.75 -0.5 37 38 48.42383150352532 0.1608588349677307
-0.75 -0.5 38 39 47.50270805431313 0.1538902836594087
-0.75 -0.5 39 40 46.51375016918144 0.1473028535494417
-0.75 -0.5 40 41 45.47404878264638 0.1410699974992091
-0.75 -0.5 41 42 44.39782266595716 0.1351674681232492
-0.75 -0.5 42 43 43.29689046020752 0.1295730795111922
-0.75 -0.5 43 44 42.18106145345712 0.1242664968339249
-0.75 -0.5 44 45 41.05846003817254 0.1192290513827635
-0.75 -0.5 45 46 39.93458103924695 0.1148182083802354
-0.75 -0.5 46 47 38.81723329746387 0.1124333039590962
-0.75 -0.5 47 48 37.7097149807222 0.112286794270602
-0.75 -0.5 48 49 36.61570478914018 0.1142768032594427
-0.75 -0.5 49 50 35.53797867393874 0.1170356084436683
-0.5 -0.25 0 1 6580.998690432826 3.430524182616406
-0.5 -0.25 1 2 -804.7951382939109 2.494303597013832
-0.5 -0.25 2 3 -5423.355449946195 1.526737814368622
-0.5 -0.25 3 4 -4486.128572275194 1.516738930640732
-0.5 -0.25 4 5 -3343.462116942656 1.412931103181544
-0.5 -0.25 5 6 -2459.326756215467 1.333105023919428
-0.5 -0.25 6 7 -1818.148713177333 1.229738111907102
-0.5 -0.25 7 8 -1355.841613312499 1.126714899712994
-0.5 -0.25 8 9 -1019.342260920224 1.031430780533681
-0.5 -0.25 9 10 -771.0954507326087 0.9457662954141114
-0.5 -0.25 10 11 -585.3281371367211 0.8687885021079488
-0.5 -0.25 11 12 -444.604513727731 0.8003477433420992
-0.5 -0.25 12 13 -336.7789229111995 0.739293587109532
-0.5 -0.25 13 14 -253.3563509545686 0.6846991127628987
-0.5 -0.25 14 15 -188.2840204274485 0.63573035024548
-0.5 -0.25 15 16 -137.1814272654401 0.5916599619141036
-0.5 -0.25 16 17 -96.83144472130857 0.5518624619916971
-0.5 -0.25 17 18 -64.8391483780224 0.5158030452925979
-0.5 -0.25 18 19 -39.39951219804038 0.483025077076313
-0.5 -0.25 19 20 -19.13675129474086 0.4531382696803286
-0.5 -0.25 20 21 -2.991527509723028 0.4258082478057394
-0.5 -0.25 21 22 9.859380492703622 0.4007476384419388
-0.5 -0.25 22 23 20.06105772825117 0.3777085876042498
-0.5 -0.25 23 24 28.12282673908055 0.3564765270762922
-0.5 -0.25 24 25 34.44957607496713 0.3368650002494139
-0.5 -0.25 25 26 39.36517187123195 0.3187113688778184
-0.5 -0.25 26 27 43.13012750786663 0.3018732483849159
-0.5 -0.25 27 28 45.95506245958404 0.2862255397687002
-0.5 -0.25 28 29 48.01104128758072 0.2716579517967715
-0.5 -0.25 29 30 49.43757864513952 0.2580729264483588
-0.5 -0.25 30 31 50.34888261752906 0.2453838943018985
-0.5 -0.25 31 32 50.8387571760029 0.2335138032141388
-0.5 -0.25 32 33 50.98447603104421 0.2223938727135393
-0.5 -0.25 33 34 50.84986169796116 0.2119625351450448
-0.5 -0.25 34 35 50.48774623301517 0.202164532691155
-0.5 -0.25 35 36 49.94194786656243 0.1929501449236751
-0.5 -0.25 36 37 49.24886631483588 0.1842745249557317
-0.5 -0.25 37 38 48.43877610293157 0.1760971277037488
-0.5 -0.25 38 39 47.53687942502006 0.1683812157765943
-0.5 -0.25 39 40 46.5641665623138 0.1610934309037813
-0.5 -0.25 40 41 45.53812171335045 0.1542034210190288
-0.5 -0.25 41 42 44.47330383930074 0.1476835157065338
-0.5 -0.25 42 43 43.38182634755299 0.1415084413364966
-0.5 -0.25 43 44 42.27375433280724 0.1356550723291425
-0.5 -0.25 44 45 41.15743451038378 0.1301022116516288
-0.5 -0.25 45 46 40.0385435555898 0.1251819709684804
-0.5 -0.25 46 47 38.92508147024068 0.1222084054841722
-0.5 -0.25 47 48 37.82048192115883 0.1213958047623559
-0.5 -0.25 48 49 36.7285519934197 0.1226763886528765
-0.5 -0.25 49 50 35.65218011385559 0.1247707471770599
-0.25 0 0 1 6669.03616459718 3.655630313905434
-0.25 0 1 2 -725.5212307135639 3.174852262018073
-0.25 0 2 3 -5425.052268595553 1.543921245477199
-0.25 0 3 4 -4498.516995247222 1.52533476783604
-0.25 0 4 5 -3355.707646655431 1.376070060794621
-0.25 0 5 6 -2469.551708335818 1.226216614790809
-0.25 0 6 7 -1826.302031451605 1.104673266222118
-0.25 0 7 8 -1362.245912848399 1.024381207591095
-0.25 0 8 9 -1024.345348517518 0.9461488519293904
-0.25 0 9 10 -774.9925128536729 0.8736456631080958
-0.25 0 10 11 -588.3562858953624 0.807042506996681
-0.25 0 11 12 -446.9458366255949 0.7469497464137592
-0.25 0 12 13 -338.5754941087835 0.6927172495350898
-0.25 0 13 14 -254.7189054301073 0.6437734692844006
-0.25 0 14 15 -189.2994223988032 0.5995407155644293
-0.25 0 15 16 -137.9182996529105 0.5594805698621345
-0.25 0 16 17 -97.34437417601225 0.5231094943756239
-0.25 0 17 18 -65.17183130576836 0.4900011426049278
-0.25 0 18 19 -39.58712388458684 0.4597829914361289
-0.25 0 19 20 -19.20774553654292 0.4321308541248879
-0.25 0 20 21 -2.969016533699914 0.4067629261816236
-0.25 0 21 22 9.956558047531189 0.3834340968520088
-0.25 0 22 23 20.21750293385162 0.3619308222017975
-0.25 0 23 24 28.3259239652765 0.3420666371352668
-0.25 0 24 25 34.68897243646927 0.3236782928814412
-0.25 0 25 26 39.63236164996022 0.3066224614503456
-0.25 0 26 27 43.41811839303102 0.2907729363334307
-0.25 0 27 28 46.25810605604318 0.2760182595908279
-0.25 0 28 29 48.32441447320718 0.2622597106886692
-0.25 0 29 30 49.75740541756716 0.2494095999702485
-0.25 0 30 31 50.67198837146418 0.2373898181159837
-0.25 0 31 32 51.16254909077304 0.2261306008642212
-0.25 0 32 33 51.3068445824988 0.2155694737024573
-0.25 0 33 34 51.1690993306371 0.2056503487121494
-0.25 0 34 35 50.80248002991073 0.1963227488860582
-0.25 0 35 36 50.25108367589962 0.1875411399767097
-0.25 0 36 37 49.55154228394434 0.1792643539959014
-0.25 0 37 38 48.73432396076799 0.1714550895832617
-0.25 0 38 39 47.82479216462218 0.1640794782657076
-0.25 0 39 40 46.84407141989209 0.1571067069957637
-0.25 0 40 41 45.80975754731924 0.1505086879381709
-0.25 0 41 42 44.73650216490046 0.1442597707730411
-0.25 0 42 43 43.6364954207483 0.138336488100896
-0.25 0 43 44 42.51986578078686 0.1327173340314361
-0.25 0 44 45 41.39501209114678 0.1273825668611577
-0.25 0 45 46 40.26764678612324 0.1226775420142441
-0.25 0 46 47 39.14581821792467 0.1199605463449063
-0.25 0 47 48 38.03298101334553 0.1194472536539988
-0.25 0 48 49 36.93296447457027 0.1210577818626373
-0.25 0 49 50 35.84867385613728 0.1234685626344813
0 0.25 0 1 6668.53959782684 3.655627069317486
0 0.25 1 2 -726.4488945981329 3.174827342319546
0 0.25 2 3 -5425.657285859871 1.543843020830353
0 0.25 3 4 -4498.69211946355 1.525270695623211
0 0.25 4 5 -3355.640554525896 1.376036258937788
0 0.25 5 6 -2469.386989754159 1.226214700617505
0 0.25 6 7 -1826.112013360901 1.104695374105356
0 0.25 7 8 -1362.062979606492 1.024417462001357
0 0.25 8 9 -1024.181557741444 0.946190709455462
0 0.25 9 10 -774.8503973194443 0.8736862740108093
0 0.25 10 11 -588.2350026976637 0.807082609340447
0 0.25 11 12 -446.8422418031701 0.7469865952381906
0 0.25 12 13 -338.4864579544073 0.6927503671027893
0 0.25 13 14 -254.6415949575487 0.643802849230064
0 0.25 14 15 -189.2314776544872 0.5995665887767317
0 0.25 15 16 -137.8578453637156 0.5595032688744346
0 0.25 16 17 -97.28996311090191 0.5231293784293607
0 0.25 17 18 -65.12236674891028 0.4900185595713049
0 0.25 18 19 -39.54178317206515 0.4597982601920138
0 0.25 19 20 -19.16591358637993 0.4321442584753113
0 0.25 20 21 -2.930231854045815 0.4067747140868035
0 0.25 21 22 9.992645361689938 0.3834444831691471
0 0.25 22 23 20.25116288752974 0.3619399918026278
0 0.25 23 24 28.35737000041922 0.3420747488826427
0 0.25 24 25 34.71837827317745 0.3236854832948645
0 0.25 25 26 39.65987321777675 0.3066288476924988
0 0.25 26 27 43.44386213253699 0.2907786192625919
0 0.25 27 28 46.28219459014758 0.2760233260364422
0 0.25 28 29 48.34695040454994 0.2622642357366775
0 0.25 29 30 49.7784838171217 0.2494136485349278
0 0.25 30 31 50.69169836793651 0.2373934465824352
0 0.25 31 32 51.18097485888006 0.2261338581156901
0 0.25 32 33 51.32406593694861 0.2155724024167458
0 0.25 33 34 51.18519207458405 0.2056529861295768
0 0.25 34 35 50.81751615403556 0.196325127522379
0 0.25 35 36 50.26513147542335 0.1875432883652281
0 0.25 36 37 49.56466643858607 0.1792662972052628
0 0.25 37 38 48.74658559945755 0.1714568496234677
0 0.25 38 39 47.83624893480675 0.1640810744987043
0 0.25 39 40 46.85477756764141 0.1571081565163387
0 0.25 40 41 45.81976401021763 0.1505100059324166
0 0.25 41 42 44.7458566805164 0.1442609705747894
0 0.25 42 43 43.64524264781812 0.1383375815785066
0 0.25 43 44 42.52804743050888 0.1327183317769448
0 0.25 44 45 41.40266706548994 0.1273834781205385
0 0.25 45 46 40.27481128339178 0.1226783871705075
0 0.25 46 47 39.15252598839868 0.1199613875215362
0 0.25 47 48 38.03926338718691 0.1194481517161999
0 0.25 48 49 36.93885056044019 0.1210587854771208
0 0.25 49 50 35.85419065083386 0.1234696752807963
0.25 0.5 0 1 6579.583100376251 3.43051636965105
0.25 0.5 1 2 -807.4348765455784 2.494235658012502
0.25 0.5 2 3 -5425.069834217134 1.526584854788707
0.25 0.5 3 4 -4486.619788871636 1.516630660283998
0.25 0.5 4 5 -3343.269580537427 1.412887566743617
0.25 0.5 5 6 -2458.861684619451 1.333115181694522
0.25 0.5 6 7 -1817.614913335126 1.229781913500194
0.25 0.5 7 8 -1355.329443897725 1.126778498226419
0.25 0.5 8 9 -1018.884781709603 1.031501073615486
0.25 0.5 9 10 -770.6990960273124 0.9458311004474093
0.25 0.5 10 11 -584.9901014355482 0.868853843634109
0.25 0.5 11 12 -444.3156504364611 0.8004079104419835
0.25 0.5 12 13 -336.5302832725081 0.7393479779010561
0.25 0.5 13 14 -253.1399223100755 0.6847477616866131
0.25 0.5 14 15 -188.093188290763 0.6357736122589994
0.25 0.5 15 16 -137.0109818535971 0.5916983284999516
0.25 0.5 16 17 -96.67740241975093 0.5518964598240592
0.25 0.5 17 18 -64.69852025354544 0.5158331836427328
0.25 0.5 18 19 -39.27008003443848 0.4830518240344738
0.25 0.5 19 20 -19.01687511626324 0.4531620433143158
0.25 0.5 20 21 -2.879990625482606 0.4258294157474299
0.25 0.5 21 22 9.963491049348022 0.4007665212248772
0.25 0.5 22 23 20.15844063607528 0.3777254634455595
0.25 0.5 23 24 28.21403164354547 0.3564916372244761
0.25 0.5 24 25 34.53505017123632 0.3368785537137582
0.25 0.5 25 26 39.44529247249659 0.3187235473995512
0.25 0.5 26 27 43.20522433734106 0.3018842098649173
0.25 0.5 27 28 46.02543255539433 0.2862354219036274
0.25 0.5 28 29 48.07695870548457 0.2716668749152247
0.25 0.5 29 30 49.49930056654682 0.2580809960603925
0.25 0.5 30 31 50.40665303562173 0.2453912027692866
0.25 0.5 31 32 50.89280899107086 0.2335204320596107
0.25 0.5 32 33 51.03503214026 0.2223998935857253
0.25 0.5 33 34 50.8971354816839 0.2119680114078422
0.25 0.5 34 35 50.53194170571442 0.2021695203006832
0.25 0.5 35 36 49.98325967007963 0.1929546935376319
0.25 0.5 36 37 49.28747966378955 0.1842786786077699
0.25 0.5 37 38 48.47486674668312 0.1761009254869814
0.25 0.5 38 39 47.57061366370812 0.1683846924884052
0.25 0.5 39 40 46.59570132905344 0.1610966175862821
0.25 0.5 40 41 45.56760472804905 0.1542063452599015
0.25 0.5 41 42 44.50087382687013 0.1476862021695822
0.25 0.5 42 43 43.40761331397476 0.1415109121390126
0.25 0.5 43 44 42.2978798869762 0.1356573472214708
0.25 0.5 44 45 41.1800122202597 0.1301043083625893
0.25 0.5 45 46 40.05967923624678 0.1251839371710493
0.25 0.5 46 47 38.94487383385314 0.1222104019730805
0.25 0.5 47 48 37.83902270233193 0.1213979939359519
0.25 0.5 48 49 36.74592648630505 0.1226789053804282
0.25 0.5 49 50 35.66846747730594 0.1247736042229087
0.5 0.75 0 1 6406.815267348926 3.311553941712114
0.5 0.75 1 2 -959.7494562321504 2.814018968880838
0.5 0.75 2 3 -5417.124607579175 1.548915975008082
0.5 0.75 3 4 -4456.292811394525 1.520125191915787
0.5 0.75 4 5 -3312.617389606782 1.36751180574561
0.5 0.75 5 6 -2432.196417446259 1.216368811718815
0.5 0.75 6 7 -1795.3544326023 1.084663132035635
0.5 0.75 7 8 -1336.968437975274 0.9724029160848741
0.5 0.75 8 9 -1003.769904280291 0.89400434355414
0.5 0.75 9 10 -758.2303726713549 0.8243875930746551
0.5 0.75 10 11 -574.6688319387476 0.7616520761759145
0.5 0.75 11 12 -435.7398880697046 0.7047759856135726
0.5 0.75 12 13 -329.3786804553811 0.6534844197965258
0.5 0.75 13 14 -247.1560094744812 0.6072154551957998
0.5 0.75 14 15 -183.0716334358942 0.5654110298490733
0.5 0.75 15 16 -132.7865806293751 0.5275556088139716
0.5 0.75 16 17 -93.11648242082447 0.4931885819501661
0.5 0.75 17 18 -61.69229089773648 0.4619051241767194
0.5 0.75 18 19 -36.72949344781182 0.433352259504054
0.5 0.75 19 20 -16.86864332482378 0.4072232436575833
0.5 0.75 20 21 -1.063483814281653 0.3832516874664558
0.5 0.75 21 22 11.4986742547851 0.36120603804578
0.5 0.75 22 23 21.45438834301467 0.3408846494681352
0.5 0.75 23 24 29.30603781351533 0.3221114950550703
0.5 0.75 24 25 35.45282705490933 0.3047324908937081
0.5 0.75 25 26 40.21394406439094 0.2886123668232355
0.5 0.75 26 27 43.84603242677861 0.2736320151058096
0.5 0.75 27 28 46.55649490422741 0.2596862448736098
0.5 0.75 28 29 48.51370983961101 0.2466818816232876
0.5 0.75 29 30 49.8549388441993 0.2345361556835356
0.5 0.75 30 31 50.69249246997754 0.2231753330728795
0.5 0.75 31 32 51.11857034477976 0.2125335498958327
0.5 0.75 32 33 51.20908476295165 0.2025518174881938
0.5 0.75 33 34 51.02669900478304 0.1931771707987765
0.5 0.75 34 35 50.62325487624173 0.184361936550345
0.5 0.75 35 36 50.04172216859013 0.1760631041624054
0.5 0.75 36 37 49.31777162119522 0.1682417817246001
0.5 0.75 37 38 48.48104978268589 0.1608627254793936
0.5 0.75 38 39 47.55621655690328 0.153893930692814
0.5 0.75 39 40 46.56379286152861 0.1473062759333303
0.5 0.75 40 41 45.52085579043671 0.1410732120451279
0.5 0.75 41 42 44.44161050303984 0.135170490099184
0.5 0.75 42 43 43.33786236517187 0.1295759228602299
0.5 0.75 43 44 42.21940781438025 0.1242691739568815
0.5 0.75 44 45 41.0943588874386 0.1192315739507829
0.5 0.75 45 46 39.96819847972205 0.1148206350034909
0.5 0.75 46 47 38.84872438298851 0.1124358682140501
0.5 0.75 47 48 37.73922397412377 0.1122897393187007
0.5 0.75 48 49 36.64336594252435 0.1142803353439704
0.5 0.75 49 50 35.56391667941011 0.1170397443769386
0.75 1 0 1 6150.857144456748 2.318254728756553
0.75 1 1 2 -1190.393206926708 2.095024650708022
0.75 1 2 3 -5410.726841315875 1.543508761928575
0.75 1 3 4 -4415.729841860821 1.505216129445957
0.75 1 4 5 -3270.37300822581 1.352266148854502
0.75 1 5 6 -2394.784676633976 1.203469856590405
0.75 1 6 7 -1763.61170845641 1.074615790711607
0.75 1 7 8 -1310.3528046361 0.965114864350927
0.75 1 8 9 -981.4796893982793 0.8716464411864457
0.75 1 9 10 -739.5111444688728 0.7910334250484292
0.75 1 10 11 -558.87489723608 0.7217063530150015
0.75 1 11 12 -422.3495224354597 0.6610152936991558
0.75 1 12 13 -317.9695161650425 0.6076715888906493
0.75 1 13 14 -237.3879554486336 0.5604840359239401
0.75 1 14 15 -174.6701537463102 0.5184995568814387
0.75 1 15 16 -125.529050564287 0.4809481140225338
0.75 1 16 17 -86.82140099574599 0.4472016022293953
0.75 1 17 18 -56.21085119849567 0.4167430689754806
0.75 1 18 19 -31.93901235763406 0.3891434723746508
0.75 1 19 20 -12.66743037504943 0.3640439635265339
0.75 1 20 21 2.633183203809494 0.341142238104101
0.75 1 21 22 14.76172268520281 0.3201819281068686
0.75 1 22 23 24.3434677157685 0.3009442720638281
0.75 1 23 24 31.87152827238754 0.2832415232484016
0.75 1 24 25 37.73745141697771 0.2669116871342707
0.75 1 25 26 42.25406914731241 0.2518142901567218
0.75 1 26 27 45.67272530269315 0.2378269500403322
0.75 1 27 28 48.1963847155115 0.2248425803119643
0.75 1 28 29 49.98969445203807 0.2127670935676682
0.75 1 29 30 51.18676699684329 0.2015175059219555
0.75 1 30 31 51.89724548897073 0.1910203614466339
0.75 1 31 32 52.21106242823635 0.1812104164011567
0.75 1 32 33 52.20219693002014 0.1720295348120063
0.75 1 33 34 51.93165875711497 0.1634257565713679
0.75 1 34 35 51.44987124226617 0.1553525079233793
0.75 1 35 36 50.7985839226526 0.1477679284715062
0.75 1 36 37 50.01241499667816 0.1406342972888365
0.75 1 37 38 49.12010081359881 0.1339175397805276
0.75 1 38 39 48.14551224718514 0.1275868025804141
0.75 1 39 40 47.10848462478077 0.1216140869739468
0.75 1 40 41 46.02549799540355 0.1159739305235648
0.75 1 41 42 44.91023646934678 0.1106431296721237
0.75 1 42 43 43.77404974917295 0.1056004988510556
0.75 1 43 44 42.62633500468667 0.100826658523881
0.75 1 44 45 41.47485375873015 0.09630384934247671
0.75 1 45 46 40.32479745141887 0.09281307729047375
0.75 1 46 47 39.1836636943072 0.09327440964710693
0.75 1 47 48 38.05451644287632 0.09779732241575358
0.75 1 48 49 36.9408121685974 0.1056573938658714
0.75 1 49 50 35.8451313455231 0.1139730916530336
1 1.25 0 1 5825.484660223791 1.600963372772752
1 1.25 1 2 -1486.7269735513 0.6762689619580387
1 1.25 2 3 -5410.568360600148 2.044885845136324
1 1.25 3 4 -4375.075091326526 1.9566323431043
1 1.25 4 5 -3228.515516711532 1.727793990317041
1 1.25 5 6 -2358.842107609193 1.512629897477115
1 1.25 6 7 -1734.132533770882 1.330410695741334
1 1.25 7 8 -1286.469979861782 1.178823325117106
1 1.25 8 9 -962.1595567246309 1.051763385529097
1 1.25 9 10 -723.8433644189904 0.9455698051553484
1 1.25 10 11 -546.1180631848893 0.8545912144660548
1 1.25 11 12 -411.9240004138742 0.7766210446349263
1 1.25 12 13 -309.4184114534405 0.7090538753981952
1 1.25 13 14 -230.3518067306875 0.6500325518793963
1 1.25 14 15 -168.8647308763818 0.5981056830314493
1 1.25 15 16 -120.7282297607328 0.5521262378241137
1 1.25 16 17 -82.84414323001329 0.511177528702203
1 1.25 17 18 -52.91132137735849 0.474519083638609
1 1.25 18 19 -29.19905569932598 0.4415467601460629
1 1.25 19 20 -10.39080894868971 0.4117630570090448
1 1.25 20 21 4.525237098908065 0.3847547716893256
1 1.25 21 22 16.33396273529138 0.3601760015031312
1 1.25 22 23 25.6493397445962 0.3377350698631745
1 1.25 23 24 32.95530404909277 0.3171843696984886
1 1.25 24 25 38.63592236213356 0.2983123960714211
1 1.25 25 26 42.99789907785669 0.2809374401018794
1 1.25 26 27 46.28753711643071 0.2649025553077425
1 1.25 27 28 48.70363804730084 0.2500715078400443
1 1.25 28 29 50.40739805139447 0.236325493210957
1 1.25 29 30 51.5300596418399 0.2235604570072736
1 1.25 30 31 52.17887174104601 0.2116848934151882
1 1.25 31 32 52.44176383435786 0.2006180249616881
1 1.25 32 33 52.39103490580158 0.1902882898000963
1 1.25 33 34 52.08628201794767 0.1806320760729911
1 1.25 34 35 51.57673803188351 0.1715926590263341
1 1.25 35 36 50.90314724969073 0.1631193038079475
1 1.25 36 37 50.09927748046226 0.1551665033593383
1 1.25 37 38 49.19314447850041 0.1476933300153277
1 1.25 38 39 48.20800759433223 0.1406628808065736
1 1.25 39 40 47.16318251095407 0.1340418002652692
1 1.25 40 41 46.07470720041346 0.127799870289673
1 1.25 41 42 44.95588932415092 0.1219096543497021
1 1.25 42 43 43.81775776900423 0.1163461892961068
1 1.25 43 44 42.6694361389018 0.1110867169052282
1 1.25 44 45 41.5184525897705 0.1061104489536345
1 1.25 45 46 40.36982414705386 0.1017726108763857
1 1.25 46 47 39.23083339824677 0.09947558472596402
1 1.25 47 48 38.1044241528237 0.09943626685857208
1 1.25 48 49 36.99392959062419 0.101542570528079
1 1.25 49 50 35.90183218896431 0.1084132407654149
1.25 1.5 0 1 5452.338908623089 3.136149968096464
1.25 1.5 1 2 -1796.660900172142 3.769143297158806
1.25 1.5 2 3 -5373.652502917232 1.680564432090306
1.25 1.5 3 4 -4296.368871052216 1.617631142517403
1.25 1.5 4 5 -3154.190672101961 1.444665758190383
1.25 1.5 5 6 -2296.447347983796 1.275562909676035
1.25 1.5 6 7 -1683.38215014034 1.12828758755296
1.25 1.5 7 8 -1245.512659868258 1.00343753275775
1.25 1.5 8 9 -929.099399130419 0.8969206693811616
1.25 1.5 9 10 -697.0775589469331 0.807826130190831
1.25 1.5 10 11 -524.3642361499838 0.7303890650916977
1.25 1.5 11 12 -394.1830978338853 0.663869331940163
1.25 1.5 12 13 -294.9077407517534 0.6060210925084822
1.25 1.5 13 14 -218.4572529253962 0.5553565184472717
1.25 1.5 14 15 -159.1014400192169 0.5106937271288692
1.25 1.5 15 16 -112.7106848874719 0.4710872580665175
1.25 1.5 16 17 -76.26361154275605 0.4357744465495639
1.25 1.5 17 18 -47.51885550397105 0.4041347221699201
1.25 1.5 18 19 -24.79261996155037 0.3756588061502326
1.25 1.5 19 20 -6.805461497126998 0.3499253245607217
1.25 1.5 20 21 7.424890813304501 0.3265829335290259
1.25 1.5 21 22 18.65961771067327 0.3053365581098432
1.25 1.5 22 23 27.49355888837135 0.285936701088877
1.25 1.5 23 24 34.39511284852517 0.2681710722754327
1.25 1.5 24 25 39.73565829369431 0.2523456944771869
1.25 1.5 25 26 43.81148547545536 0.2395496291762373
1.25 1.5 26 27 46.86030913608806 0.2276342333467057
1.25 1.5 27 28 49.0738175149811 0.2165210565510123
1.25 1.5 28 29 50.6072911795917 0.2061401548021732
1.25 1.5 29 30 51.58703460008826 0.196429035524178
1.25 1.5 30 31 52.11616029996901 0.1873317443335951
1.25 1.5 31 32 52.27912162844984 0.1787980709430041
1.25 1.5 32 33 52.14528748076822 0.1707828635844544
1.25 1.5 33 34 51.7717781566119 0.1632454320930366
1.25 1.5 34 35 51.20572746000266 0.156149030946472
1.25 1.5 35 36 50.48609640221235 0.1494604089004138
1.25 1.5 36 37 49.6451343303176 0.1431494170546677
1.25 1.5 37 38 48.70956131241911 0.1371886660135598
1.25 1.5 38 39 47.70152894726482 0.1315532272608227
1.25 1.5 39 40 46.63940413537523 0.1262203700985428
1.25 1.5 40 41 45.53841087628024 0.1211693315201409
1.25 1.5 41 42 44.41115745894552 0.1163811134073749
1.25 1.5 42 43 43.26807103732216 0.1118383038152287
1.25 1.5 43 44 42.11775685581989 0.107524918745134
1.25 1.5 44 45 40.96729604553099 0.1034262627695174
1.25 1.5 45 46 39.82134804954529 0.09987005680618548
1.25 1.5 46 47 38.68680482798663 0.09812071044428872
1.25 1.5 47 48 37.56635039136276 0.09835422539358314
1.25 1.5 48 49 36.46306900756366 0.1004731109745947
1.25 1.5 49 50 35.37922543477691 0.1032392669342858
1.5 1.75 0 1 5010.950442450974 0.9729421986917547
1.5 1.75 1 2 -2184.394649631906 0.8531684108783223
1.5 1.75 2 3 -5350.634127172511 1.756432675819668
1.5 1.75 3 4 -4215.725094186042 1.694465366487069
1.5 1.75 4 5 -3071.74140071649 1.508508625909261
1.5 1.75 5 6 -2223.291853256845 1.322468538127817
1.5 1.75 6 7 -1620.921516902416 1.160006588119288
1.5 1.75 7 8 -1192.761758431709 1.022780960630054
1.5 1.75 8 9 -884.6226908150998 0.9076784100706649
1.5 1.75 9 10 -659.4078652303824 0.8119923649140856
1.5 1.75 10 11 -492.3926688425126 0.7294625153952694
1.5 1.75 11 12 -366.9024344466757 0.6594020964072995
1.5 1.75 12 13 -271.5204024483696 0.5989944342897789
1.5 1.75 13 14 -198.3160519918845 0.5464934086399663
1.5 1.75 14 15 -141.6802750807381 0.5005294991210664
1.5 1.75 15 16 -97.5801896832229 0.4600207012237562
1.5 1.75 16 17 -63.07164172706985 0.424104379561818
1.5 1.75 17 18 -35.9750780360871 0.392086183077795
1.5 1.75 18 19 -14.65639581413461 0.363401911079385
1.5 1.75 19 20 2.123689132632308 0.3375889575306877
1.5 1.75 20 21 15.31481663931754 0.3142647756501136
1.5 1.75 21 22 25.6515083301374 0.293110503632376
1.5 1.75 22 23 33.70670767399417 0.2738583927346671
1.5 1.75 23 24 39.93073676222389 0.256282069375942
1.5 1.75 24 25 44.67997842173133 0.2401889210882746
1.5 1.75 25 26 48.23822486962445 0.2254140911396561
1.5 1.75 26 27 50.83272878167793 0.2118157025709452
1.5 1.75 27 28 52.64638413338366 0.1992710290358171
1.5 1.75 28 29 53.8270499474005 0.1876734027807387
1.5 1.75 29 30 54.494744105937 0.1769296986648565
1.5 1.75 30 31 54.74723495354112 0.166958274770078
1.5 1.75 31 32 54.66441737947594 0.157687275443381
1.5 1.75 32 33 54.31175944488365 0.1490532242967657
1.5 1.75 33 34 53.74303306099557 0.140999852494104
1.5 1.75 34 35 53.0024893680058 0.1334771162220923
1.5 1.75 35 36 52.12660064965974 0.1264403699376435
1.5 1.75 36 37 51.14546181025003 0.1198496671298457
1.5 1.75 37 38 50.08392301632807 0.1136691659092834
1.5 1.75 38 39 48.96250887885674 0.1078666220417983
1.5 1.75 39 40 47.79816727843598 0.1024129552884423
1.5 1.75 40 41 46.60488172470878 0.09728187506406778
1.5 1.75 41 42 45.39417368526415 0.09244955971303555
1.5 1.75 42 43 44.17551609113872 0.08789437658177199
1.5 1.75 43 44 42.95667466348283 0.08359664051207005
1.5 1.75 44 45 41.74399046031874 0.07953840276522249
1.5 1.75 45 46 40.54149724460993 0.07641396381539198
1.5 1.75 46 47 39.35546411915735 0.07681952444076633
1.5 1.75 47 48 38.18808959303942 0.08084267162857794
1.5 1.75 48 49 37.04200244044799 0.08783289228764282
1.5 1.75 49 50 35.91907529328546 0.09521717433836958
1.75 2 0 1 4545.077188214324 1.056233312033545
1.75 2 1 2 -2579.623571273113 2.633251927041647
1.75 2 2 3 -5323.003345541263 2.684354777368231
1.75 2 3 4 -4142.390263204211 2.20338542224761
1.75 2 4 5 -3004.635909488127 1.8150786412733
1.75 2 5 6 -2169.023517169029 1.524456606080583
1.75 2 6 7 -1578.289484334894 1.303741669674011
1.75 2 7 8 -1159.451463965365 1.131685480064748
1.75 2 8 9 -858.4981169367643 0.9943411529749296
1.75 2 9 10 -638.8398789161397 0.8824527689105923
1.75 2 10 11 -476.1448689854096 0.7895010650990029
1.75 2 11 12 -354.0206701022844 0.71121675060223
1.75 2 12 13 -261.2873627235738 0.6444266113134107
1.75 2 13 14 -190.1819421791474 0.586826839900616
1.75 2 14 15 -135.2195903331797 0.5366917635762773
1.75 2 15 16 -92.46052979110277 0.4927030488847335
1.75 2 16 17 -59.03110611465968 0.4538358557587115
1.75 2 17 18 -32.80572548214286 0.4192811366188556
1.75 2 18 19 -12.19200598329144 0.3883914234300064
1.75 2 19 20 4.016776126484729 0.3606422295388155
1.75 2 20 21 16.74463389695586 0.3356040555854115
1.75 2 21 22 26.70576576937754 0.3129217424349855
1.75 2 22 23 34.45688824171089 0.2922990094280626
1.75 2 23 24 40.43528819056928 0.2734867138020542
1.75 2 24 25 44.98682023638162 0.2562738236009774
1.75 2 25 26 48.38673188782127 0.2404803959269271
1.75 2 26 27 50.85531075357562 0.2259520582482432
1.75 2 27 28 52.56975125565179 0.2125556285325068
1.75 2 28 29 53.67323220058063 0.2001756080841503
1.75 2 29 30 54.28191634070345 0.1887113502896101
1.75 2 30 31 54.49038773450218 0.1780747575035455
1.75 2 31 32 54.37590465340992 0.1681883937868989
1.75 2 32 33 54.00174732244244 0.158983928961723
1.75 2 33 34 53.41986883047758 0.1504008473073434
1.75 2 34 35 52.67300587615387 0.1423853695224131
1.75 2 35 36 51.79636809610264 0.1348895487984008
1.75 2 36 37 50.81899659716163 0.1278705079853528
1.75 2 37 38 49.76486140060535 0.121289793335481
1.75 2 38 39 48.65375168377989 0.1151128243290815
1.75 2 39 40 47.50200073521148 0.1093084235628866
1.75 2 40 41 46.3230785700448 0.1038484129737249
1.75 2 41 42 45.12807788600884 0.09870726660098054
1.75 2 42 43 43.92611395245922 0.09386180923758482
1.75 2 43 44 42.72465459255341 0.0892909562857065
1.75 2 44 45 41.5297932529549 0.08497548639323227
1.75 2 45 46 40.34539900545096 0.08128636552787748
1.75 2 46 47 39.17749293603637 0.08102463778293545
1.75 2 47 48 38.02817478093769 0.0846979619799841
1.75 2 48 49 36.89995922619497 0.09120222237514282
1.75 2 49 50 35.79461893221188 0.09806290985595952
2 2.25 0 1 4040.133421919234 1.023130000077856
2 2.25 1 2 -2988.404362998275 0.8354552035070931
2 2.25 2 3 -5266.740396187881 1.640200748077002
2 2.25 3 4 -4024.162786586255 1.521566328681083
2 2.25 4 5 -2887.287614191101 1.343911265548031
2 2.25 5 6 -2065.156799439481 1.186090915751522
2 2.25 6 7 -1489.360611241108 1.053319881396835
2 2.25 7 8 -1084.077358333665 0.9414397778164519
2 2.25 8 9 -794.7064382326571 0.8470308764473066
2 2.25 9 10 -584.7389824699594 0.7659209203443618
2 2.25 10 11 -430.0979334250703 0.6960076599894688
2 2.25 11 12 -314.6660361789047 0.6351869364312704
2 2.25 12 13 -227.5088983858109 0.5818968503952775
2 2.25 13 14 -161.0687703521469 0.5349027942863489
2 2.25 14 15 -110.0278646631634 0.4932184187814378
2 2.25 15 16 -70.58089101833275 0.4560476876754174
2 2.25 16 17 -39.96218473299859 0.4227420343345952
2 2.25 17 18 -16.13298145455451 0.3927683622509628
2 2.25 18 19 2.429043470622446 0.3656848864863036
2 2.25 19 20 16.87383272274724 0.3411227022369211
2 2.25 20 21 28.0791476263995 0.3187715783469784
2 2.25 21 22 36.72131682253519 0.2983689081782345
2 2.25 22 23 43.32589048767932 0.279691033340042
2 2.25 23 24 48.30437755399021 0.2625463771501069
2 2.25 24 25 51.98120858718653 0.2467699662504672
2 2.25 25 26 54.61374333608921 0.2322190266990541
2 2.25 26 27 56.40726846115126 0.2187694190501174
2 2.25 27 28 57.52634561216155 0.2063127328467358
2 2.25 28 29 58.10347268432906 0.194753904905419
2 2.25 29 30 58.24574749616056 0.1840092526449253
2 2.25 30 31 58.04003281882189 0.1740048440296364
2 2.25 31 32 57.5569874257759 0.1646751366595034
2 2.25 32 33 56.85423227571272 0.1559618371104688
2 2.25 33 34 55.97885219326923 0.1478129404830359
2 2.25 34 35 54.96938344584765 0.1401819163282211
2 2.25 35 36 53.85740100891246 0.13302701794611
2 2.25 36 37 52.66879220181357 0.126310692125391
2 2.25 37 38 51.42478325622835 0.1199990736419405
2 2.25 38 39 50.14277018244081 0.1140615505686218
2 2.25 39 40 48.83699381744833 0.1084703890064224
2 2.25 40 41 47.5190903512422 0.1032004079318822
2 2.25 41 42 46.19854168873337 0.09822869721782555
2 2.25 42 43 44.8830451335734 0.09353437178346186
2 2.25 43 44 43.57881767654948 0.08909835601657942
2 2.25 44 45 42.29084714254293 0.0849031960951136
2 2.25 45 46 41.02205243593235 0.08158138717446146
2 2.25 46 47 39.77753272308382 0.08149612905472983
2 2.25 47 48 38.5586441900673 0.08471058862997105
2 2.25 48 49 37.36721427688741 0.09061267039167416
2 2.25 49 50 36.20440888468224 0.09685650729293441
2.25 2.5 0 1 3508.920314376272 1.715509335202095
2.25 2.5 1 2 -3399.062396548946 0.9452068939304548
2.25 2.5 2 3 -5179.837668465828 1.681090533831046
2.25 2.5 3 4 -3884.921718815777 1.550591141683461
2.25 2.5 4 5 -2760.710358556304 1.368827525489967
2.25 2.5 5 6 -1960.388571794032 1.23572994447234
2.25 2.5 6 7 -1404.677381503564 1.109314745372323
2.25 2.5 7 8 -1015.890026607395 0.9971434130296439
2.25 2.5 8 9 -739.6421391651456 0.8989280932606337
2.25 2.5 9 10 -540.044278379843 0.8138675815863619
2.25 2.5 10 11 -393.6231896470752 0.7397508289151277
2.25 2.5 11 12 -284.7479911209032 0.6749798977283386
2.25 2.5 12 13 -202.859388620323 0.6180997886458431
2.25 2.5 13 14 -140.6839458118279 0.5678945631457358
2.25 2.5 14 15 -93.11917087056713 0.5233591563046929
2.25 2.5 15 16 -56.52366426274966 0.4836646547420034
2.25 2.5 16 17 -28.25750860580843 0.4481260568277579
2.25 2.5 17 18 -6.379276343247966 0.4161749755820728
2.25 2.5 18 19 10.55733587442683 0.3873373884333933
2.25 2.5 19 20 23.64238268540817 0.3612157938937216
2.25 2.5 20 21 33.70606166945822 0.3374749861056247
2.25 2.5 21 22 41.38663895569698 0.3158307234177268
2.25 2.5 22 23 47.17899174117929 0.2960406804159618
2.25 2.5 23 24 51.46975104552018 0.2778971977279358
2.25 2.5 24 25 54.5630495357849 0.2612214436650721
2.25 2.5 25 26 56.69959496107629 0.2458586898902744
2.25 2.5 26 27 58.07094373904101 0.2316744668299405
2.25 2.5 27 28 58.83028325840553 0.2185514193559246
2.25 2.5 28 29 59.10064785435702 0.2063867199332988
2.25 2.5 29 30 58.98122964585247 0.1950899308836871
2.25 2.5 30 31 58.55226219609125 0.1845812273765632
2.25 2.5 31 32 57.87882586182542 0.1747899137784722
2.25 2.5 32 33 57.01383192966148 0.1656531790110143
2.25 2.5 33 34 56.00037670589683 0.1571150472960271
2.25 2.5 34 35 54.87360886104807 0.1491254902053384
2.25 2.5 35 36 53.66221830599011 0.1416396721777766
2.25 2.5 36 37 52.38962897327508 0.1346173061264878
2.25 2.5 37 38 51.07495867584328 0.128022102017335
2.25 2.5 38 39 49.73379472366463 0.121821292649742
2.25 2.5 39 40 48.37882305356095 0.1159852246176123
2.25 2.5 40 41 47.02034046000927 0.1104870041069283
2.25 2.5 41 42 45.66667291985436 0.1053021899608352
2.25 2.5 42 43 44.32451838706876 0.1004085255505131
2.25 2.5 43 44 42.99922845360868 0.09578570537022062
2.25 2.5 44 45 41.69504039466585 0.09141517021557249
2.25 2.5 45 46 40.41426462518518 0.08759465815769461
2.25 2.5 46 47 39.16135072037122 0.08548610008965073
2.25 2.5 47 48 37.93720481803783 0.08521937216068838
2.25 2.5 48 49 36.74322452435842 0.08664129312920639
2.25 2.5 49 50 35.5802019595763 0.09124569456005843
2.5 2.75 0 1 2920.814684675182 2.196410846115201
2.5 2.75 1 2 -3852.331652265863 1.094055647376377
2.5 2.75 2 3 -5096.909741962922 2.793752157273265
2.5 2.75 3 4 -3740.822706091677 2.675731640259279
2.5 2.75 4 5 -2624.627913998331 2.349015463413201
2.5 2.75 5 6 -1843.827290023774 2.040982090147454
2.5 2.75 6 7 -1307.410535496043 1.780701138879452
2.5 2.75 7 8 -935.1934638287594 1.565101927537981
2.5 2.75 8 9 -672.5985194598684 1.385788405069622
2.5 2.75 9 10 -484.1114986608909 1.235862779321089
2.5 2.75 10 11 -346.7250157834146 1.109105652887316
2.5 2.75 11 12 -245.2208611237934 1.000976425377527
2.5 2.75 12 13 -169.3777966583314 0.9079250895711096
2.5 2.75 13 14 -112.1900584592424 0.8272030865250618
2.5 2.75 14 15 -68.7648584031374 0.7566641334274407
2.5 2.75 15 16 -35.62488777248245 0.694615382377279
2.5 2.75 16 17 -10.25904899583065 0.6397078083222442
2.5 2.75 17 18 9.172407091585455 0.5908555403123471
2.5 2.75 18 19 24.03501795373472 0.5471761596756738
2.5 2.75 19 20 35.35425655230085 0.507946141675192
2.5 2.75 20 21 43.90833828061909 0.4725672786835354
2.5 2.75 21 22 50.2934207714701 0.4405411275897259
2.5 2.75 22 23 54.9700629563647 0.4114493714385651
2.5 2.75 23 24 58.29676533149757 0.3849385836860377
2.5 2.75 24 25 60.55447688147319 0.3607082995892945
2.5 2.75 25 26 61.96470102406579 0.338501597359838
2.5 2.75 26 27 62.70300977704687 0.3180975991026596
2.5 2.75 27 28 62.9092260659769 0.2993054552088149
2.5 2.75 28 29 62.69516269676967 0.2819594829547968
2.5 2.75 29 30 62.15055171589023 0.2659152115927545
2.5 2.75 30 31 61.34762126613413 0.2510461435381096
2.5 2.75 31 32 60.34465287373388 0.2372410861368504
2.5 2.75 32 33 59.18876400538437 0.2244019408925156
2.5 2.75 33 34 57.91809757056399 0.2124418617172388
2.5 2.75 34 35 56.56355427593263 0.2012837124762905
2.5 2.75 35 36 55.15017031166042 0.1908587694499461
2.5 2.75 36 37 53.69821817593174 0.1811056244145613
2.5 2.75 37 38 52.22409018879318 0.1719692532399517
2.5 2.75 38 39 50.74101049148408 0.1634002220439625
2.5 2.75 39 40 49.25961098195575 0.1553540078855354
2.5 2.75 40 41 47.78839890929672 0.1477904146626287
2.5 2.75 41 42 46.33413763485223 0.1406730704366621
2.5 2.75 42 43 44.9021577053465 0.1339689918141227
2.5 2.75 43 44 43.49661165522537 0.1276482059764491
2.5 2.75 44 45 42.1206832417956 0.1216834224830635
2.5 2.75 45 46 40.77579671955195 0.1162654710159988
2.5 2.75 46 47 39.46550308324569 0.1121851287775318
2.5 2.75 47 48 38.19002763432917 0.1095517495864604
2.5 2.75 48 49 36.9501293447272 0.1083070658018034
2.5 2.75 49 50 35.74603283300891 0.1076595179980485
2.75 3 0 1 2275.28703040903 1.615711462621386
2.75 3 1 2 -4298.045331192448 4.611234465210257
2.75 3 2 3 -4959.334512774925 6.068546152387377
2.75 3 3 4 -3545.812688704514 5.16232020014637
2.75 3 4 5 -2447.058746191507 4.283504816048322
2.75 3 5 6 -1694.744656827136 3.587874391483882
2.75 3 6 7 -1184.889126983493 3.046443820880575
2.75 3 7 8 -834.8690237852743 2.620218586900743
2.75 3 8 9 -590.2336138615801 2.278840895027614
2.75 3 9 10 -416.160351322904 2.001173872174049
2.75 3 10 11 -290.3559603734207 1.771832956464383
2.75 3 11 12 -198.2048198763111 1.579947110700544
2.75 3 12 13 -129.9631527609813 1.417547186667162
2.75 3 13 14 -78.99515251217508 1.278708872808369
2.75 3 14 15 -40.69306826828483 1.15895242004218
2.75 3 15 16 -11.79959948784585 1.05483662200497
2.75 3 16 17 10.02562953717029 0.9636797242307867
2.75 3 17 18 26.48897291019739 0.8833642877515516
2.75 3 18 19 38.85095418510275 0.8121984494089169
2.75 3 19 20 48.05374716872791 0.7488156961902884
2.75 3 20 21 54.8090040509876 0.6921013744989218
2.75 3 21 22 59.65931719516095 0.6411380514094196
2.75 3 22 23 63.02185258359418 0.5951643676822841
2.75 3 23 24 65.2197381303597 0.5535436812065998
2.75 3 24 25 66.50491902287104 0.5157399076616268
2.75 3 25 26 67.07498640863832 0.4812987158630798
2.75 3 26 27 67.08569644095945 0.4498327524890205
2.75 3 27 28 66.66037176004016 0.4210099297421659
2.75 3 28 29 65.89702362689235 0.3945440654302957
2.75 3 29 30 64.8737908682188 0.3701873453287217
2.75 3 30 31 63.65312446266034 0.3477242093548556
2.75 3 31 32 62.2850292663386 0.3269663596858203
2.75 3 32 33 60.80959134617177 0.3077486591848919
2.75 3 33 34 59.25896000689187 0.2899257412002431
2.75 3 34 35 57.6589106741211 0.2733691920007503
2.75 3 35 36 56.0300835183865 0.2579651967038708
2.75 3 36 37 54.38896968328629 0.2436125627149378
2.75 3 37 38 52.74869997113223 0.2302210523526322
2.75 3 38 39 51.11967807066407 0.2177099702568847
2.75 3 39 40 49.5100908178932 0.2060069609818501
2.75 3 40 41 47.92632083370833 0.1950469824307564
2.75 3 41 42 46.37328115518923 0.1847714249669136
2.75 3 42 43 44.85468744760874 0.1751273536614011
2.75 3 43 44 43.37327998003971 0.1660668538511724
2.75 3 44 45 41.93100504403282 0.1575464638928045
2.75 3 45 46 40.52825028722111 0.1496777405562303
2.75 3 46 47 39.16751022523334 0.1429995374139293
2.75 3 47 48 37.84821946701186 0.1375878170919327
2.75 3 48 49 36.57039584419721 0.1334139483953649
2.75 3 49 50 35.33360425124528 0.1299202867333007
3 3.25 0 1 1576.745038019941 1.182477621907596
3 3.25 1 2 -4665.150331197798 9.671315524291787
3 3.25 2 3 -4716.338418489455 9.908313473070535
3 3.25 3 4 -3269.764164362272 8.018613658845963
3 3.25 4 5 -2210.343483414197 6.489481122467776
3 3.25 5 6 -1502.779454518231 5.347555934793995
3 3.25 6 7 -1031.121837375181 4.48592094439011
3 3.25 7 8 -711.615180566273 3.821180216621429
3 3.25 8 9 -490.9422632203325 3.29674907194104
3 3.25 9 10 -335.6744668706767 2.875012988115159
3 3.25 10 11 -224.7065581861532 2.530001713676641
3 3.25 11 12 -144.3502415347505 2.243647949062918
3 3.25 12 13 -85.56232938464564 2.002979256379816
3 3.25 13 14 -42.23268297603909 1.798489881421363
3 3.25 14 15 -10.14888399415804 1.623075508471975
3 3.25 15 16 13.64706667325368 1.471331950906819
3 3.25 16 17 31.26700662423184 1.339082828578169
3 3.25 17 18 44.24118020078413 1.223054603227242
3 3.25 18 19 53.69315462175894 1.120648549498698
3 3.25 19 20 60.45765094706337 1.029777830941478
3 3.25 20 21 65.16130770548341 0.9487491566578015
3 3.25 21 22 68.27892655454912 0.8761755149725808
3 3.25 22 23 70.17321908934821 0.8109109298127753
3 3.25 23 24 71.12327241890364 0.7520010619199353
3 3.25 24 25 71.34518671274645 0.6986453695546161
3 3.25 25 26 71.0072063610578 0.6501678122993504
3 3.25 26 27 70.24092892967269 0.605993943228524
3 3.25 27 28 69.14968762493027 0.5656328319513251
3 3.25 28 29 67.81487494395532 0.5286626777272279
3 3.25 29 30 66.30075158903225 0.4947192685516119
3 3.25 30 31 64.65813068048777 0.4634866543456824
3 3.25 31 32 62.92721963732021 0.4346895575541791
3 3.25 32 33 61.13982615113588 0.4080871572215974
3 3.25 33 34 59.32108052268256 0.3834679670828673
3 3.25 34 35 57.49078761568762 0.3606455908442661
3 3.25 35 36 55.6644933230433 0.3394551858242257
3 3.25 36 37 53.85432964294591 0.3197505010024054
3 3.25 37 38 52.06968713044444 0.3014013852538027
3 3.25 38 39 50.31775201685198 0.2842916807159397
3 3.25 39 40 48.60393669646064 0.2683174346772078
3 3.25 40 41 46.93222589762698 0.2533853751270708
3 3.25 41 42 45.30545574725204 0.2394116067648181
3 3.25 42 43 43.72553936355501 0.2263204903970583
3 3.25 43 44 42.19364960027778 0.2140436777569883
3 3.25 44 45 40.71036734652148 0.2025192763462842
3 3.25 45 46 39.27495533053255 0.1917960090863583
3 3.25 46 47 37.8887282936623 0.1822231603779833
3 3.25 47 48 36.55027797112584 0.1738346827823377
3 3.25 48 49 35.25882526127444 0.1665991425449442
3 3.25 49 50 34.01322784346669 0.1601179447265051
3.25 3.5 0 1 854.8308765021397 0.4285722410955596
3.25 3.5 1 2 -4838.6195256214 19.16911157583969
3.25 3.5 2 3 -4303.321495623284 15.03176941668885
3.25 3.5 3 4 -2877.628067904599 11.30436143468674
3.25 3.5 4 5 -1895.636092031035 8.792506710994898
3.25 3.5 5 6 -1258.225192056462 7.052346430895021
3.25 3.5 6 7 -841.7033330613667 5.795388493823644
3.25 3.5 7 8 -564.1689764565172 4.85408021398825
3.25 3.5 8 9 -375.3475551061033 4.127916056962302
3.25 3.5 9 10 -244.4094358449408 3.554166786664
3.25 3.5 10 11 -152.2004565712953 3.091671383542961
3.25 3.5 11 12 -86.45690033926485 2.712614774897343
3.25 3.5 12 13 -39.16496369357333 2.397534387747419
3.25 3.5 13 14 -4.962282751900148 2.132450766914224
3.25 3.5 14 15 19.8153264428513 1.907087077839538
3.25 3.5 15 16 37.71945316686163 1.713734343805686
3.25 3.5 16 17 50.55717408152657 1.546506569604038
3.25 3.5 17 18 59.62760692492441 1.400838884130265
3.25 3.5 18 19 65.87714659864719 1.273141507259671
3.25 3.5 19 20 70.00333142323234 1.160556189021926
3.25 3.5 20 21 72.52558684674318 1.060781579625971
3.25 3.5 21 22 73.83419954172189 0.9719459225483154
3.25 3.5 22 23 74.22472790757809 0.89251284008653
3.25 3.5 23 24 73.92250927944457 0.8212106496623917
3.25 3.5 24 25 73.1003310831785 0.7569786685060121
3.25 3.5 25 26 71.89131747683501 0.6989259551893729
3.25 3.5 26 27 70.39842454592872 0.6462992727478152
3.25 3.5 27 28 68.70150311448185 0.5984579702000038
3.25 3.5 28 29 66.86259810959962 0.5548541113416022
3.25 3.5 29 30 64.92995652238227 0.5150166233376362
3.25 3.5 30 31 62.94108092959834 0.4785385538188454
3.25 3.5 31 32 60.92507150459943 0.4450667528910009
3.25 3.5 32 33 58.90443338066771 0.4142934617974083
3.25 3.5 33 34 56.89647929552635 0.3859494128832591
3.25 3.5 34 35 54.91442376057338 0.3597981353754867
3.25 3.5 35 36 52.96824060509434 0.3356312300613427
3.25 3.5 36 37 51.06533792167573 0.3132644275035579
3.25 3.5 37 38 49.21109134656032 0.2925342832749497
3.25 3.5 38 39 47.40926684967954 0.2732953945991897
3.25 3.5 39 40 45.66235692308661 0.2554180452838548
3.25 3.5 40 41 43.97184866643417 0.2387862051675198
3.25 3.5 41 42 42.33843797485662 0.2232958234817155
3.25 3.5 42 43 40.7622010249687 0.2088533676067573
3.25 3.5 43 44 39.24273176032875 0.1953745676374639
3.25 3.5 44 45 37.77925220945538 0.182783333405701
3.25 3.5 45 46 36.36994780425162 0.1711114827276103
3.25 3.5 46 47 35.01492840750061 0.160687365822841
3.25 3.5 47 48 33.71201083502608 0.151546330654596
3.25 3.5 48 49 32.45966576599864 0.1436623829952005
3.25 3.5 49 50 31.25609438166109 0.136649942053782
3.5 3.75 0 1 187.8365389511841 1.606939035526853
3.5 3.75 1 2 -4649.24072623879 25.00924577516852
3.5 3.75 2 3 -3654.550289965951 16.25948739646249
3.5 3.75 3 4 -2344.184325820483 11.41956965031559
3.5 3.75 4 5 -1495.660365321422 8.528753116948645
3.5 3.75 5 6 -962.0723601151792 6.644884078051486
3.5 3.75 6 7 -621.4333613122913 5.336440551173801
3.5 3.75 7 8 -398.9807065924608 4.383967621348746
3.5 3.75 8 9 -250.4734534314546 3.665258337344268
3.5 3.75 9 10 -149.4188915426591 3.107586930774743
3.5 3.75 10 11 -79.65006124682918 2.664923831553105
3.5 3.75 11 12 -30.96768851127126 2.306974235681702
3.5 3.75 12 13 3.207725066226885 2.012996647723123
3.5 3.75 13 14 27.22785505053389 1.768357653826111
3.5 3.75 14 15 44.03413821753861 1.562462313275588
3.5 3.75 15 16 55.65366849900761 1.387467332936358
3.5 3.75 16 17 63.50752043996624 1.237453497500614
3.5 3.75 17 18 68.60699444759348 1.107877692985289
3.5 3.75 18 19 71.68127818416121 0.995200694142079
3.5 3.75 19 20 73.26217324551283 0.8966285946069764
3.5 3.75 20 21 73.74136349876738 0.8099295634602567
3.5 3.75 21 22 73.40977162755235 0.7333016482018282
3.5 3.75 22 23 72.48501666947465 0.6652758624981159
3.5 3.75 23 24 71.13083380349974 0.6046441038199525
3.5 3.75 24 25 69.47098108001029 0.5504048285440083
3.5 3.75 25 26 67.59931137537029 0.5017216151683228
3.5 3.75 26 27 65.58714250058256 0.4578912081477784
3.5 3.75 27 28 63.48870104129747 0.4183186227058704
3.5 3.75 28 29 61.34517792843695 0.3824975682498689
3.5 3.75 29 30 59.18777335726591 0.3499949209719848
3.5 3.75 30 31 57.03999919144206 0.3204383091635823
3.5 3.75 31 32 54.9194311590937 0.293506112655443
3.5 3.75 32 33 52.83905011514332 0.2689193521718983
3.5 3.75 33 34 50.80827416075388 0.2464350677196425
3.5 3.75 34 35 48.83375662393135 0.2258408816431224
3.5 3.75 35 36 46.92000560273181 0.2069505086235036
3.5 3.75 36 37 45.06986673058739 0.1896000296115383
3.5 3.75 37 38 43.28490056269081 0.1736447849853481
3.5 3.75 38 39 41.56567835823122 0.1589567738176735
3.5 3.75 39 40 39.91201437994351 0.1454224690348488
3.5 3.75 40 41 38.3231486651901 0.1329409771661543
3.5 3.75 41 42 36.79789091568068 0.1214224856629623
3.5 3.75 42 43 35.33473384680525 0.1107869528179868
3.5 3.75 43 44 33.93194245019446 0.1009630040881471
3.5 3.75 44 45 32.5876241859889 0.0918870072785566
3.5 3.75 45 46 31.29915966743985 0.08366396530348504
3.5 3.75 46 47 30.06561211283926 0.07689756189384847
3.5 3.75 47 48 28.88427980346431 0.07174102122561703
3.5 3.75 48 49 27.75309417739858 0.06821433750737663
3.5 3.75 49 50 26.66980565584691 0.06571380585926777
3.75 4 0 1 -317.9408887657511 1.812101495876201
3.75 4 1 2 -3975.885199486932 27.39519431896944
3.75 4 2 3 -2761.82179238361 12.42856100289125
3.75 4 3 4 -1682.763848841837 7.138694052197787
3.75 4 4 5 -1028.243283422986 4.580939069716991
3.75 4 5 6 -632.067056217661 3.13500017394994
3.75 4 6 7 -386.5454160497191 2.23572220331444
3.75 4 7 8 -230.4186412321571 1.63942366502452
3.75 4 8 9 -128.8631314695228 1.225527668820052
3.75 4 9 10 -61.59700914484324 0.928852491403221
3.75 4 10 11 -16.50455961340151 0.7112182354642811
3.75 4 11 12 13.91592959383058 0.5493435712933302
3.75 4 12 13 34.42557011152871 0.4284305435519983
3.75 4 13 14 48.12617147722528 0.3388611378465183
3.75 4 14 15 57.08445622167631 0.3060988639043095
3.75 4 15 16 62.70488276947589 0.2810658197459255
3.75 4 16 17 65.95835343089175 0.2587607067325848
3.75 4 17 18 67.52603894418445 0.2387978593018808
3.75 4 18 19 67.89190608983989 0.2208578768663544
3.75 4 19 20 67.40348975774344 0.2046745337362326
3.75 4 20 21 66.31256286905614 0.1900245343728044
3.75 4 21 22 64.80281748602192 0.1883438550978632
3.75 4 22 23 63.00899468407755 0.1927227370248236
3.75 4 23 24 61.03028774792145 0.1968657810727872
3.75 4 24 25 58.93985019278205 0.2004975969862981
3.75 4 25 26 56.79161650184071 0.20350144710339
3.75 4 26 27 54.6252447800247 0.2058492297752367
3.75 4 27 28 52.46973120641286 0.2075604499677798
3.75 4 28 29 50.34607497831564 0.2086785697995398
3.75 4 29 30 48.269257657114 0.2092575399004701
3.75 4 30 31 46.24972299346865 0.2093542501719302
3.75 4 31 32 44.29448974042847 0.2090244153727593
3.75 4 32 33 42.40799274702103 0.2083204526405623
3.75 4 33 34 40.59272147449182 0.2072905079363624
3.75 4 34 35 38.84970651911895 0.2059781382308041
3.75 4 35 36 37.17889142442716 0.2044223583576542
3.75 4 36 37 35.57941746160849 0.2026578812133964
3.75 4 37 38 34.04984207332437 0.2007154510983575
3.75 4 38 39 32.58830653078891 0.1986222111433885
3.75 4 39 40 31.19266455309463 0.1964020721957113
3.75 4 40 41 29.86058086567016 0.1940760646653936
3.75 4 41 42 28.58960647974544 0.1916626645115814
3.75 4 42 43 27.3772359567746 0.1891780896844504
3.75 4 43 44 26.2209506996965 0.1866365662588877
3.75 4 44 45 25.11825136698617 0.1840505655004808
3.75 4 45 46 24.06622017848206 0.1814822078193889
3.75 4 46 47 23.06324955922711 0.1791205818741842
3.75 4 47 48 22.10656256601249 0.1769789314453877
3.75 4 48 49 21.19393142588132 0.1750388789216763
3.75 4 49 50 20.32301916557324 0.17314509801632
4 5 0 1 -994.1250777801095 2.756718705787273
4 5 1 2 -4381.171564567995 6.5440877831449
4 5 2 3 -2511.866281353554 4.935260193455661
4 5 3 4 -1373.803613958688 3.717336080543513
4 5 4 5 -755.3667972502071 2.767600905871531
4 5 5 6 -408.0356458831009 2.07575277211863
4 5 6 7 -206.4640756818449 1.615790615027673
4 5 7 8 -86.29775300782785 1.30881096054575
4 5 8 9 -13.27964840772938 1.094674654552404
4 5 9 10 31.4861650024958 0.9365066001062503
4 5 10 11 58.77369023267477 0.8157103841301027
4 5 11 12 75.03738612298719 0.7220686766893365
4 5 12 13 84.22809772372443 0.6466470519988626
4 5 13 14 88.8097848684082 0.5837558344726743
4 5 14 15 90.36217927925679 0.5311306608891155
4 5 15 16 89.92749778629934 0.4870630163122656
4 5 16 17 88.20359345910032 0.4494102773422056
4 5 17 18 85.65954683733128 0.4163596879389142
4 5 18 19 82.61210942813415 0.3869130245219877
4 5 19 20 79.27711744848614 0.3606087173563999
4 5 20 21 75.80280586686584 0.3370998558550471
4 5 21 22 72.29099138885445 0.315993470470566
4 5 22 23 68.81092974188243 0.2968932642641021
4 5 23 24 65.40885019279111 0.2794716706847845
4 5 24 25 62.11473402280447 0.263490904214198
4 5 25 26 58.94715422849018 0.2487817456993352
4 5 26 27 55.9166971877213 0.2352129020311724
4 5 27 28 53.02836298927764 0.2226704657711883
4 5 28 29 50.28325209256042 0.2110500077145294
4 5 29 30 47.67976218113429 0.2002560696128564
4 5 30 31 45.21444781725944 0.1902036846480237
4 5 31 32 42.88264331348664 0.1808191188866169
4 5 32 33 40.67891520574895 0.1720392492421742
4 5 33 34 38.59738978420005 0.1638100496944862
4 5 34 35 36.63198818979991 0.1560848320176498
4 5 35 36 34.77659308325102 0.1488226756408828
4 5 36 37 33.02516487135744 0.1419872199919852
4 5 37 38 31.37182097680596 0.1355458145102693
4 5 38 39 29.81088817395383 0.1294689418405598
4 5 39 40 28.33693538720423 0.1237298203936633
4 5 40 41 26.94479241558407 0.1183041097155052
4 5 41 42 25.62955852704587 0.113169670611382
4 5 42 43 24.3866038438647 0.1083063539448671
4 5 43 44 23.21156567574073 0.103695805871866
4 5 44 45 22.10034133777435 0.09932128725601552
4 5 45 46 21.04862922999435 0.09555691861078282
4 5 46 47 20.05333971432891 0.09379579398926158
4 5 47 48 19.11068106445726 0.09401773065944011
4 5 48 49 18.21752926617664 0.09579806274880799
4 5 49 50 17.37052797820423 0.09793010112807217
-5 5 0 50 -519710.6431195143 92.34862492469884
