#ylo yhi qTlo qThi PDF0  uncertainty
-5 -4 0 1 -998.6885290361198 2.795883275071474
-5 -4 1 2 -4413.628632336115 7.071405233745281
-5 -4 2 3 -2533.53495829 5.29001827146433
-5 -4 3 4 -1389.449832124772 3.993993089351004
-5 -4 4 5 -766.1627576593012 3.008255426908136
-5 -4 5 6 -415.1095380667484 2.289244854247674
-5 -4 6 7 -210.9670732532288 1.800538675941985
-5 -4 7 8 -89.09153427685328 1.464737453425644
-5 -4 8 9 -14.93348253948989 1.225188326389626
-5 -4 9 10 30.58235323156543 1.045995273039728
-5 -4 10 11 58.37045574492095 0.9075020808738753
-5 -4 11 12 74.96956533119817 0.7990242856148947
-5 -4 12 13 84.38234701525732 0.7113785570245875
-5 -4 13 14 89.10947134498895 0.6385502720700805
-5 -4 14 15 90.75474841313394 0.5776113213886098
-5 -4 15 16 90.37662694399637 0.5264433603351494
-5 -4 16 17 88.68403116511303 0.4827688561478629
-5 -4 17 18 86.15372146736951 0.4446783207886256
-5 -4 18 19 83.10785229717163 0.411016428126596
-5 -4 19 20 79.76608638811308 0.3811495846296267
-5 -4 20 21 76.27937340895357 0.3545968730966338
-5 -4 21 22 72.751458328936 0.3308763660478191
-5 -4 22 23 69.25296994417425 0.3095297310787881
-5 -4 23 24 65.83111761131383 0.2901781023016133
-5 -4 24 25 62.51658207972756 0.272537045711768
-5 -4 25 26 59.32843323507237 0.2563955183725136
-5 -4 26 27 56.27760689446134 0.2415865698029449
-5 -4 27 28 53.36934487056303 0.2279670563660248
-5 -4 28 29 50.60491067500998 0.2154088892079782
-5 -4 29 30 47.98280772014191 0.2037972807844999
-5 -4 30 31 45.49965466269263 0.1930311514710004
-5 -4 31 32 43.15081978450495 0.1830230805027714
-5 -4 32 33 40.93088190350747 0.1736981831673113
-5 -4 33 34 38.83396409695192 0.1649922834090272
-5 -4 34 35 36.8539733567418 0.1568499342254424
-5 -4 35 36 34.98477062369928 0.1492226688847971
-5 -4 36 37 33.22028950474985 0.1420676328694734
-5 -4 37 38 31.55461738520103 0.1353465851344186
-5 -4 38 39 29.98204912594913 0.1290251885145732
-5 -4 39 40 28.49712086080466 0.1230724940739368
-5 -4 40 41 27.0946294496403 0.1174605472194817
-5 -4 41 42 25.76964159587559 0.1121640627948573
-5 -4 42 43 24.51749560122281 0.1071601447812811
-5 -4 43 44 23.33379795287337 0.1024280336562213
-5 -4 44 45 22.21441630945985 0.09794887769862423
-5 -4 45 46 21.15501591068445 0.09408978377421445
-5 -4 46 47 20.15248218270271 0.09223128042060882
-5 -4 47 48 19.20299372317044 0.09237129692282407
-5 -4 48 49 18.30340286096651 0.09410577087203423
-5 -4 49 50 17.45032173600335 0.09623599350471074
-4 -3.75 0 1 -327.1125247862072 1.826158056493151
-4 -3.75 1 2 -4034.699109409889 28.40432908727321
-4 -3.75 2 3 -2811.600195459072 13.22200057806401
-4 -3.75 3 4 -1716.848891658302 7.736377282032711
-4 -3.75 4 5 -1050.724804331398 5.045380988409465
-4 -3.75 5 6 -646.7926225950089 3.506216182220037
-4 -3.75 6 7 -396.1432206031991 2.538890274261829
-4 -3.75 7 8 -236.5978441556479 1.890919679668797
-4 -3.75 8 9 -132.7332452291587 1.436614229688176
-4 -3.75 9 10 -63.88548490065898 1.107051213047875
-4 -3.75 10 11 -17.69620522642822 0.8619234138011945
-4 -3.75 11 12 13.49202963040466 0.6762153871821279
-4 -3.75 12 13 34.54218649218774 0.5338038250728075
-4 -3.75 13 14 48.62393898515802 0.4239930198699297
-4 -3.75 14 15 57.85008205093959 0.3395522505087385
-4 -3.75 15 16 63.65689768161826 0.2826555717644146
-4 -3.75 16 17 67.03761478768638 0.2602405699729856
-4 -3.75 17 18 68.68928667066029 0.2401805050145817
-4 -3.75 18 19 69.10731808617209 0.2221537735794478
-4 -3.75 19 20 68.64757068026722 0.2058924601639566
-4 -3.75 20 21 67.56793704432067 0.1911719467491417
-4 -3.75 21 22 66.05664431066435 0.1778027627044764
-4 -3.75 22 23 64.25181857882683 0.1656241524649938
-4 -3.75 23 24 62.25519531157084 0.1650578932192758
-4 -3.75 24 25 60.14184702303459 0.1690471234831444
-4 -3.75 25 26 57.96716273740125 0.1729457297040891
-4 -3.75 26 27 55.77190642591907 0.1764934062587954
-4 -3.75 27 28 53.58591666098343 0.1795631907516302
-4 -3.75 28 29 51.43083476660314 0.1821069808106668
-4 -3.75 29 30 49.32213140145987 0.1841219537964763
-4 -3.75 30 31 47.27062193236989 0.1856302648720604
-4 -3.75 31 32 45.28360616944167 0.1866669066653093
-4 -3.75 32 33 43.3657299704612 0.1872725211879899
-4 -3.75 33 34 41.51963946906174 0.1874892066056899
-4 -3.75 34 35 39.74647969515641 0.1873581341112771
-4 -3.75 35 36 38.04627574546807 0.186918257991315
-4 -3.75 36 37 36.41822483432429 0.1862056847603163
-4 -3.75 37 38 34.86092040806999 0.1852534341390847
-4 -3.75 38 39 33.37252424044981 0.1840914303787396
-4 -3.75 39 40 31.95089853693895 0.1827466232306162
-4 -3.75 40 41 30.59370723621794 0.1812431775335916
-4 -3.75 41 42 29.29849345450066 0.1796026938174506
-4 -3.75 42 43 28.06273846043337 0.1778444378660252
-4 -3.75 43 44 26.88390632076515 0.1759855656293044
-4 -3.75 44 45 25.75947738610648 0.174041336777243
-4 -3.75 45 46 24.68650357706589 0.1720810069925868
-4 -3.75 46 47 23.66336207339588 0.170311326156595
-4 -3.75 47 48 22.68724385889281 0.1687474312669517
-4 -3.75 48 49 21.7558964059729 0.167370559342803
-4 -3.75 49 50 20.86694911046455 0.1660140000541714
-3.75 -3.5 0 1 184.0412948980063 1.614591421892243
-3.75 -3.5 1 2 -4703.975768140042 24.86698382954149
-3.75 -3.5 2 3 -3710.622755766085 16.42375050524298
-3.75 -3.5 3 4 -2385.194385168908 11.61140874385911
-3.75 -3.5 4 5 -1524.007846543163 8.708388076023734
-3.75 -3.5 5 6 -981.4824265947937 6.806095612359019
-3.75 -3.5 6 7 -634.7042503417906 5.479929882112705
-3.75 -3.5 7 8 -408.0273792574026 4.511858007333775
-3.75 -3.5 8 9 -256.5829384394083 3.779751451113366
-3.75 -3.5 9 10 -153.4613005293538 3.210614159777784
-3.75 -3.5 10 11 -82.21781721814864 2.758115113143662
-3.75 -3.5 11 12 -32.47193401046729 2.391680420288153
-3.75 -3.5 12 13 2.477346336183018 2.090336498100249
-3.75 -3.5 13 14 27.06421722909283 1.839261060096577
-3.75 -3.5 14 15 44.28711120171761 1.627706661372036
-3.75 -3.5 15 16 56.21312562078822 1.447706828066136
-3.75 -3.5 16 17 64.2918293267943 1.293242437767856
-3.75 -3.5 17 18 69.55509282574917 1.159688867238627
-3.75 -3.5 18 19 72.74713426210758 1.043439949016548
-3.75 -3.5 19 20 74.41085867129743 0.9416464193210065
-3.75 -3.5 20 21 74.94623380346752 0.8520303567579869
-3.75 -3.5 21 22 74.65041818650639 0.7727511787024278
-3.75 -3.5 22 23 73.74576320315953 0.7023073148626484
-3.75 -3.5 23 24 72.39962183745592 0.6394630110927868
-3.75 -3.5 24 25 70.73853629793274 0.5831931216787001
-3.75 -3.5 25 26 68.85851487792951 0.5326409683882565
-3.75 -3.5 26 27 66.83255293907314 0.4870858185242432
-3.75 -3.5 27 28 64.7161888086722 0.4459175325809271
-3.75 -3.5 28 29 62.55164325179848 0.4086166153089212
-3.75 -3.5 29 30 60.37092768980168 0.3747383836686752
-3.75 -3.5 30 31 58.19819470187733 0.3439003005780529
-3.75 -3.5 31 32 56.05152701582006 0.3157717660481428
-3.75 -3.5 32 33 53.94430709885441 0.2900658320319233
-3.75 -3.5 33 34 51.88627121921837 0.2665324344876191
-3.75 -3.5 34 35 49.88432452312284 0.2449528317183425
-3.75 -3.5 35 36 47.94317396808043 0.2251350082909794
-3.75 -3.5 36 37 46.06582163449838 0.2069098566681591
-3.75 -3.5 37 38 44.25395045554177 0.1901279899421838
-3.75 -3.5 38 39 42.50822663453704 0.17465706917001
-3.75 -3.5 39 40 40.82853724123592 0.1603795534790675
-3.75 -3.5 40 41 39.21417723091074 0.1471907990922235
-3.75 -3.5 41 42 37.66399675298732 0.1349974486572565
-3.75 -3.5 42 43 36.17651726158012 0.1237160631165655
-3.75 -3.5 43 44 34.75002301616732 0.1132719586812442
-3.75 -3.5 44 45 33.38263309308195 0.1035982179529538
-3.75 -3.5 45 46 32.07172484969188 0.09478177150467587
-3.75 -3.5 46 47 30.81637082683019 0.08735988302071443
-3.75 -3.5 47 48 29.61385789225956 0.0814612729950789
-3.75 -3.5 48 49 28.46211150733066 0.07710591949842839
-3.75 -3.5 49 50 27.35886316997397 0.07375592774770866
-3.5 -3.25 0 1 850.4331424799242 0.4316781405015105
-3.5 -3.25 1 2 -4890.025493384666 18.38439333609909
-3.5 -3.25 2 3 -4360.565564362594 14.65951062536131
-3.5 -3.25 3 4 -2920.749531299311 11.08404543206113
-3.5 -3.25 4 5 -1926.040542832918 8.647729540478954
-3.5 -3.25 5 6 -1279.422998888856 6.951235955116337
-3.5 -3.25 6 7 -856.4625110883626 5.721973781916188
-3.5 -3.25 7 8 -574.4327026220485 4.799372690640159
-3.5 -3.25 8 9 -382.4455127136412 4.086438398330937
-3.5 -3.25 9 10 -249.2537270752548 3.522368892617743
-3.5 -3.25 10 11 -155.4187045194205 3.067151524354999
-3.5 -3.25 11 12 -88.48906327109285 2.693685574843745
-3.5 -3.25 12 13 -40.32370194227951 2.382975498881557
-3.5 -3.25 13 14 -5.472978828955775 2.121357863429369
-3.5 -3.25 14 15 19.78807209183151 1.898776141398489
-3.5 -3.25 15 16 38.05401106057991 1.70767886493934
-3.5 -3.25 16 17 51.16272003849906 1.542295118011212
-3.5 -3.25 17 18 60.43568395388809 1.39814570665787
-3.5 -3.25 18 19 66.83572802283447 1.271705699235825
-3.5 -3.25 19 20 71.07258863143659 1.160166650184535
-3.5 -3.25 20 21 73.67483576411882 1.06126595937143
-3.5 -3.25 21 22 75.03967314464956 0.9731623711908043
-3.5 -3.25 22 23 75.46793477292903 0.8943437681588752
-3.5 -3.25 23 24 75.18901258319192 0.8235579473393161
-3.5 -3.25 24 25 74.37883237915622 0.759760001893496
-3.5 -3.25 25 26 73.17296352060265 0.70207186704199
-3.5 -3.25 26 27 71.67627880076111 0.6497508914450997
-3.5 -3.25 27 28 69.97013986100563 0.6021651837030298
-3.5 -3.25 28 29 68.11778854775844 0.5587740999037204
-3.5 -3.25 29 30 66.16842441344068 0.5191126718516418
-3.5 -3.25 30 31 64.16031117755966 0.4827790838737254
-3.5 -3.25 31 32 62.12315931466117 0.4494245288114601
-3.5 -3.25 32 33 60.07996472212989 0.4187449356165959
-3.5 -3.25 33 34 58.04843566848456 0.3904741807604718
-3.5 -3.25 34 35 56.04210594438325 0.3643784843024109
-3.5 -3.25 35 36 54.07120732191208 0.3402517579567838
-3.5 -3.25 36 37 52.14335628185665 0.317911723227214
-3.5 -3.25 37 38 50.26409665584706 0.2971966561902323
-3.5 -3.25 38 39 48.43732989023445 0.2779626447387163
-3.5 -3.25 39 40 46.66565723362666 0.260081267587096
-3.5 -3.25 40 41 44.9506526595184 0.2434376218873755
-3.5 -3.25 41 42 43.29308097191156 0.2279286401920549
-3.5 -3.25 42 43 41.69307247791318 0.2134616492690977
-3.5 -3.25 43 44 40.15026307768636 0.1999531311736537
-3.5 -3.25 44 45 38.66390671370083 0.1873276548261918
-3.5 -3.25 45 46 37.23220389903537 0.1756179641423721
-3.5 -3.25 46 47 35.85528843748854 0.1651537966272439
-3.5 -3.25 47 48 34.53098068978417 0.1559706796547623
-3.5 -3.25 48 49 33.25775860674632 0.1480431665648591
-3.5 -3.25 49 50 32.03381466289048 0.1409863170899236
-3.25 -3 0 1 1564.808876184713 1.199828261765895
-3.25 -3 1 2 -4725.345684654872 9.178065676186943
-3.25 -3 2 3 -4777.612199448236 9.565817260405613
-3.25 -3 3 4 -3315.309298170578 7.771808450643659
-3.25 -3 4 5 -2242.278717238348 6.302401760569506
-3.25 -3 5 6 -1524.96655386159 5.200309256811705
-3.25 -3 6 7 -1046.519615349996 4.366749719540911
-3.25 -3 7 8 -722.282546528681 3.722656719685852
-3.25 -3 8 9 -498.2834796780317 3.213926903330625
-3.25 -3 9 10 -340.6516598310966 2.804445349254779
-3.25 -3 10 11 -227.9809820394562 2.469208810630312
-3.25 -3 11 12 -146.38509858732 2.190791219327244
-3.25 -3 12 13 -86.6864626759766 1.95666321668006
-3.25 -3 13 14 -42.68281852294422 1.757633753733809
-3.25 -3 14 15 -10.09760470123592 1.586827621371587
-3.25 -3 15 16 14.07250323915969 1.439011009140169
-3.25 -3 16 17 31.9718054399608 1.310136608257596
-3.25 -3 17 18 45.15408265054248 1.197030267506692
-3.25 -3 18 19 54.76015776256565 1.097170904363637
-3.25 -3 19 20 61.63753215686791 1.008533125008836
-3.25 -3 20 21 66.42239907163389 0.929472826791318
-3.25 -3 21 22 69.59676561636309 0.8586427892866872
-3.25 -3 22 23 71.52882133708499 0.794929532109188
-3.25 -3 23 24 72.50184962717867 0.7374054837315434
-3.25 -3 24 25 72.73518807960397 0.6852923266268868
-3.25 -3 25 26 72.39959547128586 0.6379326065169141
-3.25 -3 26 27 71.62863443861363 0.5947675242274902
-3.25 -3 27 28 70.52718291669487 0.555319405038579
-3.25 -3 28 29 69.17785425647543 0.5191777418625204
-3.25 -3 29 30 67.64587880426836 0.4859879960876464
-3.25 -3 30 31 65.98284322550148 0.4554425445101214
-3.25 -3 31 32 64.22957446100787 0.4272733105968007
-3.25 -3 32 33 62.41837803164799 0.4012457279295923
-3.25 -3 33 34 60.57478537266223 0.3771537647519853
-3.25 -3 34 35 58.71892523759158 0.3548157999852068
-3.25 -3 35 36 56.86660538632177 0.3340711863469827
-3.25 -3 36 37 55.03016964614437 0.3147773714685863
-3.25 -3 37 38 53.21917985206647 0.296807475414694
-3.25 -3 38 39 51.44096052312349 0.2800482422597159
-3.25 -3 39 40 49.70103539675728 0.2643983009349301
-3.25 -3 40 41 48.00347846663269 0.249766682570592
-3.25 -3 41 42 46.35119698402184 0.2360715517234628
-3.25 -3 42 43 44.74616024727467 0.2232391162318106
-3.25 -3 43 44 43.18958495708148 0.2112026875722325
-3.25 -3 44 45 41.68208565405774 0.1999018683267602
-3.25 -3 45 46 40.22294169217349 0.1893913317641288
-3.25 -3 46 47 38.81349225770828 0.1800393395582058
-3.25 -3 47 48 37.45233399761949 0.1718852134846359
-3.25 -3 48 49 36.13869632347361 0.1648999169433543
-3.25 -3 49 50 34.87142789254921 0.1586713410673666
-3 -2.75 0 1 2254.031241892879 1.505265416908447
-3 -2.75 1 2 -4374.724087084312 4.695019042084205
-3 -2.75 2 3 -5028.552947562146 6.047900338736995
-3 -2.75 3 4 -3596.053497635445 5.125607863283824
-3 -2.75 4 5 -2481.928536066473 4.245615934419605
-3 -2.75 5 6 -1718.797328387173 3.552292303300324
-3 -2.75 6 7 -1201.470402429437 3.013914384659972
-3 -2.75 7 8 -846.2719299013556 2.590699015729874
-3 -2.75 8 9 -598.0105386192149 2.252073449910072
-3 -2.75 9 10 -421.3700881118441 1.976843017090619
-3 -2.75 10 11 -293.7242003032131 1.749645759986663
-3 -2.75 11 12 -200.2385206445203 1.559641541614492
-3 -2.75 12 13 -131.0212577719635 1.398896432835346
-3 -2.75 13 14 -79.33529409971493 1.261518607407563
-3 -2.75 14 15 -40.50244437314745 1.143056576026911
-3 -2.75 15 16 -11.21572431974278 1.040093106814307
-3 -2.75 16 17 10.90075128634544 0.949966572623318
-3 -2.75 17 18 27.57901705662835 0.8705763775070581
-3 -2.75 18 19 40.09836779788782 0.8002447613726303
-3 -2.75 19 20 49.41483207800468 0.7376170513251804
-3 -2.75 20 21 56.25037975422583 0.6815885717592189
-3 -2.75 21 22 61.15535071796364 0.6312503351058696
-3 -2.75 22 23 64.55277387456124 0.5858481633760914
-3 -2.75 23 24 66.77024642855372 0.5447515496265078
-3 -2.75 24 25 68.0631441073532 0.5074296752459557
-3 -2.75 25 26 68.63170853151598 0.4734327493592835
-3 -2.75 26 27 68.63375630633629 0.4423773505344439
-3 -2.75 27 28 68.19422115070216 0.4139348106563259
-3 -2.75 28 29 67.41238085052208 0.3878219336534983
-3 -2.75 29 30 66.36737484825136 0.3637935228951208
-3 -2.75 30 31 65.12244821859548 0.3416363217202176
-3 -2.75 31 32 63.7282385272739 0.3211640659415911
-3 -2.75 32 33 62.22533767944799 0.3022134202550083
-3 -2.75 33 34 60.64630050239379 0.2846406194512758
-3 -2.75 34 35 59.01722818544482 0.2683186774181343
-3 -2.75 35 36 57.35902291262232 0.253135055847407
-3 -2.75 36 37 55.68838663081641 0.2389897064835404
-3 -2.75 37 38 54.01861961631698 0.2257934205415156
-3 -2.75 38 39 52.36026153408201 0.2134664297027052
-3 -2.75 39 40 50.72160793687263 0.2019372162781472
-3 -2.75 40 41 49.10912790413431 0.1911414962659685
-3 -2.75 41 42 47.52780269972894 0.1810213484276016
-3 -2.75 42 43 45.9814012445255 0.1715244635492184
-3 -2.75 43 44 44.4727047431854 0.1626034971915396
-3 -2.75 44 45 43.00369027007974 0.154215508263234
-3 -2.75 45 46 41.57475878704059 0.1464805589553122
-3 -2.75 46 47 40.18842695722776 0.1399693126348955
-3 -2.75 47 48 38.84413116801457 0.1347657259855566
-3 -2.75 48 49 37.54189520294213 0.1308427478607797
-3 -2.75 49 50 36.28127155500485 0.1276158656539612
-2.75 -2.5 0 1 2893.274778005832 2.024649829774779
-2.75 -2.5 1 2 -3942.541191908977 1.107261720616661
-2.75 -2.5 2 3 -5173.530832673575 3.004562908386227
-2.75 -2.5 3 4 -3796.000942133801 2.81094079703945
-2.75 -2.5 4 5 -2662.956308040275 2.443419793615676
-2.75 -2.5 5 6 -1870.331872570097 2.110568575787315
-2.75 -2.5 6 7 -1325.739876621969 1.833977543550585
-2.75 -2.5 7 8 -947.8456960892104 1.60703492025813
-2.75 -2.5 8 9 -681.2675496587467 1.41951716416292
-2.75 -2.5 9 10 -489.9548884410003 1.263431160143464
-2.75 -2.5 10 11 -350.5384650754454 1.131938097088613
-2.75 -2.5 11 12 -247.5613251609782 1.020085289802334
-2.75 -2.5 12 13 -170.6402856625248 0.9240532375069419
-2.75 -2.5 13 14 -112.6584412598279 0.8409088593423694
-2.75 -2.5 14 15 -68.64556279202066 0.7683758235562428
-2.75 -2.5 15 16 -35.06961951708968 0.7046673237316375
-2.75 -2.5 16 17 -9.38035361242828 0.648364978526871
-2.75 -2.5 17 18 10.29032766891032 0.5983307537700442
-2.75 -2.5 18 19 25.32868737571403 0.5536423474174865
-2.75 -2.5 19 20 36.77549550548531 0.5135452926444215
-2.75 -2.5 20 21 45.42035528465544 0.4774170623216147
-2.75 -2.5 21 22 51.86797023998383 0.4447398751779932
-2.75 -2.5 22 23 56.58536111884609 0.4150798743814064
-2.75 -2.5 23 24 59.93594954626917 0.3880710265406555
-2.75 -2.5 24 25 62.20445798821595 0.3634025504751063
-2.75 -2.5 25 26 63.61530227076889 0.3408090150765147
-2.75 -2.5 26 27 64.34631625407303 0.3200624727534928
-2.75 -2.5 27 28 64.539089858235 0.3009661606416695
-2.75 -2.5 28 29 64.30682399321137 0.2833494197618991
-2.75 -2.5 29 30 63.74034682708123 0.267063567310925
-2.75 -2.5 30 31 62.91275618633392 0.251978521837859
-2.75 -2.5 31 32 61.883026579957 0.2379800259860601
-2.75 -2.5 32 33 60.69882973078643 0.2249673485219018
-2.75 -2.5 33 34 59.3987532430944 0.2128513719978733
-2.75 -2.5 34 35 58.01405549612866 0.2015529926999138
-2.75 -2.5 35 36 56.57006084956072 0.1910017758639078
-2.75 -2.5 36 37 55.08727416987011 0.1811348202878023
-2.75 -2.5 37 38 53.58227512211948 0.1718957945328886
-2.75 -2.5 38 39 52.06843869757 0.1632341164588256
-2.75 -2.5 39 40 50.55651793662818 0.1551042513054264
-2.75 -2.5 40 41 49.05511695663506 0.1474651094912668
-2.75 -2.5 41 42 47.57107608378521 0.1402795270600281
-2.75 -2.5 42 43 46.10978646422652 0.1335138174184959
-2.75 -2.5 43 44 44.67544774114828 0.1271373819031032
-2.75 -2.5 44 45 43.27127964175017 0.1211223712193585
-2.75 -2.5 45 46 41.89872363351265 0.1156665852863992
-2.75 -2.5 46 47 40.56135727231279 0.1115901229387052
-2.75 -2.5 47 48 39.25941020081783 0.1090098924488204
-2.75 -2.5 48 49 37.99364982916254 0.1078682541225033
-2.75 -2.5 49 50 36.76429007987048 0.1073475257159234
-2.5 -2.25 0 1 3479.122583088156 1.625938876926498
-2.5 -2.25 1 2 -3494.173825682117 0.9514742709978389
-2.5 -2.25 2 3 -5259.625131061315 1.689468613557151
-2.5 -2.25 3 4 -3942.9155229931 1.620540443093805
-2.5 -2.25 4 5 -2801.46508147656 1.477554524772539
-2.5 -2.25 5 6 -1988.889528529526 1.319210447027379
-2.5 -2.25 6 7 -1424.616141607463 1.175544766984036
-2.5 -2.25 7 8 -1029.83048828563 1.050834955336301
-2.5 -2.25 8 9 -749.3431785482571 0.9439272337535241
-2.5 -2.25 9 10 -546.7159422024542 0.8516769199568077
-2.5 -2.25 10 11 -398.1049072163414 0.772101728659246
-2.5 -2.25 11 12 -287.6305823961627 0.7029662158436633
-2.5 -2.25 12 13 -204.5641139203394 0.6425347053812137
-2.5 -2.25 13 14 -141.5149648188085 0.5893966578674474
-2.5 -2.25 14 15 -93.29861562975952 0.5424083363861494
-2.5 -2.25 15 16 -56.21543940453421 0.5006396339080371
-2.5 -2.25 16 17 -27.58368504877649 0.4633301595546388
-2.5 -2.25 17 18 -5.431541071219954 0.429854331955926
-2.5 -2.25 18 19 11.70958244234134 0.3996940358431506
-2.5 -2.25 19 20 24.94623586435637 0.3724172882994948
-2.5 -2.25 20 21 35.1209295045827 0.3476615723147366
-2.5 -2.25 21 22 42.88119306715009 0.3251207635307957
-2.5 -2.25 22 23 48.7289260390038 0.3045348209962729
-2.5 -2.25 23 24 53.0561213794515 0.2856816071300765
-2.5 -2.25 24 25 56.17103458415386 0.2683703559503425
-2.5 -2.25 25 26 58.31756490906355 0.2524364241035817
-2.5 -2.25 26 27 59.68975545788805 0.2377370449726113
-2.5 -2.25 27 28 60.44274329688324 0.2241478738402002
-2.5 -2.25 28 29 60.70110056316958 0.2115601592497146
-2.5 -2.25 29 30 60.56523920278789 0.1998784135112868
-2.5 -2.25 30 31 60.11636552620251 0.189018484431325
-2.5 -2.25 31 32 59.42033941463615 0.1789059493682967
-2.5 -2.25 32 33 58.53069961559532 0.1694747731644124
-2.5 -2.25 33 34 57.49104948328011 0.1606661781431959
-2.5 -2.25 34 35 56.33694880708316 0.1524276918999278
-2.5 -2.25 35 36 55.09742174597727 0.1447123379652094
-2.5 -2.25 36 37 53.79616453528376 0.1374779478563366
-2.5 -2.25 37 38 52.45251710505022 0.1306865722135363
-2.5 -2.25 38 39 51.08224801945511 0.124303975782073
-2.5 -2.25 39 40 49.69819104206755 0.1182992022980625
-2.5 -2.25 40 41 48.31076333109866 0.1126441985575511
-2.5 -2.25 41 42 46.92838857691373 0.1073134884180836
-2.5 -2.25 42 43 45.55784370201241 0.1022838893831944
-2.5 -2.25 43 44 44.20454370719088 0.09753426553430014
-2.5 -2.25 44 45 42.87277632845488 0.09304531084477489
-2.5 -2.25 45 46 41.56488216369468 0.08911702637417858
-2.5 -2.25 46 47 40.28534891214159 0.08692415978369526
-2.5 -2.25 47 48 39.03509736512788 0.08660400907277832
-2.5 -2.25 48 49 37.81554271808233 0.0880084986263078
-2.5 -2.25 49 50 36.62747471036712 0.09215037808683028
-2.25 -2 0 1 4010.598742290836 1.030194922862437
-2.25 -2 1 2 -3080.526248285477 0.8380146052695511
-2.25 -2 2 3 -5344.530344175693 1.64496680858937
-2.25 -2 3 4 -4081.859851998836 1.525324401482011
-2.25 -2 4 5 -2928.674403696896 1.346619563772324
-2.25 -2 5 6 -2094.658077648495 1.188117639919463
-2.25 -2 6 7 -1510.388372456234 1.054976357281722
-2.25 -2 7 8 -1099.069621392182 0.9429242303439391
-2.25 -2 8 9 -805.3705938933931 0.8484188099481056
-2.25 -2 9 10 -592.2716675449842 0.7672739314174257
-2.25 -2 10 11 -435.340374474365 0.6973390884346512
-2.25 -2 11 12 -318.2177456394704 0.6365023386395787
-2.25 -2 12 13 -229.8018313642265 0.5831960992715866
-2.25 -2 13 14 -162.4176959292097 0.5361835597301179
-2.25 -2 14 15 -110.6645814615863 0.4944778220169939
-2.25 -2 15 16 -70.67775583387606 0.4572830414170475
-2.25 -2 16 17 -39.64850278711538 0.4239511325849324
-2.25 -2 17 18 -15.50656500998934 0.3939495532544001
-2.25 -2 18 19 3.293631941441845 0.366837046141158
-2.25 -2 19 20 17.91934200157561 0.3422451672422555
-2.25 -2 20 21 29.26132009017522 0.3198640680316987
-2.25 -2 21 22 38.00572276786136 0.2994314483262231
-2.25 -2 22 23 44.68558888662722 0.2807238883615107
-2.25 -2 23 24 49.71817470655833 0.2635499928828819
-2.25 -2 24 25 53.43235267204022 0.2477449220115612
-2.25 -2 25 26 56.08893902187992 0.2331659972155706
-2.25 -2 26 27 57.89592810707302 0.219689143923308
-2.25 -2 27 28 59.02001647130328 0.2072059928824921
-2.25 -2 28 29 59.59539585672383 0.1956215035127744
-2.25 -2 29 30 59.73051609870595 0.1848520019948523
-2.25 -2 30 31 59.51332532445457 0.1748235542728067
-2.25 -2 31 32 59.01535829255852 0.1654706083427782
-2.25 -2 32 33 58.29494650046735 0.1567348552955614
-2.25 -2 33 34 57.39975374559191 0.1485642708802521
-2.25 -2 34 35 56.3687899946238 0.1409123022927015
-2.25 -2 35 36 55.23401917716581 0.1337371790827755
-2.25 -2 36 37 54.02164894761421 0.1270013231574416
-2.25 -2 37 38 52.75317000092559 0.1206708438182374
-2.25 -2 38 39 51.44619707685149 0.1147151037926989
-2.25 -2 39 40 50.11515211813253 0.1091063442020649
-2.25 -2 40 41 48.77182132852442 0.10381935928144
-2.25 -2 41 42 47.4258108198743 0.09883121524173372
-2.25 -2 42 43 46.08492060266838 0.09412100359843442
-2.25 -2 43 44 44.75545239908888 0.08966962672356715
-2.25 -2 44 45 43.44246369170617 0.08545960922813464
-2.25 -2 45 46 42.14892165760293 0.08213028331466779
-2.25 -2 46 47 40.87997808203525 0.08207063489890766
-2.25 -2 47 48 39.63701873010294 0.08534624332533948
-2.25 -2 48 49 38.42190143822137 0.09134001222469529
-2.25 -2 49 50 37.23580178576287 0.09768421958682122
-2 -1.75 0 1 4515.308763807677 1.062800105055807
-2 -1.75 1 2 -2667.172241133676 2.590327700588338
-2 -1.75 2 3 -5396.744641428857 2.683479793875553
-2 -1.75 3 4 -4197.837661221778 2.211189303895674
-2 -1.75 4 5 -3044.929237676854 1.824931218302976
-2 -1.75 5 6 -2198.083950968077 1.53440211735831
-2 -1.75 6 7 -1599.243478296417 1.313181550481012
-2 -1.75 7 8 -1174.574493316157 1.1402959267614
-2 -1.75 8 9 -869.4042188082194 1.002841027010247
-2 -1.75 9 10 -646.6734039007943 0.8897844087981303
-2 -1.75 10 11 -481.7125423128305 0.7964702962648889
-2 -1.75 11 12 -357.9047084818064 0.7176900460636487
-2 -1.75 12 13 -263.9090310101039 0.6504548431228201
-2 -1.75 13 14 -191.8499127966509 0.5924551389278649
-2 -1.75 14 15 -136.1623203082402 0.5419598446427588
-2 -1.75 15 16 -92.84869985436262 0.4976457870818036
-2 -1.75 16 17 -58.9933569585346 0.4584838824360138
-2 -1.75 17 18 -32.43981885888479 0.4236613880661623
-2 -1.75 18 19 -11.57282329161853 0.3925276279170931
-2 -1.75 19 20 4.831447522342387 0.364555333649891
-2 -1.75 20 21 17.70987869488727 0.3393125949179505
-2 -1.75 21 22 27.78643566688254 0.3164421626504705
-2 -1.75 22 23 35.62530123472345 0.295645943309375
-2 -1.75 23 24 41.6695116925307 0.2766732198030988
-2 -1.75 24 25 46.26938099844813 0.2593115906668471
-2 -1.75 25 26 49.70364003496695 0.2433799196188402
-2 -1.75 26 27 52.19531648228769 0.2287227917070749
-2 -1.75 27 28 53.92377492975572 0.2152061120374033
-2 -1.75 28 29 55.03392445566442 0.2027135803587007
-2 -1.75 29 30 55.64331625263128 0.1911438442803681
-2 -1.75 30 31 55.84765539626619 0.1804081826404311
-2 -1.75 31 32 55.72511055240045 0.1704286075843583
-2 -1.75 32 33 55.33970533993102 0.161136298224234
-2 -1.75 33 34 54.74400294901722 0.1524703014359051
-2 -1.75 34 35 53.98124309710533 0.1443764474700624
-2 -1.75 35 36 53.08705186512856 0.1368064389288738
-2 -1.75 36 37 52.0908163803843 0.1297170836601038
-2 -1.75 37 38 51.0167950596433 0.1230696439886175
-2 -1.75 38 39 49.88501805928661 0.1168292826812293
-2 -1.75 39 40 48.71202042601726 0.110964589697886
-2 -1.75 40 41 47.51144133124899 0.1054471755694643
-2 -1.75 41 42 46.29451540660102 0.1002513218080637
-2 -1.75 42 43 45.07047703101262 0.09535367719882433
-2 -1.75 43 44 43.84689392994591 0.09073299662750617
-2 -1.75 44 45 42.62994323368852 0.08636991099290307
-2 -1.75 45 46 41.42355624132125 0.08263704402381027
-2 -1.75 46 47 40.23381714668727 0.08152299869783132
-2 -1.75 47 48 39.06286729612117 0.08525379958167481
-2 -1.75 48 49 37.91326196221121 0.091843414666895
-2 -1.75 49 50 36.78679352694724 0.09879759726403381
-1.75 -1.5 0 1 4980.258323407133 0.9763172846965162
-1.75 -1.5 1 2 -2267.674645821205 0.8364051781786598
-1.75 -1.5 2 3 -5419.341806805833 1.74972980157268
-1.75 -1.5 3 4 -4267.991842208253 1.691665735458424
-1.75 -1.5 4 5 -3110.221565400862 1.508350545193206
-1.75 -1.5 5 6 -2251.357152811097 1.323610991488043
-1.75 -1.5 6 7 -1641.365432144431 1.16165674076915
-1.75 -1.5 7 8 -1207.665741295682 1.024644477193716
-1.75 -1.5 8 9 -895.4740814593747 0.9104646523785893
-1.75 -1.5 9 10 -667.3367503172099 0.8124152862641454
-1.75 -1.5 10 11 -498.1059047383678 0.7309310859393059
-1.75 -1.5 11 12 -370.9752092603385 0.6607461889073347
-1.75 -1.5 12 13 -274.3563970087032 0.6002280936761007
-1.75 -1.5 13 14 -200.2122869484865 0.5476322535445646
-1.75 -1.5 14 15 -142.8574205506218 0.5015882133369786
-1.75 -1.5 15 16 -98.20370982462805 0.4610121295443692
-1.75 -1.5 16 17 -63.26669640690216 0.4250393434037659
-1.75 -1.5 17 18 -35.83713357066404 0.3929736004429161
-1.75 -1.5 18 19 -14.25885426992454 0.3642490292914755
-1.75 -1.5 19 20 2.723954804192999 0.3384016102364604
-1.75 -1.5 20 21 16.0734133595181 0.3150476269578695
-1.75 -1.5 21 22 26.53353767819863 0.2938672643418588
-1.75 -1.5 22 23 34.68454896287597 0.274592005150479
-1.75 -1.5 23 24 40.98238908065025 0.2569948612328728
-1.75 -1.5 24 25 45.78781220261294 0.2408827322755569
-1.75 -1.5 25 26 49.38803547380053 0.2260903769610509
-1.75 -1.5 26 27 52.01301420970867 0.2124756168527232
-1.75 -1.5 27 28 53.84779007891154 0.1999154907513881
-1.75 -1.5 28 29 55.04194053768072 0.1883031487346906
-1.75 -1.5 29 30 55.71686760588557 0.1775453257573646
-1.75 -1.5 30 31 55.97146164765104 0.1675602727299804
-1.75 -1.5 31 32 55.88653264082177 0.1582760528329116
-1.75 -1.5 32 33 55.52829925676343 0.1496291283354444
-1.75 -1.5 33 34 54.95115239978014 0.1415631847443635
-1.75 -1.5 34 35 54.19985617911505 0.1340281445247987
-1.75 -1.5 35 36 53.31130988493686 0.1269793375785936
-1.75 -1.5 36 37 52.31596529334411 0.1203767995206768
-1.75 -1.5 37 38 51.23897187368766 0.1141846758445379
-1.75 -1.5 38 39 50.10110601429756 0.1083707135824222
-1.75 -1.5 39 40 48.9195279264539 0.1029058264603842
-1.75 -1.5 40 41 47.70840054225266 0.09776371980451057
-1.75 -1.5 41 42 46.47939717078822 0.0929205693439613
-1.75 -1.5 42 43 45.24211936699504 0.0883547406159209
-1.75 -1.5 43 44 44.00444185795868 0.08404654722723603
-1.75 -1.5 44 45 42.77279806923582 0.07997803967100608
-1.75 -1.5 45 46 41.55129331783027 0.07684903047306711
-1.75 -1.5 46 47 40.34626606661701 0.07727655956943201
-1.75 -1.5 47 48 39.15996489906516 0.08135048662744648
-1.75 -1.5 48 49 37.99506618427517 0.08841663934343758
-1.75 -1.5 49 50 36.85346955197349 0.09588447538709348
-1.5 -1.25 0 1 5419.303590878589 3.201391224210644
-1.5 -1.25 1 2 -1878.932580394948 3.964151483832735
-1.5 -1.25 2 3 -5438.271659918973 1.679883427230981
-1.5 -1.25 3 4 -4345.285083293932 1.61754240151515
-1.5 -1.25 4 5 -3190.268271448283 1.445197828898303
-1.5 -1.25 5 6 -2322.834964575037 1.276462614439996
-1.5 -1.25 6 7 -1702.665892355469 1.129343774744329
-1.5 -1.25 7 8 -1259.623342014315 1.004207097993463
-1.5 -1.25 8 9 -939.4307523153038 0.898958870790498
-1.5 -1.25 9 10 -704.6283208241884 0.8081113530917491
-1.5 -1.25 10 11 -529.8511285147083 0.7312899905447241
-1.5 -1.25 11 12 -398.1236161358615 0.6647011995042553
-1.5 -1.25 12 13 -297.6797792976004 0.6067921417394463
-1.5 -1.25 13 14 -220.3393231034004 0.5560757866491961
-1.5 -1.25 14 15 -160.3007863629978 0.5113696722002524
-1.5 -1.25 15 16 -113.382941458472 0.4717272410021054
-1.5 -1.25 16 17 -76.52668050636203 0.436384623373448
-1.5 -1.25 17 18 -47.46280539110876 0.4047201160026751
-1.5 -1.25 18 19 -24.48681278920208 0.3762234473356391
-1.5 -1.25 19 20 -6.303730021146066 0.3504724056773529
-1.5 -1.25 20 21 8.080451482475837 0.3271149567612121
-1.5 -1.25 21 22 19.43585205650902 0.305855465357542
-1.5 -1.25 22 23 28.36417118408224 0.2864439854674405
-1.5 -1.25 23 24 35.3391104377763 0.2686678708832272
-1.5 -1.25 24 25 40.7361784495746 0.252345148565185
-1.5 -1.25 25 26 44.85490535976862 0.2376661644656074
-1.5 -1.25 26 27 47.93556599882015 0.2259664707254818
-1.5 -1.25 27 28 50.17188596614812 0.2150482023962231
-1.5 -1.25 28 29 51.72077851079541 0.2048437613984007
-1.5 -1.25 29 30 52.70986534845372 0.1952926838791687
-1.5 -1.25 30 31 53.2433286826157 0.1863407775065765
-1.5 -1.25 31 32 53.4064959018466 0.1779393694316021
-1.5 -1.25 32 33 53.26945426734102 0.1700446532994948
-1.5 -1.25 33 34 52.88991772830127 0.1626171214317062
-1.5 -1.25 34 35 52.31551314904704 0.1556210701135454
-1.5 -1.25 35 36 51.58561293918848 0.1490241692288329
-1.5 -1.25 36 37 50.73281112370455 0.1427970866181249
-1.5 -1.25 37 38 49.78411760469334 0.1369131586204554
-1.5 -1.25 38 39 48.76192846870299 0.1313481036332663
-1.5 -1.25 39 40 47.68481740751247 0.1260797685407249
-1.5 -1.25 40 41 46.56818371061996 0.1210879076491412
-1.5 -1.25 41 42 45.42478451102056 0.116353986917953
-1.5 -1.25 42 43 44.26517350488746 0.1118610112606219
-1.5 -1.25 43 44 43.09806359923465 0.107593372697783
-1.5 -1.25 44 45 41.93062754736241 0.1035367146284484
-1.5 -1.25 45 46 40.76759695663316 0.1000241804064097
-1.5 -1.25 46 47 39.61593211272921 0.09833942473094187
-1.5 -1.25 47 48 38.47836835553272 0.09866116180599449
-1.5 -1.25 48 49 37.3580381840506 0.1008902727445428
-1.5 -1.25 49 50 36.25723494700915 0.1037724222145716
-1.25 -1 0 1 5789.207685729453 1.589918175855335
-1.25 -1 1 2 -1570.972073706507 0.6475140023769634
-1.25 -1 2 3 -5472.132541193527 2.003942438952616
-1.25 -1 3 4 -4420.792486384398 1.922839466012255
-1.25 -1 4 5 -3262.027303961062 1.700512803911468
-1.25 -1 5 6 -2383.298665961211 1.490264468844124
-1.25 -1 6 7 -1751.992948717417 1.31176305820138
-1.25 -1 7 8 -1299.539386413413 1.163054866428762
-1.25 -1 8 9 -971.7314440937257 1.038284282702778
-1.25 -1 9 10 -730.8406437256381 0.93392452820107
-1.25 -1 10 11 -551.2052668607507 0.8444570652227897
-1.25 -1 11 12 -415.5787590047871 0.7677359645563179
-1.25 -1 12 13 -311.9901504302318 0.7012143994260027
-1.25 -1 13 14 -232.0982004624661 0.6430766497965106
-1.25 -1 14 15 -169.9776500592018 0.5919028885567276
-1.25 -1 15 16 -121.3518686131235 0.5465704232430758
-1.25 -1 16 17 -83.08781681980599 0.5061815284254336
-1.25 -1 17 18 -52.85859514545723 0.4700106496256898
-1.25 -1 18 19 -28.91432251549008 0.4374654913119554
-1.25 -1 19 20 -9.924070164892782 0.4080580483375287
-1.25 -1 20 21 5.134867274475937 0.381382799839522
-1.25 -1 21 22 17.05566878014724 0.3571001113983578
-1.25 -1 22 23 26.45867893521176 0.3349234646533856
-1.25 -1 23 24 33.83276350906692 0.3146095313684918
-1.25 -1 24 25 39.56583057114699 0.295950381823516
-1.25 -1 25 26 43.96759925412118 0.2787673162199287
-1.25 -1 26 27 47.28675528099336 0.2629059362170226
-1.25 -1 27 28 49.72399669320464 0.2482321790428724
-1.25 -1 28 29 51.44203936663337 0.2346291004167097
-1.25 -1 29 30 52.5733516410537 0.2219942479404642
-1.25 -1 30 31 53.22617751914379 0.2102375015167698
-1.25 -1 31 32 53.48925915744644 0.1992792883109734
-1.25 -1 32 33 53.43556304552874 0.1890490972796028
-1.25 -1 33 34 53.12523745444264 0.1794842370958977
-1.25 -1 34 35 52.60797267315326 0.1705287922862297
-1.25 -1 35 36 51.92489432372162 0.1621327413312047
-1.25 -1 36 37 51.11008938480478 0.1542512083346945
-1.25 -1 37 38 50.19184172603065 0.1468438256753458
-1.25 -1 38 39 49.19363663366539 0.1398741883177777
-1.25 -1 39 40 48.13498069323623 0.1333093852300288
-1.25 -1 40 41 47.0320735334285 0.1271195953040277
-1.25 -1 41 42 45.89835994449641 0.121277738092815
-1.25 -1 42 43 44.74498528105062 0.1157591699890022
-1.25 -1 43 44 43.58117214458537 0.1105414205029293
-1.25 -1 44 45 42.41453286170866 0.1056039610691016
-1.25 -1 45 46 41.25015091352111 0.1013091996918433
-1.25 -1 46 47 40.09537085305044 0.09908613813216519
-1.25 -1 47 48 38.95318376027288 0.09915545199769216
-1.25 -1 48 49 37.82696700097088 0.1014010361968822
-1.25 -1 49 50 36.71922886626785 0.1088814580180949
-1 -0.75 0 1 6110.897044273557 2.282650209539268
-1 -0.75 1 2 -1278.767394269624 2.091530304085306
-1 -0.75 2 3 -5470.754471101691 1.550962273056196
-1 -0.75 3 4 -4458.956047673983 1.50937522281145
-1 -0.75 4 5 -3301.522459928404 1.354409077900171
-1 -0.75 5 6 -2417.24926506431 1.204516329460578
-1 -0.75 6 7 -1779.86303477111 1.075113881157319
-1 -0.75 7 8 -1322.145989091789 0.9653589650055732
-1 -0.75 8 9 -990.0479647840402 0.8717912636893871
-1 -0.75 9 10 -745.7225243934372 0.7911628391123635
-1 -0.75 10 11 -563.3476588452959 0.7218397443629195
-1 -0.75 11 12 -425.52492870063 0.6611723909787788
-1 -0.75 12 13 -320.1682286922501 0.6078562794351207
-1 -0.75 13 14 -238.8452224962773 0.5606954071326301
-1 -0.75 14 15 -175.5604133174863 0.5187345630079953
-1 -0.75 15 16 -125.9829437473943 0.4812029443081948
-1 -0.75 16 17 -86.93768183919997 0.4474723750500185
-1 -0.75 17 18 -56.06482403352538 0.4170261670647119
-1 -0.75 18 19 -31.58857553737494 0.389435686388612
-1 -0.75 19 20 -12.15744934348822 0.364342532439352
-1 -0.75 20 21 3.267682455034446 0.3414448364217533
-1 -0.75 21 22 15.49320174545846 0.3204866279513713
-1 -0.75 22 23 25.15012993375331 0.3012494946227684
-1 -0.75 23 24 32.73601306464184 0.2835459894809423
-1 -0.75 24 25 38.64585069013799 0.2672143704180852
-1 -0.75 25 26 43.1951811600095 0.2521143742623818
-1 -0.75 26 27 46.63748474237934 0.2381237923934448
-1 -0.75 27 28 49.17742440092297 0.2251356806769479
-1 -0.75 28 29 50.98100597744269 0.2130560677996109
-1 -0.75 29 30 52.18343621025292 0.2018020642786904
-1 -0.75 30 31 52.89524491423333 0.1913002901709188
-1 -0.75 31 32 53.20708728707393 0.1814855633407446
-1 -0.75 32 33 53.19353474817422 0.1722997974943114
-1 -0.75 33 34 52.91608499942902 0.1636910721218321
-1 -0.75 34 35 52.42556524671153 0.1556128450481764
-1 -0.75 35 36 51.76406076400059 0.1480232817912994
-1 -0.75 36 37 50.96646992640206 0.1408846812498358
-1 -0.75 37 38 50.06176369463805 0.1341629851762361
-1 -0.75 38 39 49.07400997841694 0.1278273526718397
-1 -0.75 39 40 48.02320999333745 0.1218497952889055
-1 -0.75 40 41 46.92598373070513 0.1162048579693518
-1 -0.75 41 42 45.79613353309151 0.1108693436267525
-1 -0.75 42 43 44.64510909255563 0.1058220710340649
-1 -0.75 43 44 43.48239218217668 0.1010436640724972
-1 -0.75 44 45 42.31581590427498 0.09651636623911398
-1 -0.75 45 46 41.15062747607527 0.09302553199290979
-1 -0.75 46 47 39.9943766212985 0.09350748639059565
-1 -0.75 47 48 38.8501663765372 0.09807301089164282
-1 -0.75 48 49 37.72148995025333 0.1059943256301955
-1 -0.75 49 50 36.61094772906895 0.1143768329763417
-0.75 -0.5 0 1 6363.399044892205 3.260271588313342
-0.75 -0.5 1 2 -1053.016650608029 2.743240686591922
-0.75 -0.5 2 3 -5476.602011875769 1.55786273875713
-0.75 -0.5 3 4 -4497.629228670642 1.525839359136391
-0.75 -0.5 4 5 -3341.730513645464 1.371265295774516
-0.75 -0.5 5 6 -2452.839449243619 1.218908157999404
-0.75 -0.5 6 7 -1810.079125588765 1.086450187328084
-0.75 -0.5 7 8 -1347.516456470158 0.9737225032274763
-0.75 -0.5 8 9 -1011.333346431069 0.8905980826262139
-0.75 -0.5 9 10 -763.6360993006142 0.8217376403121486
-0.75 -0.5 10 11 -578.4939717823468 0.7586295940829563
-0.75 -0.5 11 12 -438.3943636250469 0.7018379585847776
-0.75 -0.5 12 13 -331.1573625507224 0.6506549233143706
-0.75 -0.5 13 14 -248.2737786016467 0.6045048585391779
-0.75 -0.5 14 15 -183.6869581394967 0.562821943872908
-0.75 -0.5 15 16 -133.0176078052946 0.5250862834235346
-0.75 -0.5 16 17 -93.05217958261164 0.4908348818343192
-0.75 -0.5 17 18 -61.40026994168807 0.4596616916914971
-0.75 -0.5 18 19 -36.26157464739731 0.4312132024225452
-0.75 -0.5 19 20 -16.26485809423798 0.4051825402110811
-0.75 -0.5 20 21 -0.3549844929411847 0.3813034209621904
-0.75 -0.5 21 22 12.28747894743606 0.3593445277684659
-0.75 -0.5 22 23 22.30425231374034 0.339104518673682
-0.75 -0.5 23 24 30.20169746719841 0.320407700301341
-0.75 -0.5 24 25 36.38211352892336 0.303100328210116
-0.75 -0.5 25 26 41.16711042342604 0.2870474646135936
-0.75 -0.5 26 27 44.81524009795226 0.2721303189089207
-0.75 -0.5 27 28 47.53541892087253 0.2582439988247288
-0.75 -0.5 28 29 49.49723333185375 0.2452956075673104
-0.75 -0.5 29 30 50.83891501285723 0.2332026324951021
-0.75 -0.5 30 31 51.67355791567002 0.2218915764089195
-0.75 -0.5 31 32 52.09399772405754 0.2112967928533102
-0.75 -0.5 32 33 52.17666575108012 0.201359492861414
-0.75 -0.5 33 34 51.98465075459387 0.1920268939796504
-0.75 -0.5 34 35 51.57014480709137 0.1832514907273536
-0.75 -0.5 35 36 50.97640714100055 0.1749904260818784
-0.75 -0.5 36 37 50.2393484701571 0.1672049489187917
-0.75 -0.5 37 38 49.38881487442075 0.1598599448938143
-0.75 -0.5 38 39 48.44963255338672 0.1529235280139711
-0.75 -0.5 39 40 47.4424612789947 0.146366685792778
-0.75 -0.5 40 41 46.38449423995542 0.140162969723872
-0.75 -0.5 41 42 45.29003373617502 0.1342882234807579
-0.75 -0.5 42 43 44.17096642795292 0.1287203450521917
-0.75 -0.5 43 44 43.03715675486728 0.123439077246667
-0.75 -0.5 44 45 41.89677356922476 0.1184258230787033
-0.75 -0.5 45 46 40.75534256191736 0.1140447395382573
-0.75 -0.5 46 47 39.62070199266554 0.1117206317390517
-0.75 -0.5 47 48 38.49616797175008 0.1116700759433581
-0.75 -0.5 48 49 37.3854365788923 0.1137879704910387
-0.75 -0.5 49 50 36.29128626266851 0.1166831325791979
-0.5 -0.25 0 1 6533.315713299416 3.354735889257809
-0.5 -0.25 1 2 -905.219796847301 2.354469860394091
-0.5 -0.25 2 3 -5484.65661710767 1.536289331042862
-0.5 -0.25 3 4 -4526.700519211063 1.522737663408649
-0.5 -0.25 4 5 -3370.830095329914 1.434525394932086
-0.5 -0.25 5 6 -2478.040956312454 1.347377182195725
-0.5 -0.25 6 7 -1831.078231695679 1.239520081045911
-0.5 -0.25 7 8 -1364.830661650219 1.133583685608851
-0.5 -0.25 8 9 -1025.594214785565 1.036312479014188
-0.5 -0.25 9 10 -775.4101084756471 0.9492282672346286
-0.5 -0.25 10 11 -588.2523445238189 0.8712490286806825
-0.5 -0.25 11 12 -446.5122847373036 0.8020549790368302
-0.5 -0.25 12 13 -337.9350179303656 0.7404311661092442
-0.5 -0.25 13 14 -253.950772365253 0.6853992095402678
-0.5 -0.25 14 15 -188.4553575788348 0.6360902124770247
-0.5 -0.25 15 16 -137.0322473160479 0.5917525024114276
-0.5 -0.25 16 17 -96.43863581031701 0.5517432471181766
-0.5 -0.25 17 18 -64.26100078606623 0.5155150267955219
-0.5 -0.25 18 19 -38.68065199103989 0.4826018703575173
-0.5 -0.25 19 20 -18.31163423663179 0.4526064709627481
-0.5 -0.25 20 21 -2.08695083094517 0.4251891024214078
-0.5 -0.25 21 22 10.82244737947053 0.400058261546827
-0.5 -0.25 22 23 21.06612203966415 0.3769628702452923
-0.5 -0.25 23 24 29.15686357386789 0.3556858183260723
-0.5 -0.25 24 25 35.50226742184236 0.3360386260454282
-0.5 -0.25 25 26 40.42832702961095 0.317857032145259
-0.5 -0.25 26 27 44.19723782336621 0.3009973396176824
-0.5 -0.25 27 28 47.02095651551713 0.2853333810745535
-0.5 -0.25 28 29 49.07161594109493 0.2707539900626396
-0.5 -0.25 29 30 50.48958781804379 0.2571608873731174
-0.5 -0.25 30 31 51.38977042415365 0.2444669059003843
-0.5 -0.25 31 32 51.86652533639051 0.2325944963719842
-0.5 -0.25 32 33 51.9975779797312 0.2214744624387844
-0.5 -0.25 33 34 51.8471176119773 0.2110448872261824
-0.5 -0.25 34 35 51.4682745487504 0.2012502188797879
-0.5 -0.25 35 36 50.90510986489033 0.1920404881170107
-0.5 -0.25 36 37 50.1942211185517 0.1833706371880744
-0.5 -0.25 37 38 49.36604400648656 0.1751999415214614
-0.5 -0.25 38 39 48.44591192625455 0.1674915106562074
-0.5 -0.25 39 40 47.45492180343069 0.1602118557957862
-0.5 -0.25 40 41 46.41064430737833 0.1533305126658317
-0.5 -0.25 41 42 45.32770826397172 0.146819714932279
-0.5 -0.25 42 43 44.21828325046937 0.1406541064884216
-0.5 -0.25 43 44 43.09247922199575 0.1348104907837785
-0.5 -0.25 44 45 41.95867840123179 0.1292676097072673
-0.5 -0.25 45 46 40.82258063162953 0.1243634922845262
-0.5 -0.25 46 47 39.69220863487135 0.1214354186305462
-0.5 -0.25 47 48 38.5710081519145 0.1207024055239252
-0.5 -0.25 48 49 37.46279845283516 0.1220949980453099
-0.5 -0.25 49 50 36.37046629603549 0.124312467220603
-0.25 0 0 1 6620.301601472169 3.574134512349849
-0.25 0 1 2 -827.5741972012538 3.020899151567312
-0.25 0 2 3 -5485.928541989199 1.554790210477778
-0.25 0 3 4 -4538.301971685114 1.532267249091782
-0.25 0 4 5 -3382.329402588319 1.380748430163034
-0.25 0 5 6 -2487.640967891385 1.229531644400239
-0.25 0 6 7 -1838.728306557918 1.116218249585545
-0.25 0 7 8 -1370.83475129434 1.032621190024671
-0.25 0 8 9 -1030.280012565767 0.9521117281272675
-0.25 0 9 10 -779.0556310889579 0.8779688458152972
-0.25 0 10 11 -591.0805660966757 0.8101959472398742
-0.25 0 11 12 -448.6947641518386 0.749217245751657
-0.25 0 12 13 -339.6055628136678 0.6943092632035468
-0.25 0 13 14 -255.2137013304421 0.6448424179590256
-0.25 0 14 15 -189.392519153655 0.6001994072650886
-0.25 0 15 16 -137.7083110624014 0.5598140679787088
-0.25 0 16 17 -96.90504585369308 0.5231829873024834
-0.25 0 17 18 -64.55893501159153 0.4898652972308172
-0.25 0 18 19 -38.84325168144846 0.4594776780338533
-0.25 0 19 20 -18.36569875849068 0.4316877905360035
-0.25 0 20 21 -2.054237898277506 0.4062075884066645
-0.25 0 21 22 10.92421473628974 0.3827871232253726
-0.25 0 22 23 21.22246875128576 0.3612090587162809
-0.25 0 23 24 29.35594287839581 0.3412839276306545
-0.25 0 24 25 35.73436920093127 0.3228460825237208
-0.25 0 25 26 40.68548511298877 0.3057502627050158
-0.25 0 26 27 44.47291447959617 0.2898686929134461
-0.25 0 27 28 47.30978762011455 0.2750886329325163
-0.25 0 28 29 49.36920417975057 0.2613103072369514
-0.25 0 29 30 50.79233416479894 0.2484451533438571
-0.25 0 30 31 51.69473629087906 0.2364143360200923
-0.25 0 31 32 52.17131942999231 0.2251474836468911
-0.25 0 32 33 52.30026315485156 0.2145816122318409
-0.25 0 33 34 52.14613397399705 0.2046602038884872
-0.25 0 34 35 51.76237581463818 0.1953324175256787
-0.25 0 35 36 51.19331057662941 0.1865524100127523
-0.25 0 36 37 50.47575276903075 0.1782787495744486
-0.25 0 37 38 49.64031850656465 0.170473909572651
-0.25 0 38 39 48.71249113321062 0.1631038285027853
-0.25 0 39 40 47.71349206734487 0.1561375271657985
-0.25 0 40 41 46.6609951820713 0.1495467749907208
-0.25 0 41 42 45.56971467934 0.1433057979903514
-0.25 0 42 43 44.451890569608 0.1373910223427008
-0.25 0 43 44 43.31769070554054 0.131780849436939
-0.25 0 44 45 42.17554468587599 0.1264554576886181
-0.25 0 45 46 41.03118401896813 0.121766438021523
-0.25 0 46 47 39.89267623968976 0.1190965352433186
-0.25 0 47 48 38.76348493512 0.1186661056968325
-0.25 0 48 49 37.6474488480554 0.1203929766916995
-0.25 0 49 50 36.54746937023594 0.1229309060552472
0 0.25 0 1 6619.808705827441 3.574131176805951
0 0.25 1 2 -828.4949165500889 3.020872909252148
0 0.25 2 3 -5486.528904295366 1.55471249002749
0 0.25 3 4 -4538.47565115936 1.532203316010428
0 0.25 4 5 -3382.262741357063 1.380714446653166
0 0.25 5 6 -2487.477468585859 1.229529358764221
0 0.25 6 7 -1838.539739125922 1.116239731708066
0 0.25 7 8 -1370.653246743785 1.032656768950994
0 0.25 8 9 -1030.117528912122 0.952152967360456
0 0.25 9 10 -778.9146735580107 0.8780089512784118
0 0.25 10 11 -590.9602911436577 0.8102356131976002
0 0.25 11 12 -448.592045021207 0.7492537371161756
0 0.25 12 13 -339.517288603432 0.6943420904937508
0 0.25 13 14 -255.1370570500787 0.6448715630531124
0 0.25 14 15 -189.3251605253988 0.6002250908804493
0 0.25 15 16 -137.6483758452307 0.5598366138557284
0 0.25 16 17 -96.85109739451764 0.5232027476900335
0 0.25 17 18 -64.50988508875412 0.4898826143793738
0 0.25 18 19 -38.79828443827387 0.4594928662755385
0 0.25 19 20 -18.32420459137415 0.4317011298857626
0 0.25 20 21 -2.015759762470225 0.4062193240504931
0 0.25 21 22 10.96002309336745 0.3827974675569746
0 0.25 22 23 21.25587429399957 0.3612181948063594
0 0.25 23 24 29.38715648165237 0.3412920128222887
0 0.25 24 25 35.76356238738765 0.3228532520226158
0 0.25 25 26 40.71280190681148 0.305756632680516
0 0.25 26 27 44.49847965095682 0.2898743633734076
0 0.25 27 28 47.33371231285275 0.2750936900837686
0 0.25 28 29 49.39158967708954 0.2613148255549482
0 0.25 29 30 50.81327435312346 0.2484491973810523
0 0.25 30 31 51.71431923063483 0.2364179615793942
0 0.25 31 32 52.18962832865361 0.2251507394074823
0 0.25 32 33 52.31737694949607 0.2145845406695827
0 0.25 33 34 52.16212767036097 0.2046628419241885
0 0.25 34 35 51.77732067648742 0.195334797580445
0 0.25 35 36 51.20727423841106 0.1865545603655971
0 0.25 36 37 50.48879930719488 0.1782806952629136
0 0.25 37 38 49.65250850067423 0.1704756723942362
0 0.25 38 39 48.7238817298545 0.1631054278695879
0 0.25 39 40 47.72413705539691 0.1561389800573381
0 0.25 40 41 46.67094508307588 0.1495480965190455
0 0.25 41 42 45.57901685094754 0.143307001432751
0 0.25 42 43 44.46058932453303 0.1373921194538569
0 0.25 43 44 43.32582743884097 0.131781850917896
0 0.25 44 45 42.18315801195939 0.1264563726323094
0 0.25 45 46 41.03830987384333 0.1217672869225935
0 0.25 46 47 39.89934813350033 0.1190973803373523
0 0.25 47 48 38.76973397938139 0.1186670079415458
0 0.25 48 49 37.6533039517781 0.1203939846849574
0 0.25 49 50 36.5529573479775 0.1229320230919233
0.25 0.5 0 1 6531.910052180723 3.354727784705545
0.25 0.5 1 2 -907.8406668751172 2.354397209843358
0.25 0.5 2 3 -5486.358228572609 1.5361365080044
0.25 0.5 3 4 -4527.187681571463 1.522629405955547
0.25 0.5 4 5 -3370.638671238182 1.434482371468428
0.25 0.5 5 6 -2477.579194155623 1.34738723212829
0.25 0.5 6 7 -1830.548394289377 1.239563572837767
0.25 0.5 7 8 -1364.322400442847 1.133646905953332
0.25 0.5 8 9 -1025.140310381692 1.036382419587487
0.25 0.5 9 10 -775.0169176175809 0.9492928249290036
0.25 0.5 10 11 -587.9170604302462 0.871314124414849
0.25 0.5 11 12 -446.2258084270088 0.8021149400655796
0.25 0.5 12 13 -337.6884529701622 0.740485384205811
0.25 0.5 13 14 -253.7361560976078 0.6854477128014337
0.25 0.5 14 15 -188.2661189895605 0.6361333506457278
0.25 0.5 15 16 -136.8632126839102 0.5917907626886377
0.25 0.5 16 17 -96.28585071769999 0.5517771528826525
0.25 0.5 17 18 -64.12149967869777 0.5155450849023976
0.25 0.5 18 19 -38.55223533025401 0.4826285470530962
0.25 0.5 19 20 -18.19267702736124 0.4526301829583314
0.25 0.5 20 21 -1.976248501274085 0.4252102163260077
0.25 0.5 21 22 10.92579787686918 0.4000770969888872
0.25 0.5 22 23 21.16281115262564 0.3769797047367418
0.25 0.5 23 24 29.24743401883211 0.355700892454835
0.25 0.5 24 25 35.58716047653547 0.3360521484411094
0.25 0.5 25 26 40.50791488676191 0.3178691838913689
0.25 0.5 26 27 44.27184572176577 0.301008278279989
0.25 0.5 27 28 47.09087752733262 0.2853432439292345
0.25 0.5 28 29 49.13712058415229 0.2707628971333792
0.25 0.5 29 30 50.55093009814243 0.2571689435785053
0.25 0.5 30 31 51.44719146876287 0.2444742036071045
0.25 0.5 31 32 51.92025545054298 0.2326011166509925
0.25 0.5 32 33 52.04783770344307 0.2214804767018263
0.25 0.5 33 34 51.89411818086933 0.2110503586066005
0.25 0.5 34 35 51.51221802269612 0.2012552031317658
0.25 0.5 35 36 50.946189103991 0.1920450347134138
0.25 0.5 36 37 50.23261971148844 0.1833747899671834
0.25 0.5 37 38 49.40193621879394 0.1752037394316026
0.25 0.5 38 39 48.47946270397256 0.167494988436742
0.25 0.5 39 40 47.48628684350933 0.1602150441213577
0.25 0.5 40 41 46.43997020131292 0.1533334392596345
0.25 0.5 41 42 45.35513270709697 0.1468224043569771
0.25 0.5 42 43 44.24393530868275 0.140656580719625
0.25 0.5 43 44 43.11647964564077 0.134812769413172
0.25 0.5 44 45 41.9811399754056 0.129269710458507
0.25 0.5 45 46 40.84360845701394 0.124365462909221
0.25 0.5 46 47 39.71190076908709 0.1214374202490185
0.25 0.5 47 48 38.58945573289787 0.1207046007878388
0.25 0.5 48 49 37.48008622939295 0.1220975217189694
0.25 0.5 49 50 36.38667292879089 0.1243153316092863
0.5 0.75 0 1 6361.163626855573 3.260270489218209
0.5 0.75 1 2 -1057.169399723398 2.743215179090172
0.5 0.75 2 3 -5479.269554100456 1.557743933996633
0.5 0.75 3 4 -4498.361337558245 1.525719984627412
0.5 0.75 4 5 -3341.396378850137 1.371198870224757
0.5 0.75 5 6 -2452.091661125077 1.218897639558752
0.5 0.75 6 7 -1809.235885260849 1.086476378932978
0.5 0.75 7 8 -1346.715696360245 0.9737714249119106
0.5 0.75 8 9 -1010.623370827953 0.8906533846620032
0.5 0.75 9 10 -763.0243968119139 0.8217826710460412
0.5 0.75 10 11 -577.9745158147098 0.7586788804758215
0.5 0.75 11 12 -437.9517893736088 0.7018830058169375
0.5 0.75 12 13 -330.7770980879009 0.6506953665965554
0.5 0.75 13 14 -247.9430092867105 0.6045408115128752
0.5 0.75 14 15 -183.395234958519 0.5628537475160387
0.5 0.75 15 16 -132.7567827876958 0.5251143686705485
0.5 0.75 16 17 -92.81607945673932 0.490859695978361
0.5 0.75 17 18 -61.18430518436548 0.4596836604136033
0.5 0.75 18 19 -36.06237189719604 0.4312327116996273
0.5 0.75 19 20 -16.07994906285944 0.4051999300412576
0.5 0.75 20 21 -0.1825580437143799 0.38131898531866
0.5 0.75 21 22 12.44876662158003 0.3593585177415088
0.5 0.75 22 23 22.45541874062519 0.339117147071847
0.5 0.75 23 24 30.34353614812892 0.3204191469062446
0.5 0.75 24 25 36.51526643253567 0.3031107444604341
0.5 0.75 25 26 41.2921182668116 0.2870569782734865
0.5 0.75 26 27 44.93257642025162 0.2721390377945999
0.5 0.75 27 28 47.64551257060771 0.2582520142961934
0.5 0.75 28 29 49.6004828345358 0.2453029974217091
0.5 0.75 29 30 50.93569737339431 0.2332094631868962
0.5 0.75 30 31 51.76423369669158 0.2218979048611462
0.5 0.75 31 32 52.17891371259952 0.2113026684870314
0.5 0.75 32 33 52.25615612456397 0.2013649583788883
0.5 0.75 33 34 52.05903737160327 0.1920319868921691
0.5 0.75 34 35 51.63973703939001 0.183256243701782
0.5 0.75 35 36 51.04150151428684 0.1749948682138943
0.5 0.75 36 37 50.30022828239078 0.1672091059174502
0.5 0.75 37 38 49.44574988437358 0.1598638396514496
0.5 0.75 38 39 48.50287879097419 0.1529271809635805
0.5 0.75 39 40 47.49226099534246 0.1463701154263754
0.5 0.75 40 41 46.43107599461007 0.1401661927541168
0.5 0.75 41 42 45.33361261289457 0.1342912549188701
0.5 0.75 42 43 44.21174435926292 0.1287231984513058
0.5 0.75 43 44 43.07532293587826 0.1234417652033148
0.5 0.75 44 45 41.9325049422132 0.1184283569064143
0.5 0.75 45 46 40.78880423562794 0.1140471780115037
0.5 0.75 46 47 39.65204810842272 0.1117232091985852
0.5 0.75 47 48 38.52554196002183 0.1116730361212396
0.5 0.75 48 49 37.41297193029285 0.1137915194835794
0.5 0.75 49 50 36.31710697288838 0.1166872862880803
0.75 1 0 1 6107.884792470049 2.282574250053337
0.75 1 1 2 -1284.358189803599 2.091043641162518
0.75 1 2 3 -5474.337150854341 1.550344537206942
0.75 1 3 4 -4459.930452544593 1.509341417777228
0.75 1 4 5 -3301.063465857787 1.354837326243028
0.75 1 5 6 -2416.235752320432 1.205151358429051
0.75 1 6 7 -1778.722583690957 1.075782239997687
0.75 1 7 8 -1321.063290352404 0.9657638202477389
0.75 1 8 9 -989.0890072648258 0.8725428211709247
0.75 1 9 10 -744.8960908104377 0.7916235265374417
0.75 1 10 11 -562.6459470925115 0.7222122601868898
0.75 1 11 12 -424.9272755228799 0.6614770162532024
0.75 1 12 13 -319.6550101397479 0.6081037900553466
0.75 1 13 14 -238.3991678458128 0.5608956554713352
0.75 1 14 15 -175.1674220864197 0.5188961033738123
0.75 1 15 16 -125.6320012050769 0.4813330075137986
0.75 1 16 17 -86.62042372512974 0.4475769763129872
0.75 1 17 18 -55.7750143802059 0.4171102567546491
0.75 1 18 19 -31.32161531435031 0.3895033062971303
0.75 1 19 20 -11.9099602933436 0.3643969620642824
0.75 1 20 21 3.498189798134945 0.3414887235585879
0.75 1 21 22 15.70858255421172 0.3205221011706744
0.75 1 22 23 25.35179449905365 0.3012782599198074
0.75 1 23 24 32.9250643933359 0.283569409418011
0.75 1 24 25 38.82318232207115 0.2672335315604802
0.75 1 25 26 43.36154525905033 0.2521301408461987
0.75 1 26 27 46.79353846508934 0.2381368511001685
0.75 1 27 28 49.3237607059126 0.225146576259749
0.75 1 28 29 51.11817350509352 0.2130652324330446
0.75 1 29 30 52.31195164364317 0.2018098397901838
0.75 1 30 31 53.01560028932204 0.1913069479159098
0.75 1 31 32 53.3197540064715 0.181491317959514
0.75 1 32 33 53.29896552546597 0.172304818920244
0.75 1 33 34 53.01471457712455 0.1636954954034659
0.75 1 34 35 52.51781044772645 0.1556167771674153
0.75 1 35 36 51.85032024582284 0.1480268076715094
0.75 1 36 37 51.0471238643359 0.1408878687491578
0.75 1 37 38 50.13717352813376 0.1341658882286587
0.75 1 38 39 49.14451829081185 0.1278300144533607
0.75 1 39 40 48.08914055539026 0.1218522505593743
0.75 1 40 41 46.98764170751059 0.1162071346492974
0.75 1 41 42 45.85380584592798 0.1108714644264772
0.75 1 42 43 44.69906491203119 0.1058240543255089
0.75 1 43 44 43.53288353005337 0.1010455250167439
0.75 1 44 45 42.36307833937894 0.09651811732905428
0.75 1 45 46 41.19488067554232 0.09302724276691816
0.75 1 46 47 40.03582558982544 0.09350943511327645
0.75 1 47 48 38.88900178175388 0.09807546241616352
0.75 1 48 49 37.75788917793938 0.1059974719969158
0.75 1 49 50 36.6450754886543 0.1143806522211699
1 1.25 0 1 5785.5008104809 1.590166691143326
1 1.25 1 2 -1577.871336836958 0.6500481807513381
1 1.25 2 3 -5476.589845949979 2.00430874292801
1 1.25 3 4 -4422.0437818349 1.922516280980963
1 1.25 4 5 -3261.495607426352 1.699889009296587
1 1.25 5 6 -2382.061319872268 1.489628082444057
1 1.25 6 7 -1750.581552029175 1.311224315433685
1 1.25 7 8 -1298.188771496479 1.162627063431995
1 1.25 8 9 -970.5261903896262 1.038342218110452
1 1.25 9 10 -729.7993971090145 0.9332920037877936
1 1.25 10 11 -550.3176781481052 0.8442776302172448
1 1.25 11 12 -414.8214370763512 0.7676041069269862
1 1.25 12 13 -311.3394546561735 0.7011193195647867
1 1.25 13 14 -231.5329810360124 0.6430101970809984
1 1.25 14 15 -169.4804347085576 0.591858793415054
1 1.25 15 16 -120.9088701456155 0.5465437668052926
1 1.25 16 17 -82.68846354832044 0.5061683958004735
1 1.25 17 18 -52.49492608097307 0.4700079003684868
1 1.25 18 19 -28.58040330439644 0.4374706010284843
1 1.25 19 20 -9.615491302650753 0.4080689917011547
1 1.25 20 21 5.421394659371117 0.3813979597128273
1 1.25 21 22 17.32262525324245 0.357118205496934
1 1.25 22 23 26.707970905563 0.334943484983317
1 1.25 23 24 34.06589460827456 0.314630693151584
1 1.25 24 25 39.78402451403667 0.295972081790239
1 1.25 25 26 44.17188623079289 0.2787890967259938
1 1.25 26 27 47.47803154224346 0.2629274567218802
1 1.25 27 28 49.90306481384061 0.2482531915495947
1 1.25 28 29 51.60963483783701 0.2346494300137531
1 1.25 29 30 52.73015997228447 0.2220137768403075
1 1.25 30 31 53.37284488909552 0.2102561560439601
1 1.25 31 32 53.62639878953871 0.1992970286900947
1 1.25 32 33 53.56375883448459 0.1890659090231495
1 1.25 33 34 53.24504590295203 0.1795001249581172
1 1.25 34 35 52.71992384980791 0.170543774418713
1 1.25 35 36 52.02949231640798 0.1621468458745103
1 1.25 36 37 51.20781254703104 0.1542644700186787
1 1.25 37 38 50.28314289838653 0.1468562832158173
1 1.25 38 39 49.27894344307151 0.1398858830545258
1 1.25 39 40 48.21469597703486 0.1333203593542118
1 1.25 40 41 47.10657590441519 0.1271298908247868
1 1.25 41 42 45.96800449251225 0.1212873965705066
1 1.25 42 43 44.81010439189555 0.1157682314246117
1 1.25 43 44 43.64207641632169 0.1105499233463884
1 1.25 44 45 42.47151209218191 0.1056119418342452
1 1.25 45 46 41.30347487999319 0.1013167938422758
1 1.25 46 47 40.14529106750416 0.09909383931926524
1 1.25 47 48 38.99993378555297 0.099163747731292
1 1.25 48 49 37.87076387222564 0.1014103015556265
1 1.25 49 50 36.76027388828481 0.108891266053845
1.25 1.5 0 1 5415.277222604502 3.201579321304499
1.25 1.5 1 2 -1886.384118402162 3.964935131268106
1.25 1.5 2 3 -5443.017450498319 1.681563235164024
1.25 1.5 3 4 -4346.55871585804 1.617976514374458
1.25 1.5 4 5 -3189.653107247456 1.44465330810171
1.25 1.5 5 6 -2321.496089081899 1.275412386519836
1.25 1.5 6 7 -1701.163974869041 1.128134971314241
1.25 1.5 7 8 -1258.199591884638 1.003042689611594
1.25 1.5 8 9 -938.1679414485238 0.8973149816838595
1.25 1.5 9 10 -703.5417593083707 0.8078202871012328
1.25 1.5 10 11 -528.9267590896675 0.7305502141501445
1.25 1.5 11 12 -397.3350350732771 0.664099090934737
1.25 1.5 12 13 -297.0011583987769 0.6063083993367137
1.25 1.5 13 14 -219.7480271996947 0.5556910945006265
1.25 1.5 14 15 -159.7784089794638 0.5110665066894414
1.25 1.5 15 16 -112.9151643386656 0.4714904597586305
1.25 1.5 16 17 -76.10267968850394 0.4362014901767792
1.25 1.5 17 18 -47.07454977649581 0.4045800893896136
1.25 1.5 18 19 -24.12840879632427 0.3761178907855662
1.25 1.5 19 20 -5.970869396708622 0.3503942917530586
1.25 1.5 20 21 8.390930072026094 0.3270585950888237
1.25 1.5 21 22 19.72629747656515 0.3058162660530546
1.25 1.5 22 23 28.63636742040546 0.2864182575506389
1.25 1.5 23 24 35.59445536139424 0.2686526547861756
1.25 1.5 24 25 40.97580998173441 0.2523380770507549
1.25 1.5 25 26 45.07978852490578 0.2376653504458747
1.25 1.5 26 27 48.1465515494026 0.2259703658433304
1.25 1.5 27 28 50.36974877165164 0.2150555497909342
1.25 1.5 28 29 51.906241837935 0.2048535819423537
1.25 1.5 29 30 52.88361552535525 0.1953042180222963
1.25 1.5 30 31 53.40602337936764 0.1863534389665417
1.25 1.5 31 32 53.55876831303874 0.1779527080141332
1.25 1.5 32 33 53.41191478394774 0.1700583262924635
1.25 1.5 33 34 53.02315417555485 0.1626308701763423
1.25 1.5 34 35 52.44009030359018 0.1556347017940299
1.25 1.5 35 36 51.70207178108961 0.1490375426836636
1.25 1.5 36 37 50.84166810181313 0.1428101003674029
1.25 1.5 37 38 49.88586406961787 0.1369257426259734
1.25 1.5 38 39 48.85703035145406 0.1313602113923245
1.25 1.5 39 40 47.77371516459743 0.1260913722281017
1.25 1.5 40 41 46.65129253054329 0.1210989931556403
1.25 1.5 41 42 45.50249475386164 0.1163645505205628
1.25 1.5 42 43 44.33785134215685 0.111871057389887
1.25 1.5 43 44 43.16605181324752 0.1076029112005059
1.25 1.5 44 45 41.9942464552243 0.1035457595383667
1.25 1.5 45 46 40.82714522484912 0.1000328645377236
1.25 1.5 46 47 39.67168832589456 0.09834829929964661
1.25 1.5 47 48 38.53059155904555 0.09867078054363908
1.25 1.5 48 49 37.40696929724837 0.1009010661270573
1.25 1.5 49 50 36.30309759245671 0.1037843799501968
1.5 1.75 0 1 4975.926974391864 0.9779792361950705
1.5 1.75 1 2 -2275.677864071751 0.8460564171796551
1.5 1.75 2 3 -5424.412356230345 1.753617272251379
1.5 1.75 3 4 -4269.318285053476 1.692364476342177
1.5 1.75 4 5 -3109.521785813927 1.506911594168691
1.5 1.75 5 6 -2249.889643120444 1.321302220038205
1.5 1.75 6 7 -1639.732580983717 1.159222717461962
1.5 1.75 7 8 -1206.123921968153 1.022790151255782
1.5 1.75 8 9 -894.105068970835 0.9072136250758104
1.5 1.75 9 10 -666.1738004245835 0.8118048720330453
1.5 1.75 10 11 -497.1129198544932 0.7296453330508941
1.5 1.75 11 12 -370.1298631903371 0.6597139517040311
1.5 1.75 12 13 -273.6304435879269 0.5994060789338473
1.5 1.75 13 14 -199.5810786497268 0.5469816969437822
1.5 1.75 14 15 -142.3009516032294 0.5010761471758218
1.5 1.75 15 16 -97.70642404677142 0.4606112497796126
1.5 1.75 16 17 -62.81682634056006 0.4247273650723728
1.5 1.75 17 18 -35.4259350555667 0.392732488887736
1.5 1.75 18 19 -13.87989651201906 0.3640642647168487
1.5 1.75 19 20 3.075385330356085 0.3382615417284159
1.5 1.75 20 21 16.40078541584921 0.3149429270340438
1.5 1.75 21 22 26.83943557845942 0.293790478323004
1.5 1.75 22 23 34.97093945722929 0.2745371834254586
1.5 1.75 23 24 41.25081433167713 0.2569572613863313
1.5 1.75 24 25 46.03952631473715 0.2408585785627143
1.5 1.75 25 26 49.62409904108074 0.2260766671203992
1.5 1.75 26 27 52.23435832476389 0.212469966560852
1.5 1.75 27 28 54.05525856511804 0.1999160095480873
1.5 1.75 28 29 55.23631696322173 0.1883083400559949
1.5 1.75 29 30 55.89889188585812 0.1775540074876782
1.5 1.75 30 31 56.14183969627368 0.1675715132568706
1.5 1.75 31 32 56.04594152930486 0.1582891198329833
1.5 1.75 32 33 55.67738958169377 0.149643448713687
1.5 1.75 33 34 55.09054902490385 0.1415783116499517
1.5 1.75 34 35 54.33015812412452 0.1340437312877809
1.5 1.75 35 36 53.43308985994861 0.1269951172777437
1.5 1.75 36 37 52.42976918402047 0.1203925683287187
1.5 1.75 37 38 51.34531835505862 0.1142002798843732
1.5 1.75 38 39 50.20048638094096 0.1083860382877643
1.5 1.75 39 40 49.01240617120635 0.1029207882635914
1.5 1.75 40 41 47.79521368410747 0.09777825957486501
1.5 1.75 41 42 46.56055580526117 0.09293464690669301
1.5 1.75 42 43 45.31800841085368 0.0883683305769967
1.5 1.75 43 44 44.07542144656918 0.08405963569340764
1.5 1.75 44 45 42.83920457587163 0.07999062144290749
1.5 1.75 45 46 41.6134402444905 0.07686120058528371
1.5 1.75 46 47 40.40444571895409 0.07728874692617013
1.5 1.75 47 48 39.21444898646678 0.0813631055134174
1.5 1.75 48 49 38.0461073255062 0.08842998811172954
1.5 1.75 49 50 36.90130214862327 0.09589852029685905
1.75 2 0 1 4510.952413790979 1.063023932855847
1.75 2 1 2 -2675.238500620288 2.590681042319061
1.75 2 2 3 -5401.901551653877 2.683562886885856
1.75 2 3 4 -4199.257630137234 2.210921300302179
1.75 2 4 5 -3044.305894820543 1.824516993276743
1.75 2 5 6 -2196.661754186161 1.534011454759859
1.75 2 6 7 -1597.626220716475 1.312841739323012
1.75 2 7 8 -1173.025907803396 1.14032493613334
1.75 2 8 9 -868.022392155563 1.002094904168887
1.75 2 9 10 -645.4798966963144 0.8900441458981523
1.75 2 10 11 -480.6912242323988 0.7963975705966219
1.75 2 11 12 -357.0306269736473 0.7176446126892564
1.75 2 12 13 -263.155234409573 0.6504300696445522
1.75 2 13 14 -191.1924096688374 0.5924462297264877
1.75 2 14 15 -135.5813960713238 0.5419631775513316
1.75 2 15 16 -92.32888764029144 0.4976585158009013
1.75 2 16 17 -58.52286989034201 0.4585037112439617
1.75 2 17 18 -32.00983653382741 0.4236864429690599
1.75 2 18 19 -11.17681043716334 0.3925563773926486
1.75 2 19 20 5.19832142258042 0.3645865335179742
1.75 2 20 21 18.05120319144919 0.3393452450000359
1.75 2 21 22 28.10491476146638 0.3164754700581159
1.75 2 22 23 35.92301747288411 0.2956792897584888
1.75 2 23 24 41.94811754253612 0.2767061327090333
1.75 2 24 25 46.53023448974341 0.2593437177540316
1.75 2 25 26 49.94789885345324 0.2434110066595187
1.75 2 26 27 52.42400181309051 0.2287526632587458
1.75 2 27 28 54.13781371882851 0.2152346554204546
1.75 2 28 29 55.23417658922506 0.2027407320967981
1.75 2 29 30 55.83059141745332 0.191169578952949
1.75 2 30 31 56.02272305692429 0.1804325036821498
1.75 2 31 32 55.88870547377223 0.170451539797698
1.75 2 32 33 55.49253034418473 0.1611578820650772
1.75 2 33 34 54.88673005669921 0.1524905880339114
1.75 2 34 35 54.11451381308893 0.1443954950369526
1.75 2 35 36 53.21147710249471 0.1368243098751772
1.75 2 36 37 52.20697631986945 0.1297338425599976
1.75 2 37 38 51.12523911943003 0.1230853556240375
1.75 2 38 39 49.986265059331 0.1168440110683507
1.75 2 39 40 48.80655897988089 0.1109783970675896
1.75 2 40 41 47.59973046049794 0.1054601217830726
1.75 2 41 42 46.37698535847193 0.100263463848283
1.75 2 42 43 45.14753026373251 0.09536506949298709
1.75 2 43 44 43.91890623243643 0.09074369000528767
1.75 2 44 45 42.69726494373708 0.0863799532611025
1.75 2 45 46 41.48651325919937 0.0826466050114133
1.75 2 46 47 40.29271294557716 0.08153262699102387
1.75 2 47 48 39.11798349093667 0.08526377171680252
1.75 2 48 49 37.96486001066901 0.09185405209620766
1.75 2 49 50 36.83511571990263 0.09880889673880884
2 2.25 0 1 4006.183895417794 1.030137996702676
2 2.25 1 2 -3088.6649958446 0.8374653653029366
2 2.25 2 3 -5349.65306500555 1.644580955915705
2 2.25 3 4 -4083.160824100129 1.525160113055589
2 2.25 4 5 -2927.917712231602 1.34674185746316
2 2.25 5 6 -2093.126613489553 1.18841937598304
2 2.25 6 7 -1508.694115145903 1.055344981112014
2 2.25 7 8 -1097.471132205309 0.9435290231153522
2 2.25 8 9 -803.9619414288659 0.8485129120885556
2 2.25 9 10 -591.0639088729899 0.7675710559704627
2 2.25 10 11 -434.3156556882948 0.6975928587598512
2 2.25 11 12 -317.3472592671162 0.6367162489464542
2 2.25 12 13 -229.0564789216041 0.5833752295911538
2 2.25 13 14 -161.7720107314321 0.5363332000528817
2 2.25 14 15 -110.0978079744229 0.4946028722103438
2 2.25 15 16 -70.17366845437527 0.457387790423317
2 2.25 16 17 -39.1947447363134 0.4240392169694326
2 2.25 17 18 -15.09387815378909 0.394023997131321
2 2.25 18 19 3.672123335225479 0.3669003328534026
2 2.25 19 20 18.26873401710964 0.3422993194739285
2 2.25 20 21 29.58540820371138 0.3199107243758995
2 2.25 21 22 38.30736840037014 0.2994719323722012
2 2.25 22 23 44.96699215386855 0.2807592674788094
2 2.25 23 24 49.98107285091112 0.263581127789513
2 2.25 24 25 53.6781616096647 0.2477725075584273
2 2.25 25 26 56.31885245883768 0.2331905956356481
2 2.25 26 27 58.11098565879797 0.2197112112676605
2 2.25 27 28 59.22114956106407 0.2072259007918038
2 2.25 28 29 59.78345796313283 0.1956395559045993
2 2.25 29 30 59.90630218724414 0.1848684489456363
2 2.25 30 31 59.67758395582649 0.1748386026173131
2 2.25 31 32 59.16879889512018 0.1654844300686305
2 2.25 32 33 58.43824354740741 0.1567475946038532
2 2.25 33 34 57.53354903503237 0.1485760491360868
2 2.25 34 35 56.49369383868583 0.1409232226958746
2 2.25 35 36 55.35061102836596 0.1337473297840322
2 2.25 36 37 54.13047779852195 0.1270107798729642
2 2.25 37 38 52.85475475830322 0.1206796721464854
2 2.25 38 39 51.54102702011971 0.1147233608798948
2 2.25 39 40 50.20368749847108 0.109114080141523
2 2.25 40 41 48.85449411995364 0.1038266181618036
2 2.25 41 42 47.50302561714824 0.09883803614576546
2 2.25 42 43 46.15705564514195 0.09412742124911772
2 2.25 43 44 44.8228606960991 0.08967567227967849
2 2.25 44 45 43.50547422040816 0.08546531040282643
2 2.25 45 46 42.2078403627751 0.08213575561244535
2 2.25 46 47 40.93508976531069 0.08207631042068847
2 2.25 47 48 39.6885876347659 0.08535253183950148
2 2.25 48 49 38.47017285720298 0.09134721058548509
2 2.25 49 50 37.28100298901794 0.09769230172455209
2.25 2.5 0 1 3475.192730179311 1.625927226096113
2.25 2.5 1 2 -3501.330485674399 0.9513037312971604
2.25 2.5 2 3 -5263.99643874465 1.68930844438478
2.25 2.5 3 4 -3943.922012803615 1.620437440214709
2.25 2.5 4 5 -2800.742365329273 1.477548428881814
2.25 2.5 5 6 -1987.554862922729 1.319268876441539
2.25 2.5 6 7 -1423.17525764228 1.175630625997715
2.25 2.5 7 8 -1028.488296641994 1.05092634899005
2.25 2.5 8 9 -748.1659235673774 0.9440068332775229
2.25 2.5 9 10 -545.7102148044564 0.8517507550779521
2.25 2.5 10 11 -397.2513812433886 0.7721661886153994
2.25 2.5 11 12 -286.9034771630077 0.7030222669515361
2.25 2.5 12 13 -203.9384178693938 0.6425836049737671
2.25 2.5 13 14 -140.9693036569734 0.58943961545507
2.25 2.5 14 15 -92.81589119987871 0.542446400365425
2.25 2.5 15 16 -55.78251183951875 0.5006736705898043
2.25 2.5 16 17 -27.19071651167792 0.4633608670979474
2.25 2.5 17 18 -5.071289016496848 0.4298822648114085
2.25 2.5 18 19 12.04240037479644 0.3997196307215825
2.25 2.5 19 20 25.25546480106618 0.3724408880489489
2.25 2.5 20 21 35.40938577494751 0.3476834458247106
2.25 2.5 21 22 43.15097168247416 0.3251411229079835
2.25 2.5 22 23 48.98162565063058 0.3045538344164634
2.25 2.5 23 24 53.2930048823365 0.285699409961123
2.25 2.5 24 25 56.39314116971741 0.2683870585105974
2.25 2.5 25 26 58.52578642655806 0.2524521178874223
2.25 2.5 26 27 59.88488711557682 0.2377518075516885
2.25 2.5 27 28 60.62551629711857 0.2241617721290491
2.25 2.5 28 29 60.872202292623 0.2115732520170336
2.25 2.5 29 30 60.72532505390006 0.1998907534671006
2.25 2.5 30 31 60.26606525506571 0.1890301191231563
2.25 2.5 31 32 59.56026006692269 0.1789169226978438
2.25 2.5 32 33 58.66142641488602 0.1694851255588964
2.25 2.5 33 34 57.61314561387945 0.1606759473039322
2.25 2.5 34 35 56.45095469959551 0.1524369130227461
2.25 2.5 35 36 55.20385424287429 0.144721044198366
2.25 2.5 36 37 53.89551616085271 0.13748617022008
2.25 2.5 37 38 52.54525555641249 0.1306943398927619
2.25 2.5 38 39 51.16881592781874 0.1243113162198903
2.25 2.5 39 40 49.77900601166823 0.1183061412882161
2.25 2.5 40 41 48.38621823508265 0.112650760317087
2.25 2.5 41 42 46.99885207932891 0.1073196956492295
2.25 2.5 42 43 45.62366096586226 0.1022897635016586
2.25 2.5 43 44 44.26603724962291 0.09753982648321874
2.25 2.5 44 45 42.93024698645647 0.09305057734099101
2.25 2.5 45 46 41.6186099890632 0.08912211215069937
2.25 2.5 46 47 40.33559457246727 0.08692952611549157
2.25 2.5 47 48 39.08210289392073 0.08661012882141529
2.25 2.5 48 49 37.8595328555412 0.08801576070618211
2.25 2.5 49 50 36.66865771736886 0.09215860464813623
2.5 2.75 0 1 2889.749760620313 2.024654182615786
2.5 2.75 1 2 -3948.934158326383 1.107263138864608
2.5 2.75 2 3 -5177.390101719819 3.004507302317966
2.5 2.75 3 4 -3796.841633955888 2.810850869734073
2.5 2.75 4 5 -2662.266001020245 2.44335014069295
2.5 2.75 5 6 -1869.110891526466 2.110535143737725
2.5 2.75 6 7 -1324.43528406525 1.833971831291735
2.5 2.75 7 8 -946.636503486116 1.607042289668149
2.5 2.75 8 9 -680.2103689534156 1.419536109076878
2.5 2.75 9 10 -489.0540309122096 1.263451769128147
2.5 2.75 10 11 -349.7757217169076 1.131959662535745
2.5 2.75 11 12 -246.9130902936563 1.020106703238597
2.5 2.75 12 13 -170.0838542208226 0.9240740215507814
2.5 2.75 13 14 -112.1744765860119 0.840928838285008
2.5 2.75 14 15 -68.21861264446466 0.768394955328327
2.5 2.75 15 16 -34.68780207945201 0.7046856189485766
2.5 2.75 16 17 -9.034755952342493 0.6483824643425955
2.5 2.75 17 18 10.60628786015604 0.5983474588661393
2.5 2.75 18 19 25.61983164916012 0.5536582973799362
2.5 2.75 19 20 37.04535228702719 0.513560509201393
2.5 2.75 20 21 45.67152447546368 0.4774315645089901
2.5 2.75 21 22 52.10239756301803 0.4447536806211503
2.5 2.75 22 23 56.8045389664527 0.415093000506443
2.5 2.75 23 24 60.14106063784197 0.3880834914417857
2.5 2.75 24 25 62.39647593059055 0.3634143734468317
2.5 2.75 25 26 63.79506044492314 0.3408202167173185
2.5 2.75 26 27 64.51455391429602 0.3200730751140786
2.5 2.75 27 28 64.69648216054145 0.3009761869267648
2.5 2.75 28 29 64.45400092120968 0.2833588941367869
2.5 2.75 29 30 63.87790461469615 0.2670725145989364
2.5 2.75 30 31 63.04126380797942 0.2519869672153671
2.5 2.75 31 32 62.00302910540114 0.237987994671534
2.5 2.75 32 33 60.81084978101944 0.2249748656271469
2.5 2.75 33 34 59.50329138069651 0.2128584621011227
2.5 2.75 34 35 58.11159009207717 0.2015596797614614
2.5 2.75 35 36 56.66104777063765 0.1910080831641343
2.5 2.75 36 37 55.17214649170825 0.1811407701768975
2.5 2.75 37 38 53.66144297886154 0.1719014083383208
2.5 2.75 38 39 52.14228932125849 0.1632394145618455
2.5 2.75 39 40 50.62541589682812 0.1551092530091018
2.5 2.75 40 41 49.11940459036305 0.1474698330336228
2.5 2.75 41 42 47.63107409413365 0.1402839897032852
2.5 2.75 42 43 46.16579465493842 0.1335180352369351
2.5 2.75 43 44 44.72774586104237 0.1271413701137006
2.5 2.75 44 45 43.32012830534327 0.12112614395915
2.5 2.75 45 46 41.94436516343387 0.1156702267856739
2.5 2.75 46 47 40.60401698163668 0.1115939768287871
2.5 2.75 47 48 39.29929708316493 0.1090143258921547
2.5 2.75 48 49 38.03095776716458 0.1078735957359521
2.5 2.75 49 50 36.7991985763135 0.1073538349419325
2.75 3 0 1 2251.000333200246 1.505277024806906
2.75 3 1 2 -4380.166721775775 4.695038760978417
2.75 3 2 3 -5031.74588770475 6.047892103909233
2.75 3 3 4 -3596.654321718105 5.125564243865289
2.75 3 4 5 -2481.260209332287 4.245566597475385
2.75 3 5 6 -1717.715192563031 3.552254396737112
2.75 3 6 7 -1200.342737991339 3.013889185189473
2.75 3 7 8 -845.240376366376 2.590681495988981
2.75 3 8 9 -597.1163442839397 2.252064410103569
2.75 3 9 10 -420.6129487348576 1.97683731385755
2.75 3 10 11 -293.0863963414765 1.749643094907978
2.75 3 11 12 -199.6988218170227 1.559641120836696
2.75 3 12 13 -130.5597868745745 1.398897725208196
2.75 3 13 14 -78.93534659629017 1.261521229893192
2.75 3 14 15 -40.15077052765946 1.143060233352271
2.75 3 15 16 -10.90217854119646 1.040097560986706
2.75 3 16 17 11.18376398434066 0.9499716271387562
2.75 3 17 18 27.83710307429294 0.8705818686333661
2.75 3 18 19 40.33563698912394 0.8002505525835297
2.75 3 19 20 49.63429714174583 0.7376230293606515
2.75 3 20 21 56.45426557839608 0.6815946434214695
2.75 3 21 22 61.34532621620099 0.6312564245312406
2.75 3 22 23 64.73012134415558 0.5858542096907841
2.75 3 23 24 66.93598260872182 0.5447575046172797
2.75 3 24 25 68.21810499408082 0.5074355016851144
2.75 3 25 26 68.77660762509493 0.4734384191873414
2.75 3 26 27 68.76922377119587 0.4423828432868703
2.75 3 27 28 68.32082951780581 0.4139401122184854
2.75 3 28 29 67.53066141104313 0.3878270351031741
2.75 3 29 30 66.47782774231581 0.3637984195408303
2.75 3 30 31 65.22554835796547 0.3416410121386995
2.75 3 31 32 63.82443885151503 0.3211685513985746
2.75 3 32 33 62.31507077550583 0.3022177040475048
2.75 3 33 34 60.72997928277476 0.2846447063818217
2.75 3 34 35 59.09524608156175 0.2683225734641831
2.75 3 35 36 57.43175387222135 0.2531387676818687
2.75 3 36 37 55.75618509606272 0.2389932414479667
2.75 3 37 38 54.08182057858767 0.2257967861627133
2.75 3 38 39 52.41918071364 0.2134696337294017
2.75 3 39 40 50.77654210228712 0.2019402662929174
2.75 3 40 41 49.16035532595268 0.1911443999827421
2.75 3 41 42 47.57558372299806 0.181024113229583
2.75 3 42 43 46.02597895901229 0.1715270966683231
2.75 3 43 44 44.51430572906051 0.1626060055246939
2.75 3 44 45 43.04252539701272 0.1542178984679831
2.75 3 45 46 41.61102394528902 0.1464828847441762
2.75 3 46 47 40.22230410543312 0.1399718041485813
2.75 3 47 48 38.87578895398823 0.1347686386239985
2.75 3 48 49 37.5714899602111 0.1308463256693555
2.75 3 49 50 36.30894790697431 0.1276201766525338
3 3.25 0 1 1562.295872589227 1.199833426324439
3 3.25 1 2 -4729.794768153413 9.178071209274098
3 3.25 2 3 -4780.111922263855 9.565810875236004
3 3.25 3 4 -3315.662292895036 7.77178308285641
3 3.25 4 5 -2241.633704554539 6.302374693624611
3 3.25 5 6 -1524.028037176592 5.20029029422868
3 3.25 6 7 -1045.574723599037 4.366738920831551
3 3.25 7 8 -721.4346231851468 3.722650472280578
3 3.25 8 9 -497.5580717169087 3.213925468881424
3 3.25 9 10 -340.0437408617422 2.80444543297255
3 3.25 10 11 -227.4733184868496 2.469210221651072
3 3.25 11 12 -145.9588574713553 2.190793492203215
3 3.25 12 13 -86.3246183338772 1.956666064985193
3 3.25 13 14 -42.3713156162778 1.757636989347513
3 3.25 14 15 -9.825405730564626 1.586831112539522
3 3.25 15 16 14.31380329143303 1.439014659164196
3 3.25 16 17 32.18848220211862 1.310140344052359
3 3.25 17 18 45.35076608464033 1.197034033138609
3 3.25 18 19 54.9402449598972 1.097174656847552
3 3.25 19 20 61.80351766859246 1.008536831416075
3 3.25 20 21 66.57612864521127 0.9294764621676531
3 3.25 21 22 69.73962549172757 0.8586463349501386
3 3.25 22 23 71.66187628564433 0.7949329745096789
3 3.25 23 24 72.62594168614351 0.7374088133639084
3 3.25 24 25 72.85100593599884 0.6852955372684294
3 3.25 25 26 72.50772238484791 0.6379356945511194
3 3.25 26 27 71.72958075069039 0.5947704881668685
3 3.25 27 28 70.62140767582895 0.5553222450464441
3 3.25 28 29 69.26577928647532 0.5191804593979321
3 3.25 29 30 67.72789762236869 0.4859905936064862
3 3.25 30 31 66.05932652338078 0.4554450252314585
3 3.25 31 32 64.30087335197862 0.4272756782910633
3 3.25 32 33 62.48482589353887 0.401247986716422
3 3.25 33 34 60.63669885189864 0.3771559190569832
3 3.25 34 35 58.7766047842843 0.3548178543113436
3 3.25 35 36 56.92033556545232 0.3340731452821643
3 3.25 36 37 55.08021936876511 0.3147792395634561
3 3.25 37 38 53.26580261820979 0.2968092572006736
3 3.25 38 39 51.48439471724961 0.2800499420449916
3 3.25 39 40 49.74150465834191 0.2643999229650587
3 3.25 40 41 48.04119213671686 0.2497682309467301
3 3.25 41 42 46.38635062075119 0.2360730303228554
3 3.25 42 43 44.77893619897225 0.2232405287521694
3 3.25 43 44 43.22015297842307 0.2112040375488551
3 3.25 44 45 41.7106035524622 0.1999031590903317
3 3.25 45 46 40.24955592125824 0.1893925942527847
3 3.25 46 47 38.838338703305 0.1800407089692879
3 3.25 47 48 37.47553850188044 0.1718868434938394
3 3.25 48 49 36.1603754448132 0.1649019612743585
3 3.25 49 50 34.89168936661774 0.1586738542091901
3.25 3.5 0 1 848.394640531802 0.4316737337217113
3.25 3.5 1 2 -4893.562707219744 18.38439569643119
3.25 3.5 2 3 -4362.42563143459 14.65950928805686
3.25 3.5 3 4 -2920.869428805535 11.08403240241732
3.25 3.5 4 5 -1925.411387954205 8.647713939903907
3.25 3.5 5 6 -1278.612059488722 6.951224046988197
3.25 3.5 6 7 -855.6826449841933 5.721965840504446
3.25 3.5 7 8 -573.7519023412924 4.799366691150786
3.25 3.5 8 9 -381.8746232037081 4.086434874041162
3.25 3.5 9 10 -248.7831266395519 3.522365976154309
3.25 3.5 10 11 -155.0313931019368 3.067149327486236
3.25 3.5 11 12 -88.16824153541052 2.693683952398393
3.25 3.5 12 13 -40.05483050399903 2.38297436497894
3.25 3.5 13 14 -5.244330942441366 2.121357153828928
3.25 3.5 14 15 19.98558372125171 1.898775799498427
3.25 3.5 15 16 38.22725536341704 1.707678838045525
3.25 3.5 16 17 51.31680746950087 1.542295357261234
3.25 3.5 17 18 60.57438103320601 1.398146167535833
3.25 3.5 18 19 66.96179979378178 1.271706342101907
3.25 3.5 19 20 71.18806773973574 1.160167440222425
3.25 3.5 20 21 73.78122702187898 1.061266866479643
3.25 3.5 21 22 75.13810537553468 0.9731633695650839
3.25 3.5 22 23 75.55927143026247 0.8943448358930839
3.25 3.5 23 24 75.27393107314685 0.823559065979829
3.25 3.5 24 25 74.45788013985134 0.7597611559591585
3.25 3.5 25 26 73.24659713510141 0.7020730436777313
3.25 3.5 26 27 71.74489091067824 0.6497520800844669
3.25 3.5 27 28 70.03407742698403 0.6021663756828792
3.25 3.5 28 29 68.17736505773945 0.5587752882047474
3.25 3.5 29 30 66.2239279169147 0.5191138508802186
3.25 3.5 30 31 64.21200948820808 0.4827802491823223
3.25 3.5 31 32 62.17130332778731 0.449425676987067
3.25 3.5 32 33 60.12479050604307 0.4187460640127418
3.25 3.5 33 34 58.09016578117661 0.3904752874771967
3.25 3.5 34 35 56.08095028177527 0.3643795679929693
3.25 3.5 35 36 54.10736369718714 0.3402528177012826
3.25 3.5 36 37 52.17701086726822 0.3179127585317412
3.25 3.5 37 38 50.29542436434454 0.2971976668461365
3.25 3.5 38 39 48.46649474652853 0.2779636307875218
3.25 3.5 39 40 46.69281275624945 0.2600822292703499
3.25 3.5 40 41 44.97594226651307 0.2434385595935798
3.25 3.5 41 42 43.31663841144828 0.2279295544147991
3.25 3.5 42 43 41.71502228095781 0.2134625406008854
3.25 3.5 43 44 40.17072102598397 0.1999540003027684
3.25 3.5 44 45 38.68298031867053 0.1873285024519576
3.25 3.5 45 46 37.249992845497 0.1756188110905605
3.25 3.5 46 47 35.8718851080466 0.1651547407233885
3.25 3.5 47 48 34.54647057728002 0.1559718359941671
3.25 3.5 48 49 33.27222083834462 0.1480446542063768
3.25 3.5 49 50 32.04732231768065 0.1409881844875782
3.5 3.75 0 1 182.4239705260404 1.61458646916751
3.5 3.75 1 2 -4706.71114429403 24.86698423044916
3.5 3.75 2 3 -3711.933892862303 16.42374973905789
3.5 3.75 3 4 -2385.128336961594 11.61140175562362
3.5 3.75 4 5 -1523.408680594861 8.708379939525937
3.5 3.75 5 6 -980.7946528914695 6.806089871158588
3.5 3.75 6 7 -634.0762226639004 5.479926384577377
3.5 3.75 7 8 -407.4972581979684 4.51185514182882
3.5 3.75 8 9 -256.1496645713887 3.779749898845988
3.5 3.75 9 10 -153.111905720589 3.210612513737151
3.5 3.75 10 11 -81.93595345000449 2.758113627428279
3.5 3.75 11 12 -32.24286200756364 2.391679082970866
3.5 3.75 12 13 2.665813796594307 2.09033531794492
3.5 3.75 13 14 27.22165436353669 1.839260044174073
3.5 3.75 14 15 44.42081909736908 1.627705809727811
3.5 3.75 15 16 56.32856930123444 1.447706134699762
3.5 3.75 16 17 64.39305155537772 1.29324189293121
3.5 3.75 17 18 69.64506390462498 1.159688459444849
3.5 3.75 18 19 72.82803093808855 1.043439666299899
3.5 3.75 19 20 74.48427871296553 0.9416462499870257
3.5 3.75 20 21 75.01335711842893 0.8520302896996107
3.5 3.75 21 22 74.71212564689017 0.7727512035608907
3.5 3.75 22 23 73.80272304801485 0.7023074220579957
3.5 3.75 23 24 72.45235175952342 0.639463191849317
3.5 3.75 24 25 70.78744759056383 0.5831933679479571
3.5 3.75 25 26 68.90394352150918 0.5326412728434208
3.5 3.75 26 27 66.87478128509673 0.4870861745679453
3.5 3.75 27 28 64.75546056566765 0.4459179342247163
3.5 3.75 28 29 62.58817374792784 0.4086170572097155
3.5 3.75 29 30 60.40491083798199 0.374738861080858
3.5 3.75 30 31 58.22980769072575 0.3439008092665527
3.5 3.75 31 32 56.08093344952985 0.3157723023186642
3.5 3.75 32 33 53.97165909655232 0.2900663926522745
3.5 3.75 33 34 51.91171082713717 0.2665330166526549
3.5 3.75 34 35 49.90798468178471 0.2449534330371601
3.5 3.75 35 36 47.96517920122417 0.2251356267300514
3.5 3.75 36 37 46.0862885665239 0.2069104905682042
3.5 3.75 37 38 44.2729882310592 0.1901286378949455
3.5 3.75 38 39 42.52593728305479 0.1746577301222275
3.5 3.75 39 40 40.84501601523719 0.1603802265930481
3.5 3.75 40 41 39.22951293254074 0.1471914838254918
3.5 3.75 41 42 37.678272056179 0.1349981446529398
3.5 3.75 42 43 36.18980903439382 0.1237167702874893
3.5 3.75 43 44 34.76240264167681 0.1132726771339414
3.5 3.75 44 45 33.39416678821402 0.1035989480544889
3.5 3.75 45 46 32.08247396966993 0.09478253415413573
3.5 3.75 46 47 30.82639216062593 0.08736077999928463
3.5 3.75 47 48 29.62320396943919 0.08146242732198372
3.5 3.75 48 49 28.47083091754239 0.07710745549101336
3.5 3.75 49 50 27.36700075889642 0.07375788970371475
3.75 4 0 1 -328.3434341624251 1.826154380614191
3.75 4 1 2 -4036.718619795214 28.40432883827168
3.75 4 2 3 -2812.456456400747 13.22200033372567
3.75 4 3 4 -1716.665561514624 7.73637545352145
3.75 4 4 5 -1050.192934672842 5.045379942020292
3.75 4 5 6 -646.2422304153599 3.506216825590655
3.75 4 6 7 -395.6672585964504 2.538891511276469
3.75 4 7 8 -236.2109571815497 1.890920215355836
3.75 4 8 9 -132.4261778119726 1.436629519918065
3.75 4 9 10 -63.64424044766906 1.107029018155647
3.75 4 10 11 -17.50600346081251 0.8619202435757551
3.75 4 11 12 13.64325313441293 0.6762113632952318
3.75 4 12 13 34.66400669123902 0.5337991250826329
3.75 4 13 14 48.72365880193661 0.4239877848232749
3.75 4 14 15 57.93315979289196 0.3395466028030274
3.75 4 15 16 63.7273615913914 0.2826497949138461
3.75 4 16 17 67.09841416893408 0.2602352795500809
3.75 4 17 18 68.74257132645948 0.2401757072974731
3.75 4 18 19 69.15465299659081 0.2221494593523338
3.75 4 19 20 68.69009720333622 0.2058886111242756
3.75 4 20 21 67.60649201394568 0.1911685390601932
3.75 4 21 22 66.09184695091909 0.1777997694404337
3.75 4 22 23 64.28413330386093 0.1656215448174271
3.75 4 23 24 62.28497671962961 0.1650557856816133
3.75 4 24 25 60.16937189051578 0.169045480221586
3.75 4 25 26 57.99265260902374 0.1729444599526672
3.75 4 26 27 55.79554345710801 0.1764924347304128
3.75 4 27 28 53.60785465530344 0.1795624564787443
3.75 4 28 29 51.45120681618241 0.1821064350988362
3.75 4 29 30 49.34105514463513 0.1841215579424034
3.75 4 30 31 47.28820315322974 0.1856299880538547
3.75 4 31 32 45.29994125448488 0.1866667242878303
3.75 4 32 33 43.38090758486528 0.1872724136299409
3.75 4 33 34 41.53374170679187 0.1874891581368943
3.75 4 34 35 39.75958287889722 0.1873581320585392
3.75 4 35 36 38.05845099713412 0.1869182922568668
3.75 4 36 37 36.42953849784702 0.1862057471122447
3.75 4 37 38 34.87143437972637 0.1852535179685233
3.75 4 38 39 33.38229624165344 0.1840915303556354
3.75 4 39 40 31.95998235269096 0.1827467350646921
3.75 4 40 41 30.6021529336151 0.1812432977201891
3.75 4 41 42 29.30634758903901 0.1796028195833071
3.75 4 42 43 28.07004427491722 0.1778445669529647
3.75 4 43 44 26.89070393870175 0.1759856962385349
3.75 4 44 45 25.76580400051574 0.1740414674820525
3.75 4 45 46 24.69239364239788 0.1720811419483726
3.75 4 46 47 23.66884743109755 0.1703114886252476
3.75 4 47 48 22.69235396035948 0.1687476465424988
3.75 4 48 49 21.7606584803161 0.1673708518043656
3.75 4 49 50 20.87138827456491 0.1660143764103578
4 5 0 1 -1000.250924847857 2.790579156110653
4 5 1 2 -4416.090648264754 7.061427186772161
4 5 2 3 -2534.383065635861 5.284930855172937
4 5 3 4 -1388.988336302062 4.005245967781184
4 5 4 5 -765.3704617653163 3.021271061357728
4 5 5 6 -414.3968234712902 2.294646979638883
4 5 6 7 -210.4045106224435 1.801446328456982
4 5 7 8 -88.65901957647247 1.464668793877462
4 5 8 9 -14.60384370338807 1.225160339316922
4 5 9 10 30.8375643642139 1.045993141137445
4 5 10 11 58.56918280301363 0.9074628889907225
4 5 11 12 75.12567925658152 0.7988631461506084
4 5 12 13 84.50677042380721 0.711141675531224
4 5 13 14 89.21012608679939 0.6382745301939001
4 5 14 15 90.83748992239771 0.5773231274091162
4 5 15 16 90.44576114421795 0.526159919903647
4 5 16 17 88.74271666648536 0.4825027288084059
4 5 17 18 86.20427557349143 0.444437827933265
4 5 18 19 83.15197894868447 0.410805467153735
4 5 19 20 79.80504408572813 0.380968672307913
4 5 20 21 76.31409824172133 0.3544445814133534
4 5 21 22 72.78265358553887 0.3307503323786291
4 5 22 23 69.28117090612335 0.3094271822429128
4 5 23 24 65.85673808667676 0.2900961257231238
4 5 24 25 62.53994768256283 0.272472768832685
4 5 25 26 59.34980514837218 0.2563462411192634
4 5 26 27 56.29719883770207 0.2415498487253011
4 5 27 28 53.38733521979213 0.2279407416903318
4 5 28 29 50.62145112318443 0.2153911262136001
4 5 29 30 47.99802947035695 0.2037864903040892
4 5 30 31 45.51367286572226 0.1930260009002385
4 5 31 32 43.16373673262308 0.183022452836231
4 5 32 33 40.94278934694009 0.173701147677454
4 5 33 34 38.84494494410649 0.1649980684795267
4 5 34 35 36.86410294280999 0.1568579034836118
4 5 35 36 34.99411767695095 0.1492323003778807
4 5 36 37 33.22891690098221 0.1420785004836089
4 5 37 38 31.56258275351328 0.135358342899861
4 5 38 39 29.98940534808703 0.1290375568734086
4 5 39 40 28.50391649485799 0.1230852486974245
4 5 40 41 27.10090909759385 0.1174735088418513
4 5 41 42 25.77544622925522 0.1121770894684847
4 5 42 43 24.5228628540708 0.107173125022866
4 5 43 44 23.33876238836772 0.102440880666441
4 5 44 45 22.21900966482235 0.09796152495356873
4 5 45 46 21.1592672752256 0.09410223176388613
4 5 46 47 20.15641832624109 0.09224358742738818
4 5 47 48 19.20663916705376 0.09238353389052838
4 5 48 49 18.30678011489483 0.09411796818944654
4 5 49 50 17.45345142373782 0.09624810415022322
-5 5 0 50 -529303.968544798 92.87923929296275
