#ylo yhi qTlo qThi PDF0  uncertainty
-5 -4 0 1 -1007.396623439619 2.845931684317578
-5 -4 1 2 -4429.75164288053 7.321380003603931
-5 -4 2 3 -2545.205664977789 5.468847761164853
-5 -4 3 4 -1394.898541611364 4.09211849946871
-5 -4 4 5 -768.180319151805 3.050751201369007
-5 -4 5 6 -415.5356898249806 2.303673900531013
-5 -4 6 7 -210.6258177546467 1.801104540782726
-5 -4 7 8 -88.36682870207028 1.459234145479705
-5 -4 8 9 -14.03006976389474 1.217878438058402
-5 -4 9 10 31.57042643234161 1.039081761263395
-5 -4 10 11 59.38506480227693 0.9019954674757444
-5 -4 11 12 75.97949249985868 0.7954072074299814
-5 -4 12 13 85.37044247616689 0.7096111753013907
-5 -4 13 14 90.06624341896179 0.6383995661147779
-5 -4 14 15 91.6752953776238 0.5789091859790502
-5 -4 15 16 91.25883062434383 0.5290611681629545
-5 -4 16 17 89.52746944100409 0.4865350143073326
-5 -4 17 18 86.95898660652756 0.4493878583276038
-5 -4 18 19 83.87612413778527 0.4164816508237055
-5 -4 19 20 80.49886944872355 0.38722368713678
-5 -4 20 21 76.97833529139959 0.3611664401385882
-5 -4 21 22 73.41832879665824 0.3378465012877713
-5 -4 22 23 69.88947704553109 0.3168160516176026
-5 -4 23 24 66.43894767126497 0.2977056728261166
-5 -4 24 25 63.09735571234592 0.2802414826678303
-5 -4 25 26 59.88369214355026 0.2642231935869299
-5 -4 26 27 56.8088077617233 0.2494934567917539
-5 -4 27 28 53.87785775910814 0.2359169525842868
-5 -4 28 29 51.09202021240574 0.2233717366973829
-5 -4 29 30 48.44971595766523 0.21174789916413
-5 -4 30 31 45.94748490435141 0.2009483759742067
-5 -4 31 32 43.58062093529836 0.1908891712780044
-5 -4 32 33 41.34363304508139 0.1814983775790543
-5 -4 33 34 39.23057909584004 0.1727144121511199
-5 -4 34 35 37.23530537776963 0.164484070612091
-5 -4 35 36 35.3516164669111 0.1567608055301895
-5 -4 36 37 33.57339371609694 0.1495033895877956
-5 -4 37 38 31.89467611620357 0.1426749532921105
-5 -4 38 39 30.30971373222332 0.136242311410754
-5 -4 39 40 28.81300124093988 0.1301754827193648
-5 -4 40 41 27.39929713224632 0.1244473254392744
-5 -4 41 42 26.06363258726905 0.119033238954747
-5 -4 42 43 24.80131300785593 0.1139109036538534
-5 -4 43 44 23.60791439367508 0.1090600458517344
-5 -4 44 45 22.47927613428094 0.1044622228539575
-5 -4 45 46 21.41103628830671 0.1004933960988312
-5 -4 46 47 20.40006026204624 0.09856028275802482
-5 -4 47 48 19.44250289329248 0.09864724050729376
-5 -4 48 49 18.53519534297808 0.1003292885684787
-5 -4 49 50 17.67473422934044 0.1023877615180735
-4 -3.75 0 1 -322.5134650330008 1.82385280373765
-4 -3.75 1 2 -4024.054952361584 28.135195054747
-4 -3.75 2 3 -2802.117999001831 13.04801706379062
-4 -3.75 3 4 -1710.164199481848 7.615650888057536
-4 -3.75 4 5 -1046.116184225432 4.956687864226745
-4 -3.75 5 6 -643.543984799888 3.438446585257155
-4 -3.75 6 7 -393.8127162917554 2.485656572993413
-4 -3.75 7 8 -234.905875514334 1.848322248998474
-4 -3.75 8 9 -131.4957066727309 1.401927303208209
-4 -3.75 9 10 -62.97908115305563 1.078670658368636
-4 -3.75 10 11 -17.03607124165251 0.8385846367269588
-4 -3.75 11 12 13.96581297549903 0.6570470418527352
-4 -3.75 12 13 34.8728911415883 0.5181939799555353
-4 -3.75 13 14 48.84346224466685 0.4115190043157619
-4 -3.75 14 15 57.98235825135657 0.3299346433656604
-4 -3.75 15 16 63.72016664704086 0.2829887067697868
-4 -3.75 16 17 67.04596634820263 0.2605346761975183
-4 -3.75 17 18 68.65373480317027 0.2404402354879627
-4 -3.75 18 19 69.03656239188314 0.2223832107986834
-4 -3.75 19 20 68.54854570477278 0.2060951664031652
-4 -3.75 20 21 67.44621487695179 0.1913510235355612
-4 -3.75 21 22 65.91673392124704 0.1779609097528463
-4 -3.75 22 23 64.09739128871183 0.1657637217649625
-4 -3.75 23 24 62.08925663829089 0.168262215631445
-4 -3.75 24 25 59.96686905988042 0.1721279723444832
-4 -3.75 25 26 57.78518712794147 0.1758323809219245
-4 -3.75 26 27 55.5846251793881 0.1791512629943119
-4 -3.75 27 28 53.39473609651714 0.1819794819877965
-4 -3.75 28 29 51.23692648696479 0.1842817821827114
-4 -3.75 29 30 49.12647321037645 0.1860626761296748
-4 -3.75 30 31 47.07403088811063 0.1873483024012195
-4 -3.75 31 32 45.0867654457669 0.1881756084576786
-4 -3.75 32 33 43.16921080442644 0.1885859704294196
-4 -3.75 33 34 41.32391918657186 0.1886214947809681
-4 -3.75 34 35 39.55195658590267 0.1883229392099397
-4 -3.75 35 36 37.85328139240482 0.1877286109275113
-4 -3.75 36 37 36.2270343755614 0.1868738513148243
-4 -3.75 37 38 34.67176111156348 0.1857908687161502
-4 -3.75 38 39 33.18558269458104 0.1845087729241715
-4 -3.75 39 40 31.7663267002788 0.1830537219805738
-4 -3.75 40 41 30.41162754474384 0.18144912634084
-4 -3.75 41 42 29.11900314484048 0.1797158771640186
-4 -3.75 42 43 27.88591324050554 0.1778725789057469
-4 -3.75 43 44 26.70980349295684 0.1759357748092459
-4 -3.75 44 45 25.58813851288252 0.1739201590233625
-4 -3.75 45 46 24.51795753949393 0.1718942914730769
-4 -3.75 46 47 23.49762673848563 0.170063852441172
-4 -3.75 47 48 22.52432786735106 0.1684434499224485
-4 -3.75 48 49 21.5957998793391 0.1670138003892039
-4 -3.75 49 50 20.70966748478207 0.1656081944934295
-3.75 -3.5 0 1 188.7452073703739 1.612264131889655
-3.75 -3.5 1 2 -4694.710323335672 24.71572761426889
-3.75 -3.5 2 3 -3700.69375867852 16.30876987818537
-3.75 -3.5 3 4 -2378.06455132363 11.52639383882564
-3.75 -3.5 4 5 -1519.074472429256 8.643254613441933
-3.75 -3.5 5 6 -977.9661944578459 6.754570977546233
-3.75 -3.5 6 7 -632.1421420202528 5.438128197130645
-3.75 -3.5 7 8 -406.1318112206329 4.477268263859486
-3.75 -3.5 8 9 -255.1664356625915 3.750670513953311
-3.75 -3.5 9 10 -152.3960025847596 3.185853034118969
-3.75 -3.5 10 11 -81.41680395005437 2.736808290174341
-3.75 -3.5 11 12 -31.87317205775958 2.373184210155644
-3.75 -3.5 12 13 2.918971380206472 2.074160499256132
-3.75 -3.5 13 14 27.38221981209824 1.825024291441258
-3.75 -3.5 14 15 44.50684684068358 1.615108126312036
-3.75 -3.5 15 16 56.35408235457578 1.436505215889822
-3.75 -3.5 16 17 64.36919277774143 1.283241787456815
-3.75 -3.5 17 18 69.58083898717143 1.150728227664191
-3.75 -3.5 18 19 72.73080771914226 1.035385781340761
-3.75 -3.5 19 20 74.36013679503645 0.9343869210419945
-3.75 -3.5 20 21 74.86734246198131 0.8454711577972981
-3.75 -3.5 21 22 74.54844256901464 0.7668120337835992
-3.75 -3.5 22 23 73.62488330874783 0.6969195305746427
-3.75 -3.5 23 24 72.26329302313616 0.6345674220259766
-3.75 -3.5 24 25 70.58962919921487 0.5787384825025071
-3.75 -3.5 25 26 68.69942490632633 0.5285826643581604
-3.75 -3.5 26 27 66.66528673506377 0.4833848226067164
-3.75 -3.5 27 28 64.54243305546066 0.4425395552175306
-3.75 -3.5 28 29 62.37281985952825 0.4055314064454015
-3.75 -3.5 29 30 60.18823835377762 0.3719191554941051
-3.75 -3.5 30 31 58.01265711115218 0.3413232474488304
-3.75 -3.5 31 32 55.86400444909765 0.3134156626888587
-3.75 -3.5 32 33 53.75553275005859 0.2879116953139333
-3.75 -3.5 33 34 51.69686829252052 0.2645632374670006
-3.75 -3.5 34 35 49.69482291217687 0.2431532605251694
-3.75 -3.5 35 36 47.75402416291399 0.2234912544286708
-3.75 -3.5 36 37 45.8774063648122 0.2054094390503028
-3.75 -3.5 37 38 44.06659447742942 0.1887596013686938
-3.75 -3.5 38 39 42.32220498638932 0.1734104437390977
-3.75 -3.5 39 40 40.64408223304696 0.1592453514412624
-3.75 -3.5 40 41 39.03148438052135 0.146160506335091
-3.75 -3.5 41 42 37.48322984224767 0.1340632889293113
-3.75 -3.5 42 43 35.99781265722629 0.1228709207192438
-3.75 -3.5 43 44 34.57349337050836 0.1125093103355962
-3.75 -3.5 44 45 33.20837052235763 0.102912072147771
-3.75 -3.5 45 46 31.89980438079824 0.09416701605118037
-3.75 -3.5 46 47 30.64685284029106 0.0868129861134752
-3.75 -3.5 47 48 29.44678985069663 0.08097794011069066
-3.75 -3.5 48 49 28.29752907884422 0.07667987234882225
-3.75 -3.5 49 50 27.196794379149 0.07337834275336924
-3.5 -3.25 0 1 854.361343067502 0.4307503166196497
-3.5 -3.25 1 2 -4885.635881808932 18.51786709051238
-3.5 -3.25 2 3 -4352.820023977178 14.74387630863031
-3.5 -3.25 3 4 -2915.088924817276 11.14253887632172
-3.5 -3.25 4 5 -1922.207504840758 8.691041646360592
-3.5 -3.25 5 6 -1276.718758036478 6.984738888650764
-3.5 -3.25 6 7 -854.4973262745648 5.748701578777849
-3.5 -3.25 7 8 -572.9768028517803 4.821193270118396
-3.5 -3.25 8 9 -381.3535369484944 4.104567850809382
-3.5 -3.25 9 10 -248.427353721308 3.537648436063139
-3.5 -3.25 10 11 -154.7928037174265 3.080176682571775
-3.5 -3.25 11 12 -88.01726070141808 2.704894511861125
-3.5 -3.25 12 13 -39.97233882042633 2.392698178057732
-3.5 -3.25 13 14 -5.217015560677282 2.129848077083737
-3.5 -3.25 14 15 19.96764746966755 1.906232651039971
-3.5 -3.25 15 16 38.17188399170414 1.714259780193768
-3.5 -3.25 16 17 51.23040117438063 1.548127933409576
-3.5 -3.25 17 18 60.46230933127617 1.403334467505317
-3.5 -3.25 18 19 66.82862763319099 1.276336220306986
-3.5 -3.25 19 20 71.03769861101068 1.164310383535034
-3.5 -3.25 20 21 73.61700264107731 1.064982906414254
-3.5 -3.25 21 22 74.96288204352186 0.976503306062194
-3.5 -3.25 22 23 75.37548303381459 0.8973519569783227
-3.5 -3.25 23 24 75.08364352866801 0.8262704931134983
-3.5 -3.25 24 25 74.26283953567309 0.7622089075167993
-3.5 -3.25 25 26 73.04827263640203 0.704284883722319
-3.5 -3.25 26 27 71.54451297207737 0.6517522019583463
-3.5 -3.25 27 28 69.83267166649995 0.6039759567442419
-3.5 -3.25 28 29 67.97578209340514 0.5604129437235976
-3.5 -3.25 29 30 66.0228694696446 0.5205960076898242
-3.5 -3.25 30 31 64.01205106846839 0.4841214557088555
-3.5 -3.25 31 32 61.97291383571047 0.4506388614242472
-3.5 -3.25 32 33 59.92834907126706 0.4198427513267071
-3.5 -3.25 33 34 57.89597616302328 0.3914657819407921
-3.5 -3.25 34 35 55.88925313003051 0.3652731081452048
-3.5 -3.25 35 36 53.91834695266431 0.3410577082036068
-3.5 -3.25 36 37 51.99081855623675 0.318636482868326
-3.5 -3.25 37 38 50.11216401304401 0.2978469841122132
-3.5 -3.25 38 39 48.28624361768965 0.2785446591754176
-3.5 -3.25 39 40 46.51562308282942 0.2606005182914675
-3.5 -3.25 40 41 44.80184563630453 0.2438991527264789
-3.5 -3.25 41 42 43.14564943382726 0.2283370438006586
-3.5 -3.25 42 43 41.54714164939421 0.2138211147145592
-3.5 -3.25 43 44 40.0059380725489 0.2002674859010365
-3.5 -3.25 44 45 38.52127514237911 0.1876004013494318
-3.5 -3.25 45 46 37.09133864932048 0.175851736303218
-3.5 -3.25 46 47 35.71625039382492 0.1653486702758382
-3.5 -3.25 47 48 34.39381937496505 0.1561256879334337
-3.5 -3.25 48 49 33.12251321108263 0.1481565457743315
-3.5 -3.25 49 50 31.90051798123461 0.1410575861588553
-3.25 -3 0 1 1567.764208015479 1.193236414696377
-3.25 -3 1 2 -4725.445209320884 9.1784356451947
-3.25 -3 2 3 -4772.17933620385 9.607110593233278
-3.25 -3 3 4 -3311.266819931923 7.812904780981519
-3.25 -3 4 5 -2239.716965440712 6.338798887715975
-3.25 -3 5 6 -1523.275315263237 5.231962876817112
-3.25 -3 6 7 -1045.366656175885 4.394319309761304
-3.25 -3 7 8 -721.4819928488337 3.746828210648145
-3.25 -3 8 9 -497.723668811411 3.235272321377229
-3.25 -3 9 10 -340.2597243960017 2.823436335184419
-3.25 -3 10 11 -227.7116744003338 2.48621654141722
-3.25 -3 11 12 -146.2072834806208 2.20611429569966
-3.25 -3 12 13 -86.57828836774456 1.970542689934965
-3.25 -3 13 14 -42.62846486390731 1.770266020256988
-3.25 -3 14 15 -10.08532381574787 1.598374226126976
-3.25 -3 15 16 14.05161933233785 1.449606065211814
-3.25 -3 16 17 31.92462938698839 1.319892432912199
-3.25 -3 17 18 45.08599371155628 1.206041694689498
-3.25 -3 18 19 54.67541698300693 1.105518613691257
-3.25 -3 19 20 61.53954853919674 1.016286235625151
-3.25 -3 20 21 66.31392262264785 0.9366909372823258
-3.25 -3 21 22 69.48003011874039 0.865377596417006
-3.25 -3 22 23 71.40565175459813 0.8012261266868542
-3.25 -3 23 24 72.3737441083083 0.7433033963382377
-3.25 -3 24 25 72.60338137333406 0.6908263782245964
-3.25 -3 25 26 72.26510851665768 0.6431336051251239
-3.25 -3 26 27 71.49231352230584 0.5996628399093087
-3.25 -3 27 28 70.38973085839473 0.5599334469964901
-3.25 -3 28 29 69.03985543520946 0.5235323570920194
-3.25 -3 29 30 67.50781937994878 0.4901028042820477
-3.25 -3 30 31 65.84512757959567 0.4593352207783056
-3.25 -3 31 32 64.09253863745084 0.4309598256168212
-3.25 -3 32 33 62.28230078226272 0.404740552670605
-3.25 -3 33 34 60.43989727778802 0.3804700459573933
-3.25 -3 34 35 58.58541626846846 0.3579655110534533
-3.25 -3 35 36 56.73463120203937 0.3370652577755129
-3.25 -3 36 37 54.89985685623552 0.3176258040501042
-3.25 -3 37 38 53.09063043016792 0.2995194385565662
-3.25 -3 38 39 51.31425551922669 0.282632160032686
-3.25 -3 39 40 49.57623807156293 0.2668619274246322
-3.25 -3 40 41 47.88063694323031 0.2521171682208716
-3.25 -3 41 42 46.23034649750699 0.2383155015682466
-3.25 -3 42 43 44.62732505900428 0.2253826416552028
-3.25 -3 43 44 43.07277998569444 0.2132514520882658
-3.25 -3 44 45 41.56731786946904 0.2018611283213575
-3.25 -3 45 46 40.11021178718306 0.1912642963419666
-3.25 -3 46 47 38.70279660914949 0.1818222778405608
-3.25 -3 47 48 37.34366430165352 0.1735722628235046
-3.25 -3 48 49 36.03203996668547 0.1664842093754989
-3.25 -3 49 50 34.76677126910137 0.1601511189680556
-3 -2.75 0 1 2254.47014901935 1.660760505927809
-3 -2.75 1 2 -4380.295881178185 4.364085829477816
-3 -2.75 2 3 -5024.876745282212 5.872113747030958
-3 -2.75 3 4 -3592.613915726525 5.01437431182533
-3 -2.75 4 5 -2479.622809202336 4.168629690568202
-3 -2.75 5 6 -1717.256169616845 3.495973195784043
-3 -2.75 6 7 -1200.434397466407 2.971137349403739
-3 -2.75 7 8 -845.5771894400177 2.557327609867176
-3 -2.75 8 9 -597.5514614714039 2.225503844335483
-3 -2.75 9 10 -421.0748788681451 1.955371611777073
-3 -2.75 10 11 -293.5474412151873 1.732087545562335
-3 -2.75 11 12 -200.1486718179967 1.545152458208768
-3 -2.75 12 13 -130.996156330539 1.386856596580934
-3 -2.75 13 14 -79.35895626759088 1.251461963765806
-3 -2.75 14 15 -40.56308853810947 1.134625695520316
-3 -2.75 15 16 -11.30450677548038 1.033009157541415
-3 -2.75 16 17 10.79057027195086 0.9440088005114669
-3 -2.75 17 18 27.45263837582149 0.8655677361645435
-3 -2.75 18 19 39.95984590322394 0.7960416306005244
-3 -2.75 19 20 49.26735359421173 0.7341017410965641
-3 -2.75 20 21 56.09646535586251 0.6786637643056009
-3 -2.75 21 22 60.99700408433694 0.6288349020278264
-3 -2.75 22 23 64.39159335800423 0.5838739747050398
-3 -2.75 23 24 66.60750993449869 0.5431610095585329
-3 -2.75 24 25 67.89987438716173 0.5061737982768008
-3 -2.75 25 26 68.46872393040337 0.4724696424427161
-3 -2.75 26 27 68.47171056142736 0.4416710048481794
-3 -2.75 27 28 68.03363484740555 0.4134541312545007
-3 -2.75 28 29 67.25366646030238 0.3875399543091626
-3 -2.75 29 30 66.21085677686938 0.363686765920208
-3 -2.75 30 31 64.96837894887153 0.3416842722124609
-3 -2.75 31 32 63.57681168002796 0.3213487380401924
-3 -2.75 32 33 62.07669862778221 0.3025189962141768
-3 -2.75 33 34 60.5005550315019 0.2850531483804227
-3 -2.75 34 35 58.87444958321362 0.2688258222654685
-3 -2.75 35 36 57.21925779371981 0.2537258795857356
-3 -2.75 36 37 55.55165973482633 0.2396544914032244
-3 -2.75 37 38 53.88493777081135 0.2265235137561616
-3 -2.75 38 39 52.22961693461238 0.2142541115990795
-3 -2.75 39 40 50.59398086787951 0.2027755870902936
-3 -2.75 40 41 48.98448900037351 0.1920243791922638
-3 -2.75 41 42 47.40611482670337 0.1819432050122722
-3 -2.75 42 43 45.86262106602385 0.1724803206814076
-3 -2.75 43 44 44.35678402784507 0.1635888839400914
-3 -2.75 44 45 42.89057698103062 0.1552264002348216
-3 -2.75 45 46 41.46439847734263 0.1475112422106129
-3 -2.75 46 47 40.08076433146149 0.1410057638083013
-3 -2.75 47 48 38.73910961474519 0.135791077688686
-3 -2.75 48 49 37.43945694294547 0.131838940242287
-3 -2.75 49 50 36.18136063057062 0.128572146244501
-2.75 -2.5 0 1 2888.094526995166 2.164807925037363
-2.75 -2.5 1 2 -3959.792160950653 1.115292249617045
-2.75 -2.5 2 3 -5173.604317654931 2.715412174017199
-2.75 -2.5 3 4 -3793.391910448581 2.60822457182972
-2.75 -2.5 4 5 -2660.442589695012 2.29322825031033
-2.75 -2.5 5 6 -1868.250336848439 1.994624003631803
-2.75 -2.5 6 7 -1324.092789071034 1.741688444181603
-2.75 -2.5 7 8 -946.5654751363077 1.531850284124162
-2.75 -2.5 8 9 -680.2807542660403 1.357109545430164
-2.75 -2.5 9 10 -489.1966322424696 1.210877667458272
-2.75 -2.5 10 11 -349.9603916395761 1.08714168954469
-2.75 -2.5 11 12 -247.1256439361518 0.9815166879597182
-2.75 -2.5 12 13 -170.3178718594538 0.8905653823652148
-2.75 -2.5 13 14 -112.4266773646 0.8116229085349964
-2.75 -2.5 14 15 -68.48672646270666 0.7426060501103801
-2.75 -2.5 15 16 -34.96969888749618 0.6818701597663371
-2.75 -2.5 16 17 -9.328176654318213 0.6281035449415315
-2.75 -2.5 17 18 10.30373699345159 0.5802496104206176
-2.75 -2.5 18 19 25.31058978099611 0.5374491604628634
-2.75 -2.5 19 20 36.7317991907114 0.4989972882246315
-2.75 -2.5 20 21 45.3558928798991 0.4643108593896694
-2.75 -2.5 21 22 51.78671249118395 0.4329037449941223
-2.75 -2.5 22 23 56.49058339658677 0.4043677732425797
-2.75 -2.5 23 24 59.83036275261247 0.3783579400780208
-2.75 -2.5 24 25 62.09031229836887 0.3545808243472166
-2.75 -2.5 25 26 63.49446993850722 0.3327854335780038
-2.75 -2.5 26 27 64.22035813461434 0.3127559127328779
-2.75 -2.5 27 28 64.40930916548712 0.2943056916235244
-2.75 -2.5 28 29 64.17430997495859 0.2772727537599341
-2.75 -2.5 29 30 63.60601042447632 0.2615157849665954
-2.75 -2.5 30 31 62.77735928226832 0.2469110183936608
-2.75 -2.5 31 32 61.74720609131185 0.2333496345133843
-2.75 -2.5 32 33 60.56311753071634 0.2207356056559734
-2.75 -2.5 33 34 59.26359269782733 0.2089838999431748
-2.75 -2.5 34 35 57.87981523844542 0.1980189765956529
-2.75 -2.5 35 36 56.43704628787918 0.187773519864023
-2.75 -2.5 36 37 54.95573713517905 0.1781873678163252
-2.75 -2.5 37 38 53.45242197649344 0.1692066035863903
-2.75 -2.5 38 39 51.94043716996464 0.1607827795570581
-2.75 -2.5 39 40 50.43050289788872 0.1528722535901306
-2.75 -2.5 40 41 48.93119531160912 0.1454356191001242
-2.75 -2.5 41 42 47.44933092507361 0.1384372126752979
-2.75 -2.5 42 43 45.99028060458804 0.1318446888820947
-2.75 -2.5 43 44 44.55822672586302 0.1256286507377878
-2.75 -2.5 44 45 43.1563743192954 0.1197623281983632
-2.75 -2.5 45 46 41.78615245769834 0.1144454844756716
-2.75 -2.5 46 47 40.45112993788865 0.1105013428812018
-2.75 -2.5 47 48 39.15152722005314 0.1080442836404935
-2.75 -2.5 48 49 37.88810395805177 0.1070128304142933
-2.75 -2.5 49 50 36.66106982106282 0.1065857607240934
-2.5 -2.25 0 1 3465.846410146964 1.633856347105318
-2.5 -2.25 1 2 -3531.073921882717 0.9660186829112059
-2.5 -2.25 2 3 -5267.482715997037 1.698691343179316
-2.5 -2.25 3 4 -3942.979127355004 1.56431153817778
-2.5 -2.25 4 5 -2799.471672728712 1.378051445048148
-2.5 -2.25 5 6 -1986.435696884804 1.234044363843814
-2.5 -2.25 6 7 -1422.244091897851 1.106233207843705
-2.5 -2.25 7 8 -1027.71266892466 0.993473513731788
-2.5 -2.25 8 9 -747.5127483837209 0.8950530384938585
-2.5 -2.25 9 10 -545.1566563574906 0.8099802911189133
-2.5 -2.25 10 11 -396.7868743416425 0.7359449033477942
-2.5 -2.25 11 12 -286.5213527164767 0.671300708593077
-2.5 -2.25 12 13 -203.6334933688318 0.6145670165203078
-2.5 -2.25 13 14 -140.7363706625754 0.5645142222666593
-2.5 -2.25 14 15 -92.64921903460572 0.520129994297548
-2.5 -2.25 15 16 -55.67585821697207 0.4805816428525198
-2.5 -2.25 16 17 -27.13754245400196 0.4451823270797143
-2.5 -2.25 17 18 -5.065018301890404 0.4133629039528042
-2.5 -2.25 18 19 12.00815168405393 0.3846491994304225
-2.5 -2.25 19 20 25.18671585738332 0.3586438911069393
-2.5 -2.25 20 21 35.31167836684801 0.33501212467356
-2.5 -2.25 21 22 43.02930966488668 0.3134700909521175
-2.5 -2.25 22 23 48.84045492782604 0.2937759252966083
-2.5 -2.25 23 24 53.13622256110989 0.2757224270929401
-2.5 -2.25 24 25 56.22412410575203 0.2591312057821784
-2.5 -2.25 25 26 58.34743143988032 0.243847947679583
-2.5 -2.25 26 27 59.69965712706323 0.229738568145652
-2.5 -2.25 27 28 60.4354883159898 0.2166860666986614
-2.5 -2.25 28 29 60.6791145234057 0.2045879407641641
-2.5 -2.25 29 30 60.5306214024219 0.1933540496650887
-2.5 -2.25 30 31 60.07093624973413 0.1829048394534263
-2.5 -2.25 31 32 59.36567973021909 0.1731698619106437
-2.5 -2.25 32 33 58.46818497310801 0.1640865313734309
-2.5 -2.25 33 34 57.42187815594406 0.155599077961422
-2.5 -2.25 34 35 56.2621660382772 0.1476576613326226
-2.5 -2.25 35 36 55.01794030442562 0.1402176178602834
-2.5 -2.25 36 37 53.71278226048048 0.1332388180527026
-2.5 -2.25 37 38 52.36593192259858 0.1266851162078176
-2.5 -2.25 38 39 50.99307082318916 0.1205238777379738
-2.5 -2.25 39 40 49.60695677426895 0.1147255711152361
-2.5 -2.25 40 41 48.21794053457114 0.1092634146785882
-2.5 -2.25 41 42 46.8343876490508 0.1041130707340285
-2.5 -2.25 42 43 45.46302404329668 0.09925237807259682
-2.5 -2.25 43 44 44.10921992456474 0.09466111953524974
-2.5 -2.25 44 45 42.77722363091559 0.09032081727604649
-2.5 -2.25 45 46 41.46934008658579 0.08653984963936824
-2.5 -2.25 46 47 40.19003020485249 0.08451998908675737
-2.5 -2.25 47 48 38.94018649807597 0.08439453497514063
-2.5 -2.25 48 49 37.72120020097009 0.08606766091012778
-2.5 -2.25 49 50 36.53384185855802 0.09190911335966896
-2.25 -2 0 1 3989.134479818871 1.036805788988939
-2.25 -2 1 2 -3141.28345116466 0.8570411408797555
-2.25 -2 2 3 -5363.561371092393 1.657249870929098
-2.25 -2 3 4 -4086.729986068061 1.53441184757833
-2.25 -2 4 5 -2928.480493345374 1.353761747206894
-2.25 -2 5 6 -2092.578755194635 1.193888033152334
-2.25 -2 6 7 -1507.710433013378 1.059711391673784
-2.25 -2 7 8 -1096.329282483999 0.9468411579946145
-2.25 -2 8 9 -802.7858203400037 0.8517030971161753
-2.25 -2 9 10 -589.9195010063099 0.7700348804514664
-2.25 -2 10 11 -433.2397750849427 0.6996774541979075
-2.25 -2 11 12 -316.3606308849121 0.6384928160798187
-2.25 -2 12 13 -228.1693653493176 0.5848974828822987
-2.25 -2 13 14 -160.9875546244441 0.5376426523930751
-2.25 -2 14 15 -109.4143207068821 0.4957322777660089
-2.25 -2 15 16 -69.58630512628201 0.4583634561924306
-2.25 -2 16 17 -38.69674575410841 0.4248825971957996
-2.25 -2 17 18 -14.67747643804159 0.3947528203383934
-2.25 -2 18 19 4.015058270295867 0.3675294152011078
-2.25 -2 19 20 18.54625657427482 0.3428411642294013
-2.25 -2 20 21 29.80521247501395 0.3203759708911519
-2.25 -2 21 22 38.47661846005906 0.2998696990741336
-2.25 -2 22 23 45.09223427430641 0.2810974176208262
-2.25 -2 23 24 50.06820437764532 0.2638664785118964
-2.25 -2 24 25 53.7324374792604 0.2480109969434554
-2.25 -2 25 26 56.34491541715749 0.2333874171177713
-2.25 -2 26 27 58.11291022293688 0.2198709239257231
-2.25 -2 27 28 59.20249279827374 0.2073525198226898
-2.25 -2 28 29 59.74731241552502 0.1957366281103245
-2.25 -2 29 30 59.85534791307339 0.1849391159937994
-2.25 -2 30 31 59.61413782555331 0.1748856543173433
-2.25 -2 31 32 59.09486010045384 0.1655103492765579
-2.25 -2 32 33 58.35553483645702 0.1567545962162067
-2.25 -2 33 34 57.443553555162 0.1485661126517373
-2.25 -2 34 35 56.39768770448762 0.1408981207147688
-2.25 -2 35 36 55.24969187153783 0.1337086524470585
-2.25 -2 36 37 54.02558963145918 0.1269599561875079
-2.25 -2 37 38 52.74670951643424 0.1206179881776674
-2.25 -2 38 39 51.43052315224918 0.1146519757055981
-2.25 -2 39 40 50.09132595826765 0.1090340400101789
-2.25 -2 40 41 48.74079208979703 0.1037388688112505
-2.25 -2 41 42 47.38842826711749 0.09874343314938755
-2.25 -2 42 43 46.04194619376511 0.09402673988841004
-2.25 -2 43 44 44.70756901446092 0.08956961535034842
-2.25 -2 44 45 43.39028418787487 0.08535451630138827
-2.25 -2 45 46 42.09299373522458 0.08201885837124379
-2.25 -2 46 47 40.82080060576612 0.08194420764081224
-2.25 -2 47 48 39.57503760084322 0.08519447235681138
-2.25 -2 48 49 38.35751772703293 0.09115299800703633
-2.25 -2 49 50 37.169378062975 0.09745809036771744
-2 -1.75 0 1 4488.019498655062 1.070611691759949
-2 -1.75 1 2 -2749.678633150034 2.886796649393699
-2 -1.75 2 3 -5427.464175737594 2.829380339025843
-2 -1.75 3 4 -4208.481512748484 2.298738208605537
-2 -1.75 4 5 -3047.475845226686 1.882770632198821
-2 -1.75 5 6 -2197.17965416853 1.574849148928296
-2 -1.75 6 7 -1596.911438282863 1.34252851496521
-2 -1.75 7 8 -1171.735262824262 1.162304473180623
-2 -1.75 8 9 -866.4834788851581 1.01899468413215
-2 -1.75 9 10 -643.861859537707 0.9026214380673744
-2 -1.75 10 11 -479.0981198499276 0.8062170002982575
-2 -1.75 11 12 -355.5163179999702 0.7252190051907518
-2 -1.75 12 13 -261.7498955310048 0.6562595930362585
-2 -1.75 13 14 -189.9102826381145 0.5969003639161359
-2 -1.75 14 15 -134.4266226850496 0.5453203683220982
-2 -1.75 15 16 -91.29926608444498 0.5001322444341416
-2 -1.75 16 17 -57.61235256986515 0.460260098522058
-2 -1.75 17 18 -31.21021144846191 0.4248564288148085
-2 -1.75 18 19 -10.47882916563344 0.3932443337837247
-2 -1.75 19 20 5.804199424417675 0.3648764755846371
-2 -1.75 20 21 18.57433418325013 0.3393053896482928
-2 -1.75 21 22 28.55418066838365 0.3161616340078955
-2 -1.75 22 23 36.30666401459052 0.2951374578435657
-2 -1.75 23 24 42.27367895822681 0.2759744238888711
-2 -1.75 24 25 46.80451529031495 0.2584539059013573
-2 -1.75 25 26 50.17699177161614 0.2423897096839092
-2 -1.75 26 27 52.61332746409016 0.2276222807135062
-2 -1.75 27 28 54.29217206000817 0.2140141143416946
-2 -1.75 28 29 55.35780353487951 0.2014460844567252
-2 -1.75 29 30 55.92721628342713 0.1898144837486386
-2 -1.75 30 31 56.09562412698472 0.1790286184976867
-2 -1.75 31 32 55.94076209956489 0.1690088404383515
-2 -1.75 32 33 55.52627074851188 0.159684925184277
-2 -1.75 33 34 54.90437451166355 0.1509947284457922
-2 -1.75 34 35 54.11801319163061 0.1428830649528811
-2 -1.75 35 36 53.20254699608029 0.1353007696978758
-2 -1.75 36 37 52.18712703520066 0.1282039057186104
-2 -1.75 37 38 51.09580191590106 0.1215530946010428
-2 -1.75 38 39 49.94841501491902 0.1153129462215211
-2 -1.75 39 40 48.761334861769 0.1094515722912612
-2 -1.75 40 41 47.54805196124443 0.1039401684454255
-2 -1.75 41 42 46.31966802835376 0.09875265559801831
-2 -1.75 42 43 45.08529843869388 0.09386536873722381
-2 -1.75 43 44 43.85240422642971 0.08925678865926731
-2 -1.75 44 45 42.62706674112877 0.0849073068702986
-2 -1.75 45 46 41.41312666573191 0.08119457943233756
-2 -1.75 46 47 40.21660128016003 0.08140386062546144
-2 -1.75 47 48 39.03955721222886 0.08511076421578165
-2 -1.75 48 49 37.88448669360523 0.09166739682022942
-2 -1.75 49 50 36.75312663214518 0.09858456428269409
-1.75 -1.5 0 1 4949.903883465789 0.985786325829213
-1.75 -1.5 1 2 -2366.744991984925 0.8568347799472441
-1.75 -1.5 2 3 -5460.456999643464 1.767111253231554
-1.75 -1.5 3 4 -4284.24768405858 1.704982427339377
-1.75 -1.5 4 5 -3115.705345511753 1.51879634132109
-1.75 -1.5 5 6 -2251.930019562165 1.331931979153393
-1.75 -1.5 6 7 -1639.695255789709 1.168380299868582
-1.75 -1.5 7 8 -1205.026556255319 1.030683086633547
-1.75 -1.5 8 9 -892.5027885089685 0.9144361226248724
-1.75 -1.5 9 10 -664.2817537976016 0.8162700956486377
-1.75 -1.5 10 11 -495.1848246201826 0.7341431297381941
-1.75 -1.5 11 12 -368.2365796039426 0.663472541537269
-1.75 -1.5 12 13 -271.828663909539 0.6025552228127453
-1.75 -1.5 13 14 -197.9012569846761 0.5496276781773985
-1.75 -1.5 14 15 -140.757063393281 0.5033054087179931
-1.75 -1.5 15 16 -96.30209343375645 0.4624939946860351
-1.75 -1.5 16 17 -61.54928427115942 0.4263206913116212
-1.75 -1.5 17 18 -34.2886166787805 0.3940829761418208
-1.75 -1.5 18 19 -12.86415345072191 0.3652100572745934
-1.75 -1.5 19 20 3.979162483981781 0.3392340074092276
-1.75 -1.5 20 21 17.20244288646722 0.3157679747335984
-1.75 -1.5 21 22 27.54860246623605 0.2944896036947542
-1.75 -1.5 22 23 35.59675682655745 0.275128300747855
-1.75 -1.5 23 24 41.80178724889242 0.2574553673860332
-1.75 -1.5 24 25 46.52345728754972 0.2412762836794164
-1.75 -1.5 25 26 50.0480741571854 0.2264246224292055
-1.75 -1.5 26 27 52.60476635048133 0.2127572078096995
-1.75 -1.5 27 28 54.37782954777003 0.2001502352876488
-1.75 -1.5 28 29 55.51617127384702 0.18849613811665
-1.75 -1.5 29 30 56.14059370937912 0.1777010383774987
-1.75 -1.5 30 31 56.34945110564092 0.1676826612111048
-1.75 -1.5 31 32 56.22307474928687 0.1583686159497006
-1.75 -1.5 32 33 55.8272560457134 0.1496949724642935
-1.75 -1.5 33 34 55.2160045029367 0.1416050749236892
-1.75 -1.5 34 35 54.43374364162867 0.1340485480128382
-1.75 -1.5 35 36 53.51706840808254 0.1269804609601831
-1.75 -1.5 36 37 52.49615839911382 0.1203606208649384
-1.75 -1.5 37 38 51.39591943931367 0.1141529714998144
-1.75 -1.5 38 39 50.23690959034485 0.1083250818285176
-1.75 -1.5 39 40 49.03609320715026 0.1028477079699571
-1.75 -1.5 40 41 47.80745732484758 0.09769441549607288
-1.75 -1.5 41 42 46.5625170964442 0.09284125507079376
-1.75 -1.5 42 43 45.31073170568891 0.08826648144138334
-1.75 -1.5 43 44 44.059847566786 0.0839503084432637
-1.75 -1.5 44 45 42.81618232939991 0.07987469775813058
-1.75 -1.5 45 46 41.58373046093601 0.07673806955672036
-1.75 -1.5 46 47 40.36874981917381 0.07715193367380127
-1.75 -1.5 47 48 39.17339668879282 0.08120433537141285
-1.75 -1.5 48 49 38.00026981027779 0.08824087620870946
-1.75 -1.5 49 50 36.85119969360301 0.09567504392044153
-1.5 -1.25 0 1 5388.656373059515 3.103096424001003
-1.5 -1.25 1 2 -1987.611811887271 3.658606465393698
-1.5 -1.25 2 3 -5486.957471916707 1.696123970174863
-1.5 -1.25 3 4 -4366.171720286387 1.629893861863067
-1.5 -1.25 4 5 -3198.511191597689 1.454985587524414
-1.5 -1.25 5 6 -2325.050290793511 1.284401292801035
-1.5 -1.25 6 7 -1701.962447180796 1.135887092320328
-1.5 -1.25 7 8 -1257.529433674045 1.009985668839163
-1.5 -1.25 8 9 -936.7249160095535 0.9025537730286484
-1.5 -1.25 9 10 -701.7148246423753 0.8127277980036861
-1.5 -1.25 10 11 -526.9392539286669 0.7346463763297522
-1.5 -1.25 11 12 -395.3244029118673 0.6675948901022897
-1.5 -1.25 12 13 -295.0470216828417 0.6092999746583738
-1.5 -1.25 13 14 -217.8957492000677 0.5582587797529113
-1.5 -1.25 14 15 -158.0517936497035 0.5132768923115213
-1.5 -1.25 15 16 -111.3243730477284 0.4733985938337421
-1.5 -1.25 16 17 -74.64930536825204 0.4378528968105332
-1.5 -1.25 17 18 -45.75492648819841 0.406012499770552
-1.5 -1.25 18 19 -22.93578818460833 0.3773626778629933
-1.5 -1.25 19 20 -4.896851727476815 0.3514776407475299
-1.5 -1.25 20 21 9.355462882007487 0.328002450379605
-1.5 -1.25 21 22 20.59058426329057 0.3066390957132523
-1.5 -1.25 22 23 29.40939658448167 0.2871356709736387
-1.5 -1.25 23 24 36.28474600877735 0.2692779012997331
-1.5 -1.25 24 25 41.5912946996184 0.2551397612416889
-1.5 -1.25 25 26 45.62776299519294 0.2421337259479344
-1.5 -1.25 26 27 48.63366714653455 0.2300277318365261
-1.5 -1.25 27 28 50.80203185216271 0.2187409846457118
-1.5 -1.25 28 29 52.28912868827456 0.2082015457578353
-1.5 -1.25 29 30 53.2219955759457 0.1983452185449363
-1.5 -1.25 30 31 53.70428582237128 0.1891145840115981
-1.5 -1.25 31 32 53.82084900244524 0.180458168967349
-1.5 -1.25 32 33 53.64134149329016 0.1723297265532394
-1.5 -1.25 33 34 53.22308909489141 0.1646876137800149
-1.5 -1.25 34 35 52.61336920424412 0.157494252384677
-1.5 -1.25 35 36 51.85123962821456 0.1507156605673714
-1.5 -1.25 36 37 50.96901112682446 0.1443210457148929
-1.5 -1.25 37 38 49.99343844743947 0.1382824501655856
-1.5 -1.25 38 39 48.94668771219347 0.1325744405589192
-1.5 -1.25 39 40 47.84712520398887 0.1271738376044605
-1.5 -1.25 40 41 46.70996299954146 0.1220594774216519
-1.5 -1.25 41 42 45.54778910117085 0.1172120033364106
-1.5 -1.25 42 43 44.37100427093162 0.1126136810132775
-1.5 -1.25 43 44 43.1881829972524 0.1082482367615272
-1.5 -1.25 44 45 42.00637263059673 0.1041007130846997
-1.5 -1.25 45 46 40.83018346050414 0.1005012102844834
-1.5 -1.25 46 47 39.66648907503441 0.09872456702408858
-1.5 -1.25 47 48 38.51792300662916 0.09895024164338229
-1.5 -1.25 48 49 37.38753245289109 0.1010820215918437
-1.5 -1.25 49 50 36.2775342398931 0.1038729717971838
-1.25 -1 0 1 5759.895814983885 1.550717139266587
-1.25 -1 1 2 -1683.843157079594 0.7983419065523057
-1.25 -1 2 3 -5525.968666578299 2.135352551635882
-1.25 -1 3 4 -4445.325859640809 2.020137536261272
-1.25 -1 4 5 -3272.690976258404 1.77503504135338
-1.25 -1 5 6 -2387.112071114257 1.549150633704419
-1.25 -1 6 7 -1752.345989049372 1.359456446865184
-1.25 -1 7 8 -1298.142672321912 1.202249286247522
-1.25 -1 8 9 -969.4799008154673 1.071524928597284
-1.25 -1 9 10 -728.2181775338886 0.9620102752772297
-1.25 -1 10 11 -548.4692632716706 0.8685733043064023
-1.25 -1 11 12 -412.8754631865127 0.7886368489799938
-1.25 -1 12 13 -309.3969947480186 0.7194687314298778
-1.25 -1 13 14 -229.6544528735487 0.6591257481935768
-1.25 -1 14 15 -167.7004480952583 0.6060947586736709
-1.25 -1 15 16 -119.2454895437772 0.5591834164239032
-1.25 -1 16 17 -81.14914853119672 0.5174410983638531
-1.25 -1 17 18 -51.08041374873915 0.4801014584844493
-1.25 -1 18 19 -27.28727386566243 0.446540312247975
-1.25 -1 19 20 -8.437870456149767 0.4162444166929443
-1.25 -1 20 21 6.490708748471434 0.3887880539277861
-1.25 -1 21 22 18.29142258136153 0.3638152627777919
-1.25 -1 22 23 27.58415273906326 0.3410262047688206
-1.25 -1 23 24 34.85717448724472 0.3201665923330166
-1.25 -1 24 25 40.49774943395209 0.301019409506696
-1.25 -1 25 26 44.81493839558573 0.2833983686693484
-1.25 -1 26 27 48.05678345684692 0.2671426935661039
-1.25 -1 27 28 50.42336900272153 0.2521129275301161
-1.25 -1 28 29 52.07683537149865 0.2381875386553293
-1.25 -1 29 30 53.14911708183718 0.2252601519386291
-1.25 -1 30 31 53.74796678996177 0.2132372769345871
-1.25 -1 31 32 53.96167681358497 0.2020364314897205
-1.25 -1 32 33 53.86280333186664 0.191584581875676
-1.25 -1 33 34 53.51112131653741 0.1818168412919305
-1.25 -1 34 35 52.95598200787089 0.1726753753296936
-1.25 -1 35 36 52.23820341707784 0.1641084799104018
-1.25 -1 36 37 51.39159360331911 0.1560697982057167
-1.25 -1 37 38 50.44418359102514 0.1485176555471224
-1.25 -1 38 39 49.41922945175588 0.1414144892097949
-1.25 -1 39 40 48.33602992732062 0.1347263600718332
-1.25 -1 40 41 47.21059610543671 0.1284225316775928
-1.25 -1 41 42 46.05620165636452 0.1224751061913244
-1.25 -1 42 43 44.88383652966047 0.1168587082751418
-1.25 -1 43 44 43.70258209761397 0.1115502112226384
-1.25 -1 44 45 42.51992224492932 0.1065284961580799
-1.25 -1 45 46 41.34081500546876 0.1021517693502111
-1.25 -1 46 47 40.17251678392529 0.09983532694003382
-1.25 -1 47 48 39.01791262199208 0.0997996112251896
-1.25 -1 48 49 37.88029133103811 0.1019327586149808
-1.25 -1 49 50 36.76208135549663 0.1087886090906405
-1 -0.75 0 1 6083.67312440555 2.286004568618068
-1 -0.75 1 2 -1392.234261946163 2.01967785382067
-1 -0.75 2 3 -5527.648138502696 1.565969169131447
-1 -0.75 3 4 -4486.032364949755 1.520947566394659
-1 -0.75 4 5 -3314.034025660866 1.363830123596088
-1 -0.75 5 6 -2422.374213396776 1.212393350500728
-1 -0.75 6 7 -1781.144846164136 1.081799557701812
-1 -0.75 7 8 -1321.408426835507 0.9710958093883181
-1 -0.75 8 9 -988.2661319360132 0.876747258428805
-1 -0.75 9 10 -743.433305488617 0.7954547582152582
-1 -0.75 10 11 -560.8471698212811 0.7256010648977312
-1 -0.75 11 12 -422.9855678010499 0.6644757462812811
-1 -0.75 12 13 -317.6862137327325 0.6107697463955535
-1 -0.75 13 14 -236.4733770582441 0.5632746103628073
-1 -0.75 14 15 -173.3257909726005 0.5210253514415413
-1 -0.75 15 16 -123.8971645531644 0.4832434166321233
-1 -0.75 16 17 -85.003129422136 0.4492944292612491
-1 -0.75 17 18 -54.27842573591715 0.4186566983357813
-1 -0.75 18 19 -29.94413717038128 0.3908975210948515
-1 -0.75 19 20 -10.64710777366804 0.3656551622270377
-1 -0.75 20 21 4.652554283655945 0.3426250004875293
-1 -0.75 21 22 16.7614342590773 0.3215487780197795
-1 -0.75 22 23 26.31041525731177 0.3022061694690756
-1 -0.75 23 24 33.79670332660817 0.2844081179273386
-1 -0.75 24 25 39.61484606780152 0.2679915193566147
-1 -0.75 25 26 44.07987533436767 0.2528149518465325
-1 -0.75 26 27 47.44474677871005 0.2387552161690239
-1 -0.75 27 28 49.91360335813613 0.2257045172464472
-1 -0.75 28 29 51.65194927857999 0.2135681496888909
-1 -0.75 29 30 52.79451589892983 0.2022625876983987
-1 -0.75 30 31 53.45138797084599 0.1917138984371175
-1 -0.75 31 32 53.71280752685266 0.1818564164835107
-1 -0.75 32 33 53.65296472887405 0.1726316323349482
-1 -0.75 33 34 53.33300696680112 0.163987253640669
-1 -0.75 34 35 52.80344054247746 0.1558764100505906
-1 -0.75 35 36 52.10605739006843 0.1482569768287652
-1 -0.75 36 37 51.27548812795749 0.1410909957586249
-1 -0.75 37 38 50.3404595406983 0.1343441791716533
-1 -0.75 38 39 49.3248169854246 0.1279854824537464
-1 -0.75 39 40 48.2483588831451 0.1219867342794105
-1 -0.75 40 41 47.12752043545669 0.1163223164607474
-1 -0.75 41 42 45.9759355727233 0.1109688845641411
-1 -0.75 42 43 44.80490045255442 0.1059051255657855
-1 -0.75 43 44 43.62375681777525 0.1011115439246991
-1 -0.75 44 45 42.44020999212427 0.09657027543395683
-1 -0.75 45 46 41.25938136449042 0.09306617590965716
-1 -0.75 46 47 40.08873354166934 0.09353336254120299
-1 -0.75 47 48 38.93126254580278 0.09808086518515524
-1 -0.75 48 49 37.79037246771463 0.1059797697501429
-1 -0.75 49 50 36.66858298200262 0.11433598442417
-0.75 -0.5 0 1 6338.270096415958 3.294177265222231
-0.75 -0.5 1 2 -1165.357985316424 2.758215172596969
-0.75 -0.5 2 3 -5535.217786337544 1.572642099664286
-0.75 -0.5 3 4 -4526.477104807591 1.537321679538132
-0.75 -0.5 4 5 -3355.668538110953 1.380637713981953
-0.75 -0.5 5 6 -2459.055352350352 1.226765592262938
-0.75 -0.5 6 7 -1812.185189109584 1.093141493773921
-0.75 -0.5 7 8 -1347.401890765907 0.9800500107095095
-0.75 -0.5 8 9 -1010.025094418493 0.9040903083215185
-0.75 -0.5 9 10 -761.7064807096976 0.8330469243669457
-0.75 -0.5 10 11 -576.2695953997336 0.769179016977716
-0.75 -0.5 11 12 -436.0668782220005 0.7113771063533654
-0.75 -0.5 12 13 -328.8379059332601 0.6593186545943692
-0.75 -0.5 13 14 -246.0262967440626 0.6124058677646752
-0.75 -0.5 14 15 -181.5468915991407 0.5700547216112947
-0.75 -0.5 15 16 -131.0029709105406 0.5317304484458216
-0.75 -0.5 16 17 -91.17028077716418 0.4969578991338275
-0.75 -0.5 17 18 -59.65186465195143 0.4653210613302576
-0.75 -0.5 18 19 -34.64346879697609 0.4364582146545154
-0.75 -0.5 19 20 -14.77155692496672 0.4100556849431017
-0.75 -0.5 20 21 1.020257389791368 0.3858415222903135
-0.75 -0.5 21 22 13.55198860966561 0.3635796619740543
-0.75 -0.5 22 23 23.4655149108919 0.3430647604389719
-0.75 -0.5 23 24 31.26709205096847 0.3241177334651723
-0.75 -0.5 24 25 37.35875297773373 0.3065819476370967
-0.75 -0.5 25 26 42.06174954727794 0.2903199914362368
-0.75 -0.5 26 27 45.63422830774141 0.2752109458460839
-0.75 -0.5 27 28 48.2846818354725 0.2611480789415293
-0.75 -0.5 28 29 50.18227291716653 0.2480368970985271
-0.75 -0.5 29 30 51.46482131012112 0.2357934954980867
-0.75 -0.5 30 31 52.24502771278253 0.2243431587883673
-0.75 -0.5 31 32 52.61535707970665 0.2136191706851395
-0.75 -0.5 32 33 52.65189431927672 0.2035617991594108
-0.75 -0.5 33 34 52.41740657043204 0.1941174278541763
-0.75 -0.5 34 35 51.96378867387034 0.1852378113530043
-0.75 -0.5 35 36 51.33402608529354 0.1768794342649998
-0.75 -0.5 36 37 50.56377795296135 0.1690029581608385
-0.75 -0.5 37 38 49.68265959374162 0.1615727425445262
-0.75 -0.5 38 39 48.71528577616959 0.1545564301570796
-0.75 -0.5 39 40 47.68212270108467 0.147924584167189
-0.75 -0.5 40 41 46.60018641632246 0.1416503735838059
-0.75 -0.5 41 42 45.48361715007553 0.1357092965178986
-0.75 -0.5 42 43 44.3441532778449 0.1300789380434172
-0.75 -0.5 43 44 43.19152354905572 0.1247387570133877
-0.75 -0.5 44 45 42.0337726180893 0.1196698981445161
-0.75 -0.5 45 46 40.87630293804239 0.1152324960802392
-0.75 -0.5 46 47 39.72686866965284 0.1128366961075791
-0.75 -0.5 47 48 38.58868053388102 0.1126972786123478
-0.75 -0.5 48 49 37.4653470894111 0.114712288583509
-0.75 -0.5 49 50 36.35956724635736 0.117504390624883
-0.5 -0.25 0 1 6509.788161149366 3.402037756702711
-0.5 -0.25 1 2 -1016.160261685614 2.410380338130354
-0.5 -0.25 2 3 -5544.233422708565 1.551502605184252
-0.5 -0.25 3 4 -4556.722736568784 1.534652733879907
-0.5 -0.25 4 5 -3385.77441258413 1.442813832420783
-0.5 -0.25 5 6 -2485.056394374 1.356624041111858
-0.5 -0.25 6 7 -1833.805902335137 1.248796721542392
-0.5 -0.25 7 8 -1365.197403672178 1.142509558242474
-0.5 -0.25 8 9 -1024.658554686894 1.044747518039859
-0.5 -0.25 9 10 -773.7719225879869 0.957142860328338
-0.5 -0.25 10 11 -586.2554229539919 0.8786287973206197
-0.5 -0.25 11 12 -444.3632162689455 0.808934757731004
-0.5 -0.25 12 13 -335.7557153327061 0.7468457641268622
-0.5 -0.25 13 14 -251.813348463651 0.6913854786550937
-0.5 -0.25 14 15 -186.4015024510754 0.6416841023528136
-0.5 -0.25 15 16 -135.0848044082643 0.596987725985926
-0.5 -0.25 16 17 -94.6086800033479 0.5566507667043369
-0.5 -0.25 17 18 -62.55225052938113 0.5201229560605996
-0.5 -0.25 18 19 -37.09226253308634 0.4869355804079908
-0.5 -0.25 19 20 -16.83998675510566 0.4566887891283513
-0.5 -0.25 20 21 -0.7268073780410305 0.4290405449685279
-0.5 -0.25 21 22 12.07719566172 0.403697269739094
-0.5 -0.25 22 23 22.22197086719939 0.3804060350722037
-0.5 -0.25 23 24 30.2203847625824 0.3589480865412147
-0.5 -0.25 24 25 36.47991265064206 0.3391334860692704
-0.5 -0.25 25 26 41.32630763668453 0.3207966791375617
-0.5 -0.25 26 27 45.02145515477366 0.303792821329302
-0.5 -0.25 27 28 47.77696581734028 0.2879947261557852
-0.5 -0.25 28 29 49.7646123529637 0.2732903208256557
-0.5 -0.25 29 30 51.12440674112781 0.2595805183965921
-0.5 -0.25 30 31 51.97089702340259 0.2467774310567766
-0.5 -0.25 31 32 52.39810962597198 0.2348028645559511
-0.5 -0.25 32 33 52.48345308757155 0.2235870446544045
-0.5 -0.25 33 34 52.29081960773033 0.2130675355322347
-0.5 -0.25 34 35 51.8730627576212 0.2031883180653971
-0.5 -0.25 35 36 51.27398696642098 0.1938990019293369
-0.5 -0.25 36 37 50.52995257970053 0.1851541485237233
-0.5 -0.25 37 38 49.67117658088836 0.1769126887183152
-0.5 -0.25 38 39 48.72279106820054 0.169137419712399
-0.5 -0.25 39 40 47.70570792687096 0.1617945680034008
-0.5 -0.25 40 41 46.63732787796931 0.1548534112242397
-0.5 -0.25 41 42 45.53212374309879 0.1482859467702616
-0.5 -0.25 42 43 44.40212193937441 0.1420666029983359
-0.5 -0.25 43 44 43.25730105935133 0.1361719859934758
-0.5 -0.25 44 45 42.1059227843275 0.1305806568764237
-0.5 -0.25 45 46 40.95356661625925 0.1256271273502262
-0.5 -0.25 46 47 39.8081741007656 0.1226354281348059
-0.5 -0.25 47 48 38.67308760785596 0.1218221369064885
-0.5 -0.25 48 49 37.55204074163998 0.1231196523694671
-0.5 -0.25 49 50 36.44784220785954 0.125239686516086
-0.25 0 0 1 6597.632396027879 3.628458762409186
-0.25 0 1 2 -937.6230073020006 3.100051076669228
-0.25 0 2 3 -5545.923489799961 1.569730453925675
-0.25 0 3 4 -4568.896410967947 1.543983385925696
-0.25 0 4 5 -3397.77785813169 1.390367077620956
-0.25 0 5 6 -2495.062160398568 1.237631047405927
-0.25 0 6 7 -1841.773788212967 1.120932409501549
-0.25 0 7 8 -1371.448730379626 1.037833760404564
-0.25 0 8 9 -1029.536723926431 0.9574717340503159
-0.25 0 9 10 -777.5674575940898 0.8833012574253289
-0.25 0 10 11 -589.2011341737552 0.815379805186438
-0.25 0 11 12 -446.637838738769 0.7542115356139873
-0.25 0 12 13 -337.4985579152317 0.6990913000866532
-0.25 0 13 14 -253.132921142877 0.6494050360453305
-0.25 0 14 15 -187.3828751862136 0.6045442506641205
-0.25 0 15 16 -135.7951454652762 0.5639476920743318
-0.25 0 16 17 -95.10138884287062 0.5271145571230815
-0.25 0 17 18 -62.87004779803465 0.493605216180332
-0.25 0 18 19 -37.26951590695262 0.4630367695331825
-0.25 0 19 20 -16.90447710262515 0.4350768148423048
-0.25 0 20 21 -0.7010826840912614 0.4094369637539936
-0.25 0 21 22 12.17477263107571 0.3858667726514116
-0.25 0 22 23 22.37640468039262 0.3641483354124075
-0.25 0 23 24 30.41940359185526 0.3440915877167838
-0.25 0 24 25 36.71345785285405 0.3255302870082835
-0.25 0 25 26 41.58612633321138 0.3083185966145743
-0.25 0 26 27 45.30077308564034 0.2923281939700277
-0.25 0 27 28 48.07022324941147 0.2774458252069378
-0.25 0 28 29 50.06724987526036 0.2635712364155126
-0.25 0 29 30 51.43269078157232 0.250615422393315
-0.25 0 30 31 52.2817771788674 0.2384991390561118
-0.25 0 31 32 52.70910160339065 0.2271516389371362
-0.25 0 32 33 52.792542362625 0.2165095923754575
-0.25 0 33 34 52.59638191115198 0.206516164074679
-0.25 0 34 35 52.17379828495444 0.1971202217776904
-0.25 0 35 36 51.56886581540681 0.1882756546437125
-0.25 0 36 37 50.81816940822438 0.1799407856471849
-0.25 0 37 38 49.95211285302202 0.1720778623101454
-0.25 0 38 39 48.99598356696953 0.164652615629281
-0.25 0 39 40 47.97082245263698 0.1576338757150113
-0.25 0 40 41 46.89413724841501 0.1509932359499381
-0.25 0 41 42 45.78048937091154 0.1447047603476946
-0.25 0 42 43 44.64197838694298 0.1387447254743622
-0.25 0 43 44 43.48864308181498 0.1330913947576874
-0.25 0 44 45 42.32879445056341 0.1277248184323842
-0.25 0 45 46 41.16804520983089 0.1229931411738172
-0.25 0 46 47 40.01438323874731 0.1202659255228914
-0.25 0 47 48 38.8711698365837 0.1197610828218377
-0.25 0 48 49 37.742159061179 0.1213983901251374
-0.25 0 49 50 36.63017503285329 0.1238440301286728
0 0.25 0 1 6597.132934251232 3.628455451959086
0 0.25 1 2 -938.5553020673642 3.100025186322243
0 0.25 2 3 -5546.530194588139 1.569652130552492
0 0.25 3 4 -4569.070733869711 1.543918706344072
0 0.25 4 5 -3397.70929557456 1.390332686869095
0 0.25 5 6 -2494.896121986512 1.237628726834345
0 0.25 6 7 -1841.58276085812 1.120954137011813
0 0.25 7 8 -1371.265059997109 1.037869699400915
0 0.25 8 9 -1029.37239116148 0.9575133309767817
0 0.25 9 10 -777.4249284141051 0.8833416310156487
0 0.25 10 11 -589.0795244661449 0.8154197270063009
0 0.25 11 12 -446.5339712778896 0.7542482359055028
0 0.25 12 13 -337.4092837514122 0.6991242951789285
0 0.25 13 14 -253.0553958654832 0.6494343146355223
0 0.25 14 15 -187.3147324180516 0.6045700398037913
0 0.25 15 16 -135.7345065634763 0.5639703211465796
0 0.25 16 17 -95.04680497630807 0.5271343827868068
0 0.25 17 18 -62.82042160098763 0.4936225843051977
0 0.25 18 19 -37.22402451236007 0.463051997402671
0 0.25 19 20 -16.8625053789367 0.4350901848752358
0 0.25 20 21 -0.6621690823176323 0.4094487227848336
0 0.25 21 22 12.21097815700409 0.3858771346020655
0 0.25 22 23 22.41017238742461 0.3641574845373564
0 0.25 23 24 30.45094728344395 0.3440996822378352
0 0.25 24 25 36.74295170454923 0.3255374628263826
0 0.25 25 26 41.61371680222032 0.3083249706034172
0 0.25 26 27 45.32658718965888 0.2923338665914209
0 0.25 27 28 48.09437421696589 0.2774508829660642
0 0.25 28 29 50.08984092504409 0.2635757542741993
0 0.25 29 30 51.45381759582278 0.2506194649498706
0 0.25 30 31 52.30152948181069 0.2385027624321082
0 0.25 31 32 52.7275641402922 0.2271548920511184
0 0.25 32 33 52.80979548908908 0.2165125176550469
0 0.25 33 34 52.61250193644605 0.2065187987013305
0 0.25 34 35 52.18885766948137 0.1971225981730507
0 0.25 35 36 51.5829332882015 0.1882778013018192
0 0.25 36 37 50.83131004519316 0.1799427274538095
0 0.25 37 38 49.96438814452347 0.1720796213028734
0 0.25 38 39 49.00745148800377 0.1646542111692415
0 0.25 39 40 47.98153754415449 0.1576353247695015
0 0.25 40 41 46.90415071423405 0.1509945536607712
0 0.25 41 42 45.78984918692396 0.1447059600757833
0 0.25 42 43 44.65072942465781 0.1387458190515767
0 0.25 43 44 43.49682724208793 0.1330923926513711
0 0.25 44 45 42.33645080490038 0.127725730024772
0 0.25 45 46 41.17521010676285 0.1229939867764433
0 0.25 46 47 40.02109056110851 0.1202667674210471
0 0.25 47 48 38.87745103225132 0.119761982013664
0 0.25 48 49 37.74804334285972 0.1213993953240663
0 0.25 49 50 36.63568948913431 0.1238451447420979
0.25 0.5 0 1 6508.364370585681 3.402029700236707
0.25 0.5 1 2 -1018.81307860854 2.410308593442725
0.25 0.5 2 3 -5545.952504598876 1.551349077676652
0.25 0.5 3 4 -4557.211620361681 1.534543408170632
0.25 0.5 4 5 -3385.577695887389 1.442770038941477
0.25 0.5 5 6 -2484.587601557416 1.356633816607924
0.25 0.5 6 7 -1833.269271893077 1.248840194786766
0.25 0.5 7 8 -1364.683172099893 1.142572918696096
0.25 0.5 8 9 -1024.199558095432 1.04481762838038
0.25 0.5 9 10 -773.3744050073278 0.9572074641020036
0.25 0.5 10 11 -585.9164634359327 0.8786940114221674
0.25 0.5 11 12 -444.0735758887367 0.8089948202940491
0.25 0.5 12 13 -335.5063928189566 0.7469000676692342
0.25 0.5 13 14 -251.5963005263366 0.6914340537244987
0.25 0.5 14 15 -186.2100977711127 0.6417273010927604
0.25 0.5 15 16 -134.9138246590692 0.5970260378912555
0.25 0.5 16 17 -94.4541377222854 0.5566847168866946
0.25 0.5 17 18 -62.41115537026985 0.5201530526917828
0.25 0.5 18 19 -36.96239593713199 0.4869622906844224
0.25 0.5 19 20 -16.71970869270717 0.4567125304499151
0.25 0.5 20 21 -0.6149009822552216 0.4290616844348937
0.25 0.5 21 22 12.18164383938984 0.4037161273866732
0.25 0.5 22 23 22.3196603435299 0.3804228887268993
0.25 0.5 23 24 30.31186635435279 0.3589631771578806
0.25 0.5 24 25 36.56563499962249 0.339147022476489
0.25 0.5 25 26 41.40664970732234 0.320808842600975
0.25 0.5 26 27 45.0967484553513 0.3038037696458478
0.25 0.5 27 28 47.84750924180651 0.2880045968402676
0.25 0.5 28 29 49.83068182918214 0.2732992340695488
0.25 0.5 29 30 51.18626129695849 0.2595885793199815
0.25 0.5 30 31 52.02878243966472 0.2467847321276402
0.25 0.5 31 32 52.45226050789643 0.2348094870684529
0.25 0.5 32 33 52.53409393942206 0.223593060126602
0.25 0.5 33 34 52.33816530841659 0.2130730071966711
0.25 0.5 34 35 51.91731870796502 0.2031933019065714
0.25 0.5 35 36 51.31534908088469 0.1939035474131921
0.25 0.5 36 37 50.56860723416867 0.1851582995784644
0.25 0.5 37 38 49.70730057900266 0.1769164845460521
0.25 0.5 38 39 48.75655166184032 0.1691408948649135
0.25 0.5 39 40 47.73726290603952 0.1617977535480894
0.25 0.5 40 41 46.66682573016192 0.1548563347121101
0.25 0.5 41 42 45.55970388005323 0.1482886327810537
0.25 0.5 42 43 44.42791497851442 0.1420690736120933
0.25 0.5 43 44 43.28142915294256 0.136174261003964
0.25 0.5 44 45 42.12849998285731 0.1305827538040857
0.25 0.5 45 46 40.97469916289731 0.12562909411704
0.25 0.5 46 47 39.82796108319241 0.1226374258194623
0.25 0.5 47 48 38.69162109318256 0.1218243282204257
0.25 0.5 48 49 37.56940631681178 0.1231221723731431
0.25 0.5 49 50 36.46411928906576 0.1252425478249935
0.5 0.75 0 1 6336.008769216978 3.294176069432861
0.5 0.75 1 2 -1169.55643152399 2.758188612003636
0.5 0.75 2 3 -5537.910352994435 1.572520403483992
0.5 0.75 3 4 -4527.211662428468 1.537199990096114
0.5 0.75 4 5 -3355.32676212553 1.380570680367881
0.5 0.75 5 6 -2458.297419458473 1.226755885277597
0.5 0.75 6 7 -1811.332150870768 1.093169218963423
0.5 0.75 7 8 -1346.592521836264 0.9801007329289784
0.5 0.75 8 9 -1009.306992244202 0.9037353157675906
0.5 0.75 9 10 -761.0893232925614 0.8335129189673054
0.5 0.75 10 11 -575.7448369883132 0.7692291199441834
0.5 0.75 11 12 -435.619737662797 0.7114228144224204
0.5 0.75 12 13 -328.4536612409599 0.6593596309541125
0.5 0.75 13 14 -245.6920181832625 0.612442251847284
0.5 0.75 14 15 -181.2520441901781 0.5700868756274767
0.5 0.75 15 16 -130.7393430692057 0.5317588203498074
0.5 0.75 16 17 -90.931651986823 0.4969829494763982
0.5 0.75 17 18 -59.43360977961083 0.4653432258415804
0.5 0.75 18 19 -34.44218698320356 0.4364778872098766
0.5 0.75 19 20 -14.58475797737833 0.41007321149638
0.5 0.75 20 21 1.194402659983552 0.3858572014996855
0.5 0.75 21 22 13.71483938672873 0.3635937485828418
0.5 0.75 22 23 23.61810219954918 0.3430774702627249
0.5 0.75 23 24 31.41022143037037 0.3241292486306798
0.5 0.75 24 25 37.49307741176267 0.3065924215182005
0.5 0.75 25 26 42.18781986409681 0.2903295532582248
0.5 0.75 26 27 45.75252739693872 0.2752197049119687
0.5 0.75 27 28 48.39564721165641 0.2611561277439794
0.5 0.75 28 29 50.28631113994845 0.248044314239376
0.5 0.75 29 30 51.56231682183488 0.2358003483362497
0.5 0.75 30 31 52.3363479476584 0.2243495049687967
0.5 0.75 31 32 52.7008551565948 0.2136250602214939
0.5 0.75 32 33 52.73191023456377 0.2035672753030996
0.5 0.75 33 34 52.49226751608205 0.1941225284969486
0.5 0.75 34 35 52.03380889689316 0.1852425696254288
0.5 0.75 35 36 51.39950655706525 0.176883879563111
0.5 0.75 36 37 50.62500601618427 0.169007116451129
0.5 0.75 37 38 49.73990868005137 0.1615766370844487
0.5 0.75 38 39 48.76881524471042 0.1545600815731753
0.5 0.75 39 40 47.73217781550164 0.1479280111771909
0.5 0.75 40 41 46.64699845907091 0.1416535929342628
0.5 0.75 41 42 45.5274036632814 0.1357123235330324
0.5 0.75 42 43 44.38511841065485 0.1300817863904714
0.5 0.75 43 44 43.22985849464624 0.1247414393377995
0.5 0.75 44 45 42.06965611783164 0.1196724258951756
0.5 0.75 45 46 40.90990172092955 0.1152349280235891
0.5 0.75 46 47 39.75833833447359 0.1128392664095198
0.5 0.75 47 48 38.61816582268676 0.1127002309815156
0.5 0.75 48 49 37.49298267306119 0.1147158295568491
0.5 0.75 49 50 36.38547818201624 0.117508536742097
0.75 1 0 1 6080.631751929976 2.285927370841174
0.75 1 1 2 -1397.876629489849 2.019165151350392
0.75 1 2 3 -5531.259347230836 1.565346574223781
0.75 1 3 4 -4487.009748588613 1.520911846863122
0.75 1 4 5 -3313.566377096915 1.364259653043151
0.75 1 5 6 -2421.34904877654 1.213031163363051
0.75 1 6 7 -1779.993061744412 1.082471009946932
0.75 1 7 8 -1320.31613205753 0.9717112794563674
0.75 1 8 9 -987.2982027949142 0.8772816212099241
0.75 1 9 10 -742.5995842421535 0.795917582109408
0.75 1 10 11 -560.1392598703237 0.7259751762193354
0.75 1 11 12 -422.3825817979905 0.6647816443640459
0.75 1 12 13 -317.1683576858009 0.6110182720039319
0.75 1 13 14 -236.0232484629855 0.5634756714333963
0.75 1 14 15 -172.9291897383082 0.521187547301239
0.75 1 15 16 -123.5430011794417 0.4833740134645951
0.75 1 16 17 -84.68298318585857 0.4493994697109588
0.75 1 17 18 -53.98601733423811 0.4187411535958111
0.75 1 18 19 -29.67483350550856 0.390965448804041
0.75 1 19 20 -10.39750302896118 0.3657098539931474
0.75 1 20 21 4.884972542822652 0.3426691131217911
0.75 1 21 22 16.97854088531585 0.3215844472823471
0.75 1 22 23 26.51363780005693 0.3022351064627126
0.75 1 23 24 33.98716020105064 0.2844316895681872
0.75 1 24 25 39.79344474486447 0.2680108153267585
0.75 1 25 26 44.24738067529915 0.2528308389760081
0.75 1 26 27 47.60182756598556 0.2387683831667332
0.75 1 27 28 50.0608632157174 0.2257155105747384
0.75 1 28 29 51.78994663335391 0.2135774026045392
0.75 1 29 30 52.92377640542929 0.2022704436062614
0.75 1 30 31 53.5724118750669 0.1917206291871313
0.75 1 31 32 53.82607372950486 0.1818622377329175
0.75 1 32 33 53.75893277653938 0.1726367147829862
0.75 1 33 34 53.43211781412458 0.163991732754782
0.75 1 34 35 52.89611664871899 0.1558803934133436
0.75 1 35 36 52.19270251550421 0.1482605499073097
0.75 1 36 37 51.35648705904549 0.1410942264595341
0.75 1 37 38 50.41617787667388 0.1343471221398423
0.75 1 38 39 49.39560105705493 0.1279881810754001
0.75 1 39 40 48.31453583168565 0.121989223587149
0.75 1 40 41 47.18939845504423 0.1163246245966518
0.75 1 41 42 46.0338043033139 0.1109710345385117
0.75 1 42 43 44.85903150367943 0.1059071359088327
0.75 1 43 44 43.67440439672839 0.1011134299898744
0.75 1 44 45 42.48761161656898 0.09657204979145027
0.75 1 45 46 41.30375846517205 0.09306790861343703
0.75 1 46 47 40.13029269370799 0.09353533288721645
0.75 1 47 48 38.97019582253392 0.09808333888605517
0.75 1 48 49 37.82685851352761 0.1059829392732132
0.75 1 49 50 36.70278763264517 0.1143398274276317
1 1.25 0 1 5756.163053783594 1.550976984598463
1 1.25 1 2 -1690.788444336359 0.800434468732477
1 1.25 2 3 -5530.451617411381 2.135699881631908
1 1.25 3 4 -4446.5798466177 2.019823605951673
1 1.25 4 5 -3272.151358866106 1.77442889172392
1 1.25 5 6 -2385.864027837644 1.548531349702114
1 1.25 6 7 -1750.92417348281 1.358931589889236
1 1.25 7 8 -1296.782393202245 1.202028568579095
1 1.25 8 9 -968.2680053034737 1.071018821396377
1 1.25 9 10 -727.1694268220467 0.9617641139420181
1 1.25 10 11 -547.5759553882654 0.8683980725918868
1 1.25 11 12 -412.11321927783 0.7885080634327347
1 1.25 12 13 -308.7420215454006 0.7193758812271933
1 1.25 13 14 -229.0854825161728 0.6590608925864893
1 1.25 14 15 -167.1999189402427 0.6060517833317041
1 1.25 15 16 -118.7995469038717 0.5591575191336187
1 1.25 16 17 -80.74716918539912 0.5174284531525101
1 1.25 17 18 -50.71439653693142 0.4800989932767516
1 1.25 18 19 -26.95125226416508 0.4465455552058013
1 1.25 19 20 -8.127408429632396 0.4162553830865061
1 1.25 20 21 6.778922576409286 0.3888031578714018
1 1.25 21 22 18.55988833309493 0.3638332458573978
1 1.25 22 23 27.83479414317571 0.3410460770448382
1 1.25 23 24 35.09151072144266 0.3201875828215937
1 1.25 24 25 40.71701828978587 0.3010409250565426
1 1.25 25 26 45.02018287312001 0.2834199592855134
1 1.25 26 27 48.24891149008772 0.2671640240223777
1 1.25 27 28 50.60319382510056 0.2521337538159546
1 1.25 28 29 52.24510218906255 0.2382076884799504
1 1.25 29 30 53.30652024300264 0.2252795092745216
1 1.25 30 31 53.8951604992028 0.2132557692416139
1 1.25 31 32 54.09928156338901 0.2020540193450697
1 1.25 32 33 53.99140958622365 0.1916012513018081
1 1.25 33 34 53.63129149979255 0.1818325966631932
1 1.25 34 35 53.06825151587668 0.1726902348277832
1 1.25 35 36 52.34308111997188 0.1641224710753701
1 1.25 36 37 51.48956213930057 0.1560829554750458
1 1.25 37 38 50.53569963361042 0.1485300171355432
1 1.25 38 39 49.50472405104301 0.1414260957843497
1 1.25 39 40 48.41590897370691 0.1347372534496563
1 1.25 40 41 47.28524093222529 0.1284327533955552
1 1.25 41 42 46.12596977426597 0.1224846970821576
1 1.25 42 43 44.94906247776316 0.1168677080771549
1 1.25 43 44 43.7635783867164 0.1115586578308407
1 1.25 44 45 42.57698037214141 0.1065364257080122
1 1.25 45 46 41.3942062561685 0.1021593167075739
1 1.25 46 47 40.22249400845737 0.09984298481631185
1 1.25 47 48 39.06471057038377 0.09980786689919049
1 1.25 48 49 37.92412809160601 0.1019419879074121
1 1.25 49 50 36.80315916675866 0.1087984352914206
1.25 1.5 0 1 5384.611457036446 3.103293332929075
1.25 1.5 1 2 -1995.096522596646 3.659466750452378
1.25 1.5 2 3 -5491.72182767654 1.697806024343905
1.25 1.5 3 4 -4367.44699469931 1.630327935294308
1.25 1.5 4 5 -3197.889668160959 1.454439175929305
1.25 1.5 5 6 -2323.702984280344 1.283348898578728
1.25 1.5 6 7 -1700.452388672871 1.134676502701258
1.25 1.5 7 8 -1256.098000831412 1.00849352349187
1.25 1.5 8 9 -935.4563375136368 0.9025206232991153
1.25 1.5 9 10 -700.6233233436674 0.8111321265517459
1.25 1.5 10 11 -526.0105084779989 0.7339063692761336
1.25 1.5 11 12 -394.5320732819878 0.6669927251380146
1.25 1.5 12 13 -294.3651626763592 0.6088162919426713
1.25 1.5 13 14 -217.3016362478133 0.5578742210224856
1.25 1.5 14 15 -157.5269526894526 0.5129739039203804
1.25 1.5 15 16 -110.8544342669568 0.4731620123611941
1.25 1.5 16 17 -74.22340462172428 0.4376699716744115
1.25 1.5 17 18 -45.3650004493602 0.4058726799280538
1.25 1.5 18 19 -22.57591662697996 0.3772573206870923
1.25 1.5 19 20 -4.562703742572239 0.3513997148050274
1.25 1.5 20 21 9.667068335698559 0.3279462634362462
1.25 1.5 21 22 20.88201348569737 0.3066000568441371
1.25 1.5 22 23 29.68244915773062 0.2871100889616531
1.25 1.5 23 24 36.5408338459531 0.2692628170091331
1.25 1.5 24 25 41.83156840179538 0.2551328696668678
1.25 1.5 25 26 45.85319904302787 0.2421330294158069
1.25 1.5 26 27 48.84512663154464 0.2300316572021681
1.25 1.5 27 28 51.00029895617627 0.2187483011616013
1.25 1.5 28 29 52.47493504321142 0.2082112943463037
1.25 1.5 29 30 53.39603500296869 0.1983566540166708
1.25 1.5 30 31 53.86722268348933 0.1891271308258035
1.25 1.5 31 32 53.97332245128666 0.1804713848217645
1.25 1.5 32 33 53.78396721212306 0.1723432742885727
1.25 1.5 33 34 53.35645959471697 0.1647012387823436
1.25 1.5 34 35 52.7380534006524 0.1575077646335555
1.25 1.5 35 36 51.96778214919436 0.1507289205948089
1.25 1.5 36 37 51.07793162837584 0.1443339534445278
1.25 1.5 37 38 50.09523109494359 0.1382949359350843
1.25 1.5 38 39 49.04182090118189 0.1325864583565073
1.25 1.5 39 40 47.93604154626058 0.1271853594470158
1.25 1.5 40 41 46.79307956441613 0.1220704891071737
1.25 1.5 41 42 45.62549788756922 0.1172225009636817
1.25 1.5 42 43 44.4436728763888 0.1126236685315196
1.25 1.5 43 44 43.25615544242567 0.1082577236245141
1.25 1.5 44 45 42.06997030743929 0.1041097127888511
1.25 1.5 45 46 40.88970596580509 0.1005098550800062
1.25 1.5 46 47 39.72221579841812 0.09873340675012174
1.25 1.5 47 48 38.5701136886054 0.09895982931706282
1.25 1.5 48 49 37.43642861222617 0.1010927877635088
1.25 1.5 49 50 36.32336001508716 0.1038849065226478
1.5 1.75 0 1 4945.563064439128 0.9874554806375387
1.5 1.75 1 2 -2374.765653611347 0.8663780468408485
1.5 1.75 2 3 -5465.537817156001 1.771001676008709
1.5 1.75 3 4 -4285.575025617634 1.705679979205203
1.5 1.75 4 5 -3115.00154620607 1.517353329651486
1.5 1.75 5 6 -2250.457066561238 1.329619174518857
1.5 1.75 6 7 -1638.057084667384 1.165943108251522
1.5 1.75 7 8 -1203.476968930991 1.028352034215138
1.5 1.75 8 9 -891.1172929256759 0.9114554278393522
1.5 1.75 9 10 -663.1309495722762 0.8158697174581619
1.5 1.75 10 11 -494.1889758875282 0.7328567634035609
1.5 1.75 11 12 -367.3888085191147 0.6624399733007048
1.5 1.75 12 13 -271.1006532343752 0.601733071260067
1.5 1.75 13 14 -197.2683034349625 0.5489771134207704
1.5 1.75 14 15 -140.1991172329958 0.502793415590912
1.5 1.75 15 16 -95.80356297179765 0.4620932352473817
1.5 1.75 16 17 -61.0983724850455 0.4260088570999957
1.5 1.75 17 18 -33.87655408476621 0.393842016589458
1.5 1.75 18 19 -12.4844870844604 0.3650254422667433
1.5 1.75 19 20 4.331165833838213 0.3390940798055379
1.5 1.75 20 21 17.5302695933176 0.3156634033367223
1.5 1.75 21 22 27.8548526365214 0.2944129320530248
1.5 1.75 22 23 35.88341135745645 0.2750735788544306
1.5 1.75 23 24 42.07040093570754 0.2574178530452887
1.5 1.75 24 25 46.77529546588084 0.2412522021605366
1.5 1.75 25 26 50.28420735639918 0.2264109723642948
1.5 1.75 26 27 52.82613440572334 0.2127516062108804
1.5 1.75 27 28 54.58528393508288 0.2001507928953538
1.5 1.75 28 29 55.71050222508563 0.1885013595956249
1.5 1.75 29 30 56.32254691147841 0.1777097427706515
1.5 1.75 30 31 56.51973744805014 0.167693917792895
1.5 1.75 31 32 56.38237556963566 0.1583816935896106
1.5 1.75 32 33 55.97622558129223 0.1497092987878382
1.5 1.75 33 34 55.35527070848116 0.1416202036856762
1.5 1.75 34 35 54.56390814756827 0.1340641333811401
1.5 1.75 35 36 53.63870611753038 0.1269962365883973
1.5 1.75 36 37 52.60981702901569 0.1203763832667265
1.5 1.75 37 38 51.50211918449548 0.1141685671796593
1.5 1.75 38 39 50.336142996999 0.1083403967929431
1.5 1.75 39 40 49.12882529129854 0.1028626588576946
1.5 1.75 40 41 47.89412593333111 0.0977089433371042
1.5 1.75 41 42 46.64353348690355 0.09285531999014278
1.5 1.75 42 43 45.38648131665258 0.08828005815240807
1.5 1.75 43 44 44.13069093806041 0.08396338333515048
1.5 1.75 44 45 42.88245613909521 0.07988726565392108
1.5 1.75 45 46 41.64574843256091 0.07675022551129167
1.5 1.75 46 47 40.42680441237286 0.07716410630644428
1.5 1.75 47 48 39.22775970955621 0.08121693851530873
1.5 1.75 48 49 38.05119392715429 0.08825420770744705
1.5 1.75 49 50 36.89891932008345 0.09568906978878824
1.75 2 0 1 4483.663920699497 1.070840872494621
1.75 2 1 2 -2757.744179534648 2.88712232410044
1.75 2 2 3 -5432.621062367743 2.829460714055635
1.75 2 3 4 -4209.900709601738 2.298475960023715
1.75 2 4 5 -3046.850769319478 1.882363661118638
1.75 2 5 6 -2195.755467437369 1.57446421690687
1.75 2 6 7 -1595.292390129574 1.34219198808501
1.75 2 7 8 -1170.185697279998 1.162113181666426
1.75 2 8 9 -865.1001041216041 1.018759984481932
1.75 2 9 10 -642.6672948333262 0.9025957439292113
1.75 2 10 11 -478.0760602071532 0.8061446313653178
1.75 2 11 12 -354.6416604641975 0.7251737087049649
1.75 2 12 13 -260.995668799238 0.6562348276687689
1.75 2 13 14 -189.2524815402778 0.5968913912810295
1.75 2 14 15 -133.8455213486318 0.5453236033498124
1.75 2 15 16 -90.77938686174116 0.5001448650603867
1.75 2 16 17 -57.14189751034428 0.4602798249506425
1.75 2 17 18 -30.7803486573539 0.4248813971215143
1.75 2 18 19 -10.08301166889396 0.3932730183421093
1.75 2 19 20 6.170813726441338 0.364907635176958
1.75 2 20 21 18.9153459842355 0.3393380250868539
1.75 2 21 22 28.87230441307076 0.3161949516589806
1.75 2 22 23 36.60399180947002 0.2951708381200883
1.75 2 23 24 42.55187184666056 0.2760073920903784
1.75 2 24 25 47.0649388507951 0.2584861074786292
1.75 2 25 26 50.42081022381535 0.2424208878338983
1.75 2 26 27 52.84156755714866 0.227652257644044
1.75 2 27 28 54.50576540359839 0.2140427750509602
1.75 2 28 29 55.55761386060419 0.2014733634125428
1.75 2 29 30 56.11405639382292 0.1898403534572871
1.75 2 30 31 56.27026596114047 0.1790530808064926
1.75 2 31 32 56.10394234103069 0.1690319184740496
1.75 2 32 33 55.67869366240689 0.159706658156757
1.75 2 33 34 55.04671315832491 0.1510151662927766
1.75 2 34 35 54.2509097784224 0.1429022649479614
1.75 2 35 36 53.32661285908932 0.1353187934654765
1.75 2 36 37 52.3029425493055 0.1282208169852085
1.75 2 37 38 51.20391650811598 0.1215689577481824
1.75 2 38 39 50.04934736622016 0.1153278247885942
1.75 2 39 40 48.85557333066964 0.109465528015845
1.75 2 40 41 47.63605522528798 0.1039532609901707
1.75 2 41 42 46.40186592323778 0.09876494176478041
1.75 2 42 43 45.16209296298177 0.09387690263408575
1.75 2 43 44 43.92417067599587 0.08926762093522465
1.75 2 44 45 42.69415493940073 0.0849174855311593
1.75 2 45 46 41.47586198795952 0.08120427419341664
1.75 2 46 47 40.27528667191478 0.08141346556413119
1.75 2 47 48 39.09447376421318 0.08512071184015946
1.75 2 48 49 37.93589534750083 0.0916780074088637
1.75 2 49 50 36.80126917551448 0.09859583433848815
2 2.25 0 1 3984.730087140862 1.03674683144845
2 2.25 1 2 -3149.404600686533 0.8564919238200879
2 2.25 2 3 -5368.675099176879 1.656862054501315
2 2.25 3 4 -4088.029540480816 1.534246085521156
2 2.25 4 5 -2927.724987804762 1.353882205443138
2 2.25 5 6 -2091.049032184515 1.194187651864416
2 2.25 6 7 -1506.017939356217 1.060077871525212
2 2.25 7 8 -1094.73363122125 0.9472140216112013
2 2.25 8 9 -801.3774078598922 0.8520377028066041
2 2.25 9 10 -588.7130166853112 0.7703305278695284
2 2.25 10 11 -432.2161888478524 0.6999299892422548
2 2.25 11 12 -315.4911744676315 0.6387057002184056
2 2.25 12 13 -227.4249769932162 0.5850757614207164
2 2.25 13 14 -160.3427972590616 0.5377915836256756
2 2.25 14 15 -108.8484599638132 0.4958567347052737
2 2.25 15 16 -69.08312863091328 0.4584677055808906
2 2.25 16 17 -38.24390339170509 0.4249702578583733
2 2.25 17 18 -14.26571179735083 0.3948269020450264
2 2.25 18 19 4.39262260409123 0.3675923901920421
2 2.25 19 20 18.89472047964978 0.3428950460335505
2 2.25 20 21 30.12837632666754 0.3204223912265619
2 2.25 21 22 38.77734894649541 0.2999099756300502
2 2.25 22 23 45.37273664512259 0.2811326133025975
2 2.25 23 24 50.33022055712945 0.2638974504053963
2 2.25 24 25 53.977387434967 0.2480384369033955
2 2.25 25 26 56.57399619644343 0.2334118849256556
2 2.25 26 27 58.32716406198415 0.2198928736410146
2 2.25 27 28 59.40285305376653 0.2073723214258503
2 2.25 28 29 59.93463387260101 0.1957545842556158
2 2.25 29 30 60.0304262900421 0.1849554754771914
2 2.25 30 31 59.7777219605141 0.174900622920778
2 2.25 31 32 59.24765930090581 0.1655240983390746
2 2.25 32 33 58.49822312934117 0.1567672690396937
2 2.25 33 34 57.57677203321236 0.1485778300654223
2 2.25 34 35 56.52204577327598 0.1409089853900439
2 2.25 35 36 55.36576792728584 0.1337187519581724
2 2.25 36 37 54.13393150342927 0.1269693657776903
2 2.25 37 38 52.84783487725019 0.1206267731763198
2 2.25 38 39 51.52492000674818 0.1146601929401975
2 2.25 39 40 50.17945326599266 0.1090417392504336
2 2.25 40 41 48.8230805364733 0.1037460938187728
2 2.25 41 42 47.46528117648882 0.09875022285436098
2 2.25 42 43 46.11374056470802 0.09403312866767347
2 2.25 43 44 44.77465665328938 0.0895756342586578
2 2.25 44 45 43.45299291363398 0.08536019293317083
2 2.25 45 46 42.15162838319799 0.08202430755992407
2 2.25 46 47 40.87564492031402 0.08194985968387332
2 2.25 47 48 39.62635482081691 0.0852007351311848
2 2.25 48 49 38.40555219390282 0.09116016683475849
2 2.25 49 50 37.21435614898084 0.0974661390214676
2.25 2.5 0 1 3461.932423011923 1.633844662888184
2.25 2.5 1 2 -3538.20396167952 0.9658505855289808
2.25 2.5 2 3 -5271.840865557393 1.698531831918738
2.25 2.5 3 4 -3943.984435854506 1.564203716977206
2.25 2.5 4 5 -2798.751856857207 1.378043232636338
2.25 2.5 5 6 -1985.104604163972 1.234105107569211
2.25 2.5 6 7 -1420.806580036228 1.106322890011315
2.25 2.5 7 8 -1026.373449442775 0.9935627263610036
2.25 2.5 8 9 -746.3381002528567 0.8951422379474164
2.25 2.5 9 10 -544.1531880056918 0.8100570073596575
2.25 2.5 10 11 -395.9353459633664 0.7360117728737875
2.25 2.5 11 12 -285.7960522598175 0.6713587763580948
2.25 2.5 12 13 -203.0094659901022 0.6146176160369584
2.25 2.5 13 14 -140.1922847740318 0.5645586271324399
2.25 2.5 14 15 -92.16800603074898 0.5201693040283711
2.25 2.5 15 16 -55.24439680354294 0.480616763879846
2.25 2.5 16 17 -26.74600494082301 0.4452139884806217
2.25 2.5 17 18 -4.706166285684503 0.4133916842233313
2.25 2.5 18 19 12.33960037555948 0.3846755540373553
2.25 2.5 19 20 25.49460851062008 0.3586681770902133
2.25 2.5 20 21 35.5988346355266 0.3350346223793317
2.25 2.5 21 22 43.29782822734217 0.3134910211287479
2.25 2.5 22 23 49.09193791207861 0.2937954632139529
2.25 2.5 23 24 53.37193583113947 0.2757407136640598
2.25 2.5 24 25 56.44510915373314 0.2591483557894317
2.25 2.5 25 26 58.55458169364977 0.2438640564217744
2.25 2.5 26 27 59.89376866570763 0.2297537163397251
2.25 2.5 27 28 60.61729256292642 0.2167003237836372
2.25 2.5 28 29 60.84929851647769 0.2046013679153654
2.25 2.5 29 30 60.68983970347568 0.1933667014322146
2.25 2.5 30 31 60.21981739269921 0.1829167653379156
2.25 2.5 31 32 59.50482923156699 0.1731811072762044
2.25 2.5 32 33 58.5981862960366 0.1640971380409129
2.25 2.5 33 34 57.54329256133633 0.1556090849756269
2.25 2.5 34 35 56.37553192697442 0.1476671051068842
2.25 2.5 35 36 55.1237724317109 0.1402265325772558
2.25 2.5 36 37 53.81157104484532 0.1332472357124248
2.25 2.5 37 38 52.45814296817377 0.1266930668820521
2.25 2.5 38 39 51.07914470627219 0.1205313897851381
2.25 2.5 39 40 49.68730910057661 0.1147326710582844
2.25 2.5 40 41 48.29296224929396 0.1092701275499745
2.25 2.5 41 42 46.90444556839165 0.104119419806555
2.25 2.5 42 43 45.52846156874656 0.09925838541499092
2.25 2.5 43 44 44.17035790227291 0.0946668055987621
2.25 2.5 44 45 42.8343613183182 0.09032620138595199
2.25 2.5 45 46 41.52275604743184 0.08654504706112197
2.25 2.5 46 47 40.23998370960683 0.08452546584339374
2.25 2.5 47 48 38.98691827065633 0.0844007660562007
2.25 2.5 48 49 37.76493375620424 0.08607502735249721
2.25 2.5 49 50 36.5747843140451 0.09191729345948797
2.5 2.75 0 1 2884.588085544045 2.164812209034531
2.5 2.75 1 2 -3966.153915436666 1.115295643817533
2.5 2.75 2 3 -5177.448225086369 2.715351289924904
2.5 2.75 3 4 -3794.231534696412 2.608127646951442
2.5 2.75 4 5 -2659.756185335105 2.293153491547004
2.5 2.75 5 6 -1867.034075824365 1.99458780470866
2.5 2.75 6 7 -1322.792630130018 1.74168153513019
2.5 2.75 7 8 -945.3601930951963 1.531857186255974
2.5 2.75 8 9 -679.2269692786394 1.357128612714
2.5 2.75 9 10 -488.2987240441685 1.210898541623722
2.5 2.75 10 11 -349.2002456649232 1.08716361418461
2.5 2.75 11 12 -246.4797382847769 0.9815384969409721
2.5 2.75 12 13 -169.7635696725422 0.8905865692614624
2.5 2.75 13 14 -111.9446933211495 0.8116432828706245
2.5 2.75 14 15 -68.06164449179255 0.742625562161808
2.5 2.75 15 16 -34.58966102433897 0.6818888163686738
2.5 2.75 16 17 -8.984284521421614 0.6281213714005066
2.5 2.75 17 18 10.61805772332605 0.5802666347267955
2.5 2.75 18 19 25.60015701962368 0.5374654080439464
2.5 2.75 19 20 37.00014035828963 0.4990127811686356
2.5 2.75 20 21 45.60560826997266 0.4643256172027422
2.5 2.75 21 22 52.01974877146915 0.432917786176729
2.5 2.75 22 23 56.70843391322842 0.4043811159526153
2.5 2.75 23 24 60.03421086668436 0.3783706034271274
2.5 2.75 24 25 62.28113178302863 0.3545928285918171
2.5 2.75 25 26 63.67309380789061 0.3327968003480141
2.5 2.75 26 27 64.38752475214108 0.312766665066712
2.5 2.75 27 28 64.56569232234096 0.294315853776026
2.5 2.75 28 29 64.32053788594089 0.2772823508848702
2.5 2.75 29 30 63.7426772293062 0.2615248428207627
2.5 2.75 30 31 62.90503161322118 0.2469195631358297
2.5 2.75 31 32 61.86642650057354 0.2333576922101917
2.5 2.75 32 33 60.6744060114188 0.2207432022372983
2.5 2.75 33 34 59.36744712970386 0.208991060723272
2.5 2.75 34 35 57.97671130072155 0.1980257263993802
2.5 2.75 35 36 56.52743718475949 0.1877798824958054
2.5 2.75 36 37 55.04005333800472 0.1781933663332625
2.5 2.75 37 38 53.53107109689273 0.1692122598795318
2.5 2.75 38 39 52.01380401442333 0.1607881145279132
2.5 2.75 39 40 50.49894971986933 0.1528772870751438
2.5 2.75 40 41 48.99506224863734 0.1454403697410418
2.5 2.75 41 42 47.5089366003952 0.1384416980979907
2.5 2.75 42 43 46.04592286398019 0.1318489256007602
2.5 2.75 43 44 44.61018348014375 0.1256326542946835
2.5 2.75 44 45 43.2049044633614 0.1197661130899829
2.5 2.75 45 46 41.83149670778164 0.1144491351430966
2.5 2.75 46 47 40.49351211140069 0.1105052029176572
2.5 2.75 47 48 39.19115491913001 0.1080487191320834
2.5 2.75 48 49 37.92516977234905 0.1070181678993872
2.5 2.75 49 50 36.69575205474851 0.1065920577973367
2.75 3 0 1 2251.456523809939 1.660771071012928
2.75 3 1 2 -4385.709560184885 4.364107342033671
2.75 3 2 3 -5028.055550573042 5.872105655641779
2.75 3 3 4 -3593.213834889936 5.014329932589273
2.75 3 4 5 -2478.958107607366 4.168579336227133
2.75 3 5 6 -1716.178389854214 3.495934364440456
2.75 3 6 7 -1199.310844870335 2.971111396596775
2.75 3 7 8 -844.5493024205948 2.557309489252955
2.75 3 8 9 -596.6604947791543 2.225494350783253
2.75 3 9 10 -420.3205821614256 1.95536555790946
2.75 3 10 11 -292.9121709571698 1.732084611787232
2.75 3 11 12 -199.6112647666844 1.545151829822304
2.75 3 12 13 -130.5367899496493 1.386857726186439
2.75 3 13 14 -78.96096733138143 1.25146445597481
2.75 3 14 15 -40.21325664804135 1.134629245970625
2.75 3 15 16 -10.99270599425563 1.033013521551896
2.75 3 16 17 11.07192253955213 0.9440137767877567
2.75 3 17 18 27.70914122858733 0.8655731575429584
2.75 3 18 19 40.19560521566359 0.7960473581304778
2.75 3 19 20 49.48538006689091 0.7341076597968604
2.75 3 20 21 56.29898290261588 0.6786697797724038
2.75 3 21 22 61.18568102528138 0.6288409375563452
2.75 3 22 23 64.56771137488181 0.5838799687875194
2.75 3 23 24 66.77208490124815 0.5431669137056646
2.75 3 24 25 68.0537410780388 0.5061795749540002
2.75 3 25 26 68.61259424045681 0.472475263403641
2.75 3 26 27 68.60621268898888 0.4416764495296985
2.75 3 27 28 68.15933904667997 0.4134593855321434
2.75 3 28 29 67.37110149751476 0.3875450091901865
2.75 3 29 30 66.32052008496129 0.3636916166906961
2.75 3 30 31 65.07074261405904 0.3416889174590512
2.75 3 31 32 63.67232575435685 0.3213531790582326
2.75 3 32 33 62.16579279838572 0.3025232362619735
2.75 3 33 34 60.583639339765 0.2850571922877372
2.75 3 34 35 58.95191465064778 0.2688296759556567
2.75 3 35 36 57.29147484586645 0.2537295498637129
2.75 3 36 37 55.61898059714042 0.2396579854672932
2.75 3 37 38 53.94769493755751 0.2265268392012195
2.75 3 38 39 52.28812375692081 0.2142572760703172
2.75 3 39 40 50.64853187772249 0.2027785983658181
2.75 3 40 41 49.03536036564515 0.1920272448006767
2.75 3 41 42 47.45356492319323 0.1819459323272967
2.75 3 42 43 45.90689114445638 0.1724829169923319
2.75 3 43 44 44.39809895568439 0.1635913560964862
2.75 3 44 45 42.9291460358335 0.1552287548554618
2.75 3 45 46 41.50041607321225 0.1475135322827456
2.75 3 46 47 40.11441105950027 0.1410082158619557
2.75 3 47 48 38.77055285803726 0.1357939429083391
2.75 3 48 49 37.46885186596919 0.1318424586313747
2.75 3 49 50 36.20885077834356 0.1285763847419798
3 3.25 0 1 1565.263935501425 1.193241142387717
3 3.25 1 2 -4729.872918751471 9.17844112047513
3 3.25 2 3 -4774.668434810142 9.607104457649848
3 3.25 3 4 -3311.618756564572 7.812879767445085
3 3.25 4 5 -2239.074205361916 6.33877200167736
3 3.25 5 6 -1522.339698288924 5.231943896269073
3 3.25 6 7 -1044.424632551081 4.394308377851219
3 3.25 7 8 -720.6367399314668 3.746821803996192
3 3.25 8 9 -497.000703156109 3.235270709371286
3 3.25 9 10 -339.6540256227036 2.823436265062899
3 3.25 10 11 -227.2060382334053 2.486217816794526
3 3.25 11 12 -145.7829070225362 2.206116448887308
3 3.25 12 13 -86.21817304093338 1.970545431059575
3 3.25 13 14 -42.31857719316076 1.770269158070901
3 3.25 14 15 -9.814642676406493 1.598377626501932
3 3.25 15 16 14.29148737782407 1.449609629799088
3 3.25 16 17 32.13995212910345 1.319896087596216
3 3.25 17 18 45.28139594600111 1.206045382840799
3 3.25 18 19 54.85429238146332 1.105522291956283
3 3.25 19 20 61.70438926075781 1.016289870844062
3 3.25 20 21 66.4665725332859 0.9366945043189678
3 3.25 21 22 69.62187374388111 0.8653810765621786
3 3.25 22 23 71.53775211010293 0.8012295062975036
3 3.25 23 24 72.4969413242203 0.7433066658656076
3 3.25 24 25 72.71836203638566 0.6908295313455028
3 3.25 25 26 72.37245359385702 0.6431366382122248
3 3.25 26 27 71.59253089690247 0.5996657513770729
3 3.25 27 28 70.4832769945188 0.5599362369422385
3 3.25 28 29 69.12714949122488 0.5235350268717525
3 3.25 29 30 67.58925216949569 0.4901053562533285
3 3.25 30 31 65.92106709253534 0.4593376580798199
3 3.25 31 32 64.16333332146843 0.4309621519420958
3 3.25 32 33 62.34828141416449 0.4047427720109746
3 3.25 33 34 60.50137798910839 0.3804721626408307
3 3.25 34 35 58.64269509825721 0.3579675295079586
3 3.25 35 36 56.78799041903869 0.3370671824640145
3 3.25 36 37 54.94956319800605 0.3176276394667602
3 3.25 37 38 53.13693534940563 0.2995211890855758
3 3.25 38 39 51.35739548094801 0.2826338299642606
3 3.25 39 40 49.61643492214759 0.2668635209218669
3 3.25 40 41 47.91809835372175 0.2521186892532703
3 3.25 41 42 46.26526647547769 0.2383169539891639
3 3.25 42 43 44.65988451595379 0.2253840290711799
3 3.25 43 44 43.1031473478302 0.2132527779790201
3 3.25 44 45 41.59564971756151 0.2018623959722918
3 3.25 45 46 40.13665344478895 0.1912655360946123
3 3.25 46 47 38.72748292039802 0.1818236223747582
3 3.25 47 48 37.36672015092202 0.173573862911182
3 3.25 48 49 36.05358103145667 0.1664862158722875
3 3.25 49 50 34.78690447635886 0.1601535854049557
3.25 3.5 0 1 852.3301904070281 0.4307427234215253
3.25 3.5 1 2 -4889.160641966809 18.51786926251253
3.25 3.5 2 3 -4354.67362245147 14.74387506444439
3.25 3.5 3 4 -2915.207780338296 11.1425261075255
3.25 3.5 4 5 -1921.579311157914 8.691026225892486
3.25 3.5 5 6 -1275.909324733702 6.984727037753973
3.25 3.5 6 7 -853.7191039395188 5.748693621810711
3.25 3.5 7 8 -572.2976405219017 4.821187235299514
3.25 3.5 8 9 -380.78421607109 4.104564281984244
3.25 3.5 9 10 -247.9582218452692 3.5376454854225
3.25 3.5 10 11 -154.4068548886273 3.080174459337194
3.25 3.5 11 12 -87.69769910228592 2.704892868961047
3.25 3.5 12 13 -39.70463307372029 2.392697027307698
3.25 3.5 13 14 -4.989447997609659 2.129847352418096
3.25 3.5 14 15 20.16415566720116 1.906232294652626
3.25 3.5 15 16 38.3441945047806 1.714259738706505
3.25 3.5 16 17 51.38361850360388 1.548128157634926
3.25 3.5 17 18 60.60019515582178 1.403334912886661
3.25 3.5 18 19 66.953943009049 1.276336847229503
3.25 3.5 19 20 71.15247280305664 1.164311157316389
3.25 3.5 20 21 73.72273748632836 1.064983797098894
3.25 3.5 21 22 75.06070364953553 0.9765042879760508
3.25 3.5 22 23 75.46625229927633 0.8973530083480926
3.25 3.5 23 24 75.16803540707724 0.8262715955839722
3.25 3.5 24 25 74.34139908321572 0.7622100456857169
3.25 3.5 25 26 73.12145411241494 0.7042860448721924
3.25 3.5 26 27 71.61270675154202 0.651753375488106
3.25 3.5 27 28 69.89622250662279 0.6039771340869459
3.25 3.5 28 29 68.03500134998848 0.5604141178523754
3.25 3.5 29 30 66.07804314044847 0.5205971730504464
3.25 3.5 30 31 64.06344500430851 0.4841226078344953
3.25 3.5 31 32 62.02077706410483 0.4506399969174585
3.25 3.5 32 33 59.97291589267058 0.4198438675378131
3.25 3.5 33 34 57.93746747016453 0.3914668769406163
3.25 3.5 34 35 55.92787725676834 0.3652741805865263
3.25 3.5 35 36 53.95430025334545 0.3410587571517311
3.25 3.5 36 37 52.0242858442318 0.3186375078175326
3.25 3.5 37 38 50.14331894086047 0.2978479848300583
3.25 3.5 38 39 48.31524904251808 0.2785456356886484
3.25 3.5 39 40 46.54263144522801 0.2606014708232759
3.25 3.5 40 41 44.82699936073541 0.2439000816316958
3.25 3.5 41 42 43.16908135413908 0.2283379495746921
3.25 3.5 42 43 41.56897545630005 0.2138219979644263
3.25 3.5 43 44 40.02628877669468 0.200268347245422
3.25 3.5 44 45 38.5402495480364 0.1876012414904218
3.25 3.5 45 46 37.10903579449223 0.1758525758675158
3.25 3.5 46 47 35.73276206728249 0.1653496061153216
3.25 3.5 47 48 34.40923052695611 0.1561268339982823
3.25 3.5 48 49 33.13690247210545 0.1481580199321226
3.25 3.5 49 50 31.91395797664632 0.1410594363646611
3.5 3.75 0 1 187.1319694747447 1.612258378782382
3.5 3.75 1 2 -4697.438889836401 24.71572789987559
3.5 3.75 2 3 -3702.001633044333 16.30876914814389
3.5 3.75 3 4 -2377.998393721526 11.526386896072
3.5 3.75 4 5 -1518.47631957982 8.643246446476324
3.5 3.75 5 6 -977.2796703869981 6.754565167201489
3.5 3.75 6 7 -631.5153469325787 5.438124631678836
3.5 3.75 7 8 -405.6028252584435 4.477265344616126
3.5 3.75 8 9 -254.7341747224191 3.750668935015975
3.5 3.75 9 10 -152.0474951784913 3.185851376116415
3.5 3.75 10 11 -81.13571214539161 2.736806804617842
3.5 3.75 11 12 -31.64477038709151 2.373182880402676
3.5 3.75 12 13 3.106855514990229 2.074159330591516
3.5 3.75 13 14 27.53914696116487 1.825023288642233
3.5 3.75 14 15 44.64010613728158 1.615107288045839
3.5 3.75 15 16 56.46912876997669 1.436504535385644
3.5 3.75 16 17 64.47006082320968 1.283241254612833
3.5 3.75 17 18 69.67049228361293 1.150727830875236
3.5 3.75 18 19 72.8114176388716 1.035385508656959
3.5 3.75 19 20 74.43329678584269 0.9343867608380787
3.5 3.75 20 21 74.93422894432501 0.8454710990571113
3.5 3.75 21 22 74.60993357908137 0.7668120662642025
3.5 3.75 22 23 73.68164475563259 0.6969196447832462
3.5 3.75 23 24 72.31584066198337 0.6345676092682938
3.5 3.75 24 25 70.63837269105875 0.578738734790021
3.5 3.75 25 26 68.74469883798679 0.5285829744433275
3.5 3.75 26 27 66.7073722532042 0.4833851839135237
3.5 3.75 27 28 64.58157281471131 0.4425399618238839
3.5 3.75 28 29 62.40922825667181 0.4055318530144477
3.5 3.75 29 30 60.22210847135844 0.3719196373254042
3.5 3.75 30 31 58.04416539185385 0.3413237603123961
3.5 3.75 31 32 55.89331382347754 0.3134162029007643
3.5 3.75 32 33 53.7827947258246 0.2879122596595597
3.5 3.75 33 34 51.72222435860721 0.2645638231668297
3.5 3.75 34 35 49.71840550047685 0.2431538651673034
3.5 3.75 35 36 47.77595733154709 0.2234918760296389
3.5 3.75 36 37 45.89780631158825 0.2054100758865842
3.5 3.75 37 38 44.08556995537572 0.1887602520856514
3.5 3.75 38 39 42.33985766565357 0.173411107306038
3.5 3.75 39 40 40.66050703617603 0.159246026932357
3.5 3.75 40 41 39.04676980599693 0.1461611933024713
3.5 3.75 41 42 37.49745828549312 0.1340639869567271
3.5 3.75 42 43 36.0110607299322 0.1228716297696221
3.5 3.75 43 44 34.58583221999034 0.1125100304666809
3.5 3.75 44 45 33.21986614913875 0.1029128037017802
3.5 3.75 45 46 31.910517941393 0.09416777992756913
3.5 3.75 46 47 30.65684094002232 0.08681388388294553
3.5 3.75 47 48 29.4561048507848 0.08097909432398186
3.5 3.75 48 49 28.30621941394945 0.07668140652445747
3.5 3.75 49 50 27.2049047526517 0.07338030040842414
3.75 4 0 1 -323.7402757471391 1.823849082060625
3.75 4 1 2 -4026.068093601563 28.13519479378489
3.75 4 2 3 -2802.972203685585 13.04801682214575
3.75 4 3 4 -1709.982207220306 7.615649103571042
3.75 4 4 5 -1045.586480005008 4.956686911456561
3.75 4 5 6 -642.9955404954151 3.438447355814272
3.75 4 6 7 -393.3382858498562 2.485657956734791
3.75 4 7 8 -234.520090452856 1.848329651216336
3.75 4 8 9 -131.1895717199152 1.401912904626204
3.75 4 9 10 -62.73837367856061 1.078674528680058
3.75 4 10 11 -16.84628743257838 0.8385815675846434
3.75 4 11 12 14.11674613440164 0.6570430964544134
3.75 4 12 13 34.99451172981026 0.5181893360769672
3.75 4 13 14 48.94304563725211 0.4115138066652939
3.75 4 14 15 58.06534245366674 0.3299290228588797
3.75 4 15 16 63.79056514624767 0.282983112244457
3.75 4 16 17 67.10671789570108 0.2605295419271659
3.75 4 17 18 68.70698180386421 0.2404355718638885
3.75 4 18 19 69.08386476899392 0.2223790121487697
3.75 4 19 20 68.59104147563181 0.2060914174206631
3.75 4 20 21 67.48473877484457 0.1913477029150024
3.75 4 21 22 65.95190395034797 0.1779579924729552
3.75 4 22 23 64.12967125563205 0.1657611807344522
3.75 4 23 24 62.11900094798574 0.1682602003762876
3.75 4 24 25 59.99435456546752 0.1721264005604638
3.75 4 25 26 57.81063561671473 0.1758311661586504
3.75 4 26 27 55.60821914224181 0.1791503336491093
3.75 4 27 28 53.41662971414186 0.1819787801830938
3.75 4 28 29 51.25725323657812 0.1842812616375443
3.75 4 29 30 49.14535110069397 0.1860622998367481
3.75 4 30 31 47.0915660459529 0.1873480408820414
3.75 4 31 32 45.10305456493236 0.1881754381104142
3.75 4 32 33 43.18434281884045 0.1885858723904366
3.75 4 33 34 41.33797642005884 0.1886214538642339
3.75 4 34 35 39.56501555352935 0.1883229432232323
3.75 4 35 36 37.86541337338188 0.18772865003032
3.75 4 36 37 36.23830583954413 0.1868739175587026
3.75 4 37 38 34.68223405218058 0.185790955695337
3.75 4 38 39 33.19531490540682 0.1845088754457209
3.75 4 39 40 31.77537201721073 0.1830538358626136
3.75 4 40 41 30.42003606720566 0.1814492482053033
3.75 4 41 42 29.12682144504059 0.1797160042866536
3.75 4 42 43 27.89318456481062 0.1778727090895478
3.75 4 43 44 26.71656795790091 0.1759359063064447
3.75 4 44 45 25.59443329547286 0.1739202904427772
3.75 4 45 46 24.52381707124045 0.1718944269856521
3.75 4 46 47 23.503082832559 0.1700640152577257
3.75 4 47 48 22.5294099425406 0.1684436652591502
3.75 4 48 49 21.6005351289159 0.1670140925214726
3.75 4 49 50 20.71408098766631 0.1656085700716701
4 5 0 1 -1008.94307502256 2.839093400556107
4 5 1 2 -4432.186290066176 7.309571043684095
4 5 2 3 -2546.041556294857 5.463144307432938
4 5 3 4 -1394.439802793351 4.103187289910198
4 5 4 5 -767.3946357691043 3.063630691905138
4 5 5 6 -414.8280998012851 2.309188710462669
4 5 6 7 -210.0667394764328 1.802142331955459
4 5 7 8 -87.93813233011929 1.459234184860999
4 5 8 9 -13.70180517411336 1.217867021407685
4 5 9 10 31.82334807931329 1.039073599665217
4 5 10 11 59.58167700066463 0.9019409996396879
4 5 11 12 76.13367406136661 0.7952181856779813
4 5 12 13 85.49310542358933 0.709344524253143
4 5 13 14 90.16528877290489 0.6380950622288313
4 5 14 15 91.75655575845246 0.5785947996250337
4 5 15 16 91.32659192134793 0.528754921648448
4 5 16 17 89.58487444670044 0.4862496612946658
4 5 17 18 87.00834080247103 0.4491314896168324
4 5 18 19 83.91912286123841 0.4162577613449705
4 5 19 20 80.53676498085758 0.3870323705749149
4 5 20 21 77.01205916294995 0.3610058702386391
4 5 21 22 73.44858083043624 0.3377139490779562
4 5 22 23 69.91678973106201 0.3167084147878196
4 5 23 24 66.46373240905328 0.2976197533461278
4 5 24 25 63.11993590547073 0.2801741690309039
4 5 25 26 59.90432684655465 0.2641715904806468
4 5 26 27 56.82770858513777 0.2494549635733647
4 5 27 28 53.89520096084797 0.2358892941482023
4 5 28 29 51.1079553507883 0.2233529588975386
4 5 29 30 48.46437209056865 0.211736344401241
4 5 30 31 45.9609750395045 0.2009426502936708
4 5 31 32 43.59304524028389 0.1908881100583725
4 5 32 33 41.35508118011379 0.1815010131824351
4 5 33 34 39.24113192943393 0.1727199448996321
4 5 34 35 37.24503626848616 0.1644918428318469
4 5 35 36 35.3605922401531 0.1567702791447881
4 5 36 37 33.58167542707478 0.1495141264937504
4 5 37 38 31.90231966096351 0.1426865986455145
4 5 38 39 30.31677035083683 0.1362545793134005
4 5 39 40 28.81951794241292 0.1301881440213613
4 5 40 41 27.40531706238045 0.1244601976966712
4 5 41 42 26.06919535260126 0.1190461779309159
4 5 42 43 24.8064549666377 0.1139237963138638
4 5 43 44 23.61266891944326 0.1090728044698341
4 5 44 45 22.48367385658156 0.1044747802843049
4 5 45 46 21.41510527179257 0.1005057481075973
4 5 46 47 20.4038263173512 0.09857247460281265
4 5 47 48 19.44598965722136 0.09865933331164915
4 5 48 49 18.53842450603066 0.1003413108087573
4 5 49 50 17.67772565805651 0.1023996733375937
-5 5 0 50 -532291.4421060331 92.58778574749957
