#ylo yhi qTlo qThi PDF0  uncertainty
-5 -4 0 1 -1002.463100715536 2.849068630817082
-5 -4 1 2 -4422.553469532768 7.19192300573986
-5 -4 2 3 -2547.697821214316 5.398412884360102
-5 -4 3 4 -1398.194458716464 4.057445386489345
-5 -4 4 5 -770.8578609177302 3.032823790372408
-5 -4 5 6 -417.5601503872381 2.292294471793527
-5 -4 6 7 -212.1286743273274 1.792571820190824
-5 -4 7 8 -89.47997731625492 1.452213024020448
-5 -4 8 9 -14.85700084038604 1.211905616573188
-5 -4 9 10 30.95381371111739 1.033922496207538
-5 -4 10 11 58.92362475690936 0.8975631321963924
-5 -4 11 12 75.63420725387141 0.7913838019058749
-5 -4 12 13 85.11338859690727 0.7060371868532852
-5 -4 13 14 89.87675719542813 0.6352283114260419
-5 -4 14 15 91.53792630392428 0.5760846500001654
-5 -4 15 16 91.16192596649557 0.5265349553952029
-5 -4 16 17 89.46217628770444 0.4842710424788714
-5 -4 17 18 86.9185054163857 0.4473563597801719
-5 -4 18 19 83.85516694235275 0.4146552663661293
-5 -4 19 20 80.49328193005243 0.3855775500007061
-5 -4 20 21 76.9848317832672 0.3596789195654087
-5 -4 21 22 73.43429836699806 0.3364990978353151
-5 -4 22 23 69.91283589085614 0.3155927725802722
-5 -4 23 24 66.46802516314119 0.2965924680152005
-5 -4 24 25 63.13080667724267 0.279225930074498
-5 -4 25 26 59.92042961279822 0.2632943398006863
-5 -4 26 27 56.84795124914945 0.2486416864433784
-5 -4 27 28 53.91869306838751 0.2351338376484375
-5 -4 28 29 51.13396779860422 0.2226498732042471
-5 -4 29 30 48.49230574376081 0.211080754602596
-5 -4 30 31 45.99033608157644 0.2003301613963491
-5 -4 31 32 43.62342568580758 0.1903147400228025
-5 -4 32 33 41.38614338467497 0.1809631449589636
-5 -4 33 34 39.27259620962739 0.1722142900995723
-5 -4 34 35 37.27667094984126 0.1640154113768471
-5 -4 35 36 35.39220560502955 0.1563203518452836
-5 -4 36 37 33.61310915645114 0.1490882300955446
-5 -4 37 38 31.93344345667055 0.142282482132903
-5 -4 38 39 30.34747749764016 0.1358701928848131
-5 -4 39 40 28.84972162420875 0.1298216192318963
-5 -4 40 41 27.43494728725686 0.1241098304901601
-5 -4 41 42 26.09819637512597 0.1187104128892495
-5 -4 42 43 24.83478311649827 0.1136012131092952
-5 -4 43 44 23.64029076664939 0.1087621053634618
-5 -4 44 45 22.51056465555708 0.1041747792353816
-5 -4 45 46 21.44124701478328 0.100216097999733
-5 -4 46 47 20.42920763044605 0.0982967110741354
-5 -4 47 48 19.47060396469902 0.0984039882563135
-5 -4 48 49 18.56226973679724 0.1001150638242622
-5 -4 49 50 17.70080270636088 0.1022086796106507
-4 -3.75 0 1 -316.0128293203803 1.821925452950501
-4 -3.75 1 2 -4009.50891119008 27.87549833336532
-4 -3.75 2 3 -2799.297745137193 12.89240060060411
-4 -3.75 3 4 -1710.469299260651 7.51098673873084
-4 -3.75 4 5 -1047.198391250386 4.881156441992062
-4 -3.75 5 6 -644.7397541916434 3.381449842126103
-4 -3.75 6 7 -394.917955453441 2.441330758537471
-4 -3.75 7 8 -235.8695178313922 1.813129035415083
-4 -3.75 8 9 -132.3184091109749 1.373553672197923
-4 -3.75 9 10 -63.67745185110175 1.055620927721727
-4 -3.75 10 11 -17.62863495457884 0.8197653621228105
-4 -3.75 11 12 13.46182234690411 0.6417100746218061
-4 -3.75 12 13 34.44275164874205 0.5058055150110062
-4 -3.75 13 14 48.47494954697163 0.401706518807107
-4 -3.75 14 15 57.66542897140937 0.3224442279990428
-4 -3.75 15 16 63.44658859722108 0.2828055089663537
-4 -3.75 16 17 66.80898080406337 0.2604141481741484
-4 -3.75 17 18 68.44777290937293 0.2403712922625765
-4 -3.75 18 19 68.85701521227122 0.2223569093033375
-4 -3.75 19 20 68.39158046211401 0.2061042299876911
-4 -3.75 20 21 67.30862881023518 0.191389486192082
-4 -3.75 21 22 65.79583804372436 0.1780238461623637
-4 -3.75 22 23 63.99091767928905 0.1667548467598238
-4 -3.75 23 24 61.99528420155511 0.1703251163692569
-4 -3.75 24 25 59.88376379621533 0.1740694908285657
-4 -3.75 25 26 57.71155383622909 0.1776074396553858
-4 -3.75 26 27 55.51926820634725 0.1807396510544206
-4 -3.75 27 28 53.33662727661988 0.1833758186789239
-4 -3.75 28 29 51.18517882740892 0.1854892748914328
-4 -3.75 29 30 49.080319187876 0.1870893121475135
-4 -3.75 30 31 47.03280446808733 0.1882045460973827
-4 -3.75 31 32 45.0498871187786 0.1888730173487054
-4 -3.75 32 33 43.13617508196828 0.18913637175315
-4 -3.75 33 34 41.29428410935962 0.1890365039245071
-4 -3.75 34 35 39.52533488738074 0.1886136884791598
-4 -3.75 35 36 37.82933302827416 0.1879056067904508
-4 -3.75 36 37 36.20546018701769 0.1869469108378926
-4 -3.75 37 38 34.6522974313814 0.1857691038023946
-4 -3.75 38 39 33.16799674129692 0.1844006031854954
-4 -3.75 39 40 31.75041263424013 0.182866903986821
-4 -3.75 40 41 30.39720307958409 0.1811907916006133
-4 -3.75 41 42 29.10590662933794 0.1793925741559071
-4 -3.75 42 43 27.87400113822756 0.1774903160937551
-4 -3.75 43 44 26.69894820044591 0.1755000629105155
-4 -3.75 44 45 25.57822646564869 0.1734360515319917
-4 -3.75 45 46 24.50888787104537 0.1713669474516167
-4 -3.75 46 47 23.48930923458391 0.1695000498087523
-4 -3.75 47 48 22.51668233557035 0.1678499767457214
-4 -3.75 48 49 21.58875468296651 0.1663970835957716
-4 -3.75 49 50 20.7031590152455 0.1649726646950202
-3.75 -3.5 0 1 196.8483265336229 1.61127900180366
-3.75 -3.5 1 2 -4675.553219160787 24.62570665663888
-3.75 -3.5 2 3 -3695.362472789836 16.23793851548777
-3.75 -3.5 3 4 -2377.084824678165 11.47343384264815
-3.75 -3.5 4 5 -1519.518652623844 8.602390027901649
-3.75 -3.5 5 6 -978.8618261053666 6.722091974441605
-3.75 -3.5 6 7 -633.1282965930363 5.411698002141725
-3.75 -3.5 7 8 -407.0756235309395 4.455355568249766
-3.75 -3.5 8 9 -256.0243161649121 3.732230450567899
-3.75 -3.5 9 10 -153.1599885087978 3.170145183455363
-3.75 -3.5 10 11 -82.09136185936836 2.723292939195299
-3.75 -3.5 11 12 -32.46729730210632 2.361457233262171
-3.75 -3.5 12 13 2.395454985484321 2.063912704265484
-3.75 -3.5 13 14 26.92002499497607 1.816014645426548
-3.75 -3.5 14 15 44.09768539445565 1.607145658181843
-3.75 -3.5 15 16 55.99075079184024 1.429436461182829
-3.75 -3.5 16 17 64.04550797792763 1.276941876309776
-3.75 -3.5 17 18 69.29152250225866 1.145094429313711
-3.75 -3.5 18 19 72.47136095158942 1.030332743108067
-3.75 -3.5 19 20 74.12672411213123 0.9298431000579809
-3.75 -3.5 20 21 74.65668812418659 0.8413761076434033
-3.75 -3.5 21 22 74.35774247731007 0.7631143140996545
-3.75 -3.5 22 23 73.45173057824815 0.693575077348498
-3.75 -3.5 23 24 72.1056156974829 0.6315382633501682
-3.75 -3.5 24 25 70.44563830333226 0.5759917163481278
-3.75 -3.5 25 26 68.56757116028331 0.5260896376080002
-3.75 -3.5 26 27 66.54422446127973 0.4811204661585123
-3.75 -3.5 27 28 64.4309900349341 0.4404818413565625
-3.75 -3.5 28 29 62.26997209906312 0.4036609026546762
-3.75 -3.5 29 30 60.09308890935827 0.3702186554130815
-3.75 -3.5 30 31 57.92441826418255 0.339777463444987
-3.75 -3.5 31 32 55.7819826604858 0.31201096842455
-3.75 -3.5 32 33 53.67911591993121 0.2866359090833267
-3.75 -3.5 33 34 51.62551494023194 0.2634054386891055
-3.75 -3.5 34 35 49.6280529591088 0.2421036338233004
-3.75 -3.5 35 36 47.69141105766818 0.2225409564512997
-3.75 -3.5 36 37 45.81857033504173 0.2045504840831434
-3.75 -3.5 37 38 44.01119673211679 0.1879847631149952
-3.75 -3.5 38 39 42.26994271978327 0.1727131701136237
-3.75 -3.5 39 40 40.59468430853009 0.1586196907793212
-3.75 -3.5 40 41 38.98470759229247 0.1456010432280387
-3.75 -3.5 41 42 37.43885566912735 0.1335650877342718
-3.75 -3.5 42 43 35.9556444375166 0.1224294766377428
-3.75 -3.5 43 44 34.53335383682949 0.1121205055342387
-3.75 -3.5 44 45 33.17009964637101 0.1025721373991961
-3.75 -3.5 45 46 31.86325809714707 0.09387363091204633
-3.75 -3.5 46 47 30.61190003424544 0.08656858031847957
-3.75 -3.5 47 48 29.41331226154028 0.08078606173307995
-3.75 -3.5 48 49 28.26541933090282 0.07654367715251958
-3.75 -3.5 49 50 27.16595556123153 0.07329656641500236
-3.5 -3.25 0 1 864.2200678903001 0.4334984882135209
-3.5 -3.25 1 2 -4862.599657565556 18.64502991802916
-3.5 -3.25 2 3 -4345.058516563339 14.82021790688361
-3.5 -3.25 3 4 -2912.669990342185 11.19418539417965
-3.5 -3.25 4 5 -1921.822279608132 8.72861870711065
-3.5 -3.25 5 6 -1277.143571726442 7.013415900292888
-3.5 -3.25 6 7 -855.2262550863293 5.771332842944971
-3.5 -3.25 7 8 -573.7930520050606 4.839500876677409
-3.5 -3.25 8 9 -382.163993547684 4.119662838328088
-3.5 -3.25 9 10 -249.1940355186707 3.550281914112267
-3.5 -3.25 10 11 -155.501758972227 3.090878899589024
-3.5 -3.25 11 12 -88.66583067583588 2.714051154604733
-3.5 -3.25 12 13 -40.56283348485476 2.400597437243646
-3.5 -3.25 13 14 -5.753790389652067 2.136710119790682
-3.5 -3.25 14 15 19.47958756996741 1.91222887911417
-3.5 -3.25 15 16 37.7275438385044 1.719525816042335
-3.5 -3.25 16 17 50.82509177006671 1.552772616068898
-3.5 -3.25 17 18 60.09176419593223 1.407446232246197
-3.5 -3.25 18 19 66.48903017661689 1.279987716948279
-3.5 -3.25 19 20 70.72566686603295 1.167561880706689
-3.5 -3.25 20 21 73.32955512343574 1.067884842023054
-3.5 -3.25 21 22 74.69739691376685 0.9790982258029268
-3.5 -3.25 22 23 75.12965668658171 0.8996760072231952
-3.5 -3.25 23 24 74.85545153795005 0.8283545841436164
-3.5 -3.25 24 25 74.05050120228606 0.764079629878865
-3.5 -3.25 25 26 72.85021949888517 0.7059652371022249
-3.5 -3.25 26 27 71.35936120292564 0.6532621802049634
-3.5 -3.25 27 28 69.65919806236388 0.6053330214997141
-3.5 -3.25 28 29 67.81290328730728 0.5616324105966939
-3.5 -3.25 29 30 65.86962397850704 0.5216913636193713
-3.5 -3.25 30 31 63.8675838050969 0.4851046212732095
-3.5 -3.25 31 32 61.83646274857887 0.4515204092732519
-3.5 -3.25 32 33 59.79923361348841 0.4206320887445238
-3.5 -3.25 33 34 57.7735873292234 0.392171304716279
-3.5 -3.25 34 35 55.77304483627529 0.3659023305003189
-3.5 -3.25 35 36 53.80782856671749 0.3416173732951344
-3.5 -3.25 36 37 51.88554841265079 0.3191326570618628
-3.5 -3.25 37 38 50.01174377350995 0.2982851379275371
-3.5 -3.25 38 39 48.19031335604552 0.2789297367116879
-3.5 -3.25 39 40 46.42385699436431 0.2609369974316951
-3.5 -3.25 40 41 44.71394828359306 0.2441910971997256
-3.5 -3.25 41 42 43.06135245605185 0.2285881486434606
-3.5 -3.25 42 43 41.46620087245287 0.214034745744095
-3.5 -3.25 43 44 39.92813096573494 0.2004467144464295
-3.5 -3.25 44 45 38.4463985757625 0.1877480347126616
-3.5 -3.25 45 46 37.01920776101767 0.1759706566350554
-3.5 -3.25 46 47 35.64669488517245 0.1654429205636949
-3.5 -3.25 47 48 34.32668391318586 0.1561997927957266
-3.5 -3.25 48 49 33.05765512718126 0.1482153319740283
-3.5 -3.25 49 50 31.83780697002339 0.1411048381519698
-3.25 -3 0 1 1580.019159525133 1.19620363834795
-3.25 -3 1 2 -4696.772459523705 9.280296606313069
-3.25 -3 2 3 -4761.183326822651 9.695191876064339
-3.25 -3 3 4 -3306.95863547718 7.881089697336186
-3.25 -3 4 5 -2238.227262208233 6.392633296992672
-3.25 -3 5 6 -1523.058517634711 5.275575062625244
-3.25 -3 6 7 -1045.73317418078 4.430435037723183
-3.25 -3 7 8 -722.1078595754411 3.777274118785093
-3.25 -3 8 9 -498.4516833627629 3.261315964164214
-3.25 -3 9 10 -341.0125600126714 2.84598130423171
-3.25 -3 10 11 -228.4507751385588 2.505929108014181
-3.25 -3 11 12 -146.9142109827212 2.223496471255714
-3.25 -3 12 13 -87.24504420530252 1.985981077948647
-3.25 -3 13 14 -43.2525598540326 1.784063849277863
-3.25 -3 14 15 -10.66715956632447 1.610773148536908
-3.25 -3 15 16 13.51017177942776 1.460801366978458
-3.25 -3 16 17 31.42101203963523 1.330043884226538
-3.25 -3 17 18 44.61739431445983 1.215281445186503
-3.25 -3 18 19 54.23900617045695 1.113957039687697
-3.25 -3 19 20 61.13260601602155 1.024016339501121
-3.25 -3 20 21 65.93389981686857 0.943791705258236
-3.25 -3 21 22 69.12457644845426 0.871916594557008
-3.25 -3 22 23 71.07262027154172 0.8072615315351146
-3.25 -3 23 24 72.06118576280767 0.7488856006032111
-3.25 -3 24 25 72.30953335223046 0.6959992727539408
-3.25 -3 25 26 71.98837986028383 0.6479356118814372
-3.25 -3 26 27 71.23126988362685 0.6041277510344253
-3.25 -3 27 28 70.14307946651076 0.564091111848646
-3.25 -3 28 29 68.80643083498416 0.5274092486015691
-3.25 -3 29 30 67.28657023076732 0.493722489118752
-3.25 -3 30 31 65.63510462110366 0.4627187519869258
-3.25 -3 31 32 63.89288383047545 0.4341260723592439
-3.25 -3 32 33 62.09223757609851 0.4077064787609156
-3.25 -3 33 34 60.25872192608568 0.3832509463053808
-3.25 -3 34 35 58.41249010294257 0.3605752132528233
-3.25 -3 35 36 56.56937377173313 0.3395162949093544
-3.25 -3 36 37 54.74173983876031 0.3199295631728214
-3.25 -3 37 38 52.9391722322508 0.3016862892685565
-3.25 -3 38 39 51.16901648745949 0.2846715656269313
-3.25 -3 39 40 49.43681624095157 0.2687825418616578
-3.25 -3 40 41 47.74666426328034 0.2539269206164471
-3.25 -3 41 42 46.10148547689948 0.2400216704288046
-3.25 -3 42 43 44.50326578066594 0.2269919198929052
-3.25 -3 43 44 42.95323744784099 0.2147700044316753
-3.25 -3 44 45 41.45202961487431 0.2032946420095861
-3.25 -3 45 46 39.99893694537656 0.1926176402983176
-3.25 -3 46 47 38.59531113411651 0.1830985603364604
-3.25 -3 47 48 37.23976215861623 0.1747742277018949
-3.25 -3 48 49 35.93153036935189 0.1676146120541754
-3.25 -3 49 50 34.66947834771186 0.1612139879866508
-3 -2.75 0 1 2268.873206681441 1.700056768485968
-3 -2.75 1 2 -4344.898736601903 4.347684116933034
-3 -2.75 2 3 -5009.956953256427 5.893189550889689
-3 -2.75 3 4 -3585.988821598533 5.038519046508913
-3 -2.75 4 5 -2476.739964057 4.191058339125714
-3 -2.75 5 6 -1716.1963323184 3.516006066505863
-3 -2.75 6 7 -1200.294640835949 2.988912681751717
-3 -2.75 7 8 -845.9080074484782 2.573136494687773
-3 -2.75 8 9 -598.1196731382729 2.239637256018268
-3 -2.75 9 10 -421.7559352872202 1.968077108312624
-3 -2.75 10 11 -294.2726820726803 1.743573187294963
-3 -2.75 11 12 -200.8800428935194 1.55558899973426
-3 -2.75 12 13 -131.7126253823467 1.396384643139801
-3 -2.75 13 14 -80.04923088436999 1.260197863639215
-3 -2.75 14 15 -41.22154532790955 1.142666370041258
-3 -2.75 15 16 -11.9288515975129 1.040435933963093
-3 -2.75 16 17 10.20067842584172 0.9508904210577381
-3 -2.75 17 18 26.89641153831383 0.8719627177640701
-3 -2.75 18 19 39.43586715159893 0.8020001214704477
-3 -2.75 19 20 48.77388262201634 0.7396669900125923
-3 -2.75 20 21 55.63162532375782 0.6838732909220994
-3 -2.75 21 22 60.55889497633211 0.6337214359117453
-3 -2.75 22 23 63.97835938015044 0.5884662141876011
-3 -2.75 23 24 66.21737800378457 0.5474842392999771
-3 -2.75 24 25 67.53117440710355 0.5102503951818902
-3 -2.75 25 26 68.11989763937413 0.4763194931497949
-3 -2.75 26 27 68.14131329400016 0.4453118520112646
-3 -2.75 27 28 67.7203329996052 0.416901862848323
-3 -2.75 28 29 66.95623245416999 0.3908088463708884
-3 -2.75 29 30 65.92816268237232 0.3667896875616634
-3 -2.75 30 31 64.69938949933618 0.3446328594502779
-3 -2.75 31 32 63.3205771483843 0.324153542115063
-3 -2.75 32 33 61.83234784795843 0.3051896104770794
-3 -2.75 33 34 60.26728873473974 0.2875983175314924
-3 -2.75 34 35 58.65153414210261 0.2712535364762002
-3 -2.75 35 36 57.00601941627377 0.2560434564829975
-3 -2.75 36 37 55.34747912079285 0.2418686469402475
-3 -2.75 37 38 53.68924522050276 0.2286404244656505
-3 -2.75 38 39 52.04188789181185 0.2162794689686318
-3 -2.75 39 40 50.41373186939012 0.2047146453754592
-3 -2.75 40 41 48.81127400174722 0.1938819975279662
-3 -2.75 41 42 47.23952187580082 0.1837238847291862
-3 -2.75 42 43 45.70226929056355 0.174188238455466
-3 -2.75 43 44 44.20232091207981 0.165227920939431
-3 -2.75 44 45 42.74167590162853 0.1568001685595921
-3 -2.75 45 46 41.32075808406103 0.1490220519762736
-3 -2.75 46 47 39.94210226561495 0.1424517038355517
-3 -2.75 47 48 38.6051649745493 0.1371694801944103
-3 -2.75 48 49 37.30998692059811 0.1331474605461748
-3 -2.75 49 50 36.05614003853088 0.1298125067065272
-2.75 -2.5 0 1 2903.529368044741 2.215967347037198
-2.75 -2.5 1 2 -3918.527241970838 1.108840052895274
-2.75 -2.5 2 3 -5154.847915851914 2.683812876945205
-2.75 -2.5 3 4 -3784.408365255241 2.59272950507279
-2.75 -2.5 4 5 -2656.087942214386 2.284901584850987
-2.75 -2.5 5 6 -1866.260359729205 1.990052891517233
-2.75 -2.5 6 7 -1323.361862110617 1.739289451160237
-2.75 -2.5 7 8 -946.5223862460716 1.53079091202787
-2.75 -2.5 8 9 -680.6173310616878 1.356915709767692
-2.75 -2.5 9 10 -489.7409395820157 1.211257720301433
-2.75 -2.5 10 11 -350.6130085145057 1.087910925446176
-2.75 -2.5 11 12 -247.828133039621 0.9825523563520046
-2.75 -2.5 12 13 -171.0354237052657 0.8917837338566574
-2.75 -2.5 13 14 -113.1385311661254 0.8129654593941128
-2.75 -2.5 14 15 -69.18066069297606 0.7440311928095259
-2.75 -2.5 15 16 -35.63876951510338 0.683347851070859
-2.75 -2.5 16 17 -9.968737399743532 0.6296118392441058
-2.75 -2.5 17 18 9.693261790465158 0.5817723374796966
-2.75 -2.5 18 19 24.7304789941096 0.5389743349070647
-2.75 -2.5 19 20 36.18152950255705 0.5005159986064273
-2.75 -2.5 20 21 44.83445798874914 0.4658164785532886
-2.75 -2.5 21 22 51.29283032256126 0.4343913605704108
-2.75 -2.5 22 23 56.02283081151893 0.4058337708362911
-2.75 -2.5 23 24 59.38726279209914 0.3797996953195605
-2.75 -2.5 24 25 61.67039008791676 0.3559964719745291
-2.75 -2.5 25 26 63.0962877764515 0.3341736933409554
-2.75 -2.5 26 27 63.84253670675139 0.3141159567634006
-2.75 -2.5 27 28 64.05053951612433 0.2956370425935238
-2.75 -2.5 28 29 63.83335933996193 0.2785752059368409
-2.75 -2.5 29 30 63.28172402618543 0.26278934337049
-2.75 -2.5 30 31 62.46865950950132 0.2481558507747016
-2.75 -2.5 31 32 61.45309003163106 0.2345660337359918
-2.75 -2.5 32 33 60.28265351176759 0.2219239602233107
-2.75 -2.5 33 34 58.99591628245639 0.2101446706566015
-2.75 -2.5 34 35 57.62412497181577 0.1991526777646647
-2.75 -2.5 35 36 56.19259939489535 0.1888807047318994
-2.75 -2.5 36 37 54.72184529734528 0.1792686169620026
-2.75 -2.5 37 38 53.2284472684247 0.1702625152641769
-2.75 -2.5 38 39 51.72578820389691 0.1618139625703993
-2.75 -2.5 39 40 50.22463120265553 0.1538793214305958
-2.75 -2.5 40 41 48.73359195492534 0.1464191850260212
-2.75 -2.5 41 42 47.25952338132376 0.1393978864363509
-2.75 -2.5 42 43 45.80782986009837 0.1327830734427061
-2.75 -2.5 43 44 44.3827246135742 0.1265453404428337
-2.75 -2.5 44 45 42.9874410673367 0.1206579067224064
-2.75 -2.5 45 46 41.62343658309254 0.1153195712044612
-2.75 -2.5 46 47 40.29430026553391 0.1113498994883436
-2.75 -2.5 47 48 39.00027695641108 0.1088628279072008
-2.75 -2.5 48 49 37.74214670593079 0.1077976680032967
-2.75 -2.5 49 50 36.52013896451058 0.1073373208870053
-2.5 -2.25 0 1 3481.251982780681 1.653349434355898
-2.5 -2.25 1 2 -3485.561870296398 0.9585926682131369
-2.5 -2.25 2 3 -5245.450466489076 1.695493722419776
-2.5 -2.25 3 4 -3931.914718740157 1.562533403518845
-2.5 -2.25 4 5 -2793.797425247704 1.37700989920804
-2.5 -2.25 5 6 -1983.598656026755 1.226553148944529
-2.5 -2.25 6 7 -1420.96479621463 1.100604183510193
-2.5 -2.25 7 8 -1027.314331604993 0.9891248246024185
-2.5 -2.25 8 9 -747.6215738622923 0.8916235756883795
-2.5 -2.25 9 10 -545.5588965923594 0.8072312435607985
-2.5 -2.25 10 11 -397.3557974558905 0.7337138802052229
-2.5 -2.25 11 12 -287.1802989914527 0.6694723921953105
-2.5 -2.25 12 13 -204.3352593882862 0.6130573580421506
-2.5 -2.25 13 14 -141.4516274584148 0.5632604978687128
-2.5 -2.25 14 15 -93.3597405054054 0.5190844477302158
-2.5 -2.25 15 16 -56.37044556108685 0.4797072832439208
-2.5 -2.25 16 17 -27.80950855521451 0.4444500708985113
-2.5 -2.25 17 18 -5.710600928103304 0.4127495836301078
-2.5 -2.25 18 19 11.39080932466231 0.3841361454260057
-2.5 -2.25 19 20 24.59823005837961 0.3582159028557773
-2.5 -2.25 20 21 34.75186393033982 0.3346567121272068
-2.5 -2.25 21 22 42.49747241842715 0.3131769058538248
-2.5 -2.25 22 23 48.33558785283924 0.2935363295358367
-2.5 -2.25 23 24 52.65713769503031 0.2755291613409895
-2.5 -2.25 24 25 55.7695412030057 0.2589781313708188
-2.5 -2.25 25 26 57.9160372688898 0.2437298444329785
-2.5 -2.25 26 27 59.29014469810488 0.229650974080389
-2.5 -2.25 27 28 60.04658233020996 0.216625149406053
-2.5 -2.25 28 29 60.30958734019202 0.2045503946394031
-2.5 -2.25 29 30 60.17930248297671 0.1933370116283509
-2.5 -2.25 30 31 59.73671712695926 0.1829058207592074
-2.5 -2.25 31 32 59.04751593214996 0.1731866915711405
-2.5 -2.25 32 33 58.1650958967939 0.1641173096817802
-2.5 -2.25 33 34 57.13294559129992 0.1556421375607256
-2.5 -2.25 34 35 55.98653183037914 0.1477115351179415
-2.5 -2.25 35 36 54.75480349622291 0.1402810113464149
-2.5 -2.25 36 37 53.46139595430793 0.1333105864615837
-2.5 -2.25 37 38 52.1256000233098 0.1267642450208688
-2.5 -2.25 38 39 50.76314477733905 0.120609466255471
-2.5 -2.25 39 40 49.38683237676696 0.1148168178421728
-2.5 -2.25 40 41 48.00705485311778 0.109359605536776
-2.5 -2.25 41 42 46.63221609607567 0.1042135683072105
-2.5 -2.25 42 43 45.26907761034994 0.09935661275449054
-2.5 -2.25 43 44 43.9230425882468 0.09476858148957749
-2.5 -2.25 44 45 42.59838993067066 0.09043104986978295
-2.5 -2.25 45 46 41.29745555988075 0.08665299603501271
-2.5 -2.25 46 47 40.02472169747406 0.08463825712486119
-2.5 -2.25 47 48 38.78110788185063 0.08452024110577831
-2.5 -2.25 48 49 37.56802776716953 0.08624707888448917
-2.5 -2.25 49 50 36.38627358626027 0.09210146000353131
-2.25 -2 0 1 4004.126170251458 1.035829945697154
-2.25 -2 1 2 -3092.392858348963 0.8489422837505393
-2.25 -2 2 3 -5338.741801404191 1.653547407992049
-2.25 -2 3 4 -4073.959187083464 1.532190519550853
-2.25 -2 4 5 -2921.776089352384 1.352321621545593
-2.25 -2 5 6 -2089.110930859877 1.192923705285444
-2.25 -2 6 7 -1506.041359573191 1.059064514918608
-2.25 -2 7 8 -1095.690755643427 0.9464175956024792
-2.25 -2 8 9 -802.749637954284 0.8514403720010928
-2.25 -2 9 10 -590.2384640830064 0.7698916554968764
-2.25 -2 10 11 -433.7660193934316 0.6996235385823153
-2.25 -2 11 12 -317.0037758288015 0.6385065400504327
-2.25 -2 12 13 -228.8731099931954 0.5849628215671689
-2.25 -2 13 14 -161.7164331439722 0.5377475629233764
-2.25 -2 14 15 -110.1459119949632 0.4958675865857958
-2.25 -2 15 16 -70.30651530117939 0.4585220934133507
-2.25 -2 16 17 -39.39687801302421 0.4250590594308462
-2.25 -2 17 18 -15.35237074164093 0.3949427859866214
-2.25 -2 18 19 3.368228535316121 0.3677294655935114
-2.25 -2 19 20 17.9287752249702 0.3430485774987893
-2.25 -2 20 21 29.2173466836889 0.3205885687162052
-2.25 -2 21 22 37.91797245235921 0.3000857303041632
-2.25 -2 22 23 44.56198887355072 0.2813154699654921
-2.25 -2 23 24 49.56528000695869 0.2640854101457072
-2.25 -2 24 25 53.25560527081052 0.2482298831798548
-2.25 -2 25 26 55.89287282118732 0.2336055089680658
-2.25 -2 26 27 57.68433214837955 0.2200876148585565
-2.25 -2 27 28 58.79606579506572 0.2075673199045926
-2.25 -2 28 29 59.36175706024403 0.1959491425632148
-2.25 -2 29 30 59.48943297349501 0.185149028476204
-2.25 -2 30 31 59.26668870020762 0.1750927131474856
-2.25 -2 31 32 58.76476328437604 0.1657143564713983
-2.25 -2 32 33 58.04173964846103 0.1569553979861746
-2.25 -2 33 34 57.14507200084603 0.1487635921181909
-2.25 -2 34 35 56.11359309256903 0.1410921918972427
-2.25 -2 35 36 54.9791166238017 0.1338992545888696
-2.25 -2 36 37 53.76772259535687 0.1271470500904835
-2.25 -2 37 38 52.50079300023094 0.1208015523881227
-2.25 -2 38 39 51.19584983389154 0.1148320035845619
-2.25 -2 39 40 49.86723577522076 0.1092105372012708
-2.25 -2 40 41 48.52666918133184 0.103911851236338
-2.25 -2 41 42 47.18369801475046 0.09891292522632836
-2.25 -2 42 43 45.84607239291518 0.09419277305107936
-2.25 -2 43 44 44.52005119203801 0.0897322269499673
-2.25 -2 44 45 43.21065507620364 0.08551374803810496
-2.25 -2 45 46 41.92082012176198 0.08217541594892205
-2.25 -2 46 47 40.65567193382657 0.0821014413061549
-2.25 -2 47 48 39.41657316347514 0.08535637013480755
-2.25 -2 48 49 38.20536139884325 0.09132344389830874
-2.25 -2 49 50 37.02319744539884 0.09763907867369918
-2 -1.75 0 1 4502.915559601937 1.06911395211168
-2 -1.75 1 2 -2696.900752313802 2.923935731876761
-2 -1.75 2 3 -5399.676663351933 2.849251602467308
-2 -1.75 3 4 -4194.022518499309 2.311114195136841
-2 -1.75 4 5 -3039.864736624846 1.891129764684995
-2 -1.75 5 6 -2193.250743733503 1.580786694580277
-2 -1.75 6 7 -1595.037253109902 1.346899517318971
-2 -1.75 7 8 -1171.040357034807 1.165609727353891
-2 -1.75 8 9 -866.4774539896475 1.021637546510831
-2 -1.75 9 10 -644.2614034710873 0.9045373674397861
-2 -1.75 10 11 -479.7326784036118 0.8078171082122936
-2 -1.75 11 12 -356.2821311500388 0.7265083036998051
-2 -1.75 12 13 -262.5822441053872 0.6573077642473769
-2 -1.75 13 14 -190.7684627434264 0.5977585316512248
-2 -1.75 14 15 -135.2849755388784 0.5460267784946414
-2 -1.75 15 16 -92.14173814097126 0.5007160040279894
-2 -1.75 16 17 -58.42911321959605 0.460743698900329
-2 -1.75 17 18 -31.99550423335199 0.4252574862861699
-2 -1.75 18 19 -11.22958138507602 0.3935768148098331
-2 -1.75 19 20 5.089290283594892 0.3651515744155667
-2 -1.75 20 21 17.89540827059591 0.3395321675159044
-2 -1.75 21 22 27.91062415316003 0.316347491358386
-2 -1.75 22 23 35.69738542347443 0.2952884883565075
-2 -1.75 23 24 41.69729696695038 0.2760956825360154
-2 -1.75 24 25 46.25948649303723 0.2585496148114015
-2 -1.75 25 26 49.66169739688542 0.2424634173217684
-2 -1.75 26 27 52.12613181064273 0.2276769869277354
-2 -1.75 27 28 53.83146134551657 0.2140523685517746
-2 -1.75 28 29 54.92201113460328 0.2014700638999712
-2 -1.75 29 30 55.51483849697524 0.1898260565704202
-2 -1.75 30 31 55.70522936229906 0.1790293942128803
-2 -1.75 31 32 55.57099550109587 0.1690002114393748
-2 -1.75 32 33 55.17585569604501 0.1596681003640634
-2 -1.75 33 34 54.57211200139017 0.1509707608364055
-2 -1.75 34 35 53.80277981102785 0.1428528750945082
-2 -1.75 35 36 52.90329200103247 0.1352651644063629
-2 -1.75 36 37 51.90286888287318 0.1281635943849752
-2 -1.75 37 38 50.82562450747037 0.1215087022164522
-2 -1.75 38 39 49.69146381947809 0.1152650254005493
-2 -1.75 39 40 48.51681304427564 0.1094006120007261
-2 -1.75 40 41 47.31521659392774 0.1038866030740766
-2 -1.75 41 42 46.09782643796285 0.09869687108674965
-2 -1.75 42 43 44.87380472502764 0.09380770947431076
-2 -1.75 43 44 43.6506559677577 0.08919756175610774
-2 -1.75 44 45 42.4345018968244 0.08484678700527476
-2 -1.75 45 46 41.22922452106363 0.08131373690708885
-2 -1.75 46 47 40.04086868154465 0.08152999737725608
-2 -1.75 47 48 38.87153718788383 0.08524112744271437
-2 -1.75 48 49 37.72375211982913 0.09180507991990826
-2 -1.75 49 50 36.59927898161661 0.09873137195110743
-1.75 -1.5 0 1 4965.146075508876 0.9839581825857062
-1.75 -1.5 1 2 -2309.137298546279 0.8526736008289717
-1.75 -1.5 2 3 -5429.235845654664 1.764697049668781
-1.75 -1.5 3 4 -4267.801714159525 1.703934205058663
-1.75 -1.5 4 5 -3106.960150057944 1.518310811072872
-1.75 -1.5 5 6 -2247.350745498446 1.331672669259048
-1.75 -1.5 6 7 -1637.4520356445 1.168214687968065
-1.75 -1.5 7 8 -1204.131154425677 1.030558250682459
-1.75 -1.5 8 9 -892.3976611873127 0.9132124452249306
-1.75 -1.5 9 10 -664.6495034955237 0.8173256010252548
-1.75 -1.5 10 11 -495.8265152443037 0.7340736896015453
-1.75 -1.5 11 12 -369.0348160808928 0.6634149757590444
-1.75 -1.5 12 13 -272.7090052670046 0.6025086009897967
-1.75 -1.5 13 14 -198.8166275687227 0.5495912088591401
-1.75 -1.5 14 15 -141.6775806444148 0.5032783313471489
-1.75 -1.5 15 16 -97.2088866603458 0.4624755590134876
-1.75 -1.5 16 17 -62.43064311395574 0.4263101634861188
-1.75 -1.5 17 18 -35.13753855135974 0.3940796496278536
-1.75 -1.5 18 19 -13.67675261061709 0.3652132612986295
-1.75 -1.5 19 20 3.204703137152137 0.3392431131741507
-1.75 -1.5 20 21 16.46657133752524 0.3157823974645091
-1.75 -1.5 21 22 26.850869202034 0.2945088034923234
-1.75 -1.5 22 23 34.93613522980468 0.2751517813025845
-1.75 -1.5 23 24 41.17689234241266 0.2574826742005338
-1.75 -1.5 24 25 45.93269539350729 0.2413070016474863
-1.75 -1.5 25 26 49.48974516751957 0.2264583729743458
-1.75 -1.5 26 27 52.07713324604254 0.2127936460111307
-1.75 -1.5 27 28 53.87916514880976 0.2001890475950084
-1.75 -1.5 28 29 55.04478910310297 0.1885370391304733
-1.75 -1.5 29 30 55.69486774126858 0.1777437687871879
-1.75 -1.5 30 31 55.92782774624561 0.1677269853378627
-1.75 -1.5 31 32 55.8240793977742 0.1584143195945678
-1.75 -1.5 32 33 55.44949590193329 0.1497418610499806
-1.75 -1.5 33 34 54.85816880034378 0.1416529717833848
-1.75 -1.5 34 35 54.09460214394215 0.1340972923811779
-1.75 -1.5 35 36 53.19546876902513 0.1270299071466031
-1.75 -1.5 36 37 52.19102280632018 0.1204106361720697
-1.75 -1.5 37 38 51.10624084606548 0.1142034357157844
-1.75 -1.5 38 39 49.96174774212471 0.1083758856570636
-1.75 -1.5 39 40 48.77457061481743 0.102898752379543
-1.75 -1.5 40 41 47.55875528115916 0.09774561033168891
-1.75 -1.5 41 42 46.32587180607266 0.09289251887906536
-1.75 -1.5 42 43 45.08543057204861 0.08831774007842171
-1.75 -1.5 43 44 43.84522566081125 0.08400149524489926
-1.75 -1.5 44 45 42.61161905564228 0.07992575180106097
-1.75 -1.5 45 46 41.38865084740661 0.0767892056349347
-1.75 -1.5 46 47 40.18260881568332 0.07720457437458594
-1.75 -1.5 47 48 38.99568929431578 0.08126050520352222
-1.75 -1.5 48 49 37.83052393905447 0.08830289242797523
-1.75 -1.5 49 50 36.68897483192418 0.09574469569868439
-1.5 -1.25 0 1 5404.495132565195 3.109885714621984
-1.5 -1.25 1 2 -1924.648592693889 3.67847584751078
-1.5 -1.25 2 3 -5452.15419215753 1.693633012009675
-1.5 -1.25 3 4 -4347.725237564424 1.628629437719703
-1.5 -1.25 4 5 -3188.688472454864 1.454305581623754
-1.5 -1.25 5 6 -2319.914498639289 1.284015511160323
-1.5 -1.25 6 7 -1699.460764095729 1.135659816125939
-1.5 -1.25 7 8 -1256.548715587896 1.009849558797828
-1.5 -1.25 8 9 -936.6379037645106 0.9024800554719814
-1.5 -1.25 9 10 -702.1558395041184 0.8126862176506338
-1.5 -1.25 10 11 -527.6899495747207 0.7346347787358141
-1.5 -1.25 11 12 -396.249752933069 0.6676033701784233
-1.5 -1.25 12 13 -296.0628645759705 0.6093237175237616
-1.5 -1.25 13 14 -218.9489225870116 0.5582943868756511
-1.5 -1.25 14 15 -159.1086124721555 0.5133218659012831
-1.5 -1.25 15 16 -112.3636244988572 0.4734510380487441
-1.5 -1.25 16 17 -75.65788275422551 0.4379113358874541
-1.5 -1.25 17 18 -46.72504872062723 0.4060757616603077
-1.5 -1.25 18 19 -23.86319624356997 0.3774298166432041
-1.5 -1.25 19 20 -5.779620632668184 0.3515478831508859
-1.5 -1.25 20 21 8.517716631247822 0.3280751574806605
-1.5 -1.25 21 22 19.79723675830542 0.3067137351719887
-1.5 -1.25 22 23 28.65917907884557 0.2872117957199584
-1.5 -1.25 23 24 35.57599223402292 0.2693551340032891
-1.5 -1.25 24 25 40.92210986647694 0.2549345283290972
-1.5 -1.25 25 26 44.99613909552318 0.2419525068512337
-1.5 -1.25 26 27 48.03756115690794 0.2298681181429275
-1.5 -1.25 27 28 50.2394181663451 0.2186008533597077
-1.5 -1.25 28 29 51.75803357363964 0.208079019262911
-1.5 -1.25 29 30 52.72051907406194 0.1982386298548691
-1.5 -1.25 30 31 53.23061487885229 0.1890224488927188
-1.5 -1.25 31 32 53.37326449183558 0.1803791618169173
-1.5 -1.25 32 33 53.2182210224351 0.1722626601034462
-1.5 -1.25 33 34 52.82290692084814 0.1646314219294042
-1.5 -1.25 34 35 52.23469421434663 0.157447975484523
-1.5 -1.25 35 36 51.49273205851887 0.1506784325127286
-1.5 -1.25 36 37 50.62941849528511 0.1442920837119938
-1.5 -1.25 37 38 49.67159104189619 0.1382610445251087
-1.5 -1.25 38 39 48.64149386955984 0.1325599471807545
-1.5 -1.25 39 40 47.55756654599452 0.1271656705587639
-1.5 -1.25 40 41 46.43508973693991 0.1220571030418357
-1.5 -1.25 41 42 45.28671548230938 0.1172149343590683
-1.5 -1.25 42 43 44.12290422256552 0.1126214723469616
-1.5 -1.25 43 44 42.95228598460733 0.1082604806705845
-1.5 -1.25 44 45 41.78195975451462 0.1041170360394377
-1.5 -1.25 45 46 40.61658885576043 0.100521351968446
-1.5 -1.25 46 47 39.46308173416983 0.09874860395922405
-1.5 -1.25 47 48 38.32411844951199 0.09897830465201621
-1.5 -1.25 48 49 37.2027845063009 0.1011142385076839
-1.5 -1.25 49 50 36.1013332583363 0.1039096261179682
-1.25 -1 0 1 5776.268905852866 1.563188783842782
-1.25 -1 1 2 -1615.775164972084 0.7602293241626861
-1.25 -1 2 3 -5487.677380727082 2.105427352007284
-1.25 -1 3 4 -4424.872934127462 1.998714579316943
-1.25 -1 4 5 -3261.740686851319 1.758987616672027
-1.25 -1 5 6 -2381.352971502502 1.536680132121986
-1.25 -1 6 7 -1749.514091812611 1.34949218221307
-1.25 -1 7 8 -1297.005139881281 1.19411571089773
-1.25 -1 8 9 -969.3401875060986 1.064773679761285
-1.25 -1 9 10 -728.6694217966806 0.9563304239980859
-1.25 -1 10 11 -549.2679653319651 0.8637410930183796
-1.25 -1 11 12 -413.8710505922886 0.7844876522528613
-1.25 -1 12 13 -310.4954539231012 0.7158779693438947
-1.25 -1 13 14 -230.7963217331924 0.6559973826489934
-1.25 -1 14 15 -168.8479917926993 0.6033534889636332
-1.25 -1 15 16 -120.3748972089443 0.5567693259422936
-1.25 -1 16 17 -82.2456663480325 0.5153058913509083
-1.25 -1 17 18 -52.13524365398621 0.4782057578541236
-1.25 -1 18 19 -28.29556075783739 0.4448516828207415
-1.25 -1 19 20 -9.397375533566674 0.4147358951297903
-1.25 -1 20 21 5.580493602471051 0.3874370392185374
-1.25 -1 21 22 17.42987200168159 0.3626026675869202
-1.25 -1 22 23 26.76991364000764 0.3399357984995086
-1.25 -1 23 24 34.08844310258587 0.3191844870085916
-1.25 -1 24 25 39.77246084498665 0.3001336532555947
-1.25 -1 25 26 44.13089601563775 0.2825986212024529
-1.25 -1 26 27 47.41174700998749 0.266419965361446
-1.25 -1 27 28 49.81511364173525 0.2514593678470815
-1.25 -1 28 29 51.50319065373526 0.2375962625859943
-1.25 -1 29 30 52.60799185586995 0.2247250979641719
-1.25 -1 30 31 53.23736423191906 0.2127530890773888
-1.25 -1 31 32 53.47970259518172 0.2015983609003797
-1.25 -1 32 33 53.40766903168867 0.1911884051171458
-1.25 -1 33 34 53.08114456973072 0.1814587904432857
-1.25 -1 34 35 52.54958446175107 0.1723520799154926
-1.25 -1 35 36 51.85390724792501 0.1638169166173064
-1.25 -1 36 37 51.02801713414004 0.1558072489805113
-1.25 -1 37 38 50.1000363910133 0.1482816703940268
-1.25 -1 38 39 49.09330718503537 0.1412028554512062
-1.25 -1 39 40 48.02720913765302 0.1345370749228746
-1.25 -1 40 41 46.91782906608415 0.1282537788716109
-1.25 -1 41 42 45.77851136784579 0.1223252353799822
-1.25 -1 42 43 44.62031192355374 0.1167262175747535
-1.25 -1 43 44 43.45237347773013 0.1114337311698061
-1.25 -1 44 45 42.2822369841677 0.1064267762539432
-1.25 -1 45 46 41.11491916745757 0.1020641356560904
-1.25 -1 46 47 39.95771480994944 0.09976280740913565
-1.25 -1 47 48 38.81356046757219 0.09974301865625647
-1.25 -1 48 49 37.68578731540572 0.1018920984415996
-1.25 -1 49 50 36.57686413743605 0.1088625763365119
-1 -0.75 0 1 6100.394003859823 2.297392775168804
-1 -0.75 1 2 -1319.81578986136 2.077316513123714
-1 -0.75 2 3 -5486.253232747473 1.56422135860478
-1 -0.75 3 4 -4463.717232805167 1.519904452210805
-1 -0.75 4 5 -3301.978888153527 1.36311269355951
-1 -0.75 5 6 -2415.957436258651 1.211874437428875
-1 -0.75 6 7 -1777.923399755957 1.081420509445052
-1 -0.75 7 8 -1320.045737852739 0.9708216822340684
-1 -0.75 8 9 -988.0042114444859 0.8765539617007625
-1 -0.75 9 10 -743.8278994612729 0.7953248587275252
-1 -0.75 10 11 -561.631330071692 0.725520660168798
-1 -0.75 11 12 -423.9937866863029 0.6644346009612572
-1 -0.75 12 13 -318.8147022307303 0.6107597797229681
-1 -0.75 13 14 -237.656180889167 0.5632894835439632
-1 -0.75 14 15 -174.5208091211061 0.5210600542681963
-1 -0.75 15 16 -125.0776248241871 0.4832939605759847
-1 -0.75 16 17 -86.15226120413672 0.4493576178603861
-1 -0.75 17 18 -55.38605853081549 0.4187299540407805
-1 -0.75 18 19 -31.00448831041149 0.3909787535389276
-1 -0.75 19 20 -11.65732094760506 0.3657426675956291
-1 -0.75 20 21 3.693387088527516 0.3427173837487406
-1 -0.75 21 22 15.85293415479896 0.3216448923876561
-1 -0.75 22 23 25.45136728398563 0.3023050691196336
-1 -0.75 23 24 32.9853654211247 0.2845090202902673
-1 -0.75 24 25 38.84916138703693 0.2680937756495463
-1 -0.75 25 26 43.35761811173859 0.252918023028234
-1 -0.75 26 27 46.76362211322044 0.2388586541668253
-1 -0.75 27 28 49.27131487874306 0.2258079489689175
-1 -0.75 28 29 51.04624430834122 0.2136712647923359
-1 -0.75 29 30 52.22321481916458 0.2023651282241453
-1 -0.75 30 31 52.91240248531199 0.191815649999918
-1 -0.75 31 32 53.20415114253512 0.1819572018842467
-1 -0.75 32 33 53.17275780419197 0.1727313051378832
-1 -0.75 33 34 52.87947800367726 0.1640856938459275
-1 -0.75 34 35 52.37492491588256 0.155973519860218
-1 -0.75 35 36 51.70099436999436 0.1483526770071799
-1 -0.75 36 37 50.89241680261887 0.1411852232853133
-1 -0.75 37 38 49.97801407640219 0.1344368848602856
-1 -0.75 38 39 48.98172152902845 0.1280766281904983
-1 -0.75 39 40 47.92342232607444 0.1220762923300262
-1 -0.75 40 41 46.81963118651868 0.1164102673028028
-1 -0.75 41 42 45.68405644315533 0.1110552158349533
-1 -0.75 42 43 44.52806372187831 0.1059898311579664
-1 -0.75 43 44 43.36105952054737 0.1011946227775087
-1 -0.75 44 45 42.19080945304745 0.09665173113603344
-1 -0.75 45 46 41.02249715292947 0.09314594447895158
-1 -0.75 46 47 39.86362546447788 0.09361132700303638
-1 -0.75 47 48 38.71724516480771 0.0981574135325764
-1 -0.75 48 49 37.58680527350811 0.1060558178220955
-1 -0.75 49 50 36.47486818364763 0.1144131604416132
-0.75 -0.5 0 1 6355.109888132902 3.303903182255095
-0.75 -0.5 1 2 -1089.75557833052 2.818003923050588
-0.75 -0.5 2 3 -5491.448962493438 1.571542174665702
-0.75 -0.5 3 4 -4502.707329176126 1.536773127587494
-0.75 -0.5 4 5 -3342.738391112538 1.380316436186103
-0.75 -0.5 5 6 -2452.113838257678 1.226564680518364
-0.75 -0.5 6 7 -1808.652378664866 1.093015118971818
-0.75 -0.5 7 8 -1345.860108564517 0.9794005889219201
-0.75 -0.5 8 9 -1009.667535666069 0.8923296466484983
-0.75 -0.5 9 10 -762.0588299612609 0.8230055205695773
-0.75 -0.5 10 11 -577.0459369026212 0.7605176349190812
-0.75 -0.5 11 12 -437.0895021212723 0.7038343995790238
-0.75 -0.5 12 13 -329.9950085364978 0.6526973917178954
-0.75 -0.5 13 14 -247.2465811784452 0.606553175765068
-0.75 -0.5 14 15 -182.7846538308006 0.5648501675543541
-0.75 -0.5 15 16 -132.2289901700899 0.5270777810734834
-0.75 -0.5 16 17 -92.36611681256841 0.4927792034497448
-0.75 -0.5 17 18 -60.80621029804252 0.4615525411967476
-0.75 -0.5 18 19 -35.74977361804031 0.4330470964197712
-0.75 -0.5 19 20 -15.82645450299901 0.4069579078535248
-0.75 -0.5 20 21 0.01800400492788867 0.3830199910611671
-0.75 -0.5 21 22 12.60220155285788 0.3610029074534475
-0.75 -0.5 22 23 22.56708980151029 0.3407059003121151
-0.75 -0.5 23 24 30.41833356555219 0.3219536574009602
-0.75 -0.5 24 25 36.55760620235537 0.3045926716175915
-0.75 -0.5 25 26 41.30595952483509 0.2884881415343703
-0.75 -0.5 26 27 44.92144972040296 0.2735213421759149
-0.75 -0.5 27 28 47.61255383630487 0.2595873969695303
-0.75 -0.5 28 29 49.54846949189584 0.2465933907524782
-0.75 -0.5 29 30 50.86708440510779 0.2344567688118546
-0.75 -0.5 30 31 51.68118821589314 0.2231039762297174
-0.75 -0.5 31 32 52.08334724629651 0.2124692991440401
-0.75 -0.5 32 33 52.14975420029361 0.2024938747331746
-0.75 -0.5 33 34 51.94328626427478 0.1931248442944132
-0.75 -0.5 34 35 51.51594770780417 0.1843146246371764
-0.75 -0.5 35 36 50.91083085930939 0.1760202819012829
-0.75 -0.5 36 37 50.16369791860444 0.1682029895193819
-0.75 -0.5 37 38 49.30426264474966 0.1608275599123957
-0.75 -0.5 38 39 48.357233193696 0.1538620365750356
-0.75 -0.5 39 40 47.34316389362505 0.1472773396466291
-0.75 -0.5 40 41 46.27915362486488 0.1410469559742495
-0.75 -0.5 41 42 45.1794202331273 0.1351466681264087
-0.75 -0.5 42 43 44.05577465536294 0.1295543157655918
-0.75 -0.5 43 44 42.91801335491436 0.1242495866836088
-0.75 -0.5 44 45 41.77424409271009 0.1192138318667364
-0.75 -0.5 45 46 40.62993464137702 0.1148088349019685
-0.75 -0.5 46 47 39.49288108390755 0.1124500402031682
-0.75 -0.5 47 48 38.36635170048476 0.112351847182252
-0.75 -0.5 48 49 37.25400222896695 0.1144100717404311
-0.75 -0.5 49 50 36.15857640408427 0.1172424967881394
-0.5 -0.25 0 1 6526.598570797033 3.405998821054357
-0.5 -0.25 1 2 -938.5633890422732 2.461510214981814
-0.5 -0.25 2 3 -5498.882252826147 1.550722444130733
-0.5 -0.25 3 4 -4531.954023402335 1.534356936435451
-0.5 -0.25 4 5 -3372.226700997366 1.416070118984067
-0.5 -0.25 5 6 -2477.732702108273 1.335107468879528
-0.5 -0.25 6 7 -1830.036588576461 1.231136852698842
-0.5 -0.25 7 8 -1363.510715688426 1.127755758523125
-0.5 -0.25 8 9 -1024.214724830234 1.032237601372211
-0.5 -0.25 9 10 -774.0761376678561 0.9464054244105949
-0.5 -0.25 10 11 -587.0087169773124 0.8693088704487479
-0.5 -0.25 11 12 -445.3794050861907 0.8007738632824026
-0.5 -0.25 12 13 -336.9173784899654 0.7396441065196928
-0.5 -0.25 13 14 -253.0454062620306 0.6849874507133652
-0.5 -0.25 14 15 -187.655669403362 0.6359665784423071
-0.5 -0.25 15 16 -136.330080614089 0.5918519038768877
-0.5 -0.25 16 17 -95.82539105051455 0.5520163649896966
-0.5 -0.25 17 18 -63.72823069865854 0.5159240092782532
-0.5 -0.25 18 19 -38.22036492314919 0.4831173390820042
-0.5 -0.25 19 20 -17.91643323301469 0.4532053994761319
-0.5 -0.25 20 21 -1.750080571125181 0.4258532870385754
-0.5 -0.25 21 22 11.10710444226106 0.4007732027407853
-0.5 -0.25 22 23 21.30407641955776 0.3777169430324822
-0.5 -0.25 23 24 29.35306250202041 0.3564696491517973
-0.5 -0.25 24 25 35.66114360838753 0.3368446202530065
-0.5 -0.25 25 26 40.55384790843732 0.3186790109097954
-0.5 -0.25 26 27 44.29295280795941 0.3018302591272647
-0.5 -0.25 27 28 47.09004101618575 0.2861731131506915
-0.5 -0.25 28 29 49.1169116100474 0.2715971494977774
-0.5 -0.25 29 30 50.51363890759728 0.2580046948896077
-0.5 -0.25 30 31 51.39485637492487 0.2453090791783267
-0.5 -0.25 31 32 51.85468983360238 0.233433161610477
-0.5 -0.25 32 33 51.97065477464457 0.2223080838098935
-0.5 -0.25 33 34 51.80675341942174 0.2118722091555741
-0.5 -0.25 34 35 51.41594932820198 0.2020702188095792
-0.5 -0.25 35 36 50.84215477566437 0.1928523379131939
-0.5 -0.25 36 37 50.12183441319883 0.1841736713640624
-0.5 -0.25 37 38 49.28530510579338 0.1759936307657552
-0.5 -0.25 38 39 48.35779389072536 0.1682754401538003
-0.5 -0.25 39 40 47.36030239088893 0.1609857065603049
-0.5 -0.25 40 41 46.31031578833631 0.1540940469415972
-0.5 -0.25 41 42 45.22238614141571 0.1475727627387741
-0.5 -0.25 42 43 44.10861401625607 0.141396555316328
-0.5 -0.25 43 44 42.97904726183134 0.1355422762034874
-0.5 -0.25 44 45 41.84201215292319 0.1299887079300377
-0.5 -0.25 45 46 40.7031552080669 0.1250721571843854
-0.5 -0.25 46 47 39.5704607022563 0.1221225303547084
-0.5 -0.25 47 48 38.4473301387568 0.1213562986630865
-0.5 -0.25 48 49 37.33754552694543 0.1227037600935725
-0.5 -0.25 49 50 36.24396155459945 0.1248711046366125
-0.25 0 0 1 6614.401907253026 3.630083225123796
-0.25 0 1 2 -859.0540227731508 3.149689083093115
-0.25 0 2 3 -5499.765681326839 1.569126943882323
-0.25 0 3 4 -4543.603140608308 1.543788208975219
-0.25 0 4 5 -3383.894533953469 1.390319084852877
-0.25 0 5 6 -2487.521478659693 1.237652481545215
-0.25 0 6 7 -1837.862180855735 1.104431471986086
-0.25 0 7 8 -1369.667639419307 1.022860527990275
-0.25 0 8 9 -1029.029855159573 0.9447318488439395
-0.25 0 9 10 -777.829594991219 0.8723329686465127
-0.25 0 10 11 -589.9266011205223 0.8058322316138147
-0.25 0 11 12 -447.6360311124449 0.7458287187896585
-0.25 0 12 13 -338.6490769613711 0.6916745617296186
-0.25 0 13 14 -254.3586436100686 0.64279924120731
-0.25 0 14 15 -188.6340908328268 0.5986263890104503
-0.25 0 15 16 -137.0398476398429 0.5586188777872061
-0.25 0 16 17 -96.31918387996893 0.522294315139615
-0.25 0 17 18 -64.04825162784641 0.4892273287514561
-0.25 0 18 19 -38.40060563068255 0.459046207010719
-0.25 0 19 20 -17.98440068135233 0.4314274331320208
-0.25 0 20 21 -1.728122820353519 0.4060897531593992
-0.25 0 21 22 11.20077046244683 0.3827885097520666
-0.25 0 22 23 21.45456127379816 0.3613105321378495
-0.25 0 23 24 29.54817083615603 0.3414696641089594
-0.25 0 24 25 35.89087127037158 0.3231029135293447
-0.25 0 25 26 40.80998008838958 0.3060671663038074
-0.25 0 26 27 44.56874102045697 0.2902363955323088
-0.25 0 27 28 47.3799420949191 0.2754992946810504
-0.25 0 28 29 49.41637582359533 0.2617572713799606
-0.25 0 29 30 50.81893722877373 0.2489227454281916
-0.25 0 30 31 51.70293913861349 0.2369177011411402
-0.25 0 31 32 52.16307068998697 0.2256724548112107
-0.25 0 32 33 52.27731511684271 0.2151246018614041
-0.25 0 33 34 52.11006345809199 0.2052181151185609
-0.25 0 34 35 51.71460274920588 0.1959025705699264
-0.25 0 35 36 51.13511452011124 0.187132480819481
-0.25 0 36 37 50.40828759423704 0.1788667189697207
-0.25 0 37 38 49.56462545234859 0.1710680201577855
-0.25 0 38 39 48.62951040727665 0.1637025484852478
-0.25 0 39 40 47.62407316686995 0.1567395198927046
-0.25 0 40 41 46.56590607967797 0.1501508729082393
-0.25 0 41 42 45.46965000492668 0.1439109803480479
-0.25 0 42 43 44.34747890700766 0.1379963965186715
-0.25 0 43 44 43.20950110376413 0.1323856345227316
-0.25 0 44 45 42.06409247609298 0.1270589703565834
-0.25 0 45 46 40.91693318916958 0.1223666458925255
-0.25 0 46 47 39.77605389231542 0.1196851728365476
-0.25 0 47 48 38.644875455793 0.1192322865864061
-0.25 0 48 49 37.52720064199798 0.1209251930500935
-0.25 0 49 50 36.42589983731466 0.1234234468660736
0 0.25 0 1 6613.902648544804 3.630079883147325
0 0.25 1 2 -859.9861496579465 3.149663396113574
0 0.25 2 3 -5500.372639152725 1.569048146965226
0 0.25 3 4 -4543.777893759443 1.543723273720438
0 0.25 4 5 -3383.826311666594 1.39028463417421
0 0.25 5 6 -2487.355634956259 1.237650258464268
0 0.25 6 7 -1837.671235686893 1.104453731796584
0 0.25 7 8 -1369.483980068613 1.022897253450562
0 0.25 8 9 -1028.865493787336 0.9447742844739258
0 0.25 9 10 -777.687017934953 0.8723741257109758
0 0.25 10 11 -589.8049352730418 0.8058728801558649
0 0.25 11 12 -447.5321062178518 0.7458660604099429
0 0.25 12 13 -338.5597474433407 0.6917081130840081
0 0.25 13 14 -254.2810665864561 0.6428289976568686
0 0.25 14 15 -188.5659004422298 0.5986525867281579
0 0.25 15 16 -136.9791652307765 0.5586418554100703
0 0.25 16 17 -96.26456036436139 0.5223144382017121
0 0.25 17 18 -63.99858928631284 0.4892449508387749
0 0.25 18 19 -38.35508122492661 0.4590616521633815
0 0.25 19 20 -17.94239872848198 0.4314409892894461
0 0.25 20 21 -1.689181456712504 0.4061016721959475
0 0.25 21 22 11.23700155778283 0.3827990094995034
0 0.25 22 23 21.4883525939797 0.3613198001488569
0 0.25 23 24 29.57973638662293 0.341477861548582
0 0.25 24 25 35.92038539927421 0.3231101786263218
0 0.25 25 26 40.83758940096129 0.3060736178781546
0 0.25 26 27 44.59457266221932 0.2902421357024229
0 0.25 27 28 47.40410940569711 0.2755044114445473
0 0.25 28 29 49.43898211955616 0.2617618407859624
0 0.25 29 30 50.84007827850508 0.2489268331607807
0 0.25 30 31 51.72270474362449 0.2369213641845895
0 0.25 31 32 52.18154566478574 0.225675742773035
0 0.25 32 33 52.2945798797042 0.2151275578558013
0 0.25 33 34 52.12619437561227 0.2052207767878736
0 0.25 34 35 51.72967233409594 0.1959049709270108
0 0.25 35 36 51.14919154939253 0.1871346485971604
0 0.25 36 37 50.42143718827839 0.1788686795349117
0 0.25 37 38 49.57690914223832 0.1710697957039167
0 0.25 38 39 48.64098620601345 0.1637041587177168
0 0.25 39 40 47.6347956508319 0.1567409820531317
0 0.25 40 41 46.57592648458882 0.1501522022650029
0 0.25 41 42 45.4790163373695 0.1439121904144671
0 0.25 42 43 44.35623606661113 0.1379974992912022
0 0.25 43 44 43.21769101759622 0.1323866406768152
0 0.25 44 45 42.07175423951918 0.1270598892785629
0 0.25 45 46 40.92410317346975 0.1223674980790646
0 0.25 46 47 39.78276600138412 0.1196860208596636
0 0.25 47 48 38.65116115703717 0.1192331916541163
0 0.25 48 49 37.53308916626415 0.1209262039754037
0 0.25 49 50 36.43141829005128 0.1234245669833901
0.25 0.5 0 1 6525.175692758304 3.405990765959817
0.25 0.5 1 2 -941.2150923013141 2.461439877215669
0.25 0.5 2 3 -5500.601626137896 1.550568536013984
0.25 0.5 3 4 -4532.444004595304 1.534247182352463
0.25 0.5 4 5 -3372.031012975819 1.416025127467235
0.25 0.5 5 6 -2477.26461030589 1.335117181394661
0.25 0.5 6 7 -1829.500368516497 1.23118088449481
0.25 0.5 7 8 -1362.996692255948 1.127819999363158
0.25 0.5 8 9 -1023.755810166638 1.032308691430605
0.25 0.5 9 10 -773.6786284449331 0.9464709450864357
0.25 0.5 10 11 -586.6697220535148 0.8693749768038757
0.25 0.5 11 12 -445.0897064778464 0.8008347323649382
0.25 0.5 12 13 -336.6679864049338 0.7396991254307812
0.25 0.5 13 14 -252.8282839460735 0.6850366536728186
0.25 0.5 14 15 -187.4641891801739 0.63601032527636
0.25 0.5 15 16 -136.159026144066 0.5918906930437312
0.25 0.5 16 17 -95.67077592657711 0.55205073057586
0.25 0.5 17 18 -63.58706511551895 0.5159544676016491
0.25 0.5 18 19 -38.09043058226507 0.4831443647482692
0.25 0.5 19 20 -17.79609021457873 0.4532294161689871
0.25 0.5 20 21 -1.63811203762225 0.425874667418342
0.25 0.5 21 22 11.21161195337572 0.4007922714546082
0.25 0.5 22 23 21.40182246309951 0.3777339819723956
0.25 0.5 23 24 29.44459794779959 0.3564849026828219
0.25 0.5 24 25 35.7469171610968 0.3368583000938346
0.25 0.5 25 26 40.63423860332489 0.3186913009006024
0.25 0.5 26 27 44.36829223020584 0.3018413192570913
0.25 0.5 27 28 47.16062814236352 0.2861830827284765
0.25 0.5 28 29 49.18302245477344 0.2716061503289693
0.25 0.5 29 30 50.57553258923213 0.2580128336047319
0.25 0.5 30 31 51.45277876691966 0.2453164492599135
0.25 0.5 31 32 51.9088756358052 0.2334398454944656
0.25 0.5 32 33 52.0213285862884 0.2223141539878543
0.25 0.5 33 34 51.85413021436227 0.2118777296010914
0.25 0.5 34 35 51.46023460119784 0.2020752461036091
0.25 0.5 35 36 50.88354453346187 0.1928569223478836
0.25 0.5 36 37 50.16051512161937 0.1841778572456037
0.25 0.5 37 38 49.32145365584313 0.1759974577038416
0.25 0.5 38 39 48.39157761883939 0.1682789432637976
0.25 0.5 39 40 47.39187916782731 0.1609889171582825
0.25 0.5 40 41 46.33983417968597 0.1540969928559644
0.25 0.5 41 42 45.24998563244736 0.1475754689938935
0.25 0.5 42 43 44.134425294837 0.1413990441468586
0.25 0.5 43 44 43.00319254730454 0.1355445675256349
0.25 0.5 44 45 41.86460555874925 0.1299908196767586
0.25 0.5 45 46 40.72430303655301 0.1250741373636164
0.25 0.5 46 47 39.59026209767126 0.1221245407724488
0.25 0.5 47 48 38.465877221033 0.1213585025344138
0.25 0.5 48 49 37.3549239326826 0.1227062926753164
0.25 0.5 49 50 36.26025074655365 0.1248739783218848
0.5 0.75 0 1 6352.850292302457 3.303902012749313
0.5 0.75 1 2 -1093.951654585324 2.817977982672366
0.5 0.75 2 3 -5494.141458817141 1.571420138413524
0.5 0.75 3 4 -4503.443320552858 1.536650920296218
0.5 0.75 4 5 -3342.39814534585 1.380249007228503
0.5 0.75 5 6 -2451.357057939406 1.226554806630102
0.5 0.75 6 7 -1807.800115156389 1.093042864775086
0.5 0.75 7 8 -1345.051233082263 0.979451469961711
0.5 0.75 8 9 -1008.949736828063 0.8919696037569902
0.5 0.75 9 10 -761.4418570337693 0.8234780117287525
0.5 0.75 10 11 -576.5212789518773 0.7605685115712311
0.5 0.75 11 12 -436.6424092312704 0.7038807842178527
0.5 0.75 12 13 -329.6107763275249 0.6527389493348204
0.5 0.75 13 14 -246.9122911329032 0.6065900540991841
0.5 0.75 14 15 -182.4897782630146 0.5648827394905658
0.5 0.75 15 16 -131.965322384033 0.527106505328049
0.5 0.75 16 17 -92.12743968902782 0.4928045506851714
0.5 0.75 17 18 -60.5879011574782 0.4615749560276377
0.5 0.75 18 19 -35.54843343646235 0.4330669803989347
0.5 0.75 19 20 -15.63959450264588 0.4069756134362386
0.5 0.75 20 21 0.1922119004179876 0.3830358223997088
0.5 0.75 21 22 12.7651156406655 0.361017123822068
0.5 0.75 22 23 22.71974037626342 0.3407187212656424
0.5 0.75 23 24 30.56152563836008 0.3219652681528251
0.5 0.75 24 25 36.69199228647483 0.30460322802591
0.5 0.75 25 26 41.43209009599957 0.2884977751233913
0.5 0.75 26 27 45.03980739776591 0.2735301637640145
0.5 0.75 27 28 47.72357593337244 0.2595955005450434
0.5 0.75 28 29 49.65256242493876 0.246600856135407
0.5 0.75 29 30 50.96463252159253 0.2344636642831747
0.5 0.75 30 31 51.77255889495552 0.2231103603194931
0.5 0.75 31 32 52.1688935845591 0.212475222333992
0.5 0.75 32 33 52.229816198143 0.2024993810492957
0.5 0.75 33 34 52.01819113901229 0.1931299720186095
0.5 0.75 34 35 51.58600974769797 0.1843194073440111
0.5 0.75 35 36 50.97635109051635 0.1760247491749463
0.5 0.75 36 37 50.22496374736511 0.1682071678058716
0.5 0.75 37 38 49.36154757349709 0.1608314724855049
0.5 0.75 38 39 48.41079665664012 0.1538657045104084
0.5 0.75 39 40 47.39325123242298 0.1472807816907891
0.5 0.75 40 41 46.32599620146306 0.1410501891249202
0.5 0.75 41 42 45.22323566862138 0.1351497076678709
0.5 0.75 42 43 44.09676717770941 0.1295571756539743
0.5 0.75 43 44 42.95637423461568 0.1242522795394836
0.5 0.75 44 45 41.81015214635244 0.1192163693483824
0.5 0.75 45 46 40.66355667023657 0.1148112759006607
0.5 0.75 46 47 39.52437275715101 0.1124526195086156
0.5 0.75 47 48 38.39585782728972 0.112354808916347
0.5 0.75 48 49 37.28165754434852 0.1144136225222652
0.5 0.75 49 50 36.1845060262971 0.1172466528150301
0.75 1 0 1 6097.354402106747 2.297315957959917
0.75 1 1 2 -1325.455965152737 2.076817257852713
0.75 1 2 3 -5489.864904857556 1.563596793455111
0.75 1 3 4 -4464.696596510301 1.519869769582213
0.75 1 4 5 -3301.513099330738 1.363545492823301
0.75 1 5 6 -2414.933545823583 1.212516313194269
0.75 1 6 7 -1776.772379627987 1.08209592886691
0.75 1 7 8 -1318.953856543371 0.9714406569727352
0.75 1 8 9 -987.0364773264719 0.8770912599744879
0.75 1 9 10 -742.9942445380284 0.7957900484073167
0.75 1 10 11 -560.9234071033311 0.725896686503537
0.75 1 11 12 -423.3907436106415 0.6647420215282119
0.75 1 12 13 -318.2967642876056 0.6110095058159234
0.75 1 13 14 -237.2059567000565 0.5634914836620476
0.75 1 14 15 -174.1241050228602 0.5212229784257723
0.75 1 15 16 -124.7233550682222 0.4834251166805036
0.75 1 16 17 -85.83200731247416 0.4494630827617862
0.75 1 17 18 -55.09354260148416 0.4188147267793074
0.75 1 18 19 -30.73507817145151 0.3910469143546573
0.75 1 19 20 -11.40761143416034 0.3657975264013054
0.75 1 20 21 3.925907925771526 0.3427616119765972
0.75 1 21 22 16.07014079270857 0.3216806375014513
0.75 1 22 23 25.65468697665494 0.3023340514506067
0.75 1 23 24 33.17591635298572 0.2845326141728027
0.75 1 24 25 39.02785085352264 0.2681130765716999
0.75 1 25 26 43.52521084815749 0.2529339023859122
0.75 1 26 27 46.9207868203257 0.2388718041128302
0.75 1 27 28 49.41865513842424 0.225818918779695
0.75 1 28 29 51.18431854002108 0.2136804898040965
0.75 1 29 30 52.35254869995015 0.202372953452641
0.75 1 30 31 53.03349630985724 0.1918223485979408
0.75 1 31 32 53.31748388081746 0.1819629903007708
0.75 1 32 33 53.2787890898162 0.1727363548140156
0.75 1 33 34 52.978648891273 0.1640901407213154
0.75 1 34 35 52.46765797527564 0.1559774716901498
0.75 1 35 36 51.78769347888959 0.1483562196752188
0.75 1 36 37 50.97346687007632 0.1411884250434243
0.75 1 37 38 50.05378082643654 0.1344397999330985
0.75 1 38 39 49.05255141854877 0.1280793004580535
0.75 1 39 40 47.98964262140152 0.1220787566749478
0.75 1 40 41 46.88155020504632 0.1164125517099555
0.75 1 41 42 45.7419639458605 0.1110573434064895
0.75 1 42 43 44.5822314351895 0.1059918203394509
0.75 1 43 44 43.41174176572099 0.1011964889852481
0.75 1 44 45 42.2382438560781 0.09665348676321507
0.75 1 45 46 41.06690524894907 0.09314765954105757
0.75 1 46 47 39.90521392851082 0.09361328085059416
0.75 1 47 48 38.75620616498983 0.09815987190106876
0.75 1 48 49 37.62331754424679 0.1060589731737927
0.75 1 49 50 36.50909764591162 0.1144169903581488
1 1.25 0 1 5772.537330372455 1.56344793341304
1 1.25 1 2 -1622.719646563608 0.7624401818238561
1 1.25 2 3 -5492.162217396334 2.105782569077388
1 1.25 3 4 -4426.129838308702 1.998395551003013
1 1.25 4 5 -3261.203312421179 1.758371711712321
1 1.25 5 6 -2380.106184919587 1.536051218618274
1 1.25 6 7 -1748.092792079768 1.348959393486545
1 1.25 7 8 -1295.644918583025 1.193889628017805
1 1.25 8 9 -968.1280970001289 1.064262346354932
1 1.25 9 10 -727.6203567871758 0.9560808263564282
1 1.25 10 11 -548.3742921669314 0.8635633390752578
1 1.25 11 12 -413.1084330329518 0.7843569979588432
1 1.25 12 13 -309.8401187068844 0.7157837425645804
1 1.25 13 14 -230.2270097403443 0.6559315247341038
1 1.25 14 15 -168.3471441679753 0.6033097976068892
1 1.25 15 16 -119.928659114915 0.5567429321025653
1 1.25 16 17 -81.8434131206609 0.5152929175131413
1 1.25 17 18 -51.76897225464359 0.4782030916887289
1 1.25 18 19 -27.95930276586932 0.4448568211603439
1 1.25 19 20 -9.086693179176564 0.4147468285604927
1 1.25 20 21 5.868913209451875 0.3874521626617296
1 1.25 21 22 17.69853027706995 0.3626207077102134
1 1.25 22 23 27.02073541164998 0.3399557538222376
1 1.25 23 24 34.32294848572928 0.3192055777523067
1 1.25 24 25 39.99188843953402 0.3001552794534675
1 1.25 25 26 44.33628952923914 0.2826203279427461
1 1.25 26 27 47.60401500498426 0.2664414136849548
1 1.25 27 28 49.99506991897749 0.2514803109548593
1 1.25 28 29 51.67158093841499 0.237616526366888
1 1.25 29 30 52.76551097698996 0.2247445650255116
1 1.25 30 31 53.38466684236789 0.2127716860105706
1 1.25 31 32 53.61740960935117 0.2016160478746511
1 1.25 32 33 53.53637131091227 0.1912051678191902
1 1.25 33 34 53.20140491461052 0.1814746331899235
1 1.25 34 35 52.66193862427434 0.1723670208998728
1 1.25 35 36 51.95886443540257 0.1638309837378711
1 1.25 36 37 51.12606030403072 0.1558204766325118
1 1.25 37 38 50.19162251857773 0.1482940972689558
1 1.25 38 39 49.17886760524613 0.1412145224655967
1 1.25 39 40 48.10715001012335 0.1345480240805012
1 1.25 40 41 46.99253197684811 0.1282640521415248
1 1.25 41 42 45.84833406594669 0.122334873880559
1 1.25 42 43 44.68558917163529 0.1167352612993829
1 1.25 43 44 43.51341799639636 0.1114422182678385
1 1.25 44 45 42.33934046734328 0.1064347431320785
1 1.25 45 46 41.16835308347129 0.1020717176143437
1 1.25 46 47 40.00773218218893 0.09977049815380977
1 1.25 47 48 38.86039620685222 0.09975130621036479
1 1.25 48 49 37.72965966021516 0.1019013589475497
1 1.25 49 50 36.61797546632195 0.1088724226158542
1.25 1.5 0 1 5400.451904116833 3.110083583700033
1.25 1.5 1 2 -1932.13140200283 3.679338009520838
1.25 1.5 2 3 -5456.919463798065 1.695330867072927
1.25 1.5 3 4 -4349.00293909804 1.629066428420705
1.25 1.5 4 5 -3188.069149074094 1.453753073371845
1.25 1.5 5 6 -2318.568693277361 1.282953020620093
1.25 1.5 6 7 -1697.951610206516 1.134438327688965
1.25 1.5 7 8 -1255.117779541315 1.008348843119045
1.25 1.5 8 9 -935.369565629826 0.9024318048716053
1.25 1.5 9 10 -701.0644086874981 0.8110880104697712
1.25 1.5 10 11 -526.7611823961388 0.7338887637738479
1.25 1.5 11 12 -395.4573413353269 0.6669963534381016
1.25 1.5 12 13 -295.3808856364074 0.6088361476573315
1.25 1.5 13 14 -218.3546651670852 0.5579067307863786
1.25 1.5 14 15 -158.583610895764 0.5130164198194056
1.25 1.5 15 16 -111.8935144831069 0.473212513701638
1.25 1.5 16 17 -75.23180404648338 0.4377268804356804
1.25 1.5 17 18 -46.33494091353782 0.4059347412225962
1.25 1.5 18 19 -23.50314140872251 0.377323521880669
1.25 1.5 19 20 -5.445289726357714 0.3514692289239807
1.25 1.5 20 21 8.829503119528681 0.3280184086872636
1.25 1.5 21 22 20.08884387345165 0.3066742663888433
1.25 1.5 22 23 28.93240538756618 0.2871858884544001
1.25 1.5 23 24 35.83224884491426 0.2693398070815174
1.25 1.5 24 25 41.16254676336052 0.2549274529710762
1.25 1.5 25 26 45.22173230647661 0.2419516856031102
1.25 1.5 26 27 48.24917146413793 0.2298719637622781
1.25 1.5 27 28 50.43782956432528 0.2186081246785242
1.25 1.5 28 29 51.94397761077857 0.2080887483864974
1.25 1.5 29 30 52.89468957345071 0.198250065409729
1.25 1.5 30 31 53.39367627383115 0.1890350101085515
1.25 1.5 31 32 53.52585606291029 0.1803924024648418
1.25 1.5 32 33 53.36095862197004 0.1722762400269102
1.25 1.5 33 34 52.95638326221888 0.1646450842271378
1.25 1.5 34 35 52.35947843895434 0.1574615281685389
1.25 1.5 35 36 51.60936903581052 0.1506917349014971
1.25 1.5 36 37 50.73842813229305 0.1443050346029645
1.25 1.5 37 38 49.77346775967038 0.1382735735016339
1.25 1.5 38 39 48.73670631986903 0.1325720077011303
1.25 1.5 39 40 47.64655759359579 0.1271772341871208
1.25 1.5 40 41 46.5182766991536 0.1220681553417269
1.25 1.5 41 42 45.36449059900343 0.1172254711393886
1.25 1.5 42 43 44.19563532322377 0.1126314974384795
1.25 1.5 43 44 43.02031731327116 0.1082700035002306
1.25 1.5 44 45 41.84561291573169 0.1041260701768255
1.25 1.5 45 46 40.67616364869463 0.1005300296461023
1.25 1.5 46 47 39.51885774066972 0.09875747602190821
1.25 1.5 47 48 38.37635559161441 0.09898792497533192
1.25 1.5 48 49 37.25172447404225 0.1011250381177204
1.25 1.5 49 50 36.14720035136239 0.103921594884023
1.5 1.75 0 1 4960.805766555275 0.9856473530205704
1.5 1.75 1 2 -2317.158360097107 0.8623597008176611
1.5 1.75 2 3 -5434.319204706697 1.768630676460917
1.5 1.75 3 4 -4269.13199189543 1.70463597602255
1.5 1.75 4 5 -3106.258327109841 1.516850020291661
1.5 1.75 5 6 -2245.878738552691 1.32933506902213
1.5 1.75 6 7 -1635.814118555332 1.165753125787672
1.5 1.75 7 8 -1202.58078157121 1.027773791838086
1.5 1.75 8 9 -891.0125839268521 0.9129962209038817
1.5 1.75 9 10 -663.4981920981363 0.8145428401115411
1.5 1.75 10 11 -494.8302369733324 0.7327760469098324
1.5 1.75 11 12 -368.1866244228415 0.6623734805490007
1.5 1.75 12 13 -271.9805951465644 0.6016794050076507
1.5 1.75 13 14 -198.1832993028499 0.548935096238361
1.5 1.75 14 15 -141.1192841358625 0.5027619757699294
1.5 1.75 15 16 -96.71002830530574 0.4620713748854537
1.5 1.75 16 17 -61.97942360800653 0.4259956460335851
1.5 1.75 17 18 -34.72518628124476 0.3938365929053096
1.5 1.75 18 19 -13.29681281898252 0.3650270124584044
1.5 1.75 19 20 3.556965096856629 0.3391019177359897
1.5 1.75 20 21 16.79464296189008 0.3156768472940872
1.5 1.75 21 22 27.15735147661098 0.2944313813035879
1.5 1.75 22 23 35.2230097525005 0.2750964888495799
1.5 1.75 23 24 41.44571448674446 0.2574447311595259
1.5 1.75 24 25 46.1847309941985 0.2412826028705785
1.5 1.75 25 26 49.72606520532793 0.2264444931782876
1.5 1.75 26 27 52.29867798046121 0.2127878832718217
1.5 1.75 27 28 54.08678646797375 0.2001894975138211
1.5 1.75 28 29 55.23927764534437 0.1885421945705
1.5 1.75 29 30 55.87696959866514 0.1777524392207366
1.5 1.75 30 31 56.09825421293715 0.1677382326820219
1.5 1.75 31 32 55.9835122151959 0.1584274067971368
1.5 1.75 32 33 55.59858970841213 0.1497562111390975
1.5 1.75 33 34 54.99755194650874 0.1416681347763956
1.5 1.75 34 35 54.22487664948369 0.1341129196319776
1.5 1.75 35 36 53.31720991661365 0.1270457299392098
1.5 1.75 36 37 52.30477868235698 0.1204264493646366
1.5 1.75 37 38 51.21253200131144 0.114219084482494
1.5 1.75 38 39 50.06106706578396 0.1083912547733665
1.5 1.75 39 40 48.86738345084979 0.1029137577781974
1.5 1.75 40 41 47.64549978919041 0.09776019241808648
1.5 1.75 41 42 46.40695954138772 0.09290663722517814
1.5 1.75 42 43 45.16124725488373 0.08833136932947011
1.5 1.75 43 44 43.91613209734294 0.08401462108833843
1.5 1.75 44 45 42.67795217505068 0.07993836926582565
1.5 1.75 45 46 41.45072460923043 0.07680140958663338
1.5 1.75 46 47 40.24071590202846 0.0772167939204
1.5 1.75 47 48 39.05010171935714 0.08127315460990671
1.5 1.75 48 49 37.88149456641096 0.08831626975358127
1.5 1.75 49 50 36.73673825741199 0.09575876681273554
1.75 2 0 1 4498.560228934874 1.069342897723474
1.75 2 1 2 -2704.967276962503 2.924257323594486
1.75 2 2 3 -5404.836731972203 2.849332228086728
1.75 2 3 4 -4195.445257420505 2.310853145601696
1.75 2 4 5 -3039.242109991208 1.890723155166449
1.75 2 5 6 -2191.827780976032 1.580401298520082
1.75 2 6 7 -1593.418583738056 1.346592461349222
1.75 2 7 8 -1169.490182161718 1.165211120581862
1.75 2 8 9 -865.0936905569197 1.021757129322962
1.75 2 9 10 -643.0666476905944 0.9043318472090012
1.75 2 10 11 -478.7100216536383 0.8077440360313173
1.75 2 11 12 -355.4068809062067 0.7264624239227173
1.75 2 12 13 -261.8274485574243 0.6572825275918073
1.75 2 13 14 -190.1101240785952 0.5977491892758201
1.75 2 14 15 -134.7033693086089 0.5460297338100657
1.75 2 15 16 -91.62138552050919 0.5007284232789961
1.75 2 16 17 -57.95821416433046 0.4607632907571412
1.75 2 17 18 -31.56522462211433 0.4252823760260356
1.75 2 18 19 -10.83337220265275 0.3936054668999437
1.75 2 19 20 5.456272903526724 0.3651827387087227
1.75 2 20 21 18.23676652582333 0.339564837051998
1.75 2 21 22 28.22907377741728 0.3163808659167575
1.75 2 22 23 35.99501965170464 0.295321942683518
1.75 2 23 24 41.97577785721001 0.2761287372788722
1.75 2 24 25 46.52018056124882 0.2585819115790312
1.75 2 25 26 49.90576974804287 0.2424946962461767
1.75 2 26 27 52.35461004347189 0.2277070676890258
1.75 2 27 28 54.04527789364124 0.2140811342336763
1.75 2 28 29 55.12203053182782 0.2014974474803954
1.75 2 29 30 55.70187432791738 0.1898520294432575
1.75 2 30 31 55.88005432739828 0.1790539573355455
1.75 2 31 32 55.73434702267224 0.1690233874002004
1.75 2 32 33 55.32843875385618 0.1596899278037875
1.75 2 33 34 54.7146003429811 0.1509912895753768
1.75 2 34 35 53.93581630324985 0.1428721621764851
1.75 2 35 36 53.02748860888181 0.1352832714542236
1.75 2 36 37 52.01880657963636 0.1281805850549877
1.75 2 37 38 50.9338532867867 0.121524641118333
1.75 2 38 39 49.79250289780862 0.1152799758759075
1.75 2 39 40 48.61115128404072 0.1094146361309068
1.75 2 40 41 47.40331314589167 0.1038997606495629
1.75 2 41 42 46.18011158135295 0.09870921913140687
1.75 2 42 43 44.9506808730012 0.09381930198264503
1.75 2 43 44 43.72249880333095 0.08920844977606099
1.75 2 44 45 42.50166160417356 0.08485701856883711
1.75 2 45 46 41.29202681050825 0.08132346065135367
1.75 2 46 47 40.09961681172851 0.08153962870182736
1.75 2 47 48 38.92651253951871 0.08525109989131731
1.75 2 48 49 37.77521590386601 0.0918157140478854
1.75 2 49 50 36.64747323529889 0.09874266437399176
2 2.25 0 1 3999.719672376939 1.035772714496719
2 2.25 1 2 -3100.519061184574 0.848394732121294
2 2.25 2 3 -5343.860663568668 1.653159845704848
2 2.25 3 4 -4075.261912729315 1.532025102030855
2 2.25 4 5 -2921.02165472304 1.352443780835025
2 2.25 5 6 -2087.580913088576 1.193225879294611
2 2.25 6 7 -1504.34788954064 1.059433769172253
2 2.25 7 8 -1094.093874304884 0.9467930780206585
2 2.25 8 9 -801.3399695279668 0.8517772964847703
2 2.25 9 10 -589.0308032289936 0.7701892749532961
2 2.25 10 11 -432.7413751151125 0.6998777167920539
2 2.25 11 12 -316.1333853178812 0.6387207752225069
2 2.25 12 13 -228.1279019801611 0.5851422010124677
2 2.25 13 14 -161.0709557609571 0.5378973856329572
2 2.25 14 15 -109.5794155003075 0.4959927617620195
2 2.25 15 16 -69.80277341486112 0.4586269192604312
2 2.25 16 17 -38.94352886469073 0.4251471810936431
2 2.25 17 18 -14.94014834631207 0.39501723540164
2 2.25 18 19 3.746209228728048 0.3677927328894656
2 2.25 19 20 18.27762012264839 0.3431026911924732
2 2.25 20 21 29.54086090697695 0.3206351722925295
2 2.25 21 22 38.21902644153931 0.3001261513047557
2 2.25 22 23 44.84279087138623 0.2813507791500607
2 2.25 23 24 49.82757435812323 0.2641164707650395
2 2.25 24 25 53.50081393408868 0.2482573921824161
2 2.25 25 26 56.12219451332317 0.2336300301266931
2 2.25 26 27 57.89881053308125 0.2201096056397656
2 2.25 27 28 58.99663547347927 0.2075871526402357
2 2.25 28 29 59.54927392049194 0.1959671219922659
2 2.25 29 30 59.66469372645258 0.1851654051293214
2 2.25 30 31 59.43044308763729 0.1751076941104221
2 2.25 31 32 58.91772144373442 0.1657281139811682
2 2.25 32 33 58.18457637477252 0.1569680762865145
2 2.25 33 34 57.27842909989045 0.1487753126942698
2 2.25 34 35 56.2380806351332 0.1411030577778784
2 2.25 35 36 55.09531362660221 0.1339093539800862
2 2.25 36 37 53.87617746781115 0.1271564585221927
2 2.25 37 38 52.60202395692079 0.1208103353735664
2 2.25 38 39 51.29034538605509 0.1148402181797374
2 2.25 39 40 49.95545535565361 0.1092182332758514
2 2.25 40 41 48.60904391673819 0.1039190727814495
2 2.25 41 42 47.26063164062828 0.09891971122562172
2 2.25 42 43 45.91794229132148 0.09419915800169595
2 2.25 43 44 44.58720952638126 0.08973824180095384
2 2.25 44 45 43.27342999750198 0.08551942072159159
2 2.25 45 46 41.97951677331076 0.08218086118231857
2 2.25 46 47 40.71057434745816 0.08210708975682086
2 2.25 47 48 39.46794484423256 0.08536262994973846
2 2.25 48 49 38.25344693531113 0.09133061055866869
2 2.25 49 50 37.0682234389219 0.09764712587013244
2.25 2.5 0 1 3477.33682210817 1.653338135067387
2.25 2.5 1 2 -3492.694738742454 0.9584249315194748
2.25 2.5 2 3 -5249.811607384328 1.695334515303038
2.25 2.5 3 4 -3932.922128384209 1.562425874247966
2.25 2.5 4 5 -2793.078673385487 1.377002163159145
2.25 2.5 5 6 -1982.267881373287 1.226614784689268
2.25 2.5 6 7 -1419.527166053477 1.100694819320302
2.25 2.5 7 8 -1025.974392259414 0.9890143438652499
2.25 2.5 8 9 -746.4468644439821 0.8919217687243279
2.25 2.5 9 10 -544.5549573879075 0.8073085306480889
2.25 2.5 10 11 -396.5037991410595 0.7337812086879814
2.25 2.5 11 12 -286.4545430299704 0.6695308296573454
2.25 2.5 12 13 -203.7107952236997 0.613108257364712
2.25 2.5 13 14 -140.907123752799 0.563305148170633
2.25 2.5 14 15 -92.87812750690205 0.5191239605355156
2.25 2.5 15 16 -55.93860064487717 0.4797425741380764
2.25 2.5 16 17 -27.41760297923452 0.4444818760699668
2.25 2.5 17 18 -5.351395613605064 0.4127784869388573
2.25 2.5 18 19 11.7225969041026 0.3841626062736549
2.25 2.5 19 20 24.90644732546355 0.358240281606193
2.25 2.5 20 21 35.03933055986238 0.334679291462141
2.25 2.5 21 22 42.7662870777292 0.3131979083976765
2.25 2.5 22 23 48.58735268383577 0.2935559320485701
2.25 2.5 23 24 52.89311863733587 0.2755475058117202
2.25 2.5 24 25 55.99077990332648 0.2589953336222185
2.25 2.5 25 26 58.12342739361623 0.2437460004694029
2.25 2.5 26 27 59.4844826455253 0.2296661651008197
2.25 2.5 27 28 60.22859991423081 0.2166394455428989
2.25 2.5 28 29 60.47997204839442 0.2045638573846703
2.25 2.5 29 30 60.33870937405499 0.1933496959446521
2.25 2.5 30 31 59.88577526539751 0.1829177764463075
2.25 2.5 31 32 59.18683138706967 0.173197964196445
2.25 2.5 32 33 58.295252696087 0.1641279413835319
2.25 2.5 33 34 57.25450556294476 0.1556521675928295
2.25 2.5 34 35 56.10003393767607 0.1477210000109167
2.25 2.5 35 36 54.86076304586368 0.1402899454148985
2.25 2.5 36 37 53.56030390076245 0.1333190219031839
2.25 2.5 37 38 52.21792248780088 0.1267722121899395
2.25 2.5 38 39 50.84932283132247 0.1206169933442742
2.25 2.5 39 40 49.4672820976254 0.1148239317066588
2.25 2.5 40 41 48.08216763354517 0.1093663311277746
2.25 2.5 41 42 46.70235917476163 0.1042199291500873
2.25 2.5 42 43 45.33459478688533 0.09936263087412045
2.25 2.5 43 44 43.98425508222294 0.09477427752576928
2.25 2.5 44 45 42.6555973490477 0.09043644311152532
2.25 2.5 45 46 41.35093679306553 0.08665820198039595
2.25 2.5 46 47 40.07473632088826 0.08464374233164179
2.25 2.5 47 48 38.82789690323733 0.08452648102746374
2.25 2.5 48 49 37.61181496548448 0.08625445107608082
2.25 2.5 49 50 36.42726632436313 0.0921096462045239
2.5 2.75 0 1 2900.020958824374 2.215971455817609
2.5 2.75 1 2 -3924.893190798645 1.108843468144386
2.5 2.75 2 3 -5158.695482404033 2.683751472726335
2.5 2.75 3 4 -3785.25002466666 2.592632019844526
2.5 2.75 4 5 -2655.40221358323 2.284826475529576
2.5 2.75 5 6 -1865.043956922521 1.990016556392935
2.5 2.75 6 7 -1322.061152523007 1.739282534079492
2.5 2.75 7 8 -945.3163897178924 1.530797864815179
2.5 2.75 8 9 -679.562797809137 1.356934849057677
2.5 2.75 9 10 -488.8423106577038 1.211278668281442
2.5 2.75 10 11 -349.8521928827452 1.087932917132846
2.5 2.75 11 12 -247.1816136151842 0.9825742229308753
2.5 2.75 12 13 -170.4805601971334 0.8918049685775086
2.5 2.75 13 14 -112.6560320213509 0.8129858725658037
2.5 2.75 14 15 -68.75510338751269 0.744050735802958
2.5 2.75 15 16 -35.25829045782257 0.6833665317259875
2.5 2.75 16 17 -9.624433696957794 0.6296296837395541
2.5 2.75 17 18 10.00796793301993 0.5817893746322176
2.5 2.75 18 19 25.02040809513062 0.5389905908369057
2.5 2.75 19 20 36.45021094015431 0.5005314959288922
2.5 2.75 20 21 45.08449355309608 0.4658312373695966
2.5 2.75 21 22 51.52616786711656 0.4344053997144629
2.5 2.75 22 23 56.24096466889466 0.405847108978848
2.5 2.75 23 24 59.59137718872273 0.3798123518720307
2.5 2.75 24 25 61.86145959363114 0.356008467493008
2.5 2.75 25 26 63.27514616495137 0.3341850498151501
2.5 2.75 26 27 64.00992308320269 0.3141266974360591
2.5 2.75 27 28 64.20712840401382 0.2956471918912675
2.5 2.75 28 29 63.97977967997946 0.2785847893701913
2.5 2.75 29 30 63.41857067645611 0.2627983867516617
2.5 2.75 30 31 62.59649981065076 0.2481643804125257
2.5 2.75 31 32 61.57246722988276 0.2345740758954655
2.5 2.75 32 33 60.39408827666102 0.2219315409559267
2.5 2.75 33 34 59.09990714833998 0.2101518153358786
2.5 2.75 34 35 57.72114824826548 0.1991594113141216
2.5 2.75 35 36 56.28310888951967 0.1888870510658447
2.5 2.75 36 37 54.80627205605145 0.1792745991616529
2.5 2.75 37 38 53.30719944803457 0.1702681552857955
2.5 2.75 38 39 51.79925112585664 0.1618192813829951
2.5 2.75 39 40 50.29316760498045 0.1538843388711814
2.5 2.75 40 41 48.79754243009401 0.1464239198398239
2.5 2.75 41 42 47.31920697812782 0.1394023561651687
2.5 2.75 42 43 45.8635448221747 0.1327872947420468
2.5 2.75 43 44 44.43474922194721 0.1265493287641203
2.5 2.75 44 45 43.03603456181654 0.1206616766351335
2.5 2.75 45 46 41.66883999974206 0.1153232069067494
2.5 2.75 46 47 40.33673771921542 0.1113537434234487
2.5 2.75 47 48 39.03995632463906 0.1088672450701314
2.5 2.75 48 49 37.77926083348069 0.1078029843333442
2.5 2.75 49 50 36.55486639149723 0.1073435944897047
2.75 3 0 1 2265.857100665516 1.700066725997734
2.75 3 1 2 -4350.317268928968 4.347705994101625
2.75 3 2 3 -5013.139325240401 5.893181558466046
2.75 3 3 4 -3586.590239868794 5.038474858988683
2.75 3 4 5 -2476.075417911746 4.191008125458819
2.75 3 5 6 -1715.118042665871 3.51596730307563
2.75 3 6 7 -1199.17030630491 2.988886750307984
2.75 3 7 8 -844.87927064726 2.573118384206375
2.75 3 8 9 -597.2278847260368 2.239627748556471
2.75 3 9 10 -421.000883305818 1.968071042037301
2.75 3 10 11 -293.6367315917364 1.743570238048219
2.75 3 11 12 -200.3420264072106 1.555588353504022
2.75 3 12 13 -131.2527114135933 1.396385752814271
2.75 3 13 14 -79.65074661116682 1.260200334100426
2.75 3 14 15 -40.87126179867255 1.142669897159916
2.75 3 15 16 -11.61663588908755 1.040440273287234
2.75 3 16 17 10.48241434576289 0.9508953715799292
2.75 3 17 18 27.15327089137213 0.8719681125178351
2.75 3 18 19 39.67195890755022 0.802005821750532
2.75 3 19 20 48.99221981564438 0.7396728810038584
2.75 3 20 21 55.83443366259917 0.6838792784277631
2.75 3 21 22 60.74784420222102 0.6337274434103839
2.75 3 22 23 64.15473234875844 0.5884721803615726
2.75 3 23 24 66.38219160149924 0.5474901156886003
2.75 3 24 25 67.6852643173271 0.5102561444711519
2.75 3 25 26 68.26397660051225 0.4763250871180191
2.75 3 26 27 68.27601030481492 0.4453172702251218
2.75 3 27 28 67.84621908413857 0.4169070912327486
2.75 3 28 29 67.07383712428521 0.3908138760027159
2.75 3 29 30 66.03798409485967 0.3667945136946764
2.75 3 30 31 64.80190044186395 0.3446374807775941
2.75 3 31 32 63.41622835105863 0.3241579599034626
2.75 3 32 33 61.92156965028164 0.3051938280090579
2.75 3 33 34 60.35049180338234 0.2876023396267907
2.75 3 34 35 58.72910969513913 0.2712573690911628
2.75 3 35 36 57.07833924575829 0.2560471063463663
2.75 3 36 37 55.41489558829284 0.2418721213075691
2.75 3 37 38 53.75209132567073 0.2286437308402753
2.75 3 38 39 52.10047746050319 0.2162826150656217
2.75 3 39 40 50.46835987832839 0.2047176388449874
2.75 3 40 41 48.86221703448922 0.1938848459919374
2.75 3 41 42 47.28703869518063 0.1837265954884315
2.75 3 42 43 45.7466015079755 0.1741908187595167
2.75 3 43 44 44.24369372954715 0.1652303776369194
2.75 3 44 45 42.78029890701458 0.1568025082002472
2.75 3 45 46 41.35682597883908 0.1490243273211646
2.75 3 46 47 39.97579590699004 0.1424541400113324
2.75 3 47 48 38.63665199144535 0.1371723269729792
2.75 3 48 49 37.33942270466699 0.1331509568396187
2.75 3 49 50 36.08366834436703 0.1298167195748059
3 3.25 0 1 1577.516052722469 1.19620814726873
3 3.25 1 2 -4701.205350289618 9.280301984912334
3 3.25 2 3 -4763.675662548327 9.695185851139374
3 3.25 3 4 -3307.311451034272 7.881064925738068
3 3.25 4 5 -2237.584151035434 6.392606596895194
3 3.25 5 6 -1522.122077838075 5.275556170721717
3 3.25 6 7 -1044.790203835684 4.430424127083027
3 3.25 7 8 -721.2616867271486 3.777267707617819
3 3.25 8 9 -497.7278819420872 3.261314320581505
3 3.25 9 10 -340.406124187632 2.845981201596392
3 3.25 10 11 -227.9444947600007 2.505930349390229
3 3.25 11 12 -146.4892706390458 2.223498590953614
3 3.25 12 13 -86.88443171569224 1.985983786991214
3 3.25 13 14 -42.94222951713664 1.7840669567647
3 3.25 14 15 -10.39608019733964 1.610776520467641
3 3.25 15 16 13.75040149826873 1.460804904985681
3 3.25 16 17 31.63666589786499 1.330047514111068
3 3.25 17 18 44.81310160689316 1.215285110220397
3 3.25 18 19 54.41816393274735 1.113960696377882
3 3.25 19 20 61.2977089406869 1.024019954579639
3 3.25 20 21 66.08679371287224 0.9437952535011069
3 3.25 21 22 69.2666473734381 0.8719200571121123
3 3.25 22 23 71.20493249161177 0.8072648946747086
3 3.25 23 24 72.18458046791216 0.7488888546895029
3 3.25 24 25 72.42469805992084 0.6960024114199446
3 3.25 25 26 72.09589637967008 0.6479386313891556
3 3.25 26 27 71.33164687796153 0.6041306497698534
3 3.25 27 28 70.23677413364089 0.5640938898267132
3 3.25 28 29 68.89386302949879 0.5274119071432688
3 3.25 29 30 67.36813143062665 0.4937250305519842
3 3.25 30 31 65.711163450345 0.4627211793783799
3 3.25 31 32 63.96378934179006 0.4341283893395677
3 3.25 32 33 62.15832112242674 0.407708689339929
3 3.25 33 34 60.3202981858829 0.3832530547509824
3 3.25 34 35 58.46985763313097 0.3605772239667627
3 3.25 35 36 56.62281532892942 0.3395182123087443
3 3.25 36 37 54.79152261987085 0.3199313917326502
3 3.25 37 38 52.98554812038682 0.3016880333600759
3 3.25 38 39 51.212222349874 0.284673229490533
3 3.25 39 40 49.47707429954718 0.2687841296541013
3 3.25 40 41 47.7841825383579 0.2539284362966015
3 3.25 41 42 46.13645830027073 0.2400231178233462
3 3.25 42 43 44.53587436462212 0.226993302560467
3 3.25 43 44 42.98365049717614 0.214771325888423
3 3.25 44 45 41.48040396749502 0.2032959054467736
3 3.25 45 46 40.02541816284466 0.192618876025562
3 3.25 46 47 38.62003428003021 0.1830999005544999
3 3.25 47 48 37.26285231969413 0.1747758227236899
3 3.25 48 49 35.95310340963663 0.1676166123664234
3 3.25 49 50 34.68964136590571 0.1612164471389293
3.25 3.5 0 1 862.1860168461051 0.4334896514493641
3.25 3.5 1 2 -4866.129446397028 18.64503200159016
3.25 3.5 2 3 -4346.914802159297 14.82021668154221
3.25 3.5 3 4 -2912.789140236857 11.19417271309172
3.25 3.5 4 5 -1921.193360746821 8.72860334876467
3.25 3.5 5 6 -1276.333145475876 7.013404077833386
3.25 3.5 6 7 -854.4470467769811 5.771324897230552
3.25 3.5 7 8 -573.1130026625258 4.839494850877879
3.25 3.5 8 9 -381.5939054899902 4.119659272916325
3.25 3.5 9 10 -248.7242506405739 3.550278968611146
3.25 3.5 10 11 -155.1152546371475 3.090876681438377
3.25 3.5 11 12 -88.34579331019586 2.714049516571767
3.25 3.5 12 13 -40.29471577590061 2.400596291044998
3.25 3.5 13 14 -5.525861565265814 2.136709399348804
3.25 3.5 14 15 19.67641659194214 1.91222852660323
3.25 3.5 15 16 37.90014254665141 1.719525778168785
3.25 3.5 16 17 50.97857050228356 1.552772843652886
3.25 3.5 17 18 60.22988896088634 1.407446680778481
3.25 3.5 18 19 66.61456524289201 1.279988346842535
3.25 3.5 19 20 70.84064390344736 1.167562657314005
3.25 3.5 20 21 73.43547780045196 1.067885735410003
3.25 3.5 21 22 74.79539276852461 0.9790992103146922
3.25 3.5 22 23 75.22058777009397 0.8996770611072837
3.25 3.5 23 24 74.93999376454548 0.8283556890531988
3.25 3.5 24 25 74.12920045576919 0.7640807704515244
3.25 3.5 25 26 72.92353077340147 0.7059664005848615
3.25 3.5 26 27 71.42767554103386 0.653263356067936
3.25 3.5 27 28 69.72286083827703 0.6053342011371355
3.25 3.5 28 29 67.87222643384615 0.5616335870208056
3.25 3.5 29 30 65.92489403645698 0.5216925312496961
3.25 3.5 30 31 63.91906713831895 0.4851057757061183
3.25 3.5 31 32 61.8844088693981 0.4515215470596897
3.25 3.5 32 33 59.84387728051578 0.4206332072825607
3.25 3.5 33 34 57.81514986714706 0.3921724020664458
3.25 3.5 34 35 55.81173498553176 0.3659034053031158
3.25 3.5 35 36 53.84384306313714 0.3416184246331344
3.25 3.5 36 37 51.9190724270577 0.3191336844630449
3.25 3.5 37 38 50.0429512919184 0.2982861411084214
3.25 3.5 38 39 48.21936754678003 0.278930715742803
3.25 3.5 39 40 46.45091058705688 0.2609379524988547
3.25 3.5 40 41 44.73914397106725 0.2441920287067142
3.25 3.5 41 42 43.08482332081613 0.2285890570678866
3.25 3.5 42 43 41.48807083512611 0.2140356316774796
3.25 3.5 43 44 39.94851524940324 0.2004475785441799
3.25 3.5 44 45 38.46540418105184 0.1877488776807487
3.25 3.5 45 46 37.03693390632853 0.1759714991174618
3.25 3.5 46 47 35.66323352599696 0.1654438597309611
3.25 3.5 47 48 34.34212015306237 0.1562009429807108
3.25 3.5 48 49 33.07206773772401 0.1482168114637049
3.25 3.5 49 50 31.85126870628557 0.1411066951149633
3.5 3.75 0 1 195.2327446411334 1.611272853002129
3.5 3.75 1 2 -4678.285736115065 24.62570688393495
3.5 3.75 2 3 -3696.672267169647 16.23793779507718
3.5 3.75 3 4 -2377.018687301014 11.47342688977472
3.5 3.75 4 5 -1518.919810664172 8.602381810935904
3.5 3.75 5 6 -978.1744831775682 6.722086112575791
3.5 3.75 6 7 -632.5007329757877 5.411694398612229
3.5 3.75 7 8 -406.5459671860835 4.455352621791037
3.5 3.75 8 9 -255.5914861375168 3.732228855665386
3.5 3.75 9 10 -152.8110025576366 3.170143513687894
3.5 3.75 10 11 -81.80986609048045 2.723291445386908
3.5 3.75 11 12 -32.23855132010294 2.361455897687017
3.5 3.75 12 13 2.583636411652947 2.063911531617835
3.5 3.75 13 14 27.07721245956066 1.816013640086843
3.5 3.75 14 15 44.23117572681417 1.607144818578918
3.5 3.75 15 16 56.10600472582007 1.429435780350282
3.5 3.75 16 17 64.14656428172646 1.276941343986665
3.5 3.75 17 18 69.381347924534 1.145094033767987
3.5 3.75 18 19 72.55212916803885 1.030332472278642
3.5 3.75 19 20 74.20003028549098 0.9298429422350691
3.5 3.75 20 21 74.72370997651251 0.8413760517436747
3.5 3.75 21 22 74.41935905991062 0.7631143498097623
3.5 3.75 22 23 73.50860861889248 0.6935751951457056
3.5 3.75 23 24 72.15827163536039 0.6315384544816127
3.5 3.75 24 25 70.49448239114486 0.5759919727895937
3.5 3.75 25 26 68.61293851218846 0.5260899520847414
3.5 3.75 26 27 66.58639670499042 0.4811208320727776
3.5 3.75 27 28 64.47021027131763 0.4404822527480236
3.5 3.75 28 29 62.30645514318883 0.4036613541798246
3.5 3.75 29 30 60.12702823843802 0.3702191423284827
3.5 3.75 30 31 57.95599069413734 0.3397779815198494
3.5 3.75 31 32 55.811351475023 0.3120115139669743
3.5 3.75 32 33 53.70643296054973 0.2866364788541673
3.5 3.75 33 34 51.65092201083951 0.2634060298952054
3.5 3.75 34 35 49.65168278783446 0.2421042440516813
3.5 3.75 35 36 47.71338798054632 0.2225415836819808
3.5 3.75 36 37 45.83901081022591 0.2045511266506167
3.5 3.75 37 38 44.03020975556797 0.1879854196030362
3.5 3.75 38 39 42.28763018780157 0.1727138394557123
3.5 3.75 39 40 40.61114135386156 0.1586203721421189
3.5 3.75 40 41 39.00002290848364 0.1456017360418394
3.5 3.75 41 42 37.45311183206 0.133565791718714
3.5 3.75 42 43 35.96891822567979 0.1224301916076879
3.5 3.75 43 44 34.54571655166303 0.1121212316298603
3.5 3.75 44 45 33.18161743046544 0.1025728749141053
3.5 3.75 45 46 31.8739922377251 0.09387440090750836
3.5 3.75 46 47 30.62190725716727 0.08656948497364846
3.5 3.75 47 48 29.42264503882464 0.08078722418957576
3.5 3.75 48 49 28.27412619911765 0.07654522125490312
3.5 3.75 49 50 27.17408131735749 0.07329853535891856
3.75 4 0 1 -317.240995128548 1.821921573450829
3.75 4 1 2 -4011.524332682382 27.87549805042488
3.75 4 2 3 -2800.153071796042 12.89240036659805
3.75 4 3 4 -1710.287367905135 7.510984934233137
3.75 4 4 5 -1046.668361113859 4.881155459932041
3.75 4 5 6 -644.1909078457963 3.381450612835255
3.75 4 6 7 -394.4431381975025 2.441332164314377
3.75 4 7 8 -235.4831588456295 1.813073650042489
3.75 4 8 9 -132.012204809175 1.373621830608364
3.75 4 9 10 -63.43647549260072 1.055618666644658
3.75 4 10 11 -17.43862240143631 0.8197622403247934
3.75 4 11 12 13.61295667781417 0.6417060531168601
3.75 4 12 13 34.56455127812558 0.5058007750832242
3.75 4 13 14 48.57469420462894 0.4017012106905132
3.75 4 14 15 57.74855998936596 0.3224384916920953
3.75 4 15 16 63.51712192895116 0.2827999225088737
3.75 4 16 17 66.86985699766672 0.2604090199758082
3.75 4 17 18 68.50113567106587 0.2403666331055185
3.75 4 18 19 68.90442541386375 0.2223527138232539
3.75 4 19 20 68.43417682712192 0.2061004832198114
3.75 4 20 21 67.34724661671623 0.1913861669849557
3.75 4 21 22 65.83109573612069 0.1780209298233713
3.75 4 22 23 64.02327943884399 0.1667523200903962
3.75 4 23 24 62.02510476759701 0.1703231245429825
3.75 4 24 25 59.91132033160761 0.1740679355466209
3.75 4 25 26 57.73706842286077 0.1776062360511106
3.75 4 26 27 55.54292361933528 0.1807387290473394
3.75 4 27 28 53.35857797295253 0.183375121576479
3.75 4 28 29 51.20555855280955 0.1854887572349553
3.75 4 29 30 49.09924621193446 0.1870889376229079
3.75 4 30 31 47.05038516949418 0.1882042856250334
3.75 4 31 32 45.06621843379187 0.1888728476559356
3.75 4 32 33 43.15134617650423 0.1891362741500136
3.75 4 33 34 41.30837752811514 0.1890364633828956
3.75 4 34 35 39.53842735457241 0.1886136928724438
3.75 4 35 36 37.84149602061589 0.1879056463290468
3.75 4 36 37 36.21676035957302 0.1869469775981432
3.75 4 37 38 34.66279695121747 0.1857691914026674
3.75 4 38 39 33.17775356411127 0.1844007064337748
3.75 4 39 40 31.7594807465095 0.1828670186892189
3.75 4 40 41 30.40563272056092 0.1811909143653688
3.75 4 41 42 29.11374450082812 0.1793927022670055
3.75 4 42 43 27.88129060633367 0.1774904473309528
3.75 4 43 44 26.70572949218484 0.1755001955219658
3.75 4 44 45 25.5845368601216 0.1734361840985154
3.75 4 45 46 24.51476189343096 0.1713670842027731
3.75 4 46 47 23.49477878447527 0.1695002141499475
3.75 4 47 48 22.52177691114062 0.1678501941311448
3.75 4 48 49 21.59350155047185 0.1663973785419992
3.75 4 49 50 20.70758332058521 0.1649730439357324
4 5 0 1 -1004.011795283277 2.842598859167301
4 5 1 2 -4424.991901925599 7.180347814269703
4 5 2 3 -2548.535427952361 5.392726386907563
4 5 3 4 -1397.735453570729 4.068595825658525
4 5 4 5 -770.0712792212082 3.045875662238059
4 5 5 6 -416.8517064824957 2.297914816979585
4 5 6 7 -211.5689063963582 1.793637432571189
4 5 7 8 -89.05037908537815 1.452143285144804
4 5 8 9 -14.52845137244822 1.211934095791518
4 5 9 10 31.20750708714172 1.033914800484594
4 5 10 11 59.12009122969562 0.8975473333142261
4 5 11 12 75.78870194952196 0.7912010826822961
4 5 12 13 85.23632612767801 0.7057764329304989
4 5 13 14 89.97604481191104 0.6349288864419607
4 5 14 15 91.61940187519269 0.5757744231835252
4 5 15 16 91.22987965924767 0.5262319822535729
4 5 16 17 89.51975431898535 0.4839882082016032
4 5 17 18 86.96801598919973 0.4471019184250136
4 5 18 19 83.89830755880757 0.4144328539304031
4 5 19 20 80.53130660744256 0.385387365892074
4 5 20 21 77.0186734657369 0.3595192163874434
4 5 21 22 73.4646580494277 0.3363672077504511
4 5 22 23 69.94024705403044 0.3154856413480421
4 5 23 24 66.49290006124491 0.2965069350181574
4 5 24 25 63.15346946012269 0.2791589121821986
4 5 25 26 59.94113999718428 0.2632429630225349
4 5 26 27 56.86692143916082 0.2486033663581587
4 5 27 28 53.93609985843878 0.2351063113194546
4 5 28 29 51.14996123511557 0.2226311958852614
4 5 29 30 48.50701533043646 0.2110692758907347
4 5 30 31 46.00387523445524 0.2003244928826579
4 5 31 32 43.63589494705141 0.190313721335446
4 5 32 33 41.3976327583741 0.1809658119077245
4 5 33 34 39.2831868798297 0.1722198454737495
4 5 34 35 37.28643656447881 0.1640231995909121
4 5 35 36 35.40121325511353 0.1563298363774746
4 5 36 37 33.62142014024133 0.1490989740877132
4 5 37 38 31.94111389288833 0.1422941317864524
4 5 38 39 30.35455882975714 0.1358824629042074
4 5 39 40 28.8562610473065 0.129834281262603
4 5 40 41 27.44098811698067 0.1241227024848071
4 5 41 42 26.1037783730432 0.1187233510209445
4 5 42 43 24.83994278232471 0.1136141045591362
4 5 43 44 23.64506160266132 0.1087748626793769
4 5 44 45 22.51497740910278 0.1041873355105933
4 5 45 46 21.44532985694033 0.1002284495903579
4 5 46 47 20.43298646988506 0.09830890538851221
4 5 47 48 19.47410252707083 0.09841608805700809
4 5 48 49 18.56550979358557 0.1001270981441084
4 5 49 50 17.70380419781777 0.1022206077882614
-5 5 0 50 -529168.7527756309 92.4157502443723
