#ylo yhi qTlo qThi PDF0  uncertainty
-5 -4 0 1 -1006.826228248578 2.804188403459807
-5 -4 1 2 -4431.984465937704 7.324960923012504
-5 -4 2 3 -2549.800940683886 5.481198090449796
-5 -4 3 4 -1398.605342587747 4.110734297025925
-5 -4 4 5 -770.8205020330984 3.06762528498782
-5 -4 5 6 -417.3627976092378 2.31578127718187
-5 -4 6 7 -211.8748462901817 1.808712574890845
-5 -4 7 8 -89.21102889255667 1.463586223415309
-5 -4 8 9 -14.58973720686731 1.220282923137759
-5 -4 9 10 31.21203172254582 1.04044323323174
-5 -4 10 11 59.17047652894973 0.9027545056277583
-5 -4 11 12 75.86872800424851 0.7958517524850024
-5 -4 12 13 85.33522737583223 0.7099624803723312
-5 -4 13 14 90.08623926831137 0.6387749444825606
-5 -4 14 15 91.73562948967543 0.5793609670668991
-5 -4 15 16 91.34854537735214 0.5296165194397416
-5 -4 16 17 89.63844466714352 0.4872064855284118
-5 -4 17 18 87.08515003127241 0.4501743378180602
-5 -4 18 19 84.01288732085351 0.4173735091823723
-5 -4 19 20 80.64273820943322 0.3882087877708797
-5 -4 20 21 77.12663884835266 0.3622328739843539
-5 -4 21 22 73.56902378232826 0.3389827837579227
-5 -4 22 23 70.04100045443982 0.3180108572795707
-5 -4 23 24 66.59010508588273 0.2989479983998394
-5 -4 24 25 63.24723658872952 0.2815210768138136
-5 -4 25 26 60.03160586343108 0.2655308898372662
-5 -4 26 27 56.95423521768316 0.2508212660818008
-5 -4 27 28 54.02041433802557 0.2372579748384369
-5 -4 28 29 51.23142714004007 0.2247200048449657
-5 -4 29 30 48.58577788128594 0.2130982334416839
-5 -4 30 31 46.08007223056282 0.2022962754591441
-5 -4 31 32 43.70965586133445 0.1922307376992066
-5 -4 32 33 41.46907848762858 0.1828302570790878
-5 -4 33 34 39.3524299029082 0.1740337439957461
-5 -4 34 35 37.35358133924011 0.1657884369612371
-5 -4 35 36 35.46635674397268 0.1580481816050389
-5 -4 36 37 33.68465238935088 0.1507720954648471
-5 -4 37 38 32.00251862092738 0.143923608657523
-5 -4 38 39 30.4142139971591 0.1374697951523965
-5 -4 39 40 28.91423939036014 0.1313808968456116
-5 -4 40 41 27.49735763885104 0.1256299643773342
-5 -4 41 42 26.15860278912569 0.1201925628412892
-5 -4 42 43 24.89328191936912 0.1150465154107751
-5 -4 43 44 23.69697175555414 0.1101716715877477
-5 -4 44 45 22.56551165659837 0.1055496948291618
-5 -4 45 46 21.49453830937511 0.1015566603370829
-5 -4 46 47 20.48091716694612 0.09959900080737703
-5 -4 47 48 19.5208009315909 0.09966008966368466
-5 -4 48 49 18.61101908407129 0.1013141656053519
-5 -4 49 50 17.74816591094128 0.1033420568433851
-4 -3.75 0 1 -317.9558994500968 1.819479434740339
-4 -3.75 1 2 -4017.453739429563 28.11271042676499
-4 -3.75 2 3 -2803.193146042982 13.03923424174078
-4 -3.75 3 4 -1712.178984135643 7.611337485279227
-4 -3.75 4 5 -1047.838736969457 4.954403357510059
-4 -3.75 5 6 -644.8438446258951 3.437273569876251
-4 -3.75 6 7 -394.7504158924232 2.485161958704168
-4 -3.75 7 8 -235.5663163699733 1.848275619832671
-4 -3.75 8 9 -131.9515327020765 1.402157386761715
-4 -3.75 9 10 -63.2858189127769 1.079126264155503
-4 -3.75 10 11 -17.23372701685798 0.8391769541817605
-4 -3.75 11 12 13.8482144510017 0.6577365681535856
-4 -3.75 12 13 34.81430598942768 0.5189452008980161
-4 -3.75 13 14 48.82850453306082 0.4123009309606209
-4 -3.75 14 15 57.99967243796425 0.3307163613207708
-4 -3.75 15 16 63.76129351858401 0.2835065423800824
-4 -3.75 16 17 67.10455012666893 0.2610383348562621
-4 -3.75 17 18 68.72496412411613 0.2409278476436054
-4 -3.75 18 19 69.11677198456357 0.2228536647043407
-4 -3.75 19 20 68.63492933364819 0.2065478884411579
-4 -3.75 20 21 67.53661610210315 0.1917858217192017
-4 -3.75 21 22 66.00949190516212 0.178377861584416
-4 -3.75 22 23 64.19122599542021 0.1661630933196369
-4 -3.75 23 24 62.18318254145913 0.1680628382466689
-4 -3.75 24 25 60.06012970887244 0.171868740207849
-4 -3.75 25 26 57.87720512839192 0.1755282951658319
-4 -3.75 26 27 55.67496367515616 0.1788138595326515
-4 -3.75 27 28 53.48306890733591 0.1816175822034395
-4 -3.75 28 29 51.32301481585083 0.1839021456117444
-4 -3.75 29 30 49.21014737354699 0.185670511259076
-4 -3.75 30 31 47.15517591278018 0.1869476503410265
-4 -3.75 31 32 45.1653096658714 0.1877696265747432
-4 -3.75 32 33 43.24511679355206 0.18817714142283
-4 -3.75 33 34 41.39717652432087 0.1882117814521991
-4 -3.75 34 35 39.62257606897157 0.1879139001364644
-4 -3.75 35 36 37.92129038998104 0.1873214872521861
-4 -3.75 36 37 36.29247309493925 0.1864696330204552
-4 -3.75 37 38 34.73467959154716 0.1853903452771604
-4 -3.75 38 39 33.24603838102081 0.1841125727680583
-4 -3.75 39 40 31.82438249187524 0.1826623432164468
-4 -3.75 40 41 30.46735021627683 0.1810629610877779
-4 -3.75 41 42 29.1724620775918 0.1793352308541534
-4 -3.75 42 43 27.93717940052252 0.1774976858112487
-4 -3.75 43 44 26.75894861214246 0.1755668105178219
-4 -3.75 44 45 25.63523443369995 0.1735572506319735
-4 -3.75 45 46 24.56307513170006 0.1715379504962419
-4 -3.75 46 47 23.54083679967834 0.1697160266837137
-4 -3.75 47 48 22.56569958068481 0.168106019751659
-4 -3.75 48 49 21.63540109520442 0.1666882887954134
-4 -3.75 49 50 20.74756411551309 0.1652946886949254
-3.75 -3.5 0 1 196.3177346888153 1.610517700031221
-3.75 -3.5 1 2 -4682.444991610429 24.62307638387909
-3.75 -3.5 2 3 -3700.624001342718 16.25931096834602
-3.75 -3.5 3 4 -2380.049435921389 11.49527653652565
-3.75 -3.5 4 5 -1521.044753495552 8.621933837731989
-3.75 -3.5 5 6 -979.5585889341528 6.73920285783329
-3.75 -3.5 6 7 -633.3452194430542 5.426679918920462
-3.75 -3.5 7 8 -407.0126162253664 4.468546297923261
-3.75 -3.5 8 9 -255.7979879990087 3.743923509543853
-3.75 -3.5 9 10 -152.8400734050294 3.180579576855227
-3.75 -3.5 10 11 -81.72009547300036 2.73266186574327
-3.75 -3.5 11 12 -32.07083613391592 2.369916528321824
-3.75 -3.5 12 13 2.800755541531203 2.071588989222032
-3.75 -3.5 13 14 27.32390016197451 1.823011678622925
-3.75 -3.5 14 15 44.49373219173856 1.613549223047272
-3.75 -3.5 15 16 56.37505488085878 1.435318101589768
-3.75 -3.5 16 17 64.41577830503275 1.282361757020411
-3.75 -3.5 17 18 69.64653514622421 1.150103539960712
-3.75 -3.5 18 19 72.81059567500608 1.034974609901076
-3.75 -3.5 19 20 74.45012351896236 0.9341551268218293
-3.75 -3.5 20 21 74.96449626311352 0.845390635481731
-3.75 -3.5 21 22 74.65039575916808 0.7668594662684405
-3.75 -3.5 22 23 73.72978362532206 0.6970754381043855
-3.75 -3.5 23 24 72.3696908009166 0.6348154279336138
-3.75 -3.5 24 25 70.69639099643314 0.5790647397903859
-3.75 -3.5 25 26 68.80566688593814 0.5289754035175585
-3.75 -3.5 26 27 66.77032292462991 0.4838339917653431
-3.75 -3.5 27 28 64.64573490437078 0.4430365312920996
-3.75 -3.5 28 29 62.47398444008519 0.4060687614196882
-3.75 -3.5 29 30 60.28696322253029 0.372490466031732
-3.75 -3.5 30 31 58.10872033649176 0.3419229384854509
-3.75 -3.5 31 32 55.95724867272963 0.314038878254038
-3.75 -3.5 32 33 53.84585241394723 0.2885541910927241
-3.75 -3.5 33 34 51.78419936579306 0.2652212907694219
-3.75 -3.5 34 35 49.77913460156333 0.2438235943610249
-3.75 -3.5 35 36 47.83531220446116 0.2241709731265349
-3.75 -3.5 36 37 45.9556875808714 0.2060959730857086
-3.75 -3.5 37 38 44.14190235230396 0.1894506596482782
-3.75 -3.5 38 39 42.39458606380882 0.1741039722059232
-3.75 -3.5 39 40 40.71359317797213 0.1599394960559958
-3.75 -3.5 40 41 39.09818958243864 0.1468535802914665
-3.75 -3.5 41 42 37.54719945905852 0.1347537422917232
-3.75 -3.5 42 43 36.05912101841545 0.1235573121184027
-3.75 -3.5 43 44 34.63221767615791 0.1131902796109216
-3.75 -3.5 44 45 33.26458978333268 0.103586312914665
-3.75 -3.5 45 46 31.95359795311576 0.09483297724275247
-3.75 -3.5 46 47 30.69830118026874 0.08746748178874972
-3.75 -3.5 47 48 29.49597261395502 0.08161615702000539
-3.75 -3.5 48 49 28.3445252242487 0.07729575830552854
-3.75 -3.5 49 50 27.24168142224269 0.07396681551069706
-3.5 -3.25 0 1 864.5474227732586 0.4315836843521139
-3.5 -3.25 1 2 -4868.51513554447 18.4774202721375
-3.5 -3.25 2 3 -4351.41424281873 14.72855232507969
-3.5 -3.25 3 4 -2916.680088412912 11.13533694575096
-3.5 -3.25 4 5 -1924.08466549231 8.687499302542122
-3.5 -3.25 5 6 -1278.322010331755 6.983137174002779
-3.5 -3.25 6 7 -855.7422383943617 5.748229884281
-3.5 -3.25 7 8 -573.9028702358394 4.821417871488022
-3.5 -3.25 8 9 -382.0241286906557 4.105238575868011
-3.5 -3.25 9 10 -248.9018373108072 3.538609143616735
-3.5 -3.25 10 11 -155.1179731263596 3.08132795552578
-3.5 -3.25 11 12 -88.22933045590457 2.706169943704251
-3.5 -3.25 12 13 -40.09876483308972 2.39405242757943
-3.5 -3.25 13 14 -5.278566179865948 2.131249568341652
-3.5 -3.25 14 15 19.95521817828194 1.907659061604238
-3.5 -3.25 15 16 38.19656648832961 1.715695156383678
-3.5 -3.25 16 17 51.28298909348564 1.549560792366623
-3.5 -3.25 17 18 60.53570641281237 1.404756517512987
-3.5 -3.25 18 19 66.91733694331572 1.277741479735047
-3.5 -3.25 19 20 71.13744422268974 1.16569456281721
-3.5 -3.25 20 21 73.72444748054829 1.0663429677488
-3.5 -3.25 21 22 75.07541583279112 0.9778371450038541
-3.5 -3.25 22 23 75.49106166041861 0.898658169579348
-3.5 -3.25 23 24 75.20066643482204 0.8275482035051019
-3.5 -3.25 24 25 74.38005544114282 0.7634576391839613
-3.5 -3.25 25 26 73.16470654485045 0.7055044624705398
-3.5 -3.25 26 27 71.65940929066898 0.6529426822310515
-3.5 -3.25 27 28 69.94544961595466 0.6051375654053694
-3.5 -3.25 28 29 68.08600055737759 0.5615460367401587
-3.5 -3.25 29 30 66.13019914351759 0.5217010368355497
-3.5 -3.25 30 31 64.11625228866626 0.4851989426410878
-3.5 -3.25 31 32 62.07381885385769 0.4516893776572516
-3.5 -3.25 32 33 60.02584782897242 0.4208669024603987
-3.5 -3.25 33 34 57.99000483375605 0.3924641955917812
-3.5 -3.25 34 35 55.97978486356226 0.3662464244022915
-3.5 -3.25 35 36 54.00538437679535 0.3420065721263112
-3.5 -3.25 36 37 52.07438768878009 0.3195615388566562
-3.5 -3.25 37 38 50.19230930924505 0.2987488714452449
-3.5 -3.25 38 39 48.36302393551551 0.2794240085153561
-3.5 -3.25 39 40 46.58910839157213 0.2614579490809939
-3.5 -3.25 40 41 44.87211433161335 0.2447352713130152
-3.5 -3.25 41 42 43.2127861457376 0.2291524418861153
-3.5 -3.25 42 43 41.61123545433017 0.2146163683307594
-3.5 -3.25 43 44 40.06708103621639 0.2010431546399181
-3.5 -3.25 44 45 38.57956113522081 0.1883570278771261
-3.5 -3.25 45 46 37.14686176774937 0.1765899315246742
-3.5 -3.25 46 47 35.76910577789496 0.1660692375982759
-3.5 -3.25 47 48 34.4441011031666 0.156829191733733
-3.5 -3.25 48 49 33.17031435385869 0.1488432307600611
-3.5 -3.25 49 50 31.94592996712895 0.1417272450849028
-3.25 -3 0 1 1580.451822957733 1.190022802344435
-3.25 -3 1 2 -4703.414744574136 9.187879556180793
-3.25 -3 2 3 -4768.92523878771 9.632305389894702
-3.25 -3 3 4 -3312.062993979714 7.836404438204626
-3.25 -3 4 5 -2241.232560771762 6.359183786840678
-3.25 -3 5 6 -1524.713640748832 5.249543641982359
-3.25 -3 6 7 -1046.540567597037 4.409583112636636
-3.25 -3 7 8 -722.3833642925165 3.760199037570256
-3.25 -3 8 9 -498.3927476833796 3.247090222872737
-3.25 -3 9 10 -340.7442992799047 2.833963919120469
-3.25 -3 10 11 -228.0525103138229 2.495661751328937
-3.25 -3 11 12 -146.4374282106269 2.214641465538886
-3.25 -3 12 13 -86.7235231638324 1.978283554014729
-3.25 -3 13 14 -42.70868520579074 1.777327426603328
-3.25 -3 14 15 -10.11584922523753 1.604843810284475
-3.25 -3 15 16 14.05897225353078 1.455556453387975
-3.25 -3 16 17 31.96071447570341 1.325384388250302
-3.25 -3 17 18 45.14370344355166 1.211126499553375
-3.25 -3 18 19 54.74920653323454 1.110239894934616
-3.25 -3 19 20 61.62507732863332 1.020681378633679
-3.25 -3 20 21 66.40778341019541 0.940792193498285
-3.25 -3 21 22 69.57954317046222 0.8692129594481435
-3.25 -3 22 23 71.50870750279216 0.8048200319144474
-3.25 -3 23 24 72.47868210961792 0.7466772846325085
-3.25 -3 24 25 72.70889660338992 0.693999153737297
-3.25 -3 25 26 72.37017838349948 0.6461220101755411
-3.25 -3 26 27 71.59614068449116 0.6024817638291039
-3.25 -3 27 28 70.49169818050689 0.5625961826678005
-3.25 -3 28 29 69.13949032081786 0.5260508150194398
-3.25 -3 29 30 67.60476539456192 0.4924876924826667
-3.25 -3 30 31 65.93912177403632 0.4615961968561356
-3.25 -3 31 32 64.18339335229524 0.4331056256215984
-3.25 -3 32 33 62.36988899454519 0.4067791012831171
-3.25 -3 33 34 60.52414075971581 0.3824085507818473
-3.25 -3 34 35 58.66627599059603 0.3598105439188015
-3.25 -3 35 36 56.81209953493658 0.3388228248109023
-3.25 -3 36 37 54.97395121896292 0.3193014067189123
-3.25 -3 37 38 53.16138810702535 0.301118126666676
-3.25 -3 38 39 51.38172942468515 0.2841585781158416
-3.25 -3 39 40 49.64049328421007 0.2683203554298998
-3.25 -3 40 41 47.94174786890099 0.2535115571476912
-3.25 -3 41 42 46.28839454605179 0.2396495052355661
-3.25 -3 42 43 44.68239674213532 0.2266596444166897
-3.25 -3 43 44 43.12496536165185 0.2144745937943474
-3.25 -3 44 45 41.61670927259593 0.2030333262121403
-3.25 -3 45 46 40.15690227005223 0.1923881401653152
-3.25 -3 46 47 38.74688062846747 0.1828996423270587
-3.25 -3 47 48 37.38523560891809 0.1746046379912777
-3.25 -3 48 49 36.07119151315716 0.1674728252058905
-3.25 -3 49 50 34.80359480509185 0.1610974368122363
-3 -2.75 0 1 2269.676190729419 1.675411166508246
-3 -2.75 1 2 -4352.379234014933 4.400029028161566
-3 -2.75 2 3 -5018.746099469221 5.920836348480586
-3 -2.75 3 4 -3591.996549800462 5.056070829443308
-3 -2.75 4 5 -2480.443972156566 4.203311563627884
-3 -2.75 5 6 -1718.362839799164 3.525056977208237
-3 -2.75 6 7 -1201.46797838572 2.995851911421164
-3 -2.75 7 8 -846.4425017079539 2.578598155178403
-3 -2.75 8 9 -598.2423943829563 2.244020696460374
-3 -2.75 9 10 -421.6134806209061 1.971646673097406
-3 -2.75 10 11 -293.9598367024614 1.74651325076105
-3 -2.75 11 12 -200.4593176995409 1.558031922059977
-3 -2.75 12 13 -131.2257101729806 1.398428261804841
-3 -2.75 13 14 -79.52423015161503 1.261916193041136
-3 -2.75 14 15 -40.67754996227018 1.14411650919245
-3 -2.75 15 16 -11.37887860445949 1.041662676639938
-3 -2.75 16 17 10.74776165516164 0.9519294210277752
-3 -2.75 17 18 27.43460615142328 0.8728427155591277
-3 -2.75 18 19 39.96117654591535 0.8027445450150374
-3 -2.75 19 20 49.2837182950783 0.7402951266249969
-3 -2.75 20 21 56.12439419631426 0.6844011603155326
-3 -2.75 21 22 61.03370955798243 0.6341624498223968
-3 -2.75 22 23 64.43483224536521 0.5888316816539045
-3 -2.75 23 24 66.65547486063997 0.5477837585178451
-3 -2.75 24 25 67.95110834677757 0.5104921605775452
-3 -2.75 25 26 68.52205262436667 0.4765105384356574
-3 -2.75 26 27 68.52618859145116 0.4454582445314619
-3 -2.75 27 28 68.08850273990339 0.4170088601050885
-3 -2.75 28 29 67.30831618658988 0.3908810230996065
-3 -2.75 29 30 66.26480397528894 0.3668310397757219
-3 -2.75 30 31 65.0212404540452 0.3446468900606788
-3 -2.75 31 32 63.62828727635269 0.3241433317950664
-3 -2.75 32 33 62.12655618031084 0.3051578769809538
-3 -2.75 33 34 60.54861832766187 0.2875474649535607
-3 -2.75 34 35 58.92058836106787 0.2711856972986252
-3 -2.75 35 36 57.2633795397835 0.2559605266587266
-3 -2.75 36 37 55.59370292067234 0.2417723159715905
-3 -2.75 37 38 53.92486626222569 0.228532201131
-3 -2.75 38 39 52.2674153606556 0.2161607030777421
-3 -2.75 39 40 50.6296507794155 0.2045865468561358
-3 -2.75 40 41 49.0180456765473 0.1937456527149581
-3 -2.75 41 42 47.43758461850555 0.1835802702893705
-3 -2.75 42 43 45.892039183886 0.1740382339508347
-3 -2.75 43 44 44.38419269774732 0.1650723194130821
-3 -2.75 44 45 42.91602390805465 0.1566396856981723
-3 -2.75 45 46 41.48793535284449 0.148857624225361
-3 -2.75 46 47 40.10244664164415 0.1422852779588774
-3 -2.75 47 48 38.7589949473533 0.1370030192010374
-3 -2.75 48 49 37.457604383139 0.1329826482507
-3 -2.75 49 50 36.1978305404588 0.1296495630993842
-2.75 -2.5 0 1 2905.636980910464 2.187238252971405
-2.75 -2.5 1 2 -3924.944374823295 1.111125763215782
-2.75 -2.5 2 3 -5163.48920244327 2.75028057237305
-2.75 -2.5 3 4 -3790.71166118477 2.640129663170351
-2.75 -2.5 4 5 -2660.236530527483 2.320462350830571
-2.75 -2.5 5 6 -1868.875126881373 2.017783027867041
-2.75 -2.5 6 7 -1324.940247876045 1.761546184535118
-2.75 -2.5 7 8 -947.4088503038865 1.549051815878131
-2.75 -2.5 8 9 -681.0418287656607 1.372162394360759
-2.75 -2.5 9 10 -489.8564227655277 1.224164627985552
-2.75 -2.5 10 11 -350.5213190649883 1.098963170840191
-2.75 -2.5 11 12 -247.5980500665542 0.992106945283422
-2.75 -2.5 12 13 -170.7139114776646 0.9001102139834887
-2.75 -2.5 13 14 -112.7580153340627 0.8202715713492561
-2.75 -2.5 14 15 -68.76373663054824 0.7504798926258867
-2.75 -2.5 15 16 -35.20129031625902 0.6890689371185574
-2.75 -2.5 16 17 -9.521870039660371 0.6347100945724871
-2.75 -2.5 17 18 10.14164635132215 0.5863333584899373
-2.75 -2.5 18 19 25.17485222534117 0.5430687844433393
-2.75 -2.5 19 20 36.61804224735386 0.5042027635574378
-2.75 -2.5 20 21 45.26047368075149 0.4691450502309971
-2.75 -2.5 21 22 51.70659269200644 0.4374036538210623
-2.75 -2.5 22 23 56.42322496405234 0.4085655324921837
-2.75 -2.5 23 24 59.77364190760727 0.382281606070497
-2.75 -2.5 24 25 62.04244875091229 0.3582550184717449
-2.75 -2.5 25 26 63.45396877946462 0.3362318641291296
-2.75 -2.5 26 27 64.18596210702265 0.3159938030770303
-2.75 -2.5 27 28 64.37995940692065 0.2973521337742842
-2.75 -2.5 28 29 64.14911366332649 0.2801430020893821
-2.75 -2.5 29 30 63.58421404580895 0.2642235018785327
-2.75 -2.5 30 31 62.75832648702203 0.2494684811821979
-2.75 -2.5 31 32 61.73039929731749 0.2357679099439371
-2.75 -2.5 32 33 60.548082597411 0.2230246984405884
-2.75 -2.5 33 34 59.24994612211606 0.2111528796041723
-2.75 -2.5 34 35 57.8672334270604 0.2000760862717155
-2.75 -2.5 35 36 56.42525654533949 0.1897262697810977
-2.75 -2.5 36 37 54.94451007432338 0.180042616420277
-2.75 -2.5 37 38 53.4415651098131 0.1709706279127183
-2.75 -2.5 38 39 51.92978948445602 0.1624613361775131
-2.75 -2.5 39 40 50.41993025472362 0.154470632727875
-2.75 -2.5 40 41 48.92058653425048 0.1469586909443658
-2.75 -2.5 41 42 47.438594467211 0.1398894691009722
-2.75 -2.5 42 43 45.9793417069547 0.1332302797779662
-2.75 -2.5 43 44 44.54702498531853 0.1269514164502147
-2.75 -2.5 44 45 43.14486160738684 0.1210258277335313
-2.75 -2.5 45 46 41.77429149081669 0.1156514850397117
-2.75 -2.5 46 47 40.43889218834639 0.1116456856285997
-2.75 -2.5 47 48 39.13889220241035 0.1091222158493999
-2.75 -2.5 48 49 37.87505765022635 0.1080208155173855
-2.75 -2.5 49 50 36.64760444157844 0.1075259407617928
-2.5 -2.25 0 1 3485.215932530034 1.663149177340706
-2.5 -2.25 1 2 -3488.962638751735 0.9614857557544387
-2.5 -2.25 2 3 -5252.605735718616 1.697780577307235
-2.5 -2.25 3 4 -3937.648724128569 1.564441657677845
-2.5 -2.25 4 5 -2797.857456099252 1.378717878995423
-2.5 -2.25 5 6 -1986.349152178308 1.24059819740811
-2.5 -2.25 6 7 -1422.778077327708 1.112436294499792
-2.5 -2.25 7 8 -1028.473865848821 0.9992240291997495
-2.5 -2.25 8 9 -748.3274851841579 0.9003469735128302
-2.5 -2.25 9 10 -545.9495403964825 0.8148423917429369
-2.5 -2.25 10 11 -397.5265093096218 0.7404139318441876
-2.5 -2.25 11 12 -287.1972496556014 0.6754159039852274
-2.5 -2.25 12 13 -204.2448061759851 0.6183652594544797
-2.5 -2.25 13 14 -141.286579955206 0.5680288004999895
-2.5 -2.25 14 15 -93.1435430748852 0.5233903983549962
-2.5 -2.25 15 16 -56.11998961967856 0.4836137820602616
-2.5 -2.25 16 17 -27.5370447147252 0.4480088955604877
-2.5 -2.25 17 18 -5.425055619226441 0.4160037775590152
-2.5 -2.25 18 19 11.68291557807493 0.3871218118931342
-2.5 -2.25 19 20 24.89213420158512 0.3609635714826844
-2.5 -2.25 20 21 35.04409711521942 0.3371923909299926
-2.5 -2.25 21 22 42.78552544575234 0.3155229022736974
-2.5 -2.25 22 23 48.61766716148031 0.295711896300032
-2.5 -2.25 23 24 52.93198579040882 0.2775510105582934
-2.5 -2.25 24 25 56.03630343003579 0.2608608467634053
-2.5 -2.25 25 26 58.17416225208694 0.245486214884942
-2.5 -2.25 26 27 59.5393094585379 0.2312922657258134
-2.5 -2.25 27 28 60.28663564468889 0.2181613291698687
-2.5 -2.25 28 29 60.54050669084768 0.2059903146391393
-2.5 -2.25 29 30 60.40116120069598 0.1946885632407764
-2.5 -2.25 30 31 59.94965923313777 0.1841760629577107
-2.5 -2.25 31 32 59.25173682767337 0.1743819593072674
-2.5 -2.25 32 33 58.36082751497406 0.1652433053723456
-2.5 -2.25 33 34 57.3204449763748 0.1567040091504254
-2.5 -2.25 34 35 56.16607235548969 0.148713942227562
-2.5 -2.25 35 36 54.92666812199803 0.1412281825026938
-2.5 -2.25 36 37 53.6258720712645 0.1342063684316366
-2.5 -2.25 37 38 52.2829755267698 0.1276121450151081
-2.5 -2.25 38 39 50.91370510088922 0.1214126886356607
-2.5 -2.25 39 40 49.5308582778203 0.1155782967170764
-2.5 -2.25 40 41 48.14482078197966 0.1100820325147722
-2.5 -2.25 41 42 46.76398902406228 0.1048994170767314
-2.5 -2.25 42 43 45.39511621521075 0.1000081609863426
-2.5 -2.25 43 44 44.04359671767233 0.09538792946394269
-2.5 -2.25 44 45 42.71370028234173 0.09102013791424621
-2.5 -2.25 45 46 41.40775196141848 0.08721151984778201
-2.5 -2.25 46 47 40.13022802143365 0.08515808911067117
-2.5 -2.25 47 48 38.88203716640027 0.08499323401371425
-2.5 -2.25 48 49 37.66458395520459 0.08655684766445844
-2.5 -2.25 49 50 36.47865185166276 0.0920907147660003
-2.25 -2 0 1 4009.109760116028 1.034608675490486
-2.25 -2 1 2 -3093.705831756079 0.8520864801325394
-2.25 -2 2 3 -5344.938411270041 1.655726684974439
-2.25 -2 3 4 -4079.315063050144 1.533745851106683
-2.25 -2 4 5 -2925.732262515202 1.353639773708254
-2.25 -2 5 6 -2091.878498356268 1.194155093076588
-2.25 -2 6 7 -1507.923212499036 1.060243823540513
-2.25 -2 7 8 -1096.938767584718 0.9475420618692775
-2.25 -2 8 9 -803.5494536050664 0.852506080596274
-2.25 -2 9 10 -590.7217675409038 0.7708914506078363
-2.25 -2 10 11 -434.0253130351718 0.7005565948677025
-2.25 -2 11 12 -317.1041461597883 0.639373912417619
-2.25 -2 12 13 -228.8606756753584 0.5857671802862173
-2.25 -2 13 14 -161.6241598559341 0.5384924602841712
-2.25 -2 14 15 -109.997572987437 0.4965569643623181
-2.25 -2 15 16 -70.11939332663474 0.4591599774380295
-2.25 -2 16 17 -39.18362291332051 0.4256493796896949
-2.25 -2 17 18 -15.12228998947671 0.3954892781561438
-2.25 -2 18 19 3.608262928815293 0.3682356227739025
-2.25 -2 19 20 18.17368203321098 0.3435176320159741
-2.25 -2 20 21 29.46337210203342 0.321023491928698
-2.25 -2 21 22 38.16235357411028 0.3004892424604114
-2.25 -2 22 23 44.80270692017189 0.2816900553802615
-2.25 -2 23 24 49.80087776429559 0.2644333343950827
-2.25 -2 24 25 53.48505093689141 0.2485532118297533
-2.25 -2 25 26 56.11545772149339 0.2339061247439155
-2.25 -2 26 27 57.89959339221161 0.22036723497394
-2.25 -2 27 28 59.00372745040454 0.2078275114036607
-2.25 -2 28 29 59.56168518394747 0.1961913371666126
-2.25 -2 29 30 59.68160108239795 0.1853745351652633
-2.25 -2 30 31 59.4511511606417 0.1753027303457365
-2.25 -2 31 32 58.94163474284602 0.1659099826891364
-2.25 -2 32 33 58.21117909776632 0.1571376411001448
-2.25 -2 33 34 57.3072704170981 0.1489333782285749
-2.25 -2 34 35 56.2687638401095 0.1412503730342075
-2.25 -2 35 36 55.12748800892786 0.1340466156171027
-2.25 -2 36 37 53.90953209857503 0.1272843145887639
-2.25 -2 37 38 52.63628281972967 0.1209293886006397
-2.25 -2 38 39 51.32526345926948 0.1149510292199036
-2.25 -2 39 40 49.99081536956402 0.1093213238574014
-2.25 -2 40 41 48.6446535998316 0.1040149284567381
-2.25 -2 41 42 47.29632132501087 0.09900878430625393
-2.25 -2 42 43 45.95356279033277 0.09428186992831894
-2.25 -2 43 44 44.62263022639681 0.08981498543512564
-2.25 -2 44 45 43.30853712266045 0.0855905625454523
-2.25 -2 45 46 42.01421057714535 0.08224669789548048
-2.25 -2 46 47 40.74477176055979 0.08216767045146069
-2.25 -2 47 48 39.50157406643586 0.08541783423997519
-2.25 -2 48 49 38.2864473290476 0.09138021233545442
-2.25 -2 49 50 37.10054500691325 0.09769045781823466
-2 -1.75 0 1 4508.147114590693 1.07011714150823
-2 -1.75 1 2 -2697.698799714627 2.799519822691649
-2 -1.75 2 3 -5405.640682855214 2.766722570247659
-2 -1.75 3 4 -4199.503107423385 2.25306904576251
-2 -1.75 4 5 -3044.17307950885 1.848004840063368
-2 -1.75 5 6 -2196.477651700232 1.547506125019413
-2 -1.75 6 7 -1597.412106988766 1.320496493626039
-2 -1.75 7 8 -1172.775640020657 1.144215559070661
-2 -1.75 8 9 -867.7397155475846 1.00401362693396
-2 -1.75 9 10 -645.1742890820174 0.8898181195583256
-2 -1.75 10 11 -480.3865649045902 0.795387536583352
-2 -1.75 11 12 -356.7428660550456 0.7159111094626371
-2 -1.75 12 13 -262.8980440628093 0.6481991813932478
-2 -1.75 13 14 -190.9749115582767 0.5898745063426185
-2 -1.75 14 15 -135.4085681990045 0.5391611592347806
-2 -1.75 15 16 -92.20237920396494 0.4947055325890015
-2 -1.75 16 17 -58.44188315166934 0.4554574423522034
-2 -1.75 17 18 -31.97191728834014 0.4205892455649842
-2 -1.75 18 19 -11.17848972088814 0.3894395753262692
-2 -1.75 19 20 5.161040216834181 0.3614733852827564
-2 -1.75 20 21 17.98249435413879 0.3362530380067486
-2 -1.75 21 22 28.00889207872933 0.313417023400751
-2 -1.75 22 23 35.80358215211504 0.2926640493605125
-2 -1.75 23 24 41.80886968329742 0.2737409796276759
-2 -1.75 24 25 46.37442969653284 0.256433571695998
-2 -1.75 25 26 49.7784357012988 0.240559281165081
-2 -1.75 26 27 52.24342946567208 0.2259616121010484
-2 -1.75 27 28 53.94835192081291 0.2125056377589058
-2 -1.75 28 29 55.03774253662982 0.2000744172123253
-2 -1.75 29 30 55.62882973076671 0.1885661047703626
-2 -1.75 30 31 55.81703635167867 0.1778916004003707
-2 -1.75 31 32 55.68028394017375 0.1679726264766177
-2 -1.75 32 33 55.2823793918767 0.1587401423970535
-2 -1.75 33 34 54.67569552790508 0.1501330299936335
-2 -1.75 34 35 53.90330456668642 0.142096997369439
-2 -1.75 35 36 53.00068496672873 0.1345836597840743
-2 -1.75 36 37 51.99709353068869 0.1275497639880635
-2 -1.75 37 38 50.91667343219524 0.1209565325910004
-2 -1.75 38 39 49.7793527526361 0.1147691057664036
-2 -1.75 39 40 48.60157598365589 0.1089560637447579
-2 -1.75 40 41 47.39690183623367 0.1034890178775508
-2 -1.75 41 42 46.17649334298289 0.09834225860613385
-2 -1.75 42 43 44.9495210767771 0.09349245019779084
-2 -1.75 43 44 43.72349582165566 0.08891836733040123
-2 -1.75 44 45 42.50454382466211 0.084600665272884
-2 -1.75 45 46 41.29654899377937 0.0813446770909456
-2 -1.75 46 47 40.10556082095493 0.0815602732314169
-2 -1.75 47 48 38.93368189861798 0.08527177164002916
-2 -1.75 48 49 37.78343451951309 0.09183678063241422
-2 -1.75 49 50 36.6565840506199 0.098763435808852
-1.75 -1.5 0 1 4969.451979343083 0.9884059275607022
-1.75 -1.5 1 2 -2312.381130175136 0.867032370651305
-1.75 -1.5 2 3 -5436.042638072522 1.775119363482475
-1.75 -1.5 3 4 -4273.266389484675 1.712725660590031
-1.75 -1.5 4 5 -3110.891384673474 1.52520733542988
-1.75 -1.5 5 6 -2250.081684515173 1.336893189976144
-1.75 -1.5 6 7 -1639.315580349952 1.172107649367826
-1.75 -1.5 7 8 -1205.38127817814 1.032815746075892
-1.75 -1.5 8 9 -893.219247748641 0.9159843611122161
-1.75 -1.5 9 10 -665.1669002342537 0.8189007741104226
-1.75 -1.5 10 11 -496.1293883299195 0.7352270078838435
-1.75 -1.5 11 12 -369.1853451479567 0.6642478573715112
-1.75 -1.5 12 13 -272.7511741838973 0.6030957064635757
-1.75 -1.5 13 14 -198.7818506428353 0.5499880617988883
-1.75 -1.5 14 15 -141.5885060174558 0.5035267233896334
-1.75 -1.5 15 16 -97.08197939062666 0.4626073245560796
-1.75 -1.5 16 17 -62.27795676060282 0.4263498279763561
-1.75 -1.5 17 18 -34.96794437941935 0.394046304756154
-1.75 -1.5 18 19 -13.49680285984778 0.3651219093181324
-1.75 -1.5 19 20 3.390161714758051 0.3391056421040625
-1.75 -1.5 20 21 16.65395645471585 0.3156082981702064
-1.75 -1.5 21 22 27.03754264500833 0.2943057031742742
-1.75 -1.5 22 23 35.1201678222659 0.2749258450326355
-1.75 -1.5 23 24 41.35688998354829 0.2572389103872753
-1.75 -1.5 24 25 46.1076692582194 0.2410494967470159
-1.75 -1.5 25 26 49.65901415336657 0.2261904735264813
-1.75 -1.5 26 27 52.24025018096893 0.2125181012465916
-1.75 -1.5 27 28 54.03586065447951 0.1999081212971877
-1.75 -1.5 28 29 55.19492867613087 0.1882525990373787
-1.75 -1.5 29 30 55.83841880240243 0.1774573577536545
-1.75 -1.5 30 31 56.06483425467252 0.1674398783426214
-1.75 -1.5 31 32 55.95464223826332 0.158127570573431
-1.75 -1.5 32 33 55.57375770412875 0.1494563400549068
-1.75 -1.5 33 34 54.97630217408198 0.1413693958407189
-1.75 -1.5 34 35 54.20680056067692 0.1338162511852852
-1.75 -1.5 35 36 53.30193949977274 0.1267518831564438
-1.75 -1.5 36 37 52.29198146307709 0.1201360224905573
-1.75 -1.5 37 38 51.20190717657152 0.1139325497881874
-1.75 -1.5 38 39 50.05234240841463 0.1081089819205735
-1.75 -1.5 39 40 48.86031274150633 0.1026360315045828
-1.75 -1.5 40 41 47.63986061227911 0.09748722786791737
-1.75 -1.5 41 42 46.40255133605086 0.09263859256356335
-1.75 -1.5 42 43 45.15788955317015 0.08806835527234254
-1.75 -1.5 43 44 43.91366290441522 0.08375671013306421
-1.75 -1.5 44 45 42.67622646410797 0.07968560195309378
-1.75 -1.5 45 46 41.44961164624863 0.07655378745370028
-1.75 -1.5 46 47 40.24010228523721 0.07697424532569369
-1.75 -1.5 47 48 39.04988582416937 0.08103583619594085
-1.75 -1.5 48 49 37.88158657032056 0.08808478670990011
-1.75 -1.5 49 50 36.73705990578401 0.09553323997318887
-1.5 -1.25 0 1 5407.171745590675 3.104870461161367
-1.5 -1.25 1 2 -1933.093826206908 3.717186641358316
-1.5 -1.25 2 3 -5461.825619433053 1.698914974103495
-1.5 -1.25 3 4 -4354.757903765798 1.633371734922171
-1.5 -1.25 4 5 -3193.528320100542 1.458347088001795
-1.5 -1.25 5 6 -2323.207899795463 1.287363358305248
-1.5 -1.25 6 7 -1701.692731102088 1.138397188703354
-1.5 -1.25 7 8 -1258.052650911293 1.012079260872259
-1.5 -1.25 8 9 -937.638643675843 0.904301294396167
-1.5 -1.25 9 10 -702.8053969375073 0.8141743801956015
-1.5 -1.25 10 11 -528.0925141241128 0.7358591585727055
-1.5 -1.25 11 12 -396.4770100663673 0.668613469885928
-1.5 -1.25 12 13 -296.165170760459 0.6101595203222624
-1.5 -1.25 13 14 -218.9620363349518 0.558987385593353
-1.5 -1.25 14 15 -159.0582229980362 0.5138970252307868
-1.5 -1.25 15 16 -112.2683739810643 0.473928301203471
-1.5 -1.25 16 17 -75.53141340004663 0.4383067644440919
-1.5 -1.25 17 18 -46.57741015403622 0.40640239494178
-1.5 -1.25 18 19 -23.70182716084992 0.3776983218091763
-1.5 -1.25 19 20 -5.61004287865876 0.3517670493348987
-1.5 -1.25 20 21 8.691401092459955 0.3282522752049243
-1.5 -1.25 21 22 19.97198586195123 0.3068548891732749
-1.5 -1.25 22 23 28.83274714556171 0.2873220936156485
-1.5 -1.25 23 24 35.74673521995271 0.2694388857021701
-1.5 -1.25 24 25 41.08884019377103 0.2530213318311625
-1.5 -1.25 25 26 45.15801660170666 0.2396866282674995
-1.5 -1.25 26 27 48.1940106128435 0.2277233892570082
-1.5 -1.25 27 28 50.39006651089267 0.2165687273089016
-1.5 -1.25 28 29 51.90266189760439 0.2061517512076684
-1.5 -1.25 29 30 52.85902571863812 0.1964091833773556
-1.5 -1.25 30 31 53.36298696812344 0.1872844145719317
-1.5 -1.25 31 32 53.49955590213688 0.1787266873480115
-1.5 -1.25 32 33 53.33853529358015 0.1706903895796504
-1.5 -1.25 33 34 52.93738397778259 0.1631344427539865
-1.5 -1.25 34 35 52.34350004383049 0.1560217722314733
-1.5 -1.25 35 36 51.59605068265591 0.1493188465849889
-1.5 -1.25 36 37 50.727445738509 0.1429952775779648
-1.5 -1.25 37 38 49.76452970372304 0.1370234708046608
-1.5 -1.25 38 39 48.72954999706019 0.1313783206034098
-1.5 -1.25 39 40 47.64094657653641 0.1260369437712031
-1.5 -1.25 40 41 46.51399831991785 0.1209784446770992
-1.5 -1.25 41 42 45.36135384228226 0.1161837097591384
-1.5 -1.25 42 43 44.19346894477792 0.1116352263161892
-1.5 -1.25 43 44 43.01896813557158 0.1073169221577752
-1.5 -1.25 44 45 41.84494426567181 0.1032140239468427
-1.5 -1.25 45 46 40.67605234085283 0.09965931309254793
-1.5 -1.25 46 47 39.51919773675536 0.09793669419676139
-1.5 -1.25 47 48 38.37705181100981 0.09822563915778876
-1.5 -1.25 48 49 37.25269313748132 0.1004273000118027
-1.5 -1.25 49 50 36.1483684361296 0.1032857635301668
-1.25 -1 0 1 5777.350034397193 1.550405025126049
-1.25 -1 1 2 -1630.445756230801 0.7615521257809325
-1.25 -1 2 3 -5501.096642357498 2.094012445599052
-1.25 -1 3 4 -4434.008283655125 1.987220718270484
-1.25 -1 4 5 -3267.756558585388 1.748818230142031
-1.25 -1 5 6 -2385.298513843828 1.527873125029451
-1.25 -1 6 7 -1752.092822822774 1.341862605623051
-1.25 -1 7 8 -1298.672914877997 1.187468927361996
-1.25 -1 8 9 -970.3928423630286 1.058942625418951
-1.25 -1 9 10 -729.3015049503792 0.9511785341821302
-1.25 -1 10 11 -549.6102202678549 0.8591613478792217
-1.25 -1 11 12 -414.0117091460374 0.780391170298242
-1.25 -1 12 13 -310.4956167589169 0.7121934780303337
-1.25 -1 13 14 -230.6987850484295 0.6526667399086933
-1.25 -1 14 15 -168.6830995090411 0.6003289023508871
-1.25 -1 15 16 -120.1643824894786 0.5540112044215749
-1.25 -1 16 17 -82.00521852600423 0.512781187363309
-1.25 -1 17 18 -51.87625284052569 0.4758866824413925
-1.25 -1 18 19 -28.02632251769955 0.4427147053330406
-1.25 -1 19 20 -9.123934979729256 0.4127609589884459
-1.25 -1 20 21 5.853742430378134 0.3856069430782668
-1.25 -1 21 22 17.69975535979461 0.3609025730110933
-1.25 -1 22 23 27.03416510257205 0.3383528360832955
-1.25 -1 23 24 34.34547395167726 0.3177074383183308
-1.25 -1 24 25 40.0211901669843 0.2987526928392486
-1.25 -1 25 26 44.37062401921639 0.2813051052506411
-1.25 -1 26 27 47.64205994207225 0.2652062582709612
-1.25 -1 27 28 50.03581201477311 0.2503186982454337
-1.25 -1 28 29 51.71423480625515 0.236522603474218
-1.25 -1 29 30 52.80946050040757 0.2237130666571154
-1.25 -1 30 31 53.42942279683143 0.2117978626419384
-1.25 -1 31 32 53.66257899551374 0.200695604980943
-1.25 -1 32 33 53.58163510664042 0.19033421281909
-1.25 -1 33 34 53.24650186171255 0.1806496310754215
-1.25 -1 34 35 52.70665333422551 0.1715847542453445
-1.25 -1 35 36 52.00301858232439 0.163088518696987
-1.25 -1 36 37 51.16950602153315 0.155115133239588
-1.25 -1 37 38 50.2342373727252 0.1476234230013853
-1.25 -1 38 39 49.22055069523469 0.1405762692469423
-1.25 -1 39 40 48.14781888326081 0.133940127952534
-1.25 -1 40 41 47.03212013177182 0.1276846150716669
-1.25 -1 41 42 45.88678888903291 0.1217821479540861
-1.25 -1 42 43 44.72287019692084 0.1162076343877187
-1.25 -1 43 44 43.54949541074251 0.1109382014083128
-1.25 -1 44 45 42.37419380729858 0.1059529593707101
-1.25 -1 45 46 41.20196807286686 0.1016127835518395
-1.25 -1 46 47 40.04010616549385 0.09934210123700374
-1.25 -1 47 48 38.89153080360958 0.09936140107011603
-1.25 -1 48 49 37.75956189516168 0.1015556646147565
-1.25 -1 49 50 36.64665760851653 0.1089242497153245
-1 -0.75 0 1 6100.291590956772 2.280258113780424
-1 -0.75 1 2 -1340.418907742984 2.029514238945292
-1 -0.75 2 3 -5503.240716844102 1.564478387311843
-1 -0.75 3 4 -4474.764842584905 1.52011904074214
-1 -0.75 4 5 -3308.988480144388 1.363340848682347
-1 -0.75 5 6 -2420.393659033512 1.212161564736577
-1 -0.75 6 7 -1780.712641139961 1.081773628886911
-1 -0.75 7 8 -1321.765717397212 0.9712275126564545
-1 -0.75 8 9 -989.0191290378243 0.876997488332989
-1 -0.75 9 10 -744.3716866068517 0.7957946744345865
-1 -0.75 10 11 -561.8581449646422 0.7259978722965111
-1 -0.75 11 12 -424.0057559745178 0.6649131535504074
-1 -0.75 12 13 -318.6814024727007 0.6112333877647314
-1 -0.75 13 14 -237.4255650299979 0.5637538319627058
-1 -0.75 14 15 -174.2263282484928 0.5215122754137986
-1 -0.75 15 16 -124.7428326961717 0.4837322308417288
-1 -0.75 16 17 -85.79385055732928 0.4497808599568072
-1 -0.75 17 18 -55.01590035569598 0.4191376200294375
-1 -0.75 18 19 -30.63102473931554 0.3913706688206022
-1 -0.75 19 20 -11.28653129064924 0.3661189186101397
-1 -0.75 20 21 4.057307069011131 0.3430782368894457
-1 -0.75 21 22 16.20708870229714 0.3219907358475668
-1 -0.75 22 23 25.79381266532221 0.3026363707239836
-1 -0.75 23 24 33.31485709101094 0.2848262971767758
-1 -0.75 24 25 39.16496874434404 0.2683975724729329
-1 -0.75 25 26 43.65938780502825 0.2532088961168529
-1 -0.75 26 27 47.05127656343143 0.2391371603086744
-1 -0.75 27 28 49.54497657838306 0.2260746377391312
-1 -0.75 28 29 51.30617913673223 0.213926672847049
-1 -0.75 29 30 52.4697894876598 0.2026097758001227
-1 -0.75 30 31 53.1460525484996 0.1920500384200115
-1 -0.75 31 32 53.42535695139225 0.1821818122620971
-1 -0.75 32 33 53.38202646093418 0.1729465975939439
-1 -0.75 33 34 53.07732986521569 0.1642921072006711
-1 -0.75 34 35 52.56188356056066 0.1561714721684307
-1 -0.75 35 36 51.87757920289806 0.1485425656638077
-1 -0.75 36 37 51.05913767855861 0.1413674256635516
-1 -0.75 37 38 50.13536746191585 0.1346117590429237
-1 -0.75 38 39 49.13018784470876 0.1282445140365269
-1 -0.75 39 40 48.06346418398431 0.1222375118024162
-1 -0.75 40 41 46.95169231303237 0.1165651256389315
-1 -0.75 41 42 45.80856111912993 0.1112040025405433
-1 -0.75 42 43 44.645416610891 0.1061328204426672
-1 -0.75 43 44 43.47164578893472 0.1013320747126486
-1 -0.75 44 45 42.29499510258881 0.09678389217294656
-1 -0.75 45 46 41.1206266340206 0.09327411499484491
-1 -0.75 46 47 39.95603116691268 0.09374072058778396
-1 -0.75 47 48 38.8042391296066 0.09829339512956015
-1 -0.75 48 49 37.66868283401075 0.1062027873941812
-1 -0.75 49 50 36.55190885202393 0.1145715358879097
-0.75 -0.5 0 1 6354.185350047014 3.292052404763185
-0.75 -0.5 1 2 -1115.463144922709 2.759466682369852
-0.75 -0.5 2 3 -5511.803008939317 1.571683905249702
-0.75 -0.5 3 4 -4515.77732264073 1.537042968878579
-0.75 -0.5 4 5 -3350.983944840405 1.380623758116317
-0.75 -0.5 5 6 -2457.32557181238 1.22689228942081
-0.75 -0.5 6 7 -1811.939133334741 1.093353918518502
-0.75 -0.5 7 8 -1347.904078571148 0.9797455856299198
-0.75 -0.5 8 9 -1010.894738418883 0.9029231112976717
-0.75 -0.5 9 10 -762.7411007695623 0.8320833898060646
-0.75 -0.5 10 11 -577.3614332289671 0.7683717440072643
-0.75 -0.5 11 12 -437.1559671624505 0.7106988959998877
-0.75 -0.5 12 13 -329.8924621179895 0.6587461779679321
-0.75 -0.5 13 14 -247.0301078654049 0.6119207200248759
-0.75 -0.5 14 15 -182.492663959468 0.569642242434598
-0.75 -0.5 15 16 -131.8885381757791 0.5313788526826176
-0.75 -0.5 16 17 -91.99639667156021 0.4966576310441305
-0.75 -0.5 17 18 -60.4208971824437 0.4650643097533509
-0.75 -0.5 18 19 -35.35862017197337 0.4362385468083217
-0.75 -0.5 19 20 -15.43639627731113 0.4098677657902485
-0.75 -0.5 20 21 0.4020721264228087 0.385680898840696
-0.75 -0.5 21 22 12.97687309071239 0.3634425950068362
-0.75 -0.5 22 23 22.93004944448307 0.3429480927775812
-0.75 -0.5 23 24 30.76806861852265 0.3240187856841599
-0.75 -0.5 24 25 36.89319517639842 0.3064984349167033
-0.75 -0.5 25 26 41.62691609865476 0.2902499568799199
-0.75 -0.5 26 27 45.22760684842183 0.2751527064509655
-0.75 -0.5 27 28 47.90397723339402 0.2611001819466222
-0.75 -0.5 28 29 49.82539278802176 0.2479980837583374
-0.75 -0.5 29 30 51.12986040214059 0.2357626718653211
-0.75 -0.5 30 31 51.93025218679907 0.2243193710563255
-0.75 -0.5 31 32 52.31918929206813 0.2136015849095069
-0.75 -0.5 32 33 52.37289845052669 0.2035496841548348
-0.75 -0.5 33 34 52.15427527375653 0.1941101411841651
-0.75 -0.5 34 35 51.71533080751772 0.1852347868933329
-0.75 -0.5 35 36 51.09915552714057 0.17688017241898
-0.75 -0.5 36 37 50.34150345945858 0.1690070169047775
-0.75 -0.5 37 38 49.47207563869409 0.1615797303744903
-0.75 -0.5 38 39 48.5155642958407 0.1545659993170423
-0.75 -0.5 39 40 47.49250567104389 0.1479364256412419
-0.75 -0.5 40 41 46.41997918054125 0.14166421214096
-0.75 -0.5 41 42 45.31218243101262 0.1357248869065791
-0.75 -0.5 42 43 44.18090579873808 0.130096061219701
-0.75 -0.5 43 44 43.03592520413156 0.1247572173010418
-0.75 -0.5 44 45 41.88532813401656 0.1196895207141015
-0.75 -0.5 45 46 40.73455921283067 0.1152540008043876
-0.75 -0.5 46 47 39.5914021678127 0.1128641318396326
-0.75 -0.5 47 48 38.45910332251617 0.1127350569082305
-0.75 -0.5 48 49 37.34130058463194 0.1147641966009156
-0.75 -0.5 49 50 36.24072078235122 0.1175712238468741
-0.5 -0.25 0 1 6525.227411264106 3.393034777808111
-0.5 -0.25 1 2 -967.8655777467829 2.380668877045066
-0.5 -0.25 2 3 -5521.734469306324 1.551031660277733
-0.5 -0.25 3 4 -4546.557121588887 1.534852205729798
-0.5 -0.25 4 5 -3381.416903680301 1.453000546250032
-0.5 -0.25 5 6 -2483.534668307724 1.36462826035888
-0.5 -0.25 6 7 -1833.695221018843 1.255274744005108
-0.5 -0.25 7 8 -1365.788354071327 1.147875346136293
-0.5 -0.25 8 9 -1025.585898662669 1.049271731610825
-0.5 -0.25 9 10 -774.8428880335387 0.9610092274647294
-0.5 -0.25 10 11 -587.368640997774 0.8819772131322399
-0.5 -0.25 11 12 -445.4629922424897 0.8118610717180853
-0.5 -0.25 12 13 -336.8132374106281 0.7494242046967667
-0.5 -0.25 13 14 -252.8145126321836 0.6936732828806571
-0.5 -0.25 14 15 -187.3405386990264 0.6437262274493586
-0.5 -0.25 15 16 -135.9606645233252 0.5988200524225104
-0.5 -0.25 16 17 -95.42294845152333 0.5583023335038007
-0.5 -0.25 17 18 -63.30791867509811 0.521617556045355
-0.5 -0.25 18 19 -37.7930039147102 0.488292921796849
-0.5 -0.25 19 20 -17.48972887428022 0.4579253565438833
-0.5 -0.25 20 21 -1.329481625295784 0.4301702476679143
-0.5 -0.25 21 22 11.51779594206869 0.4047319370510588
-0.5 -0.25 22 23 21.70226632360095 0.3813557995495213
-0.5 -0.25 23 24 29.73704574725241 0.3598216839655978
-0.5 -0.25 24 25 36.02987061278986 0.3399384930858473
-0.5 -0.25 25 26 40.90675210756308 0.3215397028597491
-0.5 -0.25 26 27 44.62982252132861 0.3044796526090922
-0.5 -0.25 27 28 47.41092375105131 0.2886304638469414
-0.5 -0.25 28 29 49.42204229680192 0.2738794739188744
-0.5 -0.25 29 30 50.80338592140617 0.2601270901189092
-0.5 -0.25 30 31 51.6696808613035 0.2472849887887769
-0.5 -0.25 31 32 52.11511504453165 0.2352745984509809
-0.5 -0.25 32 33 52.21724297120591 0.2240258164676383
-0.5 -0.25 33 34 52.04008852142556 0.2134759205739206
-0.5 -0.25 34 35 51.63662393877286 0.2035686402467356
-0.5 -0.25 35 36 51.05076055124573 0.1942533638748953
-0.5 -0.25 36 37 50.31895499116871 0.1854844578332741
-0.5 -0.25 37 38 49.47151099239443 0.1772206797332961
-0.5 -0.25 38 39 48.5336388508033 0.1694246728121316
-0.5 -0.25 39 40 47.52632098696387 0.1620625267821288
-0.5 -0.25 40 41 46.46702179849433 0.1551033964667735
-0.5 -0.25 41 42 45.37027164446283 0.1485191695467689
-0.5 -0.25 42 43 44.2481489827361 0.1422841755978777
-0.5 -0.25 43 44 43.11067952644254 0.1363749320422787
-0.5 -0.25 44 45 41.96616766696798 0.1307699195198991
-0.5 -0.25 45 46 40.82023481559884 0.1258038801925838
-0.5 -0.25 46 47 39.68085206800845 0.1228020909039336
-0.5 -0.25 47 48 38.55139705948625 0.1219816484462324
-0.5 -0.25 48 49 37.43563247045776 0.1232752202205229
-0.5 -0.25 49 50 36.33639466143507 0.1253935857638883
-0.25 0 0 1 6612.868848858661 3.616020997364142
-0.25 0 1 2 -890.1330136166366 3.055183405826563
-0.25 0 2 3 -5523.836941642496 1.569050263362906
-0.25 0 3 4 -4558.915922982722 1.543966116805091
-0.25 0 4 5 -3393.486710474339 1.390608168255697
-0.25 0 5 6 -2493.544350775344 1.238006556038775
-0.25 0 6 7 -1841.63393838232 1.130721333183032
-0.25 0 7 8 -1371.993218764963 1.045926506899099
-0.25 0 8 9 -1030.409061045284 0.9642806455257247
-0.25 0 9 10 -778.5798332554568 0.8891084325718006
-0.25 0 10 11 -590.2550337591429 0.8203985521014385
-0.25 0 11 12 -447.6792142907793 0.7585893775458021
-0.25 0 12 13 -338.4995350202289 0.7029419527260619
-0.25 0 13 14 -254.0799077572199 0.6528160527543835
-0.25 0 14 15 -188.2703544059186 0.6075842848372575
-0.25 0 15 16 -136.6221633902937 0.5666714410068825
-0.25 0 16 17 -95.86952681602656 0.5295662124613227
-0.25 0 17 18 -63.5822348993504 0.4958209252526984
-0.25 0 18 19 -37.92932842953428 0.4650464260793101
-0.25 0 19 20 -17.5157257964438 0.4369053846381715
-0.25 0 20 21 -1.267572604842371 0.4111054816654373
-0.25 0 21 22 11.64937768351115 0.3873931034574099
-0.25 0 22 23 21.8886540419644 0.3655477615434089
-0.25 0 23 24 29.96609289516266 0.3453772689901928
-0.25 0 24 25 36.29163887242157 0.3267136238155975
-0.25 0 25 26 41.19310309031528 0.3094095200441882
-0.25 0 26 27 44.93409018447824 0.2933353991842032
-0.25 0 27 28 47.72765016390133 0.2783769611129969
-0.25 0 28 29 49.74676348578782 0.2644330610973963
-0.25 0 29 30 51.1324575620356 0.2514139307150002
-0.25 0 30 31 52.00013585908869 0.2392396692339011
-0.25 0 31 32 52.44454677374347 0.2278389609099677
-0.25 0 32 33 52.54370925273838 0.2171479824117167
-0.25 0 33 34 52.36203243645184 0.2071094676978129
-0.25 0 34 35 51.95280836459978 0.1976719071158623
-0.25 0 35 36 51.36021391622995 0.1887888578281316
-0.25 0 36 37 50.62092623621385 0.1804183500616668
-0.25 0 37 38 49.76543210678904 0.172522371979473
-0.25 0 38 39 48.81909365670305 0.1650664242908707
-0.25 0 39 40 47.8030190942676 0.158019131867683
-0.25 0 40 41 46.73477684234189 0.1513519049636636
-0.25 0 41 42 45.62898308393733 0.1450386433569047
-0.25 0 42 43 44.49778686270099 0.1390554761223516
-0.25 0 43 44 43.35127170917445 0.1333805341495773
-0.25 0 44 45 42.19778912989472 0.127993747883531
-0.25 0 45 46 41.04299162214227 0.1232433232914782
-0.25 0 46 47 39.89489491391925 0.1204996289782427
-0.25 0 47 48 38.75689372229544 0.1199812140226965
-0.25 0 48 49 37.63276955574571 0.1216083589711918
-0.25 0 49 50 36.52537264695732 0.1240467389525956
0 0.25 0 1 6612.365258609721 3.616017522681628
0 0.25 1 2 -891.0728325219461 3.055156125077219
0 0.25 2 3 -5524.448215767198 1.568969733143344
0 0.25 3 4 -4559.091220157517 1.543900341943736
0 0.25 4 5 -3393.41727484851 1.390573763672269
0 0.25 5 6 -2493.376799038082 1.238005022448571
0 0.25 6 7 -1841.441296565115 1.130744121988362
0 0.25 7 8 -1371.808045556662 1.045963604228126
0 0.25 8 9 -1030.243401844992 0.9643233960124212
0 0.25 9 10 -778.436157204284 0.8891498840244606
0 0.25 10 11 -590.1324434939552 0.8204394591894222
0 0.25 11 12 -447.5745053840224 0.7586269533162047
0 0.25 12 13 -338.4095342714872 0.7029757142892025
0 0.25 13 14 -254.001749790141 0.6528459961374223
0 0.25 14 15 -188.2016557237453 0.6076106471755353
0 0.25 15 16 -136.5610317899041 0.5666945625316634
0 0.25 16 17 -95.81450288861174 0.5295864605447435
0 0.25 17 18 -63.53221307026001 0.4958386554469083
0 0.25 18 19 -37.88347944519819 0.4650619643112476
0 0.25 19 20 -17.47342951119163 0.436919020846921
0 0.25 20 21 -1.228363478591291 0.4111174692480613
0 0.25 21 22 11.68585293063552 0.3874036618576985
0 0.25 22 23 21.92266833887265 0.3655570797294441
0 0.25 23 24 29.99786229801919 0.3453855093107117
0 0.25 24 25 36.32133949271736 0.326720925578427
0 0.25 25 26 41.22088307765728 0.3094160028093106
0 0.25 26 27 44.96007805701356 0.2933411660667732
0 0.25 27 28 47.75196049566409 0.2783821006297539
0 0.25 28 29 49.76950071275996 0.264437649927892
0 0.25 29 30 51.15371847382016 0.2514180349586836
0 0.25 30 31 52.02001119217482 0.2392433464114108
0 0.25 31 32 52.46312220062384 0.2278422609124353
0 0.25 32 33 52.56106597972177 0.217150948625879
0 0.25 33 34 52.37824755391091 0.2071121381268663
0 0.25 34 35 51.96795505022453 0.1976743147671059
0 0.25 35 36 51.37436155696355 0.1887910319063516
0 0.25 36 37 50.63414051160385 0.1804203158565478
0 0.25 37 38 49.77777506028957 0.1725241519769028
0 0.25 38 39 48.83062376990887 0.1650680382563394
0 0.25 39 40 47.81379137188787 0.1580205971226044
0 0.25 40 41 46.7448429117311 0.1513532368956279
0 0.25 41 42 45.63839130847555 0.1450398554721024
0 0.25 42 43 44.50658246757388 0.1390565806901925
0 0.25 43 44 43.35949691807446 0.1333815416036161
0 0.25 44 45 42.20548330901147 0.1279946678977498
0 0.25 45 46 41.05019138843886 0.1232441763160642
0 0.25 46 47 39.90163439562804 0.1205004777814746
0 0.25 47 48 38.76320459077778 0.1199821199936034
0 0.25 48 49 37.63868122754434 0.1216093711172589
0 0.25 49 50 36.53091239644002 0.1240478606900807
0.25 0.5 0 1 6523.7932174468 3.393026757965932
0.25 0.5 1 2 -970.537227815365 2.380596354956569
0.25 0.5 2 3 -5523.464789889728 1.550876845420585
0.25 0.5 3 4 -4547.048246859145 1.534740549108169
0.25 0.5 4 5 -3381.217954907943 1.452954885087699
0.25 0.5 5 6 -2483.062184110757 1.364636640200905
0.25 0.5 6 7 -1833.154730744272 1.255317493594076
0.25 0.5 7 8 -1365.270575444516 1.147938562163834
0.25 0.5 8 9 -1025.123795821822 1.049342086469963
0.25 0.5 9 10 -774.4426934704443 0.9610742715399655
0.25 0.5 10 11 -587.0273915980624 0.8820430103549958
0.25 0.5 11 12 -445.1713775451635 0.8119217604583763
0.25 0.5 12 13 -336.5621959087557 0.7494791330046146
0.25 0.5 13 14 -252.595951093457 0.6937224563609686
0.25 0.5 14 15 -187.1477865118263 0.6437699856847803
0.25 0.5 15 16 -135.7884733401722 0.5988588795671757
0.25 0.5 16 17 -95.26730821636738 0.5583367535417851
0.25 0.5 17 18 -63.16582211058335 0.5216480783832831
0.25 0.5 18 19 -37.66221970610741 0.4883200160954242
0.25 0.5 19 20 -17.36860724223038 0.4579494431676915
0.25 0.5 20 21 -1.216798082529976 0.4301916969797281
0.25 0.5 21 22 11.62296097348667 0.4047510722660467
0.25 0.5 22 23 21.80061744888576 0.3813729016121124
0.25 0.5 23 24 29.82913814271762 0.3598369966770616
0.25 0.5 24 25 36.11615676136125 0.3399522279453361
0.25 0.5 25 26 40.98761443599392 0.321552043655177
0.25 0.5 26 27 44.70559571148897 0.3044907592733254
0.25 0.5 27 28 47.48190963967625 0.2886404760370132
0.25 0.5 28 29 49.48851955890382 0.2738885134847063
0.25 0.5 29 30 50.86561615922324 0.2601352640155162
0.25 0.5 30 31 51.72791227001392 0.2472923908157043
0.25 0.5 31 32 52.169584493515 0.2352813111418687
0.25 0.5 32 33 52.26817708422652 0.224031912690736
0.25 0.5 33 34 52.08770415784011 0.2134814645138647
0.25 0.5 34 35 51.68112834535009 0.2035736888053847
0.25 0.5 35 36 51.09235135956237 0.19425796742066
0.25 0.5 36 37 50.35782016938356 0.1854886609335662
0.25 0.5 37 38 49.50782881853883 0.1772245222054137
0.25 0.5 38 39 48.56757793864227 0.1694281899240117
0.25 0.5 39 40 47.5580403820814 0.1620657499616724
0.25 0.5 40 41 46.49667114428331 0.1551063538147684
0.25 0.5 41 42 45.397991414442 0.1485218860394706
0.25 0.5 42 43 44.27407076963453 0.1422866737524449
0.25 0.5 43 44 43.13492637682225 0.1363772317599552
0.25 0.5 44 45 41.98885445025246 0.1307720388444243
0.25 0.5 45 46 40.84146852451903 0.1258058673242031
0.25 0.5 46 47 39.70073247665721 0.1228041081412345
0.25 0.5 47 48 38.57001686233309 0.1219838595466088
0.25 0.5 48 49 37.45307782816406 0.1232777609710317
0.25 0.5 49 50 36.35274551431846 0.1253964687283392
0.5 0.75 0 1 6351.9098322219 3.292051430482047
0.5 0.75 1 2 -1119.686978127106 2.759440879710998
0.5 0.75 2 3 -5514.510145582779 1.57156068823886
0.5 0.75 3 4 -4516.514124478368 1.536917953793892
0.5 0.75 4 5 -3350.638615281305 1.380554030966274
0.5 0.75 5 6 -2456.562458983904 1.226881317052698
0.5 0.75 6 7 -1811.080958458624 1.093381504061129
0.5 0.75 7 8 -1347.090159468773 0.9797968879068897
0.5 0.75 8 9 -1010.17276660683 0.90257330399172
0.5 0.75 9 10 -762.1206530644818 0.8325459516863505
0.5 0.75 10 11 -576.8338998828453 0.7684227829161013
0.5 0.75 11 12 -436.7064435652446 0.710745453036298
0.5 0.75 12 13 -329.5061379519746 0.6587878987790275
0.5 0.75 13 14 -246.6939852122241 0.6119577430691016
0.5 0.75 14 15 -182.1961574189413 0.5696749370763906
0.5 0.75 15 16 -131.6233998708428 0.5314076774477572
0.5 0.75 16 17 -91.75638038055558 0.496683057794221
0.5 0.75 17 18 -60.20135968025443 0.4650867854066798
0.5 0.75 18 19 -35.15614780087662 0.4362584753752981
0.5 0.75 19 20 -15.24848962217493 0.4098855023251153
0.5 0.75 20 21 0.5772491315283332 0.3856967497927323
0.5 0.75 21 22 13.14068500865847 0.3634568218939863
0.5 0.75 22 23 23.08353173042656 0.3429609169946443
0.5 0.75 23 24 30.91203074107148 0.3240303941585687
0.5 0.75 24 25 37.02829365653974 0.3065089848666047
0.5 0.75 25 26 41.75370512290533 0.2902595808250328
0.5 0.75 26 27 45.34657253844716 0.2751615163398073
0.5 0.75 27 28 48.01556024268768 0.2611082724124661
0.5 0.75 28 29 49.93000273100313 0.2480055352975599
0.5 0.75 29 30 51.22788468963324 0.2357695530752279
0.5 0.75 30 31 52.02206112505905 0.2243257409536793
0.5 0.75 31 32 52.40513876476689 0.2136074942709125
0.5 0.75 32 33 52.45333110080685 0.2035551771438202
0.5 0.75 33 34 52.22952081358187 0.1941152561117383
0.5 0.75 34 35 51.78570586990622 0.1852395575807806
0.5 0.75 35 36 51.16496333355838 0.1768846285536113
0.5 0.75 36 37 50.40303346353778 0.1690111847602946
0.5 0.75 37 38 49.52960324575275 0.1615836334664156
0.5 0.75 38 39 48.56935070381769 0.1545696585027345
0.5 0.75 39 40 47.54279785148736 0.1479398596987004
0.5 0.75 40 41 46.46700999829682 0.1416674381310852
0.5 0.75 41 42 45.35617089060435 0.1357279200402687
0.5 0.75 42 43 44.22205739829974 0.130098915419569
0.5 0.75 43 44 43.07443237936809 0.1247599051104334
0.5 0.75 44 45 41.92137076968248 0.1196920536998291
0.5 0.75 45 46 40.76830508767051 0.1152564379997634
0.5 0.75 46 47 39.62300784377288 0.1128667082783487
0.5 0.75 47 48 38.48871442518873 0.1127380171747803
0.5 0.75 48 49 37.3690525949344 0.1147677479029817
0.5 0.75 49 50 36.26673949924694 0.1175753825951566
0.75 1 0 1 6097.231752251836 2.280180587231625
0.75 1 1 2 -1346.094444954493 2.028999423778983
0.75 1 2 3 -5506.871155530949 1.563848207607
0.75 1 3 4 -4475.745317219471 1.520088279386859
0.75 1 4 5 -3308.516173283417 1.363785422435156
0.75 1 5 6 -2419.361567666244 1.212817852557379
0.75 1 6 7 -1779.55391290745 1.082462818754521
0.75 1 7 8 -1320.667223522103 0.9718582661506325
0.75 1 8 9 -988.0458886010974 0.8775443997581385
0.75 1 9 10 -743.5334620832227 0.7962676497287928
0.75 1 10 11 -561.1464273514189 0.7263799429800815
0.75 1 11 12 -423.3995110874753 0.665225296008023
0.75 1 12 13 -318.1607198623317 0.6114867840413004
0.75 1 13 14 -236.9729502315936 0.5639586702251358
0.75 1 14 15 -173.8275114903479 0.5216773808002908
0.75 1 15 16 -124.3866729079518 0.4838650507474929
0.75 1 16 17 -85.47188930189486 0.4498875818354813
0.75 1 17 18 -54.72183080876016 0.4192233309930613
0.75 1 18 19 -30.36019356953625 0.3914395190889064
0.75 1 19 20 -11.03551754463797 0.3661742735363106
0.75 1 20 21 4.291027459463976 0.3431228118987609
0.75 1 21 22 16.42539984689051 0.3220267131272109
0.75 1 22 23 25.99814977143558 0.3026654978220724
0.75 1 23 24 33.50634515430465 0.2848499699497166
0.75 1 24 25 39.34452108146729 0.2684169030610983
0.75 1 25 26 43.82777460675504 0.2532247689630212
0.75 1 26 27 47.20917156025439 0.2391502776664424
0.75 1 27 28 49.69298804060884 0.2260855565260378
0.75 1 28 29 51.44486988047686 0.2139358344759845
0.75 1 29 30 52.59968932379525 0.2026175296759675
0.75 1 30 31 53.26766565782884 0.1920566611369694
0.75 1 31 32 53.53916595337739 0.1821875226600749
0.75 1 32 33 53.48849440681363 0.1729515691020093
0.75 1 33 34 53.17690100331947 0.164296477028
0.75 1 34 35 52.65498343490867 0.1561753491338121
0.75 1 35 36 51.96461445397159 0.1485460360863737
0.75 1 36 37 51.14049577405672 0.1413705582229836
0.75 1 37 38 50.21141649051395 0.1346146084010673
0.75 1 38 39 49.201276441706 0.1282471239137922
0.75 1 39 40 48.1299216202936 0.122239917214153
0.75 1 40 41 47.01382874635334 0.1165673545687209
0.75 1 41 42 45.86666799671707 0.1112060779678413
0.75 1 42 43 44.69976720309967 0.1061347606403208
0.75 1 43 44 43.52249582847577 0.1013338949113435
0.75 1 44 45 42.34258350481304 0.09678560470351379
0.75 1 45 46 41.16517611099749 0.09327578989488829
0.75 1 46 47 39.99774946603367 0.09374263814835429
0.75 1 47 48 38.84331939701619 0.09829582185927321
0.75 1 48 49 37.70530469559637 0.1062059161345786
0.75 1 49 50 36.5862390405153 0.1145753437733493
1 1.25 0 1 5773.595859507966 1.550676302461081
1 1.25 1 2 -1637.430099609419 0.7638376023196691
1 1.25 2 3 -5505.603363042844 2.094380723706231
1 1.25 3 4 -4435.2674224849 1.98688953433237
1 1.25 4 5 -3267.212555638174 1.74818053762922
1 1.25 5 6 -2384.042811255325 1.527222923899555
1 1.25 6 7 -1750.662847803716 1.341312418841832
1 1.25 7 8 -1297.305056653677 1.18722870011183
1 1.25 8 9 -969.174247893468 1.058422540132899
1 1.25 9 10 -728.2469568403076 0.9509215469935696
1 1.25 10 11 -548.7119361855912 0.8589782505680779
1 1.25 11 12 -413.2451702814728 0.780256580779057
1 1.25 12 13 -309.8369074466148 0.7120963683102541
1 1.25 13 14 -230.1265336651343 0.6525987960266941
1 1.25 14 15 -168.1796612193552 0.6002837345811817
1 1.25 15 16 -119.7158378546899 0.5539838027291535
1 1.25 16 17 -81.60089463989652 0.5127675655729993
1 1.25 17 18 -51.50811053794155 0.4758836435595669
1 1.25 18 19 -27.68836603169302 0.4427196795814023
1 1.25 19 20 -8.811705464305305 0.4127718844560367
1 1.25 20 21 6.143574501168359 0.3856221733515919
1 1.25 21 22 17.96970490110607 0.3609208023882526
1 1.25 22 23 27.28616821474304 0.338373037786654
1 1.25 23 24 34.58106042204452 0.317728813185998
1 1.25 24 25 40.24160709079456 0.2987746258574628
1 1.25 25 26 44.57692270639575 0.2813271302813482
1 1.25 26 27 47.83515585352927 0.2652280278752285
1 1.25 27 28 50.21652527018637 0.2503399594752855
1 1.25 28 29 51.88331695326019 0.2365431777398159
1 1.25 29 30 52.9676117505818 0.2237328335957332
1 1.25 30 31 53.57730278496115 0.2118167467928462
1 1.25 31 32 53.80081324647358 0.2007135652887003
1 1.25 32 33 53.71081874551817 0.1903512343017958
1 1.25 33 34 53.36720162563546 0.1806657179409526
1 1.25 34 35 52.81940860388409 0.1715999247730438
1 1.25 35 36 52.10834190340745 0.1631028011889946
1 1.25 36 37 51.26788341764114 0.1551285626270895
1 1.25 37 38 50.32612862988492 0.1476360385074696
1 1.25 38 39 49.30638972136825 0.1405881125650923
1 1.25 39 40 48.22801418867726 0.1339512417430391
1 1.25 40 41 47.10705544890743 0.1276950420053878
1 1.25 41 42 45.95682392323522 0.1217919299063059
1 1.25 42 43 44.78834149232512 0.1162168119407501
1 1.25 43 44 43.61071730960924 0.110946813540515
1 1.25 44 45 42.43145947795682 0.1059610430484955
1 1.25 45 46 41.25555032345358 0.1016204754583813
1 1.25 46 47 40.0902592370652 0.09934989933273025
1 1.25 47 48 38.93849071260854 0.09936979673245674
1 1.25 48 49 37.80354788433814 0.1015650354118263
1 1.25 49 50 36.68787296779482 0.1089341694331973
1.25 1.5 0 1 5403.109495549577 3.105079093808373
1.25 1.5 1 2 -1940.609467645088 3.718079920568686
1.25 1.5 2 3 -5466.607617767413 1.700670229335622
1.25 1.5 3 4 -4356.03585578415 1.633811197664179
1.25 1.5 4 5 -3192.902563313222 1.457766285482631
1.25 1.5 5 6 -2321.854495405845 1.286262770716256
1.25 1.5 6 7 -1700.176668835421 1.137138295605212
1.25 1.5 7 8 -1256.615918419972 1.010547011211673
1.25 1.5 8 9 -936.3655397633888 0.9042221048844342
1.25 1.5 9 10 -701.7100212700434 0.8125571980565434
1.25 1.5 10 11 -527.1604693646491 0.7350958284015248
1.25 1.5 11 12 -395.6818105805332 0.6679928099577099
1.25 1.5 12 13 -295.4807726273625 0.6096612495036001
1.25 1.5 13 14 -218.3656409263103 0.5585913628023893
1.25 1.5 14 15 -158.5313030185596 0.5135850555932779
1.25 1.5 15 16 -111.7965224064026 0.4736847052966417
1.25 1.5 16 17 -75.10374050165092 0.4381183800505722
1.25 1.5 17 18 -46.18583509756195 0.4062583439737642
1.25 1.5 18 19 -23.34041760113269 0.3775897023229292
1.25 1.5 19 20 -5.274459245630396 0.3516866246062861
1.25 1.5 20 21 9.004346381492951 0.3281941903472503
1.25 1.5 21 22 20.26466441564935 0.3068144245252128
1.25 1.5 22 23 29.10696318703651 0.287295456284442
1.25 1.5 23 24 36.003904975811 0.2694230359088897
1.25 1.5 24 25 41.33011844060309 0.2530138393750769
1.25 1.5 25 26 45.38438394862726 0.2396855635227027
1.25 1.5 26 27 48.40633226454099 0.2277271325671225
1.25 1.5 27 28 50.58913074138377 0.2165760009875831
1.25 1.5 28 29 52.08920438900964 0.2061615595368291
1.25 1.5 29 30 53.03374427005201 0.1964207531154176
1.25 1.5 30 31 53.52654981631019 0.1872971484440051
1.25 1.5 31 32 53.65260594517292 0.1787401264781279
1.25 1.5 32 33 53.48169180495438 0.1707041840699181
1.25 1.5 33 34 53.07124288901696 0.1631483283197963
1.25 1.5 34 35 52.46863350833547 0.1560355515317265
1.25 1.5 35 36 51.71300637634937 0.1493323748285114
1.25 1.5 36 37 50.83674617320327 0.1430084506806259
1.25 1.5 37 38 49.86667170874563 0.1370362162162965
1.25 1.5 38 39 48.82500444480218 0.1313905902930534
1.25 1.5 39 40 47.73015837248323 0.1260487082950561
1.25 1.5 40 41 46.59738665382008 0.120989689041421
1.25 1.5 41 42 45.43931266745153 0.1161944294968238
1.25 1.5 42 43 44.26636765638699 0.1116454251387641
1.25 1.5 43 44 43.08715240612793 0.1073266095978563
1.25 1.5 44 45 41.90873700178139 0.1032232136185822
1.25 1.5 45 46 40.73575452757342 0.09966813887838762
1.25 1.5 46 47 39.57509003290718 0.09794571273697425
1.25 1.5 47 48 38.42939511859399 0.09823540914837692
1.25 1.5 48 49 37.30173003724028 0.1004382544547514
1.25 1.5 49 50 36.19432403640405 0.1032978898473157
1.5 1.75 0 1 4965.094750783765 0.9901895271747992
1.5 1.75 1 2 -2320.43175729001 0.8770744770429346
1.5 1.75 2 3 -5441.141567908427 1.779197937407023
1.5 1.75 3 4 -4274.597272298657 1.713424243553423
1.5 1.75 4 5 -3110.183700279682 1.523672663516618
1.5 1.75 5 6 -2248.602451190325 1.334467090554181
1.5 1.75 6 7 -1637.670931158841 1.169565851753204
1.5 1.75 7 8 -1203.826152008437 1.030595207217742
1.5 1.75 8 9 -891.8266535746552 0.9139272056994472
1.5 1.75 9 10 -664.0133832760007 0.8172408612165114
1.5 1.75 10 11 -495.1298228340715 0.733898193043072
1.5 1.75 11 12 -368.3343801896385 0.663182349075824
1.5 1.75 12 13 -272.02038994401 0.6022480102915106
1.5 1.75 13 14 -198.1464611282868 0.5493176919766591
1.5 1.75 14 15 -141.0283975804155 0.5029993824068441
1.5 1.75 15 16 -96.58151199724693 0.4621946841492824
1.5 1.75 16 17 -61.82529710783228 0.4260288133993466
1.5 1.75 17 18 -34.55429568232989 0.3937982711951611
1.5 1.75 18 19 -13.11569136529897 0.3649318644824437
1.5 1.75 19 20 3.743485364481103 0.3389615682150413
1.5 1.75 20 21 16.98299150188814 0.3155005825617112
1.5 1.75 21 22 27.34489975899874 0.2942266689738777
1.5 1.75 22 23 35.4078368310885 0.2748693696787693
1.5 1.75 23 24 41.62643344175513 0.2572001164727251
1.5 1.75 24 25 46.3603593968179 0.2410245032746544
1.5 1.75 25 26 49.8959277374812 0.2261761960722271
1.5 1.75 26 27 52.46233275404882 0.2125120915308989
1.5 1.75 27 28 54.24396896030385 0.1999084389927591
1.5 1.75 28 29 55.38985782908651 0.1882577086944809
1.5 1.75 29 30 56.02091902478753 0.1774660470601701
1.5 1.75 30 31 56.23562064944156 0.1674511921758278
1.5 1.75 31 32 56.11440005478607 0.1581407586591568
1.5 1.75 32 33 55.72314480550824 0.1494708151499455
1.5 1.75 33 34 55.11594986921159 0.1413847002611112
1.5 1.75 34 35 54.3373135771655 0.1338320300774162
1.5 1.75 35 36 53.4238955934768 0.1267678633191125
1.5 1.75 36 37 52.40593097420549 0.1201519951501457
1.5 1.75 37 38 51.30837270688909 0.1139483577974007
1.5 1.75 38 39 50.1518187087616 0.1081245079179004
1.5 1.75 39 40 48.95326684486577 0.1026511900143413
1.5 1.75 40 41 47.72673220673158 0.09750195844081941
1.5 1.75 41 42 46.48375335952176 0.09265285403320031
1.5 1.75 42 43 45.23380897498538 0.08808212179135975
1.5 1.75 43 44 43.984661658368 0.08376996731516945
1.5 1.75 44 45 42.74264249638696 0.07969834450660863
1.5 1.75 45 46 41.5117598335807 0.07656611102663652
1.5 1.75 46 47 40.29827613540479 0.0769865819578065
1.5 1.75 47 48 39.10435809547539 0.08104860273682186
1.5 1.75 48 49 37.93261079675534 0.08809828243149287
1.5 1.75 49 50 36.78487128637192 0.09554742987989488
1.75 2 0 1 4503.781220403268 1.070353248273042
1.75 2 1 2 -2705.783944142453 2.799865225825826
1.75 2 2 3 -5410.81099636904 2.766807805085532
1.75 2 3 4 -4200.926994400523 2.252796516087946
1.75 2 4 5 -3043.547514146029 1.84758176519003
1.75 2 5 6 -2195.050662325475 1.547106054749155
1.75 2 6 7 -1595.789457481805 1.320178275230974
1.75 2 7 8 -1171.221886541974 1.143805868080816
1.75 2 8 9 -866.3528369613391 1.004132236294947
1.75 2 9 10 -643.9768529174298 0.8896074422733694
1.75 2 10 11 -479.3615889465977 0.7953118214075416
1.75 2 11 12 -355.8655960797989 0.715863442238054
1.75 2 12 13 -262.1414741296485 0.6481727882486953
1.75 2 13 14 -190.3150012238445 0.5898644826764924
1.75 2 14 15 -134.8255604388539 0.5391637942462451
1.75 2 15 16 -91.68077050813349 0.4947179049091693
1.75 2 16 17 -57.96985462759267 0.4554771913162719
1.75 2 17 18 -31.54062012970826 0.4206144409353516
1.75 2 18 19 -10.78136313409777 0.3894686371042514
1.75 2 19 20 5.52884986459685 0.3615050280560396
1.75 2 20 21 18.32459762561166 0.3362862271004284
1.75 2 21 22 28.32801207475507 0.3134509373328539
1.75 2 22 23 36.1018187353568 0.2926980466300477
1.75 2 23 24 42.08789096139094 0.2737745691254034
1.75 2 24 25 46.63560775550854 0.2564663863797402
1.75 2 25 26 50.02294079721594 0.2405910554163732
1.75 2 26 27 52.47229396541354 0.2259921618650481
1.75 2 27 28 54.16251266823645 0.2125348439562955
1.75 2 28 29 55.23806813533679 0.2001022117807795
1.75 2 29 30 55.81613751019995 0.1885924591326511
1.75 2 30 31 55.99210244727635 0.1779165160865043
1.75 2 31 32 55.84384891431154 0.167996127156032
1.75 2 32 33 55.43515108557347 0.1587622679165397
1.75 2 33 34 54.81835028797366 0.1501538317347303
1.75 2 34 35 54.0364876145232 0.1421165340405425
1.75 2 35 36 53.1250103943687 0.1346019944489394
1.75 2 36 37 52.11314422876256 0.1275669621519884
1.75 2 37 38 51.02500111846098 0.1209726602014702
1.75 2 38 39 49.88047819129508 0.1147842278341334
1.75 2 39 40 48.69598942413904 0.1089702437862652
1.75 2 40 41 47.48506367034776 0.1035023168842584
1.75 2 41 42 46.25883495901991 0.09835473487282083
1.75 2 42 43 45.02644587800268 0.09350415897131571
1.75 2 43 44 43.79538037387948 0.08892936072567058
1.75 2 44 45 42.57173909890236 0.08461099197292327
1.75 2 45 46 41.35938140054535 0.08135445760860689
1.75 2 46 47 40.164334242449 0.08156995743131173
1.75 2 47 48 38.98867827001325 0.08528179383714932
1.75 2 48 49 37.83491554490692 0.09184746190118839
1.75 2 49 50 36.70479220546378 0.09877477289762061
2 2.25 0 1 4004.694968471083 1.034551235793185
2 2.25 1 2 -3101.84618465007 0.8515372852734644
2 2.25 2 3 -5350.063828350629 1.655336960226968
2 2.25 3 4 -4080.616521400119 1.533581300333053
2 2.25 4 5 -2924.973436179333 1.353766206209172
2 2.25 5 6 -2090.343761845872 1.19446311927768
2 2.25 6 7 -1506.225639734767 1.060619007683331
2 2.25 7 8 -1095.338561166783 0.9479228643751902
2 2.25 8 9 -802.1371476935369 0.8528474530451151
2 2.25 9 10 -589.5120197197125 0.7711927067763918
2 2.25 10 11 -432.9990051625059 0.7008136909476584
2 2.25 11 12 -316.2324167187271 0.6395904659259261
2 2.25 12 13 -228.1143801186713 0.585948388726759
2 2.25 13 14 -160.9777926875925 0.5386437167539305
2 2.25 14 15 -109.4303450184664 0.496683256302532
2 2.25 15 16 -69.61504880008033 0.4592656666684865
2 2.25 16 17 -38.72977745661638 0.4257381632117275
2 2.25 17 18 -14.70966003266039 0.3955642298003568
2 2.25 18 19 3.986576496492717 0.3682992662955669
2 2.25 19 20 18.52279659287979 0.343572022944394
2 2.25 20 21 29.78710230232537 0.3210702954080157
2 2.25 21 22 38.46357787422403 0.3005298032719054
2 2.25 22 23 45.08364037995386 0.2817254577812008
2 2.25 23 24 50.06327056591726 0.2644644526297441
2 2.25 24 25 53.7303300598428 0.2485807512531667
2 2.25 25 26 56.34482621274447 0.2339306559446853
2 2.25 26 27 58.11409865455505 0.2203892205446176
2 2.25 27 28 59.20430731317833 0.2078473279068342
2 2.25 28 29 59.74919832097521 0.1962092924632304
2 2.25 29 30 59.85684660436846 0.1853908822098205
2 2.25 30 31 59.61488087301399 0.1753176780938889
2 2.25 31 32 59.09456055420867 0.1659237048487726
2 2.25 32 33 58.35397731839669 0.1571502829738525
2 2.25 33 34 57.4405841465105 0.1489450622540731
2 2.25 34 35 56.39320424927405 0.1412612027695277
2 2.25 35 36 55.24363504786032 0.1340566795003571
2 2.25 36 37 54.01793496480423 0.12729368869506
2 2.25 37 38 52.7374603909023 0.1209381385608795
2 2.25 38 39 51.4197048021644 0.1149592122164622
2 2.25 39 40 50.07898037922911 0.1093289898134466
2 2.25 40 41 48.72697378603573 0.1040221214937752
2 2.25 41 42 47.37320073859308 0.09901554321755079
2 2.25 42 43 46.02537906993143 0.09428822935488614
2 2.25 43 44 44.68973574289288 0.08982097627790774
2 2.25 44 45 43.37126019205709 0.08559621248682206
2 2.25 45 46 42.07285647279676 0.08225212190416073
2 2.25 46 47 40.79962461351604 0.08217329927431126
2 2.25 47 48 39.55289745594368 0.08542407606608267
2 2.25 48 49 38.33448589671229 0.09138736250847405
2 2.25 49 50 37.14552538931645 0.09769848973396102
2.25 2.5 0 1 3481.301318378 1.663138059772204
2.25 2.5 1 2 -3496.093267726852 0.9613194674274494
2.25 2.5 2 3 -5256.963210500484 1.697621630332415
2.25 2.5 3 4 -3938.652758129318 1.56433372665694
2.25 2.5 4 5 -2797.136650250518 1.378709696287983
2.25 2.5 5 6 -1985.017581723577 1.240658947133694
2.25 2.5 6 7 -1421.340474049341 1.112525923637413
2.25 2.5 7 8 -1027.134752163257 0.9992948407028851
2.25 2.5 8 9 -747.1530410492428 0.9004549929049422
2.25 2.5 9 10 -544.9462657821232 0.8149188963641567
2.25 2.5 10 11 -396.6751394843914 0.7404805694238733
2.25 2.5 11 12 -286.472061346486 0.6754737331936495
2.25 2.5 12 13 -203.6208462704985 0.618415622796739
2.25 2.5 13 14 -140.7425243964642 0.5680729768472954
2.25 2.5 14 15 -92.66233255096222 0.5234294898790935
2.25 2.5 15 16 -55.68851181342711 0.4836486962879477
2.25 2.5 16 17 -27.14547966519467 0.4480403619683497
2.25 2.5 17 18 -5.066171103106399 0.4160323743028783
2.25 2.5 18 19 12.01439707595227 0.3871479940054918
2.25 2.5 19 20 25.20005665750716 0.3609876954709034
2.25 2.5 20 21 35.33127798995861 0.3372147366403714
2.25 2.5 21 22 43.05406210978754 0.3155436897834374
2.25 2.5 22 23 48.86916110929542 0.2957313004516374
2.25 2.5 23 24 53.16770274762416 0.2775691716368461
2.25 2.5 24 25 56.25728509957969 0.2608778790721302
2.25 2.5 25 26 58.38130250541781 0.2455022133113192
2.25 2.5 26 27 59.73340496306537 0.231307310427024
2.25 2.5 27 28 60.46841849004886 0.2181754892720991
2.25 2.5 28 29 60.71066461020803 0.2060036508222055
2.25 2.5 29 30 60.56034944655198 0.1947011296788227
2.25 2.5 30 31 60.09850700208642 0.1841879088580664
2.25 2.5 31 32 59.39085025546336 0.1743931294696082
2.25 2.5 32 33 58.4907906330468 0.1652538415753022
2.25 2.5 33 34 57.44181955782705 0.1567139499024381
2.25 2.5 34 35 56.27939725680716 0.1487233236988856
2.25 2.5 35 36 55.03245849896786 0.1412370386624575
2.25 2.5 36 37 53.72461869040103 0.1342147310221868
2.25 2.5 37 38 52.37514429126855 0.1276200438146242
2.25 2.5 38 39 50.99973684183175 0.1214201517892599
2.25 2.5 39 40 49.61116881465841 0.1155853505308435
2.25 2.5 40 41 48.21980123817394 0.1100887018572073
2.25 2.5 41 42 46.83400636179647 0.1049057251006959
2.25 2.5 42 43 45.4605139541211 0.1000141293765615
2.25 2.5 43 44 44.10469579757398 0.09539357878853208
2.25 2.5 44 45 42.77080003307424 0.09102548717216424
2.25 2.5 45 46 41.46113100169518 0.08721668393514061
2.25 2.5 46 47 40.18014565970594 0.08516353239225152
2.25 2.5 47 48 38.92873415219279 0.08499943030445904
2.25 2.5 48 49 37.70828381786012 0.08656418352951553
2.25 2.5 49 50 36.51956171401372 0.09209889107949629
2.5 2.75 0 1 2902.132647664934 2.18724266514537
2.5 2.75 1 2 -3931.301836883003 1.111132160303039
2.5 2.75 2 3 -5167.329558998312 2.750221181606265
2.5 2.75 3 4 -3791.54931052739 2.640032908308139
2.5 2.75 4 5 -2659.549388189126 2.320386856386957
2.5 2.75 5 6 -1867.658903109115 2.017745846167283
2.5 2.75 6 7 -1323.640540294794 1.761538340699272
2.5 2.75 7 8 -946.2041926769448 1.549057941333019
2.5 2.75 8 9 -679.9887032807246 1.372180779527314
2.5 2.75 9 10 -488.9591415279729 1.22418494447996
2.5 2.75 10 11 -349.7617429260058 1.098984624217903
2.5 2.75 11 12 -246.9526544446273 0.9921283515634477
2.5 2.75 12 13 -170.1600666250511 0.9001310531161578
2.5 2.75 13 14 -112.276446081165 0.8202916424083718
2.5 2.75 14 15 -68.33903677781404 0.7504991377408635
2.5 2.75 15 16 -34.82161011945209 0.6890873566441902
2.5 2.75 16 17 -9.1783173438007 0.6347277086708074
2.5 2.75 17 18 10.45564151015196 0.5863501910340397
2.5 2.75 18 19 25.46410492717257 0.5430848576435224
2.5 2.75 19 20 36.88607824540634 0.5042180969191074
2.5 2.75 20 21 45.50989243223194 0.4691596611844284
2.5 2.75 21 22 51.93934058272032 0.4374175592146885
2.5 2.75 22 23 56.64079539903116 0.4085787492691224
2.5 2.75 23 24 59.9772184905745 0.3822941521936674
2.5 2.75 24 25 62.23300557142352 0.3582669133261328
2.5 2.75 25 26 63.63233916845616 0.3362431286556375
2.5 2.75 26 27 64.35288469935472 0.3160044597548692
2.5 2.75 27 28 64.53610819538994 0.2973622062469801
2.5 2.75 28 29 64.29511698201009 0.2801525150765937
2.5 2.75 29 30 63.72066607079546 0.2642324807701488
2.5 2.75 30 31 62.88579380740219 0.2494769517333423
2.5 2.75 31 32 61.84942435095803 0.235775897929268
2.5 2.75 32 33 60.65918520128116 0.2230322294503864
2.5 2.75 33 34 59.35362392820952 0.211159978782159
2.5 2.75 34 35 57.96396184559427 0.2000827780343947
2.5 2.75 35 36 56.51548847962027 0.1897325777757123
2.5 2.75 36 37 55.02867567134433 0.1800485635245666
2.5 2.75 37 38 53.52007164081198 0.1709762357305595
2.5 2.75 38 39 52.0030214066864 0.1624666255279731
2.5 2.75 39 40 50.48824946795935 0.1544756231513315
2.5 2.75 40 41 48.98433282326346 0.1469634009187774
2.5 2.75 41 42 47.49808610640568 0.1398939162015553
2.5 2.75 42 43 46.03487620074284 0.133234480360871
2.5 2.75 43 44 44.59887991215729 0.1269553857794524
2.5 2.75 44 45 43.19329554099778 0.1210295803267757
2.5 2.75 45 46 41.8195448386698 0.1156551046372131
2.5 2.75 46 47 40.48118847143633 0.1116495133369851
2.5 2.75 47 48 39.17843874037234 0.1091266154022289
2.5 2.75 48 49 37.91204676384373 0.1080261119653757
2.5 2.75 49 50 36.68221418004646 0.1075321923460766
2.75 3 0 1 2266.666805029911 1.675421649611499
2.75 3 1 2 -4357.784385250646 4.400051020727133
2.75 3 2 3 -5021.918170939787 5.920828752106885
2.75 3 3 4 -3592.593157434762 5.056026240064284
2.75 3 4 5 -2479.778423661163 4.203260487107238
2.75 3 5 6 -1717.28557865937 3.525017325664925
2.75 3 6 7 -1200.345584573013 2.995825220552928
2.75 3 7 8 -845.4159962210697 2.578579429764849
2.75 3 8 9 -597.3528175541073 2.244010696791176
2.75 3 9 10 -420.860486527193 1.971640210444309
2.75 3 10 11 -293.3257519667416 1.746509979471848
2.75 3 11 12 -199.9229801399251 1.558031012038613
2.75 3 12 13 -130.7673109217583 1.398429154033921
2.75 3 13 14 -79.12712276488219 1.26191848328084
2.75 3 14 15 -40.32852960820128 1.144119886236671
2.75 3 15 16 -11.06783211463971 1.041666890397242
2.75 3 16 17 11.02840713197861 0.9519342659192089
2.75 3 17 18 27.69044263669446 0.8728480209843746
2.75 3 18 19 40.19630495295553 0.8027501692744818
2.75 3 19 20 49.50114592955845 0.7403009525821159
2.75 3 20 21 56.32634267076196 0.6844070918138715
2.75 3 21 22 61.2218456119848 0.6341684088014933
2.75 3 22 23 64.61043642504262 0.5888376055437157
2.75 3 23 24 66.81956215337743 0.5477895979229431
2.75 3 24 25 68.10451275844616 0.5104978772812585
2.75 3 25 26 68.66548531681144 0.4765161036176398
2.75 3 26 27 68.66027701664905 0.4454636371985528
2.75 3 27 28 68.21381636791261 0.4170140657012752
2.75 3 28 29 67.42538295358827 0.3908860323806649
2.75 3 29 30 66.37412044000615 0.3668358476750286
2.75 3 30 31 65.12327779131294 0.3446514950258216
2.75 3 31 32 63.72349460070222 0.3241477348759105
2.75 3 32 33 62.21536222615697 0.3051620812554248
2.75 3 33 34 60.63143217950056 0.2875514751018232
2.75 3 34 35 58.99779968996046 0.2711895191165847
2.75 3 35 36 57.33535863579306 0.2559641667865133
2.75 3 36 37 55.66080069636752 0.2417757815522179
2.75 3 37 38 53.98741432709573 0.2285354995816581
2.75 3 38 39 52.32572621434062 0.2161638420033153
2.75 3 39 40 50.68401813820941 0.2045895339307435
2.75 3 40 41 49.06874493124616 0.1937484953405783
2.75 3 41 42 47.48487340695462 0.1835829758388063
2.75 3 42 43 45.93615805919899 0.1740408095643979
2.75 3 43 44 44.42536586946181 0.1650747718515174
2.75 3 44 45 42.9544600350095 0.1566420216699213
2.75 3 45 46 41.5238282690149 0.1488598961505722
2.75 3 46 47 40.13597639390875 0.1422877106484112
2.75 3 47 48 38.79032841053251 0.1370058619626602
2.75 3 48 49 37.48689624697914 0.1329861394941068
2.75 3 49 50 36.22522390755407 0.1296537696516285
3 3.25 0 1 1577.956571377275 1.190027601971525
3 3.25 1 2 -4707.832245527051 9.187885287398919
3 3.25 2 3 -4771.406156515825 9.632299469826107
3 3.25 3 4 -3312.410878943277 7.83637918020566
3 3.25 4 5 -2240.588776581174 6.359156362719533
3 3.25 5 6 -1523.778667098787 5.249524095936683
3 3.25 6 7 -1045.599958340141 4.409571692221356
3 3.25 7 8 -721.5397930496465 3.760192236434308
3 3.25 8 9 -497.6714774649392 3.247088293096004
3 3.25 9 10 -340.1401980431669 2.8339635943825
3 3.25 10 11 -227.5483382860643 2.495662819754395
3 3.25 11 12 -146.0143823645299 2.214643448756007
3 3.25 12 13 -86.36461906922932 1.978286154325175
3 3.25 13 14 -42.39990711265614 1.777330446861677
3 3.25 14 15 -9.846192520570639 1.604847111814079
3 3.25 15 16 14.29788742171013 1.455559934249288
3 3.25 16 17 32.17514546661755 1.325387971428015
3 3.25 17 18 45.33826737453489 1.211130126145135
3 3.25 18 19 54.92729155785537 1.110243519710861
3 3.25 19 20 61.78917166425708 1.020684966979513
3 3.25 20 21 66.55972806554735 0.9407957190776817
3 3.25 21 22 69.7207205176079 0.8692164026095491
3 3.25 22 23 71.64017883056977 0.8048233782802426
3 3.25 23 24 72.60128605734349 0.7466805240198346
3 3.25 24 25 72.82331837877859 0.6940022793953023
3 3.25 25 26 72.47699761115138 0.6461250180515141
3 3.25 26 27 71.69586390096038 0.602484652071303
3 3.25 27 28 70.58478048185492 0.5625989510615444
3 3.25 28 29 69.22634947223202 0.5260534647715236
3 3.25 29 30 67.68579079808438 0.4924902257809363
3 3.25 30 31 66.01467999958521 0.4615986166930386
3 3.25 31 32 64.25383143169546 0.4331079355217206
3 3.25 32 33 62.43553630502339 0.4067813052030119
3 3.25 33 34 60.58531006099895 0.3824106529440854
3 3.25 34 35 58.7232639874864 0.3598125486258213
3 3.25 35 36 56.86518720721469 0.3388247365435837
3 3.25 36 37 55.02340406702808 0.3193032298650662
3 3.25 37 38 53.20745640221975 0.3011198655656923
3 3.25 38 39 51.42464850963648 0.2841602370244321
3 3.25 39 40 49.68048394315639 0.2683219384187831
3 3.25 40 41 47.97901677183151 0.2535130682026817
3 3.25 41 42 46.32313475956522 0.2396509481484854
3 3.25 42 43 44.71478829589191 0.226661022787057
3 3.25 43 44 43.15517585738823 0.2144759110454598
3 3.25 44 45 41.64489452151824 0.2030345855903431
3 3.25 45 46 40.1832068796418 0.1923893718546283
3 3.25 46 47 38.77143877566238 0.1829009781167966
3 3.25 47 48 37.40817155884528 0.1746062276570228
3 3.25 48 49 36.09262036839309 0.1674748186119799
3 3.25 49 50 34.82362295985375 0.1610998871674557
3.25 3.5 0 1 862.5210622546469 0.431576533227455
3.25 3.5 1 2 -4872.029977967866 18.47742252175303
3.25 3.5 2 3 -4353.259655979386 14.72855113114109
3.25 3.5 3 4 -2916.794751732003 11.13532406020041
3.25 3.5 4 5 -1923.455333096885 8.687483670257514
3.25 3.5 5 6 -1277.513150124509 6.983125114732138
3.25 3.5 6 7 -854.9653884564764 5.748221754874778
3.25 3.5 7 8 -573.2253659197722 4.82141169846269
3.25 3.5 8 9 -381.4564931788807 4.105234895767637
3.25 3.5 9 10 -248.4343038417908 3.538606099874934
3.25 3.5 10 11 -154.7334976638513 3.081325652666248
3.25 3.5 11 12 -87.91111465785548 2.70616823159992
3.25 3.5 12 13 -39.83228926526976 2.394051216141549
3.25 3.5 13 14 -5.052128997570662 2.131248790183135
3.25 3.5 14 15 20.1506808182944 1.907658657878806
3.25 3.5 15 16 38.36790384672179 1.715695072865749
3.25 3.5 16 17 51.43529606264997 1.549560979110664
3.25 3.5 17 18 60.67273752493429 1.40475692931452
3.25 3.5 18 19 67.04184803122678 1.277742076411325
3.25 3.5 19 20 71.25146072316613 1.165695309228413
3.25 3.5 20 21 73.82946835308678 1.066343833514948
3.25 3.5 21 22 75.17256491793262 0.9778381041386659
3.25 3.5 22 23 75.58119795553841 0.8986592000241683
3.25 3.5 23 24 75.284463192278 0.8275492866447237
3.25 3.5 24 25 74.45805611046347 0.7634587594694232
3.25 3.5 25 26 73.23736381158767 0.7055056069580199
3.25 3.5 26 27 71.72711195778004 0.6529438402485086
3.25 3.5 27 28 70.00854085884498 0.6051387281990835
3.25 3.5 28 29 68.14479014102199 0.5615471972257563
3.25 3.5 29 30 66.18497147423966 0.5217021893635695
3.25 3.5 30 31 64.16727163580674 0.4852000826650345
3.25 3.5 31 32 62.12133268624933 0.4516905016918887
3.25 3.5 32 33 60.07008892210578 0.4208680078367615
3.25 3.5 33 34 58.03119260002754 0.3924652803168294
3.25 3.5 34 35 56.01812620905858 0.3662474870357479
3.25 3.5 35 36 54.04107428726473 0.3420076117531702
3.25 3.5 36 37 52.10760967316531 0.3195625549075607
3.25 3.5 37 38 50.22323578240139 0.2987498636347992
3.25 3.5 38 39 48.39181658563291 0.2794249768501695
3.25 3.5 39 40 46.6159185590455 0.2614588937531773
3.25 3.5 40 41 44.89708340887884 0.2447361926668064
3.25 3.5 41 42 43.23604600120663 0.2291533403648144
3.25 3.5 42 43 41.63290887753064 0.2146172445177948
3.25 3.5 43 44 40.08728219903452 0.2010440091511965
3.25 3.5 44 45 38.59839606168191 0.1883578613781878
3.25 3.5 45 46 37.16442877231586 0.1765907644908484
3.25 3.5 46 47 35.78549597767336 0.1660701661944927
3.25 3.5 47 48 34.45939882687603 0.1568303290722274
3.25 3.5 48 49 33.1845976566777 0.1488446938197284
3.25 3.5 49 50 31.95927094283127 0.1417290814271364
3.5 3.75 0 1 194.708470258646 1.610512073349035
3.5 3.75 1 2 -4685.165175078297 24.62307668706182
3.5 3.75 2 3 -3701.924734336934 16.25931023451366
3.5 3.75 3 4 -2379.979480513003 11.49526957492466
3.5 3.75 4 5 -1520.445479692715 8.621925659690575
3.5 3.75 5 6 -978.8724786701314 6.739197055550088
3.5 3.75 6 7 -632.7195663982732 5.426676375196635
3.5 3.75 7 8 -406.4850424559622 4.468543402596303
3.5 3.75 8 9 -255.3671778801831 3.743921951873448
3.5 3.75 9 10 -152.4929519103418 3.180577932090542
3.5 3.75 10 11 -81.44028848949824 2.732660385593924
3.5 3.75 11 12 -31.84361371326463 2.369915197026999
3.5 3.75 12 13 2.987557423201679 2.071587813417477
3.5 3.75 13 14 27.47982973798514 1.823010664411093
3.5 3.75 14 15 44.62606670532193 1.613548370258642
3.5 3.75 15 16 56.48923936440951 1.435317404381437
3.5 3.75 16 17 64.51583954542764 1.282361206032203
3.5 3.75 17 18 69.73543098774087 1.15010312412323
3.5 3.75 18 19 72.89049323041706 1.034974317704793
3.5 3.75 19 20 74.52261306715315 0.9341549469459892
3.5 3.75 20 21 75.03075178980714 0.8453905571670357
3.5 3.75 21 22 74.71129332824074 0.7668594794258369
3.5 3.75 22 23 73.78598744367213 0.6970755333846758
3.5 3.75 23 24 72.4217150630891 0.6348155967088653
3.5 3.75 24 25 70.74464386540797 0.579064974156795
3.5 3.75 25 26 68.85048146848749 0.5289756962438464
3.5 3.75 26 27 66.81197888490595 0.4838343362837921
3.5 3.75 27 28 64.68447340726135 0.4430369216879083
3.5 3.75 28 29 62.51001838904131 0.4060691923582044
3.5 3.75 29 30 60.32048421251051 0.3724909327403458
3.5 3.75 30 31 58.13990333940768 0.3419234367487438
3.5 3.75 31 32 55.98625517617216 0.3140394043515484
3.5 3.75 32 33 53.87283252063008 0.2885547417845865
3.5 3.75 33 34 51.80929320687579 0.2652218631720788
3.5 3.75 34 35 49.80247330486978 0.2438241861052252
3.5 3.75 35 36 47.85701858283011 0.2241715821394011
3.5 3.75 36 37 45.97587664959192 0.2060965976048635
3.5 3.75 37 38 44.16068174659063 0.1894512983144985
3.5 3.75 38 39 42.41205640090558 0.1741046238136015
3.5 3.75 39 40 40.72984839254791 0.1599401598116315
3.5 3.75 40 41 39.11331724916451 0.1468542555586262
3.5 3.75 41 42 37.56128111102318 0.1347544286733766
3.5 3.75 42 43 36.07223246496974 0.1235580094838045
3.5 3.75 43 44 34.64442931897511 0.1131909879680653
3.5 3.75 44 45 33.27596693126998 0.103587032577116
3.5 3.75 45 46 31.96420112254955 0.09483372877029923
3.5 3.75 46 47 30.70818638354808 0.08746836546076815
3.5 3.75 47 48 29.50519166464832 0.08161729380167489
3.5 3.75 48 49 28.35312605100712 0.07729727021677987
3.5 3.75 49 50 27.24970826179019 0.07396874574787959
3.75 4 0 1 -319.1798352558622 1.819475835057311
3.75 4 1 2 -4019.460685576182 28.11271017645505
3.75 4 2 3 -2804.041879695749 13.03923399965879
3.75 4 3 4 -1711.993936026313 7.611335781089749
3.75 4 4 5 -1047.308013141307 4.954402569510927
3.75 4 5 6 -644.2955862592992 3.437274536405945
3.75 4 6 7 -394.2767635510786 2.485163534070067
3.75 4 7 8 -235.181319174319 1.848221299927666
3.75 4 8 9 -131.6467004910792 1.402224464770798
3.75 4 9 10 -63.04614390581798 1.079124150132368
3.75 4 10 11 -17.04491916745746 0.8391739735057048
3.75 4 11 12 13.99824165310667 0.6577326871389018
3.75 4 12 13 34.9350871214366 0.5189405995832757
3.75 4 13 14 48.92730797707031 0.4122957560656863
3.75 4 14 15 58.08192900798008 0.3307107454210903
3.75 4 15 16 63.83101056788746 0.2835009308284652
3.75 4 16 17 67.16466160995822 0.2610331707828187
3.75 4 17 18 68.77760884968581 0.2409231453882006
3.75 4 18 19 69.16350720733402 0.2228494216332719
3.75 4 19 20 68.67689105351525 0.2065440914960172
3.75 4 20 21 67.57463745340755 0.1917824513055637
3.75 4 21 22 66.04418953763155 0.1783748939819121
3.75 4 22 23 64.22306248558067 0.1661605022788966
3.75 4 23 24 62.212511112236 0.1680607705162865
3.75 4 24 25 60.08722603596217 0.1718671221161191
3.75 4 25 26 57.9022898058347 0.1755270399868705
3.75 4 26 27 55.6982179792644 0.1788128950265349
3.75 4 27 28 53.50464578719112 0.1816168499853812
3.75 4 28 29 51.34304650861819 0.1839015987186391
3.75 4 29 30 49.22875065091733 0.1856701121400671
3.75 4 30 31 47.1724556787704 0.1869473690629289
3.75 4 31 32 45.18136141646497 0.1877694390831595
3.75 4 32 33 43.26002829908532 0.1881770284809434
3.75 4 33 34 41.41102898671213 0.1882117275975242
3.75 4 34 35 39.63544492869961 0.1879138928695661
3.75 4 35 36 37.93324590318235 0.1873215165140769
3.75 4 36 37 36.30358076245132 0.1864696906664449
3.75 4 37 38 34.74500049326684 0.1853904247303497
3.75 4 38 39 33.25562945284508 0.1841126687148227
3.75 4 39 40 31.83329676677633 0.1826624513201902
3.75 4 40 41 30.47563704457896 0.1810630778756612
3.75 4 41 42 29.18016733429859 0.1793353535139005
3.75 4 42 43 27.94434568468549 0.177497812076284
3.75 4 43 44 26.76561543995633 0.1755669385619597
3.75 4 44 45 25.64143842691572 0.1735573790035681
3.75 4 45 46 24.56885020864925 0.1715380832760328
3.75 4 46 47 23.54621429941293 0.1697161868544298
3.75 4 47 48 22.57070848491467 0.1681062323045083
3.75 4 48 49 21.64006819415275 0.1666885778037185
3.75 4 49 50 20.75191411710869 0.165295060744087
4 5 0 1 -1008.369130030232 2.797370772642489
4 5 1 2 -4434.410794999575 7.313316789718139
4 5 2 3 -2550.629175614748 5.475572911211586
4 5 3 4 -1398.142831464563 4.121771849783756
4 5 4 5 -770.0340603166269 3.080513469438166
4 5 5 6 -416.6557564693196 2.321361536512483
4 5 6 7 -211.3168064198292 1.809789971517322
4 5 7 8 -88.78359873806062 1.46359340550304
4 5 8 9 -14.26284381937126 1.220271653069693
4 5 9 10 31.46356178854842 1.040437450067775
4 5 10 11 59.36573618349564 0.9027043289144914
4 5 11 12 76.0216271006168 0.7956712379207611
4 5 12 13 85.45669083801079 0.7097047963114091
4 5 13 14 90.18416959233275 0.6384788800059272
4 5 14 15 91.81585572517832 0.579054095278285
4 5 15 16 91.41534809637017 0.5293167699495062
4 5 16 17 89.6949611152009 0.48692664399983
4 5 17 18 87.13368049065167 0.4499225767632964
4 5 18 19 84.05512243454251 0.4171534266432319
4 5 19 20 80.67992605335456 0.3880205860029541
4 5 20 21 77.15970715955589 0.3620748297273261
4 5 21 22 73.59866891395913 0.3388522601427661
4 5 22 23 70.06775167664551 0.31790483232253
4 5 23 24 66.61437077782 0.2988633434453654
4 5 24 25 63.26933729636497 0.281454740073022
4 5 25 26 60.0517979289809 0.2654800269030165
4 5 26 27 56.97272767394134 0.2507833192887807
4 5 27 28 54.03738099419729 0.2372307049550136
4 5 28 29 51.24701523323779 0.2247014874788981
4 5 29 30 48.6001142745008 0.2130868356112149
4 5 30 31 46.09326786262889 0.2022906235134299
4 5 31 32 43.72180895603744 0.1922296837103913
4 5 32 33 41.48027688507544 0.1828328472376876
4 5 33 34 39.3627527726224 0.1740391899093404
4 5 34 35 37.36310045866715 0.1657960902529476
4 5 35 36 35.475137471102 0.158057511797718
4 5 36 37 33.69275442111658 0.1507826707085941
4 5 37 38 32.00999659889175 0.1439350791468474
4 5 38 39 30.42111800495017 0.1374818790038467
4 5 39 40 28.92061537286185 0.1313933683973756
4 5 40 41 27.50324776412093 0.1256426437522358
4 5 41 42 26.16404576645878 0.1202053079054552
4 5 42 43 24.89831328481255 0.1150592147985832
4 5 43 44 23.70162412921076 0.1101842388682114
4 5 44 45 22.56981497887766 0.105562063957783
4 5 45 46 21.49852001591991 0.1015688268037919
4 5 46 47 20.48460249058047 0.09961100848079153
4 5 47 48 19.52421298252537 0.09967199814799384
4 5 48 49 18.61417907136089 0.1013260027476598
4 5 49 50 17.75109326176985 0.1033537836898668
-5 5 0 50 -530219.6309737634 92.50916247035184
