#ylo yhi qTlo qThi PDF0  uncertainty
-5 -4 0 1 -1012.224232080591 2.875190374699053
-5 -4 1 2 -4435.929093877583 7.27122349451059
-5 -4 2 3 -2547.049476710072 5.469051477706008
-5 -4 3 4 -1393.399106777045 4.078294673681039
-5 -4 4 5 -765.5889664214646 3.027515826503927
-5 -4 5 6 -412.9318144303568 2.281713167246704
-5 -4 6 7 -208.3194725272233 1.784335736663851
-5 -4 7 8 -86.40813906675226 1.448020925574313
-5 -4 8 9 -12.39234550481342 1.211405926978397
-5 -4 9 10 32.9338496143622 1.036040150936934
-5 -4 10 11 60.52191233948213 0.9017793653404073
-5 -4 11 12 76.92837813634935 0.7972522890851667
-5 -4 12 13 86.16523545613859 0.7129104097019362
-5 -4 13 14 90.73389572697613 0.6426301644742004
-5 -4 14 15 92.23754689806697 0.5837646027426741
-5 -4 15 16 91.7332497241847 0.5343428317318207
-5 -4 16 17 89.92831551760003 0.4920728035099727
-5 -4 17 18 87.29789184353871 0.4550364358812806
-5 -4 18 19 84.16262896129518 0.4221345100195087
-5 -4 19 20 80.74084384717264 0.3928114330724485
-5 -4 20 21 77.18230971550204 0.3666446518660108
-5 -4 21 22 73.58975336947483 0.3431850461002297
-5 -4 22 23 70.03292487753387 0.321993639354529
-5 -4 23 24 66.55827525206271 0.3027078169604543
-5 -4 24 25 63.19583043196212 0.2850594661178774
-5 -4 25 26 59.96409444552452 0.2688529853518864
-5 -4 26 27 56.87351349391631 0.2539345288477731
-5 -4 27 28 53.92890492073786 0.2401712198841416
-5 -4 28 29 51.13116332750349 0.2274427509313886
-5 -4 29 30 48.47847059619512 0.2156402949591765
-5 -4 30 31 45.96716432487455 0.2046675033366654
-5 -4 31 32 43.592366401212 0.1944408452491814
-5 -4 32 33 41.34843903100939 0.1848886967738075
-5 -4 33 34 39.22931434494025 0.1759496200828198
-5 -4 34 35 37.22873057107034 0.1675704479074848
-5 -4 35 36 35.34039910898528 0.1597045859385206
-5 -4 36 37 33.5581207259271 0.1523106973687976
-5 -4 37 38 31.87586451434451 0.1453517579198044
-5 -4 38 39 30.2878197448035 0.1387943961268812
-5 -4 39 40 28.78842807992607 0.1326084243744959
-5 -4 40 41 27.37240166596682 0.1267664826091019
-5 -4 41 42 26.03473107704567 0.1212437462356587
-5 -4 42 43 24.77068605578098 0.1160176703932907
-5 -4 43 44 23.57581122189679 0.1110677583309771
-5 -4 44 45 22.44591829543664 0.1063753482581373
-5 -4 45 46 21.37662108469527 0.1023139970823495
-5 -4 46 47 20.36476703139904 0.1002813027689394
-5 -4 47 48 19.40649161101328 0.1002591927012758
-5 -4 48 49 18.49860866066595 0.1018234614036406
-5 -4 49 50 17.63770430011848 0.1037628564538017
-4 -3.75 0 1 -319.4138596250558 1.823511732921622
-4 -3.75 1 2 -4013.622497316604 28.19588217279907
-4 -3.75 2 3 -2794.016290967475 13.09614728030649
-4 -3.75 3 4 -1704.424090536804 7.652184398019455
-4 -3.75 4 5 -1042.166963942523 4.985307475106189
-4 -3.75 5 6 -640.8532728847995 3.461478367591972
-4 -3.75 6 7 -391.989281765188 2.504570278169133
-4 -3.75 7 8 -233.6822796350593 1.864088393066675
-4 -3.75 8 9 -130.6920674382773 1.415211620404942
-4 -3.75 9 10 -62.4736796712873 1.089940188206656
-4 -3.75 10 11 -16.74549124314228 0.848172316336343
-4 -3.75 11 12 14.0997876652284 0.6651881248549751
-4 -3.75 12 13 34.89160272365814 0.5250487396868702
-4 -3.75 13 14 48.77676258906467 0.4171864850503437
-4 -3.75 14 15 57.8521297450651 0.3344627574567379
-4 -3.75 15 16 63.54266518445081 0.2829295427518762
-4 -3.75 16 17 66.83340935178148 0.2604606770888858
-4 -3.75 17 18 68.41539702359972 0.2403547738769626
-4 -3.75 18 19 68.77954496044288 0.222288928699342
-4 -3.75 19 20 68.27832439524536 0.2059941427840845
-4 -3.75 20 21 67.16703663090715 0.1912449013985733
-4 -3.75 21 22 65.63190742843886 0.1778509929714424
-4 -3.75 22 23 63.8095025031642 0.1656510487773322
-4 -3.75 23 24 61.80033038198346 0.1663313998372673
-4 -3.75 24 25 59.67849142096247 0.1701825595586736
-4 -3.75 25 26 57.49859901673474 0.1739196953737454
-4 -3.75 26 27 55.3007944407419 0.1772994768841083
-4 -3.75 27 28 53.11441352103714 0.1802044617206039
-4 -3.75 28 29 50.96068962317761 0.1825915961400726
-4 -3.75 29 30 48.85476085584222 0.1844604905190212
-4 -3.75 30 31 46.80717040297009 0.1858342286150595
-4 -3.75 31 32 44.82499449901007 0.1867478817955208
-4 -3.75 32 33 42.91269477293136 0.1872417057729424
-4 -3.75 33 34 41.07276513808027 0.1873571723323597
-4 -3.75 34 35 39.30622456229693 0.1871347176791871
-4 -3.75 35 36 37.61299354743238 0.1866125289290751
-4 -3.75 36 37 35.9921823990026 0.1858259559952295
-4 -3.75 37 38 34.4423122785138 0.1848072964092295
-4 -3.75 38 39 32.96148480638323 0.1835857984037669
-4 -3.75 39 40 31.54751212895307 0.1821877866034796
-4 -3.75 40 41 30.1980165485792 0.1806368524902225
-4 -3.75 41 42 28.91050659075744 0.1789540734694738
-4 -3.75 42 43 27.68243484040505 0.1771582395258496
-4 -3.75 43 44 26.51124164245037 0.1752660749449128
-4 -3.75 44 45 25.3943878016895 0.173292448063941
-4 -3.75 45 46 24.32891100155008 0.1713059114698363
-4 -3.75 46 47 23.31317574692343 0.1695115371489711
-4 -3.75 47 48 22.34436396227234 0.167923717198858
-4 -3.75 48 49 21.42021446089244 0.1665230781939793
-4 -3.75 49 50 20.53835500660007 0.1651435601025902
-3.75 -3.5 0 1 193.6787278864 1.612860432162443
-3.75 -3.5 1 2 -4677.679477014088 24.56129919260303
-3.75 -3.5 2 3 -3688.564676947078 16.20721596124447
-3.75 -3.5 3 4 -2369.830640651792 11.45529484952197
-3.75 -3.5 4 5 -1513.490916088407 8.590574376584021
-3.75 -3.5 5 6 -974.1583300834209 6.713908236224916
-3.75 -3.5 6 7 -629.533898443673 5.405785684509874
-3.75 -3.5 7 8 -404.3470982640501 4.450954254293431
-3.75 -3.5 8 9 -253.9574731338178 3.728879400087346
-3.75 -3.5 9 10 -151.5967482311144 3.16755311216443
-3.75 -3.5 10 11 -80.91388341393736 2.721264076912968
-3.75 -3.5 11 12 -31.58754393986578 2.359856320310397
-3.75 -3.5 12 13 3.043473961889163 2.062643171311928
-3.75 -3.5 13 14 27.38621845264367 1.815005761264098
-3.75 -3.5 14 15 44.42018690321788 1.606344485505846
-3.75 -3.5 15 16 56.19899889964358 1.428802641724642
-3.75 -3.5 16 17 64.1624541313663 1.276444146771023
-3.75 -3.5 17 18 69.33522549234988 1.144708232317595
-3.75 -3.5 18 19 72.45614973433123 1.030038551355889
-3.75 -3.5 19 20 74.0640550356905 0.9296252169679685
-3.75 -3.5 20 21 74.55578380611371 0.8412217935696857
-3.75 -3.5 21 22 74.22607303425349 0.763013139529604
-3.75 -3.5 22 23 73.29537979869275 0.6935184371937322
-3.75 -3.5 23 24 71.92956233795718 0.631519007444683
-3.75 -3.5 24 25 70.25397412122777 0.576003865035816
-3.75 -3.5 25 26 68.36367132711746 0.5261281604703729
-3.75 -3.5 26 27 66.33088179636189 0.481181108031897
-3.75 -3.5 27 28 64.21052150875641 0.4405609844494272
-3.75 -3.5 28 29 62.04430390867444 0.4037554561753663
-3.75 -3.5 29 30 59.86382486458848 0.3703259666199633
-3.75 -3.5 30 31 57.69289508387436 0.3398952452931175
-3.75 -3.5 31 32 55.54931492901068 0.3121372403860683
-3.75 -3.5 32 33 53.44623282568654 0.2867689483447673
-3.75 -3.5 33 34 51.39319044210703 0.2635437395400631
-3.75 -3.5 34 35 49.39693066758002 0.2422458737897291
-3.75 -3.5 35 36 47.46202484288392 0.2226859675363225
-3.75 -3.5 36 37 45.59136146250421 0.2046972285272008
-3.75 -3.5 37 38 43.78652816261976 0.1881323122699901
-3.75 -3.5 38 39 42.04811108480305 0.1728606863708025
-3.75 -3.5 39 40 40.37592997028889 0.1587664113615987
-3.75 -3.5 40 41 38.76922312001403 0.1457462658025813
-3.75 -3.5 41 42 37.22679300132087 0.1337081572905802
-3.75 -3.5 42 43 35.74712094839268 0.1225697729690019
-3.75 -3.5 43 44 34.32845748829745 0.1122574316014129
-3.75 -3.5 44 45 32.9688933720378 0.1027051073057876
-3.75 -3.5 45 46 31.66578423378979 0.09400079323023615
-3.75 -3.5 46 47 30.41818269087659 0.08668258665929121
-3.75 -3.5 47 48 29.22336075321894 0.08087712553084349
-3.75 -3.5 48 49 28.07922990806532 0.07660086501048725
-3.75 -3.5 49 50 26.98351515687126 0.07331352420470028
-3.5 -3.25 0 1 860.5097214906641 0.4309556170574441
-3.5 -3.25 1 2 -4864.667796135918 18.41262104387834
-3.5 -3.25 2 3 -4338.748938709183 14.63810134444732
-3.5 -3.25 3 4 -2906.053608878029 11.05752515185661
-3.5 -3.25 4 5 -1916.304433742255 8.622687018893251
-3.5 -3.25 5 6 -1272.782181891321 6.928746198853967
-3.5 -3.25 6 7 -851.8386234994441 5.701978125763941
-3.5 -3.25 7 8 -571.1745352051289 4.781580689485038
-3.5 -3.25 8 9 -380.1407434752862 4.070532117700539
-3.5 -3.25 9 10 -247.6294482527198 3.508078017239012
-3.5 -3.25 10 11 -154.2927492031317 3.054242750519454
-3.5 -3.25 11 12 -87.73440161625672 2.681967003194686
-3.5 -3.25 12 13 -39.84985861030304 2.372288465193634
-3.5 -3.25 13 14 -5.21409292770818 2.111570697532474
-3.5 -3.25 14 15 19.88084933719392 1.889778927478985
-3.5 -3.25 15 16 38.01750041771095 1.699379226862867
-3.5 -3.25 16 17 51.02506719135204 1.534614881313336
-3.5 -3.25 17 18 60.21866665540324 1.39101826496973
-3.5 -3.25 18 19 66.55637597277007 1.265073932943447
-3.5 -3.25 19 20 70.74434166341848 1.153981273580056
-3.5 -3.25 20 21 73.30838563771283 1.055484200573179
-3.5 -3.25 21 22 74.6435845118823 0.9677469105187074
-3.5 -3.25 22 23 75.04910941258987 0.8892618786184423
-3.5 -3.25 23 24 74.75304067912538 0.8187807941228643
-3.5 -3.25 24 25 73.93026124772877 0.7552620674170762
-3.5 -3.25 25 26 72.7155052386434 0.6978304763520184
-3.5 -3.25 26 27 71.21297208404536 0.6457458179123194
-3.5 -3.25 27 28 69.50347732473551 0.5983783194168076
-3.5 -3.25 28 29 67.64981751483651 0.5551891788038862
-3.5 -3.25 29 30 65.70082733098349 0.5157150359403582
-3.5 -3.25 30 31 63.6944701811729 0.4795554846654348
-3.5 -3.25 31 32 61.66020837754388 0.4463629580282963
-3.5 -3.25 32 33 59.62083201001397 0.4158344802232728
-3.5 -3.25 33 34 57.59387811566873 0.3877048981753951
-3.5 -3.25 34 35 55.59273761721605 0.3617412946240907
-3.5 -3.25 35 36 53.62752278661318 0.3377383505584076
-3.5 -3.25 36 37 51.70574993814728 0.3155144754646199
-3.5 -3.25 37 38 49.83287879278112 0.2949085623763081
-3.5 -3.25 38 39 48.01274006865967 0.2757772539332499
-3.5 -3.25 39 40 46.24787547590185 0.2579926290875267
-3.5 -3.25 40 41 44.53980883540203 0.2414402368497786
-3.5 -3.25 41 42 42.88926269336719 0.2260174192381867
-3.5 -3.25 42 43 41.29633175713948 0.2116318746572412
-3.5 -3.25 43 44 39.76062195428432 0.1982004233813547
-3.5 -3.25 44 45 38.28136202333924 0.185647942618801
-3.5 -3.25 45 46 36.85673331247861 0.1740079616153572
-3.5 -3.25 46 47 35.48685182482819 0.1636123046799075
-3.5 -3.25 47 48 34.16952473442589 0.1544965602247286
-3.5 -3.25 48 49 32.90321739060025 0.1466345033367185
-3.5 -3.25 49 50 31.68611657679705 0.1396388551793314
-3.25 -3 0 1 1574.97764443188 1.195451790028801
-3.25 -3 1 2 -4703.412516364018 9.28043206097284
-3.25 -3 2 3 -4759.123184561593 9.632008689469254
-3.25 -3 3 4 -3303.774682194649 7.81821503661928
-3.25 -3 4 5 -2235.285079418251 6.33707093496463
-3.25 -3 5 6 -1520.568909365253 5.227328661891026
-3.25 -3 6 7 -1043.690209521436 4.388446909499449
-3.25 -3 7 8 -720.4502744419306 3.74047777105552
-3.25 -3 8 9 -497.111115596917 3.22881260105551
-3.25 -3 9 10 -339.9276787197787 2.817057351952305
-3.25 -3 10 11 -227.5720573223443 2.480013861408177
-3.25 -3 11 12 -146.2019606079525 2.2001350665159
-3.25 -3 12 13 -86.66783447304056 1.964807207421728
-3.25 -3 13 14 -42.78550194822492 1.764779573679167
-3.25 -3 14 15 -10.29046147852864 1.593133697352363
-3.25 -3 15 16 13.81234151707395 1.444603710182449
-3.25 -3 16 17 31.66140052044625 1.315118091571108
-3.25 -3 17 18 44.80633454332144 1.201484097688949
-3.25 -3 18 19 54.38492960593567 1.101166157176809
-3.25 -3 19 20 61.24243587354522 1.012127436587254
-3.25 -3 20 21 66.01335457245239 0.93271469468489
-3.25 -3 21 22 69.17840559763397 0.8615733328790109
-3.25 -3 22 23 71.10478875159822 0.7975838567334598
-3.25 -3 23 24 72.07501923708764 0.7398137494714438
-3.25 -3 24 25 72.30783345725638 0.687480594690312
-3.25 -3 25 26 71.97351623966688 0.6399235157303779
-3.25 -3 26 27 71.20525415958423 0.5965808366249579
-3.25 -3 27 28 70.10762505799249 0.5569724492540966
-3.25 -3 28 29 68.76300161559442 0.5206857763904899
-3.25 -3 29 30 67.23642032730811 0.4873645087708176
-3.25 -3 30 31 65.57931113798361 0.4566995011720456
-3.25 -3 31 32 63.83237389232204 0.4284213626056317
-3.25 -3 32 33 62.02781077945184 0.4022943864437773
-3.25 -3 33 34 60.19106906472155 0.3781115480179364
-3.25 -3 34 35 58.34220884969437 0.355690358019903
-3.25 -3 35 36 56.49698186487026 0.3348694073419505
-3.25 -3 36 37 54.66768621277066 0.3155054729716332
-3.25 -3 37 38 52.8638464459024 0.2974710824813539
-3.25 -3 38 39 51.09275673709385 0.2806524549827317
-3.25 -3 39 40 49.35991619411593 0.2649477530465223
-3.25 -3 40 41 47.66937890242721 0.250265592299628
-3.25 -3 41 42 46.02403611283106 0.2365237660572957
-3.25 -3 42 43 44.42584436347585 0.223648149687849
-3.25 -3 43 44 42.87601028501334 0.2115717563849344
-3.25 -3 44 45 41.37514058478246 0.2002339202750907
-3.25 -3 45 46 39.92251052536474 0.1896884435794399
-3.25 -3 46 47 38.51945479655541 0.1803008322132831
-3.25 -3 47 48 37.16456838688049 0.1721091850157841
-3.25 -3 48 49 35.85707830619201 0.1650834169106283
-3.25 -3 49 50 34.59583612304773 0.1588127991816495
-3 -2.75 0 1 2263.983894023662 1.549729179134282
-3 -2.75 1 2 -4356.047963340638 4.643243277358146
-3 -2.75 2 3 -5013.420192962408 6.037973916929579
-3 -2.75 3 4 -3587.437179373014 5.125705644706788
-3 -2.75 4 5 -2477.391219811532 4.249088417136062
-3 -2.75 5 6 -1716.426625840688 3.55698685299825
-3 -2.75 6 7 -1200.298260081844 3.018989675041405
-3 -2.75 7 8 -845.791428547318 2.595799880952551
-3 -2.75 8 9 -597.9420183216043 2.257027287285009
-3 -2.75 9 10 -421.5497602085129 1.981589338513614
-3 -2.75 10 11 -294.0571356824394 1.754155519119421
-3 -2.75 11 12 -200.6658800924868 1.563910150702145
-3 -2.75 12 13 -131.5058276590178 1.402929971997923
-3 -2.75 13 14 -79.85295796175683 1.265328221551329
-3 -2.75 14 15 -41.03727970065256 1.146655538450687
-3 -2.75 15 16 -11.7570792654592 1.043495266185945
-3 -2.75 16 17 10.36005778501135 0.9531855394359688
-3 -2.75 17 18 27.04383462402473 0.8736251142654574
-3 -2.75 18 19 39.57195354108205 0.8031353955560921
-3 -2.75 19 20 48.89934024268587 0.7403608119241538
-3 -2.75 20 21 55.74719247768451 0.6841957926539669
-3 -2.75 21 22 60.66530525665542 0.6337304941793568
-3 -2.75 22 23 64.07632102479636 0.5882099384823055
-3 -2.75 23 24 66.30756238297522 0.5470028813860156
-3 -2.75 24 25 67.6142102806175 0.5095778308514857
-3 -2.75 25 26 68.19636903386265 0.4754843840070371
-3 -2.75 26 27 68.21175961567036 0.4443385648663659
-3 -2.75 27 28 67.78525048920795 0.4158112038200947
-3 -2.75 28 29 67.01607640810943 0.3896186514138615
-3 -2.75 29 30 65.98335006895871 0.3655153012788243
-3 -2.75 30 31 64.75030173212889 0.3432875259112853
-3 -2.75 31 32 63.36756286938697 0.3227487256443761
-3 -2.75 32 33 61.87572562815137 0.3037352610410978
-3 -2.75 33 34 60.30734964055284 0.2861030908674865
-3 -2.75 34 35 58.68854413838272 0.2697249781864449
-3 -2.75 35 36 57.04022159396533 0.2544881564204217
-3 -2.75 36 37 55.37909574740092 0.2402923692982395
-3 -2.75 37 38 53.7184796183476 0.2270482180036505
-3 -2.75 38 39 52.06892615041698 0.2146757606923529
-3 -2.75 39 40 50.43874440495713 0.203103320451372
-3 -2.75 40 41 48.83441697287037 0.1922664677266255
-3 -2.75 41 42 47.26093846705021 0.1821071470488552
-3 -2.75 42 43 45.72209087724178 0.1725729262194626
-3 -2.75 43 44 44.22066811370311 0.163616347152896
-3 -2.75 44 45 42.75865953639874 0.155194364170399
-3 -2.75 45 46 41.33647977076114 0.147425232198241
-3 -2.75 46 47 39.95665648166886 0.1408726932013257
-3 -2.75 47 48 38.61863839301716 0.1356185428100435
-3 -2.75 48 49 37.32245936058362 0.1316348212188101
-3 -2.75 49 50 36.06768542932818 0.1283425412797472
-2.75 -2.5 0 1 2901.650939302079 2.105546410341677
-2.75 -2.5 1 2 -3928.65572661497 1.108255644125197
-2.75 -2.5 2 3 -5161.527266953233 2.896921330885388
-2.75 -2.5 3 4 -3789.290803684524 2.740792761722782
-2.75 -2.5 4 5 -2659.696600976184 2.393952237914258
-2.75 -2.5 5 6 -1868.89966390073 2.073832187307271
-2.75 -2.5 6 7 -1325.292250619629 1.805684206047441
-2.75 -2.5 7 8 -947.9396926959771 1.584662113628571
-2.75 -2.5 8 9 -681.6617144527017 1.401444066652995
-2.75 -2.5 9 10 -490.5110421856566 1.248608212712243
-2.75 -2.5 10 11 -351.1795835925839 1.119621407799152
-2.75 -2.5 11 12 -248.2418791044506 1.009744911667044
-2.75 -2.5 12 13 -171.3332024351103 0.9152985736019662
-2.75 -2.5 13 14 -113.3474912698555 0.8334452903142576
-2.75 -2.5 14 15 -69.32105413127056 0.7619767137819833
-2.75 -2.5 15 16 -35.72588632767861 0.6991553596877942
-2.75 -2.5 16 17 -10.01424942525091 0.643599379055511
-2.75 -2.5 17 18 9.68035550551599 0.5941982905018728
-2.75 -2.5 18 19 24.74317796599178 0.5500509063953165
-2.75 -2.5 19 20 36.21434456591953 0.5104191707989737
-2.75 -2.5 20 21 44.88305471832552 0.4746934742152993
-2.75 -2.5 21 22 51.35376497573293 0.4423663195263601
-2.75 -2.5 22 23 56.09335261627473 0.4130121220183572
-2.75 -2.5 23 24 59.4651643857228 0.3862715643861449
-2.75 -2.5 24 25 61.75389330294263 0.3618393650179613
-2.75 -2.5 25 26 63.18395564718753 0.339454631312356
-2.75 -2.5 26 27 63.93320512837317 0.3188931880594025
-2.75 -2.5 27 28 64.14326376514532 0.2999614288322221
-2.75 -2.5 28 29 63.92737193552193 0.2824913519465199
-2.75 -2.5 29 30 63.37640131348576 0.2663365243362851
-2.75 -2.5 30 31 62.56349500441814 0.2513687793866075
-2.75 -2.5 31 32 61.54767304056196 0.237475497489453
-2.75 -2.5 32 33 60.3766518971575 0.2245573547427935
-2.75 -2.5 33 34 59.08906250584454 0.2125264482505498
-2.75 -2.5 34 35 57.71620474027105 0.2013047263573093
-2.75 -2.5 35 36 56.28344239079922 0.1908226697364215
-2.75 -2.5 36 37 54.81131757898112 0.1810181759586812
-2.75 -2.5 37 38 53.31644502182934 0.1718356131163313
-2.75 -2.5 38 39 51.81223258625425 0.1632250139412736
-2.75 -2.5 39 40 50.309464077835 0.1551413852153964
-2.75 -2.5 40 41 48.81677235513263 0.1475441159976171
-2.75 -2.5 41 42 47.34102456468764 0.1403964666113815
-2.75 -2.5 42 43 45.88763686015744 0.1336651270888063
-2.75 -2.5 43 44 44.46083219150617 0.1273198344167464
-2.75 -2.5 44 45 43.06385200162063 0.1213330387148426
-2.75 -2.5 45 46 41.69815965844015 0.115901418483456
-2.75 -2.5 46 47 40.36735107851575 0.1118393760181833
-2.75 -2.5 47 48 39.07167482963322 0.1092615679312011
-2.75 -2.5 48 49 37.81191443802985 0.1081094032255772
-2.75 -2.5 49 50 36.58830225905575 0.1075701447139299
-2.5 -2.25 0 1 3484.244822140139 1.651361953357995
-2.5 -2.25 1 2 -3488.714559384547 0.9562340596405027
-2.5 -2.25 2 3 -5252.047728701795 1.69352191153726
-2.5 -2.25 3 4 -3938.231097558269 1.560760059216753
-2.5 -2.25 4 5 -2799.083334449915 1.431134490044617
-2.5 -2.25 5 6 -1987.805388039946 1.282986404870128
-2.5 -2.25 6 7 -1424.258849905669 1.146441742745677
-2.5 -2.25 7 8 -1029.884957078648 1.027123889952592
-2.5 -2.25 8 9 -749.6303552900172 0.9236780189786792
-2.5 -2.25 9 10 -547.1324262007843 0.834650370518716
-2.5 -2.25 10 11 -398.5911756366595 0.7574496551932267
-2.5 -2.25 11 12 -288.1510954464986 0.6902263501609234
-2.5 -2.25 12 13 -205.0974087157358 0.6313597525630237
-2.5 -2.25 13 14 -142.0479446199458 0.5795201548763764
-2.5 -2.25 14 15 -93.82328236790454 0.5336220988690562
-2.5 -2.25 15 16 -56.72696999775053 0.4927784242790703
-2.5 -2.25 16 17 -28.07926820143507 0.4562609995375149
-2.5 -2.25 17 18 -5.909657117160123 0.4234688862255404
-2.5 -2.25 18 19 11.24961680409979 0.3939030778438001
-2.5 -2.25 19 20 24.5045607413947 0.3671466081913064
-2.5 -2.25 20 21 34.69733366067965 0.3428489037253668
-2.5 -2.25 21 22 42.47524116506929 0.3207134434057655
-2.5 -2.25 22 23 48.34004392599365 0.3004879840285933
-2.5 -2.25 23 24 52.683653666787 0.2819567772665103
-2.5 -2.25 24 25 55.81428366050875 0.264934335459621
-2.5 -2.25 25 26 57.9758173557758 0.2492604087476216
-2.5 -2.25 26 27 59.36229982441034 0.2347959135571919
-2.5 -2.25 27 28 60.12888190207104 0.2214196122514764
-2.5 -2.25 28 29 60.40015714322021 0.2090253906410819
-2.5 -2.25 29 30 60.2765636587373 0.197520011652485
-2.5 -2.25 30 31 59.83933664753636 0.1868212541418842
-2.5 -2.25 31 32 59.15436619191547 0.1768563602499285
-2.5 -2.25 32 33 58.27522157804697 0.1675607363941277
-2.5 -2.25 33 34 57.24553636847247 0.1588768589288819
-2.5 -2.25 34 35 56.10089978452947 0.1507533501488676
-2.5 -2.25 35 36 54.87036435013977 0.1431441935827671
-2.5 -2.25 36 37 53.57765342123372 0.1360080648952297
-2.5 -2.25 37 38 52.24213270581834 0.1293077598232419
-2.5 -2.25 38 39 50.87959516168308 0.1230097030385313
-2.5 -2.25 39 40 49.50289755885728 0.1170835241826666
-2.5 -2.25 40 41 48.12247869962653 0.1115016918414683
-2.5 -2.25 41 42 46.74678259835747 0.1062391961130902
-2.5 -2.25 42 43 45.38260523598589 0.1012732719719039
-2.5 -2.25 43 44 44.03537946703085 0.09658315783800997
-2.5 -2.25 44 45 42.7094097420285 0.09214988484535423
-2.5 -2.25 45 46 41.40705343292024 0.08827561678451211
-2.5 -2.25 46 47 40.13281300860706 0.08614136755108273
-2.5 -2.25 47 48 38.88762381117246 0.08588231859745746
-2.5 -2.25 48 49 37.67291362889955 0.08734557246295289
-2.5 -2.25 49 50 36.48948686680984 0.09205913771503597
-2.25 -2 0 1 4012.660009379138 1.031117494558624
-2.25 -2 1 2 -3084.269908432738 0.8454907630522104
-2.25 -2 2 3 -5341.290103056643 1.651299629126461
-2.25 -2 3 4 -4078.825719972927 1.530657828067165
-2.25 -2 4 5 -2926.781872316713 1.350943651529275
-2.25 -2 5 6 -2093.600190732697 1.191547003678038
-2.25 -2 6 7 -1509.878631305182 1.057676841194033
-2.25 -2 7 8 -1098.910832607643 0.9450426759309353
-2.25 -2 8 9 -805.4348464193899 0.8501044325306446
-2.25 -2 9 10 -592.4754381725893 0.7686117640802544
-2.25 -2 10 11 -435.6322883141734 0.6984096905942749
-2.25 -2 11 12 -318.5643847483645 0.6373628138650781
-2.25 -2 12 13 -230.1813347462451 0.5838895628669499
-2.25 -2 13 14 -162.8155204755346 0.5367428670425087
-2.25 -2 14 15 -111.0709185395629 0.4949282881753425
-2.25 -2 15 16 -71.08592581336393 0.4576443973756586
-2.25 -2 16 17 -40.05393519291397 0.4242389304476956
-2.25 -2 17 18 -15.90613649573015 0.3941761825765067
-2.25 -2 18 19 2.902036402730346 0.3670124752102042
-2.25 -2 19 20 17.53712578455202 0.3423774904447356
-2.25 -2 20 21 28.8893792001744 0.3199599132233331
-2.25 -2 21 22 37.64458885876502 0.2994962852535553
-2.25 -2 22 23 44.33553085956999 0.280762263051039
-2.25 -2 23 24 49.37927179686289 0.2635657084973169
-2.25 -2 24 25 53.10454758163974 0.2477411797452904
-2.25 -2 25 26 55.77207688141664 0.2331455066579488
-2.25 -2 26 27 57.58978523784276 0.2196542100408506
-2.25 -2 27 28 58.72432172645131 0.2071585867612548
-2.25 -2 28 29 59.3098465030364 0.1955633170498658
-2.25 -2 29 30 59.45478965559334 0.1847844943542233
-2.25 -2 30 31 59.24708838062105 0.1747479884713178
-2.25 -2 31 32 58.75827305424133 0.1653880811792121
-2.25 -2 32 33 58.04667562720863 0.1566463228351024
-2.25 -2 33 34 57.15996388921951 0.1484705686245918
-2.25 -2 34 35 56.13715435310962 0.140814162917211
-2.25 -2 35 36 55.01021929930101 0.1336352462895593
-2.25 -2 36 37 53.80537596791828 0.1268961641722003
-2.25 -2 37 38 52.54412544230541 0.1205629593758007
-2.25 -2 38 39 51.244093323355 0.1146049370992934
-2.25 -2 39 40 49.91971264266624 0.1089942878469047
-2.25 -2 40 41 48.58278073236681 0.103705761970383
-2.25 -2 41 42 47.2429147361928 0.09871638696027776
-2.25 -2 42 43 45.90792549756435 0.09400522037825119
-2.25 -2 43 44 44.5841253022196 0.08955313451877253
-2.25 -2 44 45 43.27658187342135 0.08534262743765081
-2.25 -2 45 46 41.98827282340102 0.08201206506508209
-2.25 -2 46 47 40.72436040853265 0.08194670128988656
-2.25 -2 47 48 39.48623982081588 0.08521135335742488
-2.25 -2 48 49 38.27577745960042 0.09118923060776332
-2.25 -2 49 50 37.09415951105515 0.09751542482023616
-2 -1.75 0 1 4514.740438242519 1.064862545362295
-2 -1.75 1 2 -2680.19056212012 2.710831302602912
-2 -1.75 2 3 -5398.284267583372 2.74054265550217
-2 -1.75 3 4 -4196.341066009876 2.245016880577611
-2 -1.75 4 5 -3042.947579882742 1.847343282013716
-2 -1.75 5 6 -2196.214601150634 1.550216033865027
-2 -1.75 6 7 -1597.63378472771 1.32477340063882
-2 -1.75 7 8 -1173.235357503392 1.149170599011156
-2 -1.75 8 9 -868.3060468982144 1.009184898614801
-2 -1.75 9 10 -645.7762138245648 0.8949661654599477
-2 -1.75 10 11 -480.9851618554358 0.8003867192928352
-2 -1.75 11 12 -357.3173544371791 0.7207001262431126
-2 -1.75 12 13 -263.437908385554 0.6527516815813637
-2 -1.75 13 14 -191.4755418292989 0.5941836240008033
-2 -1.75 14 15 -135.8687559644957 0.5432307266175737
-2 -1.75 15 16 -92.62285069202903 0.4985450616321534
-2 -1.75 16 17 -58.82442775485038 0.459079231633412
-2 -1.75 17 18 -32.3188655434567 0.4240067106015815
-2 -1.75 18 19 -11.49240033782644 0.392666292090356
-2 -1.75 19 20 4.877566421816255 0.3645225550171995
-2 -1.75 20 21 17.7269226603579 0.3391372024572453
-2 -1.75 21 22 27.7788139977016 0.3161479286098057
-2 -1.75 22 23 35.59674587037978 0.2952525977587255
-2 -1.75 23 24 41.62319226536215 0.2761972333654519
-2 -1.75 24 25 46.20799824989126 0.25876678482751
-2 -1.75 25 26 49.62950204968286 0.2427779470219043
-2 -1.75 26 27 52.11040120548432 0.2280735176257528
-2 -1.75 27 28 53.82978166988039 0.2145179198287271
-2 -1.75 28 29 54.93231650357734 0.2019936175681273
-2 -1.75 29 30 55.53535629386363 0.1903982230281411
-2 -1.75 30 31 55.73443505553939 0.1796421429135707
-2 -1.75 31 32 55.6075751352202 0.1696466515517391
-2 -1.75 32 33 55.21867462953225 0.1603423018668279
-2 -1.75 33 34 54.62018874800884 0.1516676066070659
-2 -1.75 34 35 53.85526407274131 0.1435679391073326
-2 -1.75 35 36 52.95944615481147 0.1359946101161888
-2 -1.75 36 37 51.96205232677977 0.1289040899786134
-2 -1.75 37 38 50.8872803814279 0.1222573497077735
-2 -1.75 38 39 49.755107707055 0.1160193001210629
-2 -1.75 39 40 48.58202333103657 0.1101583126669632
-2 -1.75 40 41 47.38162621700525 0.1046458078891807
-2 -1.75 41 42 46.16511580778797 0.09945590145051562
-2 -1.75 42 43 44.94169563704725 0.09456509846141727
-2 -1.75 43 44 43.71890635276475 0.08995202718915568
-2 -1.75 44 45 42.50290128453756 0.08559720818404058
-2 -1.75 45 46 41.29759003563007 0.08187591948001956
-2 -1.75 46 47 40.10904164556186 0.08150643739072866
-2 -1.75 47 48 38.93938019095174 0.08522179364181812
-2 -1.75 48 49 37.79114645693545 0.09179240719380904
-2 -1.75 49 50 36.66612234489685 0.09872624246707133
-1.75 -1.5 0 1 4978.43186388005 0.9762252354771404
-1.75 -1.5 1 2 -2288.07858177089 0.8221609125169997
-1.75 -1.5 2 3 -5426.604422461874 1.742691328621983
-1.75 -1.5 3 4 -4270.258269010475 1.68492657499506
-1.75 -1.5 4 5 -3110.763028525281 1.503308098707138
-1.75 -1.5 5 6 -2251.249986587799 1.320404138588459
-1.75 -1.5 6 7 -1641.02654795775 1.159949393033514
-1.75 -1.5 7 8 -1207.266235323108 1.024531908391138
-1.75 -1.5 8 9 -895.0990401527288 0.9101648136435857
-1.75 -1.5 9 10 -666.9593448193527 0.813101764113575
-1.75 -1.5 10 11 -497.7926037487659 0.7319979666171041
-1.75 -1.5 11 12 -370.7085559114005 0.6620489486023404
-1.75 -1.5 12 13 -274.1344939795761 0.6016806651476747
-1.75 -1.5 13 14 -200.0316642157077 0.5491741516541488
-1.75 -1.5 14 15 -142.7140532761928 0.5031768035911655
-1.75 -1.5 15 16 -98.0935227683392 0.4626172999082304
-1.75 -1.5 16 17 -63.18580876685382 0.4266398362079417
-1.75 -1.5 17 18 -35.78196891058269 0.3945544723899403
-1.75 -1.5 18 19 -14.22617934588402 0.3657998764007273
-1.75 -1.5 19 20 2.737028526506037 0.3399153161502462
-1.75 -1.5 20 21 16.06944712823133 0.3165194694551924
-1.75 -1.5 21 22 26.51479167147932 0.2952942724323827
-1.75 -1.5 22 23 34.65301167437269 0.2759724913906769
-1.75 -1.5 23 24 40.93980680284903 0.2583280793103639
-1.75 -1.5 24 25 45.73571700296361 0.2421686240514482
-1.75 -1.5 25 26 49.32777089584067 0.2273293846472182
-1.75 -1.5 26 27 51.94575841913183 0.2136685424638415
-1.75 -1.5 27 28 53.77457643729258 0.2010633912966927
-1.75 -1.5 28 29 54.96367573686371 0.1894072568813184
-1.75 -1.5 29 30 55.63434756248375 0.1786069904963298
-1.75 -1.5 30 31 55.88538538088972 0.1685809145197059
-1.75 -1.5 31 32 55.7975143666597 0.1592571298146304
-1.75 -1.5 32 33 55.43687891200852 0.1505721113090018
-1.75 -1.5 33 34 54.85780479586998 0.1424695383752184
-1.75 -1.5 34 35 54.10499896590449 0.1348993134205899
-1.75 -1.5 35 36 53.21531048203155 0.1278167362964947
-1.75 -1.5 36 37 52.21914692627274 0.1211818054349553
-1.75 -1.5 37 38 51.14161883843184 0.114958624187431
-1.75 -1.5 38 39 50.0034682721552 0.1091148944472025
-1.75 -1.5 39 40 48.82182512014356 0.103621482486264
-1.75 -1.5 40 41 47.61082551223745 0.09845204561203086
-1.75 -1.5 41 42 46.38211903682657 0.09358271121747883
-1.75 -1.5 42 43 45.14528623361389 0.08899179685912802
-1.75 -1.5 43 44 43.90818319258625 0.08465956907557329
-1.75 -1.5 44 45 42.67722679722027 0.08056803233715415
-1.75 -1.5 45 46 41.45650631151457 0.07741726905207709
-1.75 -1.5 46 47 40.25235122036955 0.07782513510046896
-1.75 -1.5 47 48 39.06699691405444 0.0818802372147882
-1.75 -1.5 48 49 37.90310931913388 0.08892653576266941
-1.75 -1.5 49 50 36.76258024456456 0.09637241979981459
-1.5 -1.25 0 1 5417.815769460127 3.158341375185516
-1.5 -1.25 1 2 -1902.935297671763 3.845995517550453
-1.5 -1.25 2 3 -5448.809096232526 1.681186728698713
-1.5 -1.25 3 4 -4349.320070984558 1.617538263321996
-1.5 -1.25 4 5 -3191.580996370538 1.444919135909043
-1.5 -1.25 5 6 -2322.932918203337 1.276365609209718
-1.5 -1.25 6 7 -1702.218224256068 1.12953862755992
-1.5 -1.25 7 8 -1258.943462121834 1.004983994042922
-1.5 -1.25 8 9 -938.6716850040034 0.898639579987798
-1.5 -1.25 9 10 -703.8651335540412 0.8096277650541084
-1.5 -1.25 10 11 -529.1207605662939 0.7322200297115874
-1.5 -1.25 11 12 -397.4442427736481 0.6656957435728625
-1.5 -1.25 12 13 -297.0586145287773 0.6078227849422415
-1.5 -1.25 13 14 -219.7778592642094 0.5571217141208884
-1.5 -1.25 14 15 -159.7974461234637 0.5124158102170906
-1.5 -1.25 15 16 -112.9345662203543 0.4727627861732072
-1.5 -1.25 16 17 -76.12937793123729 0.4374019286172047
-1.5 -1.25 17 18 -47.11243362157029 0.4057138631257278
-1.5 -1.25 18 19 -24.17925413890362 0.377190037009961
-1.5 -1.25 19 20 -6.035040792045947 0.3514095085860682
-1.5 -1.25 20 21 8.31396465330613 0.3280211820459299
-1.5 -1.25 21 22 19.63759941960893 0.3067301154452483
-1.5 -1.25 22 23 28.5372726674301 0.2872868731182415
-1.5 -1.25 23 24 35.48640306222455 0.2694791830111313
-1.5 -1.25 24 25 40.86023169408065 0.2531253435678886
-1.5 -1.25 25 26 44.95804041016993 0.2392055941693802
-1.5 -1.25 26 27 48.01987642681024 0.2273770759968529
-1.5 -1.25 27 28 50.23925838980324 0.2163403086053894
-1.5 -1.25 28 29 51.77291241024443 0.2060266882971442
-1.5 -1.25 29 30 52.74829160137324 0.1963748653333257
-1.5 -1.25 30 31 53.2694266212618 0.1873298637056226
-1.5 -1.25 31 32 53.42150883772047 0.1788423155031204
-1.5 -1.25 32 33 53.27450351908851 0.1708677965949856
-1.5 -1.25 33 34 52.88601523003263 0.1633662478758585
-1.5 -1.25 34 35 52.30357274645246 0.1563014729082041
-1.5 -1.25 35 36 51.56646048520975 0.1496407001153315
-1.5 -1.25 36 37 50.70719349143377 0.1433542001081521
-1.5 -1.25 37 38 49.75271072472174 0.1374149520486481
-1.5 -1.25 38 39 48.72534449827117 0.1317983515831803
-1.5 -1.25 39 40 47.64361112209963 0.1264819537009538
-1.5 -1.25 40 41 46.52285820820555 0.1214452484478965
-1.5 -1.25 41 42 45.37579630244369 0.1166694611428655
-1.5 -1.25 42 43 44.2129370633013 0.1121373785757842
-1.5 -1.25 43 44 43.04295542627506 0.1078331931821891
-1.5 -1.25 44 45 41.87298981261824 0.1037423666566525
-1.5 -1.25 45 46 40.70773853600798 0.1001992292964055
-1.5 -1.25 46 47 39.55413984444112 0.09849241392764706
-1.5 -1.25 47 48 38.4149010890863 0.09880002228072933
-1.5 -1.25 48 49 37.29313150162258 0.1010196944515393
-1.5 -1.25 49 50 36.19110502878928 0.1038911578134841
-1.25 -1 0 1 5788.943915111223 1.580818408149324
-1.25 -1 1 2 -1596.393192689884 0.6813848687686939
-1.25 -1 2 3 -5485.291309186181 2.035603243481682
-1.25 -1 3 4 -4426.731637024661 1.946804631308528
-1.25 -1 4 5 -3264.607601018916 1.71939501023149
-1.25 -1 5 6 -2384.241841215373 1.505632297765808
-1.25 -1 6 7 -1752.116448159703 1.324561847301042
-1.25 -1 7 8 -1299.250540646959 1.173895247981327
-1.25 -1 8 9 -971.2432441012897 1.047568045943828
-1.25 -1 9 10 -730.2680760831031 0.941979280393054
-1.25 -1 10 11 -550.6082142545383 0.8514847255069899
-1.25 -1 11 12 -414.993009909474 0.7739152755856646
-1.25 -1 12 13 -311.4343919163816 0.7066803004394192
-1.25 -1 13 14 -231.5819144272346 0.6479366677157851
-1.25 -1 14 15 -169.5049155183247 0.5962438990356116
-1.25 -1 15 16 -120.9235878230681 0.5504634574095522
-1.25 -1 16 17 -82.70304679121159 0.509685273825187
-1.25 -1 17 18 -52.51535614438444 0.4731740494298637
-1.25 -1 18 19 -28.61009327159536 0.4403297063392546
-1.25 -1 19 20 -9.656091702776848 0.4106579582949478
-1.25 -1 20 21 5.369406487048764 0.383748166630684
-1.25 -1 21 22 17.25952208408285 0.3592564910000457
-1.25 -1 22 23 26.63447767621926 0.3368929286801212
-1.25 -1 23 24 33.98298290819173 0.3164112436842151
-1.25 -1 24 25 39.69277428522082 0.2976010635911769
-1.25 -1 25 26 44.07339558316778 0.280281623215628
-1.25 -1 26 27 47.37336047795861 0.2642967684928636
-1.25 -1 27 28 49.79320244527071 0.2495109354241227
-1.25 -1 28 29 51.49548255358968 0.235805889819013
-1.25 -1 29 30 52.61252515687306 0.2230780660026061
-1.25 -1 30 31 53.25244138933488 0.211236378788122
-1.25 -1 31 32 53.50385147707482 0.2002004149123827
-1.25 -1 32 33 53.43961045456138 0.1898989290223099
-1.25 -1 33 34 53.11976499142088 0.1802685858116398
-1.25 -1 34 35 52.59391293308101 0.1712529028900749
-1.25 -1 35 36 51.90309589501447 0.1628013581271321
-1.25 -1 36 37 51.08132457673008 0.1548686326817891
-1.25 -1 37 38 50.15681361214644 0.1474139650681268
-1.25 -1 38 39 49.15298545571903 0.1404005997833505
-1.25 -1 39 40 48.08928966672477 0.1337953125931116
-1.25 -1 40 41 46.98187410643095 0.1275680023549916
-1.25 -1 41 42 45.84413655465841 0.1216913370178583
-1.25 -1 42 43 44.68717965600445 0.1161404469667808
-1.25 -1 43 44 43.52018719015439 0.1108926578611972
-1.25 -1 44 45 42.35073617573283 0.1059272571043794
-1.25 -1 45 46 41.18387514962205 0.1016063113046453
-1.25 -1 46 47 40.02692618540647 0.09935786145561747
-1.25 -1 47 48 38.88285068691548 0.0994018080168468
-1.25 -1 48 49 37.75500165107778 0.1016214244893646
-1.25 -1 49 50 36.64586644401788 0.1090165589547145
-1 -0.75 0 1 6111.886914488824 2.287948508295454
-1 -0.75 1 2 -1305.20624179314 2.075639064940486
-1 -0.75 2 3 -5486.847093721906 1.560579647823801
-1 -0.75 3 4 -4467.410128773039 1.517535414926921
-1 -0.75 4 5 -3306.019102962318 1.361326400220089
-1 -0.75 5 6 -2419.623806333237 1.210377010539262
-1 -0.75 6 7 -1781.055214475375 1.080085098481847
-1 -0.75 7 8 -1322.659198216935 0.9695940573027748
-1 -0.75 8 9 -990.1651326022675 0.8754155007410214
-1 -0.75 9 10 -745.6088918666765 0.794273392865761
-1 -0.75 10 11 -563.0999182015594 0.7245384462372141
-1 -0.75 11 12 -425.2049158469649 0.6635219506193166
-1 -0.75 12 13 -319.8139618098396 0.6099123289596726
-1 -0.75 13 14 -238.4805796461976 0.5625029119650746
-1 -0.75 14 15 -175.2003319978578 0.5203301109432926
-1 -0.75 15 16 -125.6366136291565 0.482616531583717
-1 -0.75 16 17 -86.61055323618689 0.4487287842758115
-1 -0.75 17 18 -55.75989697252771 0.4181460285001727
-1 -0.75 18 19 -31.30724084928806 0.3904362980814395
-1 -0.75 19 20 -11.90004479463687 0.3652384973780728
-1 -0.75 20 21 3.501500622614685 0.3422485612841093
-1 -0.75 21 22 15.70420872378713 0.3212087162033069
-1 -0.75 22 23 25.3393632269499 0.3018990595764938
-1 -0.75 23 24 32.90465795296473 0.2841309035648456
-1 -0.75 24 25 38.79516283384316 0.2677414679209046
-1 -0.75 25 26 43.32643466064769 0.2525896144571888
-1 -0.75 26 27 46.75193775067987 0.2385523940338056
-1 -0.75 27 28 49.27629686141699 0.2255222316760631
-1 -0.75 28 29 51.06546578249527 0.2134046170078565
-1 -0.75 29 30 52.25459117016169 0.2021161966710371
-1 -0.75 30 31 52.95413873913003 0.1915831908836232
-1 -0.75 31 32 53.25469830815177 0.181740070967321
-1 -0.75 32 33 53.23077648572746 0.1725284485005759
-1 -0.75 33 34 52.94380795010636 0.1638961401446454
-1 -0.75 34 35 52.44455944465835 0.1557963728333794
-1 -0.75 35 36 51.77505880400986 0.148187108879872
-1 -0.75 36 37 50.97015023191159 0.1410304687436719
-1 -0.75 37 38 50.05875387865285 0.1342922355172274
-1 -0.75 38 39 49.0648901933576 0.1279414282927961
-1 -0.75 39 40 48.00851620165582 0.1219499333562769
-1 -0.75 40 41 46.90621084987515 0.1162921846898256
-1 -0.75 41 42 45.77173842846685 0.1109448854248394
-1 -0.75 42 43 44.61651340250711 0.1058867651883466
-1 -0.75 43 44 43.44998496734848 0.1010983677474503
-1 -0.75 44 45 42.27995612338185 0.09656186438545414
-1 -0.75 45 46 41.11164307813272 0.09306305874810367
-1 -0.75 46 47 39.95257743131771 0.09353986500540483
-1 -0.75 47 48 38.8058351428551 0.09810248187219861
-1 -0.75 48 49 37.67488751886157 0.1060220962474896
-1 -0.75 49 50 36.56231616561982 0.1144019084905198
-0.75 -0.5 0 1 6365.757922014402 3.288492813538196
-0.75 -0.5 1 2 -1079.525313815746 2.768517933777284
-0.75 -0.5 2 3 -5494.524331123512 1.566777729405322
-0.75 -0.5 3 4 -4507.625720746426 1.53339281866658
-0.75 -0.5 4 5 -3347.317104305226 1.377754932512666
-0.75 -0.5 5 6 -2455.946496328044 1.224556360360373
-0.75 -0.5 6 7 -1811.74847538754 1.091407309300755
-0.75 -0.5 7 8 -1348.329365871384 0.978095679745684
-0.75 -0.5 8 9 -1011.62812511637 0.8984052636159898
-0.75 -0.5 9 10 -763.6132497526164 0.828119622909564
-0.75 -0.5 10 11 -578.2789143532032 0.764859890747667
-0.75 -0.5 11 12 -438.0659242934889 0.7075652899144725
-0.75 -0.5 12 13 -330.7661432263249 0.6559319328611655
-0.75 -0.5 13 14 -247.8525682970567 0.6093789755767236
-0.75 -0.5 14 15 -183.2570689974771 0.5673352015954676
-0.75 -0.5 15 16 -132.5928283880742 0.5292756486485016
-0.75 -0.5 16 17 -92.64129903057233 0.4947327718487581
-0.75 -0.5 17 18 -61.00872176136659 0.4632965275994252
-0.75 -0.5 18 19 -35.89252535161154 0.4346099345497776
-0.75 -0.5 19 20 -15.91993851939037 0.4083631202801171
-0.75 -0.5 20 21 -0.03478693825763912 0.3842872148016644
-0.75 -0.5 21 22 12.58305949744818 0.3621486710158232
-0.75 -0.5 22 23 22.57578223165137 0.3417442200721217
-0.75 -0.5 23 24 30.45004045651126 0.3228965008201732
-0.75 -0.5 24 25 36.60831627534139 0.3054503208800138
-0.75 -0.5 25 26 41.37232286081053 0.289269481937443
-0.75 -0.5 26 27 45.00065997979505 0.2742340925670159
-0.75 -0.5 27 28 47.70225356153196 0.2602382961366606
-0.75 -0.5 28 29 49.64667353189009 0.2471883485726179
-0.75 -0.5 29 30 50.97211765927318 0.2350009902332678
-0.75 -0.5 30 31 51.79163476257804 0.223602063472715
-0.75 -0.5 31 32 52.19800857808968 0.212925336689689
-0.75 -0.5 32 33 52.26761478002629 0.2029114999940184
-0.75 -0.5 33 34 52.06348500187494 0.1935073069517196
-0.75 -0.5 34 35 51.63775424515171 0.1846648369928579
-0.75 -0.5 35 36 51.03362577984529 0.1763408613110407
-0.75 -0.5 36 37 50.28695617461585 0.1684962947553179
-0.75 -0.5 37 38 49.42753963319586 0.1610957218136116
-0.75 -0.5 38 39 48.48015302018104 0.1541069851130833
-0.75 -0.5 39 40 47.46540945378945 0.1475008266304853
-0.75 -0.5 40 41 46.40045819541041 0.141250574974972
-0.75 -0.5 41 42 45.29956032700483 0.1353318716647329
-0.75 -0.5 42 43 44.17456393426028 0.1297224306292049
-0.75 -0.5 43 44 43.03529743233014 0.1244018269046343
-0.75 -0.5 44 45 41.88989608497388 0.1193513102976188
-0.75 -0.5 45 46 40.74385064047516 0.1149327681809566
-0.75 -0.5 46 47 39.60497868335301 0.1125627174264559
-0.75 -0.5 47 48 38.47656542124719 0.112456731364946
-0.75 -0.5 48 49 37.36228174781576 0.1145116945718311
-0.75 -0.5 49 50 36.26488393877614 0.1173444200580226
-0.5 -0.25 0 1 6536.750457313064 3.388251483577868
-0.5 -0.25 1 2 -931.6552991241961 2.38014570270173
-0.5 -0.25 2 3 -5503.928151791075 1.54559659322893
-0.5 -0.25 3 4 -4537.912646999413 1.53045371575538
-0.5 -0.25 4 5 -3377.338765986303 1.447755934133192
-0.5 -0.25 5 6 -2481.823786743586 1.35992851538604
-0.5 -0.25 6 7 -1833.240126339575 1.251095944232803
-0.5 -0.25 7 8 -1366.003707743601 1.144164640488271
-0.5 -0.25 8 9 -1026.152772170345 1.045969443005131
-0.5 -0.25 9 10 -775.582976922065 0.9580577970165686
-0.5 -0.25 10 11 -588.1814338718104 0.8793344574006327
-0.5 -0.25 11 12 -446.2901555889102 0.8094837343087796
-0.5 -0.25 12 13 -337.6217294324815 0.7472775127016844
-0.5 -0.25 13 14 -253.5860237897775 0.6917278280767523
-0.5 -0.25 14 15 -188.0655773354952 0.6419571231920843
-0.5 -0.25 15 16 -136.63505800145 0.5972061805379708
-0.5 -0.25 16 17 -96.04573071635741 0.5568257039735647
-0.5 -0.25 17 18 -63.88003386664946 0.5202627754980715
-0.5 -0.25 18 19 -38.31650110241003 0.4870467571169135
-0.5 -0.25 19 20 -17.96725810357384 0.456776378271918
-0.5 -0.25 20 21 -1.763977861631702 0.4291085386674541
-0.5 -0.25 21 22 11.12331013248968 0.4037488539050351
-0.5 -0.25 22 23 21.34480228472057 0.3804437768475764
-0.5 -0.25 23 24 29.41372150483539 0.3589740729192044
-0.5 -0.25 24 25 35.73795220188822 0.3391494277035222
-0.5 -0.25 25 26 40.6436746280815 0.3208039890550339
-0.5 -0.25 26 27 44.39319820696835 0.3037926749937257
-0.5 -0.25 27 28 47.19854183044902 0.2879881080382437
-0.5 -0.25 28 29 49.2318637953457 0.2732780605666709
-0.5 -0.25 29 30 50.63353548227894 0.2595633192513582
-0.5 -0.25 30 31 51.51843695095408 0.2467558925657864
-0.5 -0.25 31 32 51.98089943886941 0.2347775004112744
-0.5 -0.25 32 33 52.09861009721567 0.2235582972030545
-0.5 -0.25 33 34 51.93571501983251 0.2130357874188583
-0.5 -0.25 34 35 51.54529867007653 0.2031539020352017
-0.5 -0.25 35 36 50.97137516874545 0.1938622080305835
-0.5 -0.25 36 37 50.2504951461122 0.1851152312328399
-0.5 -0.25 37 38 49.41304819088464 0.1768718716792918
-0.5 -0.25 38 39 48.48432295644426 0.1690949003307176
-0.5 -0.25 39 40 47.48537334741405 0.1617505213612773
-0.5 -0.25 40 41 46.43372896122281 0.1548079926942093
-0.5 -0.25 41 42 45.34397962602395 0.1482392950448932
-0.5 -0.25 42 43 44.2282580498528 0.1420188421542935
-0.5 -0.25 43 44 43.09663944765151 0.1361232273049582
-0.5 -0.25 44 45 41.95747339753461 0.1305310003904358
-0.5 -0.25 45 46 40.81642518356642 0.1255776523304781
-0.5 -0.25 46 47 39.68149770351215 0.1225912595081144
-0.5 -0.25 47 48 38.55610578903253 0.1217895735628299
-0.5 -0.25 48 49 37.44404365036775 0.1231050073116279
-0.5 -0.25 49 50 36.34817572134298 0.1252458172116873
-0.25 0 0 1 6624.250194712388 3.609645671811574
-0.25 0 1 2 -854.1359810734098 3.046056201334983
-0.25 0 2 3 -5506.158862509327 1.564517093552558
-0.25 0 3 4 -4550.420266984627 1.540442251167144
-0.25 0 4 5 -3389.577723437479 1.387693708029462
-0.25 0 5 6 -2492.011056690275 1.235514202515664
-0.25 0 6 7 -1841.355985857791 1.129426888139705
-0.25 0 7 8 -1372.379999608127 1.044617090091036
-0.25 0 8 9 -1031.13890751668 0.9630022260915511
-0.25 0 9 10 -779.4732459672155 0.8878807672624438
-0.25 0 10 11 -591.2111582771254 0.8192379921118049
-0.25 0 11 12 -448.6399109608014 0.7574967268275214
-0.25 0 12 13 -339.4322004362834 0.7019166785339355
-0.25 0 13 14 -254.966792048047 0.651855627442681
-0.25 0 14 15 -189.1025693983977 0.6066852007145801
-0.25 0 15 16 -137.3961406856217 0.5658297860027144
-0.25 0 16 17 -96.58488227847329 0.5287779943340107
-0.25 0 17 18 -64.24046076302761 0.4950822506779088
-0.25 0 18 19 -38.53298317451186 0.464353595056881
-0.25 0 19 20 -18.06792910335457 0.4362549352042938
-0.25 0 20 21 -1.771690282190093 0.4104942056276619
-0.25 0 21 22 11.18992895212023 0.3868180458869196
-0.25 0 22 23 21.47052563760599 0.3650062104973674
-0.25 0 23 24 29.58607429585095 0.3448667410675367
-0.25 0 24 25 35.94669626004838 0.3262318473244781
-0.25 0 25 26 40.88039780807594 0.3089544176379875
-0.25 0 26 27 44.65098438121936 0.2929050710371399
-0.25 0 27 28 47.47170442478648 0.2779696687658643
-0.25 0 28 29 49.51572960066358 0.2640472125643994
-0.25 0 29 30 50.92426850422771 0.2510480668337339
-0.25 0 30 31 51.81289432807421 0.238892451000745
-0.25 0 31 32 52.27651318294932 0.2275091584620748
-0.25 0 32 33 52.39328972512249 0.2168344644042234
-0.25 0 33 34 52.22776715679322 0.2068111924830697
-0.25 0 34 35 51.83336049679968 0.1973879141795479
-0.25 0 35 36 51.25435919927855 0.1885182605918173
-0.25 0 36 37 50.52754331029166 0.1801603289186868
-0.25 0 37 38 49.68349357860978 0.1722761686075533
-0.25 0 38 39 48.7476578900845 0.1648313361195863
-0.25 0 39 40 47.74122269353313 0.1577945070934905
-0.25 0 40 41 46.68182778998698 0.1511371383128467
-0.25 0 41 42 45.58415448567246 0.1448331721274226
-0.25 0 42 43 44.46041125504206 0.1388587767362622
-0.25 0 43 44 43.3207358837563 0.1331921185709314
-0.25 0 44 45 42.17352942979193 0.1278131611070816
-0.25 0 45 46 41.02449236957813 0.1230704889837361
-0.25 0 46 47 39.88167573181249 0.1203360102315505
-0.25 0 47 48 38.74851494031611 0.1198289310155958
-0.25 0 48 49 37.62882618321797 0.1214697344108979
-0.25 0 49 50 36.5254907563608 0.1239228758138116
0 0.25 0 1 6623.750453575547 3.609642620591653
0 0.25 1 2 -855.0688708929861 3.046031588970186
0 0.25 2 3 -5506.766096327609 1.564441828748652
0 0.25 3 4 -4550.594918369356 1.540378715674531
0 0.25 4 5 -3389.509333795527 1.387658901310998
0 0.25 5 6 -2491.845102594513 1.235510484932246
0 0.25 6 7 -1841.164996228729 1.129446550683589
0 0.25 7 8 -1372.196341543432 1.044650758382451
0 0.25 8 9 -1030.974571100924 0.9630416067299289
0 0.25 9 10 -779.3307008751285 0.8879191141957112
0 0.25 10 11 -591.0895217327698 0.8192761121512535
0 0.25 11 12 -448.5360063436206 0.7575318631066728
0 0.25 12 13 -339.3428794733954 0.7019483332397141
0 0.25 13 14 -254.8892113004822 0.6518837661199804
0 0.25 14 15 -189.034363744903 0.606710024723769
0 0.25 15 16 -137.3354329190774 0.5658515997297814
0 0.25 16 17 -96.53022506294019 0.5287971319329327
0 0.25 17 18 -64.19075818591955 0.4950990381234809
0 0.25 18 19 -38.48741370812809 0.4643683326289472
0 0.25 19 20 -18.02587879812631 0.4362678909104296
0 0.25 20 21 -1.732698594418025 0.4105056142341925
0 0.25 21 22 11.22621124234274 0.3868281110573793
0 0.25 22 23 21.50436813189594 0.3650151079539994
0 0.25 23 24 29.61769029753566 0.344874621999201
0 0.25 24 25 35.97625958030778 0.3262388417146826
0 0.25 25 26 40.90805465653398 0.3089606373372839
0 0.25 26 27 44.67686162522591 0.2929106122293678
0 0.25 27 28 47.49591522140508 0.277974614666179
0 0.25 28 29 49.53837716073519 0.2640516350160014
0 0.25 29 30 50.94544855109518 0.251052028034551
0 0.25 30 31 51.83269666475348 0.2388960051147407
0 0.25 31 32 52.29502266103839 0.2275123524275351
0 0.25 32 33 52.41058682576931 0.2168373393184938
0 0.25 33 34 52.24392832757962 0.2068137842325249
0 0.25 34 35 51.84845834393224 0.1973902540202812
0 0.25 35 36 51.26846260117276 0.188520376214207
0 0.25 36 37 50.54071749185698 0.1801622444668354
0 0.25 37 38 49.69580017711098 0.1722779053542722
0 0.25 38 39 48.75915502353104 0.1648329128223266
0 0.25 39 40 47.7519650406702 0.1577959403880038
0 0.25 40 41 46.69186668558649 0.1511384428425641
0 0.25 41 42 45.5935380304108 0.1448343609108177
0 0.25 42 43 44.46918443802298 0.1388598612934449
0 0.25 43 44 43.32894071677555 0.1331931091050874
0 0.25 44 45 42.18120508729089 0.127814066839129
0 0.25 45 46 41.03167529746173 0.1230713298974024
0 0.25 46 47 39.88839990264887 0.1203368484587714
0 0.25 47 48 38.75481188573229 0.11982982744332
0 0.25 48 49 37.63472519367613 0.1214707377418229
0 0.25 49 50 36.53101899249896 0.1239239894283078
0.25 0.5 0 1 6535.324141611633 3.388243348168664
0.25 0.5 1 2 -934.3131758102909 2.380073093249144
0.25 0.5 2 3 -5505.651121549694 1.545444371153235
0.25 0.5 3 4 -4538.403254258974 1.530347320697538
0.25 0.5 4 5 -3377.142277803368 1.447715311434597
0.25 0.5 5 6 -2481.354467081814 1.359940243678849
0.25 0.5 6 7 -1832.702661527375 1.251140255919816
0.25 0.5 7 8 -1365.488564372647 1.144228023495982
0.25 0.5 8 9 -1025.692891052288 1.046039070029564
0.25 0.5 9 10 -775.1846420237507 0.9581216439914524
0.25 0.5 10 11 -587.841735126854 0.8793988003875569
0.25 0.5 11 12 -445.9998492819532 0.8095429056772436
0.25 0.5 12 13 -337.3718055427139 0.7473309580713809
0.25 0.5 13 14 -253.3684297055149 0.6917756046114173
0.25 0.5 14 15 -187.8736734757665 0.6419995940561045
0.25 0.5 15 16 -136.4636192968242 0.5972438376015974
0.25 0.5 16 17 -95.89076442139412 0.5568590698746392
0.25 0.5 17 18 -63.73854556711217 0.5202923538413461
0.25 0.5 18 19 -38.18626910363173 0.4870730094281174
0.25 0.5 19 20 -17.84663992137871 0.4567997161157106
0.25 0.5 20 21 -1.651754654188153 0.4291293234539412
0.25 0.5 21 22 11.228053459183 0.4037674002963428
0.25 0.5 22 23 21.44276667026702 0.3804603578171116
0.25 0.5 23 24 29.50545903933551 0.3589889247968662
0.25 0.5 24 25 35.82391269800621 0.3391627553871522
0.25 0.5 25 26 40.72423814835065 0.320815970242051
0.25 0.5 26 27 44.46869730210676 0.3038034642834451
0.25 0.5 27 28 47.26927639007738 0.2879978400952252
0.25 0.5 28 29 49.29811070122491 0.2732868530091355
0.25 0.5 29 30 50.69555467485498 0.2595712750931111
0.25 0.5 30 31 51.57647508245748 0.2467631023357107
0.25 0.5 31 32 52.03519194396256 0.2347840435316549
0.25 0.5 32 33 52.14938226695926 0.2235642438376032
0.25 0.5 33 34 51.98318247640805 0.2130411995463731
0.25 0.5 34 35 51.5896675140836 0.2031588342281178
0.25 0.5 35 36 51.01284197132964 0.19386670903489
0.25 0.5 36 37 50.28924689711664 0.185119343938442
0.25 0.5 37 38 49.44926226654707 0.1768756344807068
0.25 0.5 38 39 48.51816714138027 0.1690983472121468
0.25 0.5 39 40 47.51700592587412 0.1617536826573642
0.25 0.5 40 41 46.46329887877812 0.1548108955376911
0.25 0.5 41 42 45.37162671750707 0.1482419635991488
0.25 0.5 42 43 44.25411332363609 0.1420212980031924
0.25 0.5 43 44 43.12082541685851 0.1361254899594858
0.25 0.5 44 45 41.98010444469361 0.130533087111923
0.25 0.5 45 46 40.83760785740742 0.1255796106641314
0.25 0.5 46 47 39.70133137329583 0.1225932504401426
0.25 0.5 47 48 38.57468278055978 0.121791759823402
0.25 0.5 48 49 37.46144978846206 0.1231075240751384
0.25 0.5 49 50 36.36449064070456 0.1252486770832729
0.5 0.75 0 1 6363.490467794426 3.288491133515219
0.5 0.75 1 2 -1083.736084954169 2.768489449803837
0.5 0.75 2 3 -5497.226481260199 1.566656134686005
0.5 0.75 3 4 -4508.364632768618 1.533275093165646
0.5 0.75 4 5 -3346.975932721628 1.377692082097583
0.5 0.75 5 6 -2455.187150022781 1.224549528144786
0.5 0.75 6 7 -1810.893124057577 1.091436643658072
0.5 0.75 7 8 -1347.517409022921 0.9781471868107479
0.5 0.75 8 9 -1010.907493306656 0.8980581972421265
0.5 0.75 9 10 -762.9937083250907 0.8285781658113074
0.5 0.75 10 11 -577.7520236952764 0.764910070910049
0.5 0.75 11 12 -437.6168862127893 0.7076110107682656
0.5 0.75 12 13 -330.3802178641638 0.6559729022904895
0.5 0.75 13 14 -247.5168010341754 0.6094153570592207
0.5 0.75 14 15 -182.9608994409066 0.5673673691265426
0.5 0.75 15 16 -132.3280217982858 0.5293040548224196
0.5 0.75 16 17 -92.40161490457149 0.4947578776596075
0.5 0.75 17 18 -60.78951817194366 0.4633187668940553
0.5 0.75 18 19 -35.69038749198171 0.4346296981122242
0.5 0.75 19 20 -15.7323646415141 0.4083807507261469
0.5 0.75 20 21 0.1400617568310736 0.3843030073985776
0.5 0.75 21 22 12.74655024648132 0.3621628772655969
0.5 0.75 22 23 22.72895285396339 0.3417570530679182
0.5 0.75 23 24 30.59370236008181 0.3229081403185132
0.5 0.75 24 25 36.74312746414057 0.3054609183338275
0.5 0.75 25 26 41.49883856533108 0.2892791650934968
0.5 0.75 26 27 45.11936696923021 0.2742429694768078
0.5 0.75 27 28 47.81359279617129 0.2602464584816145
0.5 0.75 28 29 49.75105465075069 0.2471958743459544
0.5 0.75 29 30 51.06992787098829 0.2350079463536442
0.5 0.75 30 31 51.88324399587373 0.2236085075870184
0.5 0.75 31 32 52.2837722080983 0.2129313184196017
0.5 0.75 32 33 52.3478748484921 0.2029170627391794
0.5 0.75 33 34 52.13857055767517 0.1935124886926255
0.5 0.75 34 35 51.70798122231122 0.1846696711303147
0.5 0.75 35 36 51.0992966851735 0.1763453773655258
0.5 0.75 36 37 50.34835974722216 0.1685005189042685
0.5 0.75 37 38 49.48495057591174 0.1610996776018515
0.5 0.75 38 39 48.53383184968061 0.1541106934786432
0.5 0.75 39 40 47.51560248740537 0.1475043064077002
0.5 0.75 40 41 46.44739767535663 0.1412538433182873
0.5 0.75 41 42 45.3434646689434 0.1353349440643611
0.5 0.75 42 43 44.21563808360946 0.1297253210700422
0.5 0.75 43 44 43.0737333071155 0.1244045481619306
0.5 0.75 44 45 41.92587308751064 0.1193538740398178
0.5 0.75 45 46 40.77753609982096 0.1149352338568785
0.5 0.75 46 47 39.63652874886856 0.1125653208874179
0.5 0.75 47 48 38.50612533526566 0.1124597178379576
0.5 0.75 48 49 37.3899866376866 0.1145152714684424
0.5 0.75 49 50 36.29085927796271 0.1173486035276778
0.75 1 0 1 6108.839610730039 2.287872381600907
0.75 1 1 2 -1310.861039929052 2.075150582115596
0.75 1 2 3 -5490.468806564822 1.559967690214931
0.75 1 3 4 -4468.393052550231 1.517491545603177
0.75 1 4 5 -3305.552992752778 1.361733681902373
0.75 1 5 6 -2418.597812646477 1.210988674682566
0.75 1 6 7 -1779.90142767714 1.080732287920559
0.75 1 7 8 -1321.564444596896 0.9701891701967366
0.75 1 8 9 -989.1946734704588 0.8759335666833598
0.75 1 9 10 -744.7727550450527 0.7947234744860411
0.75 1 10 11 -562.3897853227445 0.7249026911211898
0.75 1 11 12 -424.5999163927668 0.6638202574746762
0.75 1 12 13 -319.2942929871888 0.610155046881758
0.75 1 13 14 -238.0288196560127 0.562699561233533
0.75 1 14 15 -174.802259090899 0.5204889876925684
0.75 1 15 16 -125.2811179277817 0.4827446644001512
0.75 1 16 17 -86.28919624795185 0.4488320284646607
0.75 1 17 18 -55.46638444462974 0.4182292074305577
0.75 1 18 19 -31.03692728789292 0.3905033521949942
0.75 1 19 20 -11.64951412062373 0.3652926255076889
0.75 1 20 21 3.734769399245806 0.3422923469427201
0.75 1 21 22 15.92209767498707 0.3212442372926048
0.75 1 22 23 25.54330608593682 0.3019279815720091
0.75 1 23 24 33.09577851419397 0.2841545580716134
0.75 1 24 25 38.97437331624803 0.2677609167297148
0.75 1 25 26 43.49450417034734 0.2526057031511899
0.75 1 26 27 46.9095389041056 0.238565794759012
0.75 1 27 28 49.4240367736802 0.225533478489875
0.75 1 28 29 51.20390607698869 0.21341413372262
0.75 1 29 30 52.38426044006451 0.2021243195909892
0.75 1 30 31 53.07553993850775 0.1915901868943782
0.75 1 31 32 53.36831283584172 0.1817461517406659
0.75 1 32 33 53.33706619459269 0.1725337824523994
0.75 1 33 34 53.04321592337112 0.1639008608659918
0.75 1 34 35 52.53751010483387 0.1558005867857817
0.75 1 35 36 51.86195772125075 0.1481909011414754
0.75 1 36 37 51.05138385961925 0.1410339069954858
0.75 1 37 38 50.13468934983803 0.1342953742977452
0.75 1 38 39 49.13587524896235 0.1279443113066328
0.75 1 39 40 48.07487927813071 0.1219525960119428
0.75 1 40 41 46.96826133044732 0.1162946556748033
0.75 1 41 42 45.82976704395026 0.110947188044493
0.75 1 42 43 44.67079276207937 0.1058889186820515
0.75 1 43 44 43.50077019561877 0.10110038803223
0.75 1 44 45 42.32748557717173 0.09656376459830035
0.75 1 45 46 41.15613895577354 0.0930649093905465
0.75 1 46 47 39.99424701408475 0.09354194625552047
0.75 1 47 48 38.84487114910402 0.0981050602420596
0.75 1 48 49 37.71146918384403 0.10602536491365
0.75 1 49 50 36.59660986599431 0.1144058455069898
1 1.25 0 1 5785.208086713223 1.581054203267006
1 1.25 1 2 -1603.345704133206 0.6836608785616672
1 1.25 2 3 -5489.781488668518 2.035941951832455
1 1.25 3 4 -4427.990172001229 1.946495801515165
1 1.25 4 5 -3264.069773397514 1.71880265335424
1 1.25 5 6 -2382.993816569935 1.505028496634184
1 1.25 6 7 -1750.693751293358 1.324050830243315
1 1.25 7 8 -1297.889465593438 1.173489251008418
1 1.25 8 9 -970.0287308984894 1.047654548818563
1 1.25 9 10 -729.2188237464943 0.9413471340810173
1 1.25 10 11 -549.7136713530758 0.8513149849680208
1 1.25 11 12 -414.229622832419 0.7737908304633124
1 1.25 12 13 -310.7783626156772 0.7065908985333116
1 1.25 13 14 -231.0119650605063 0.6478745581843639
1 1.25 14 15 -169.0034741244092 0.5962031094991351
1 1.25 15 16 -120.4767909143718 0.550439294982993
1 1.25 16 17 -82.30026429038276 0.5096739987685999
1 1.25 17 18 -52.14858179881071 0.4731726592682328
1 1.25 18 19 -28.27335684980994 0.4403357858687755
1 1.25 19 20 -9.344954453019909 0.4106695690988589
1 1.25 20 21 5.65825799909112 0.3837637608398195
1 1.25 21 22 17.52858963559333 0.3592748413096136
1 1.25 22 23 26.88568642743962 0.3369130704837754
1 1.25 23 24 34.21785336398693 0.3164324265637198
1 1.25 24 25 39.91254553346516 0.2976227109835594
1 1.25 25 26 44.27911192738634 0.2803032986489021
1 1.25 26 27 47.56593118018156 0.2643181474131489
1 1.25 27 28 49.97344209371693 0.249531782244488
1 1.25 28 29 51.66413772858675 0.235826039243148
1 1.25 29 30 52.7702915905237 0.223097407295351
1 1.25 30 31 53.3999746655229 0.2112548436256987
1 1.25 31 32 53.64177345242649 0.2002179671687656
1 1.25 32 33 53.56851292861211 0.189915557211626
1 1.25 33 34 53.24021168712545 0.1802842963137706
1 1.25 34 35 52.7064404991774 0.171267715288894
1 1.25 35 36 52.00821440319322 0.1628153013921872
1 1.25 36 37 51.17951781077471 0.1548817417418366
1 1.25 37 38 50.24853933299715 0.1474262789659165
1 1.25 38 39 49.23867574023177 0.1404121596573664
1 1.25 39 40 48.16935137261913 0.133806160396433
1 1.25 40 41 47.05668947429547 0.1275781799665153
1 1.25 41 42 45.91406394426343 0.1217008853230834
1 1.25 42 43 44.75255439914645 0.116149405793699
1 1.25 43 44 43.58132253662723 0.1109010650908151
1 1.25 44 45 42.40792430972454 0.1059351490415171
1 1.25 45 46 41.23738799424865 0.101613822475838
1 1.25 46 47 40.07701718354809 0.09936548406565773
1 1.25 47 48 38.92975513739452 0.09941002862506255
1 1.25 48 49 37.79893815067567 0.1016306182482627
1 1.25 49 50 36.68703770169 0.1090263084017422
1.25 1.5 0 1 5413.764655679981 3.158515335068039
1.25 1.5 1 2 -1910.434318534743 3.846738997745354
1.25 1.5 2 3 -5453.58732159147 1.682757557926926
1.25 1.5 3 4 -4350.603578521092 1.617964701891861
1.25 1.5 4 5 -3190.962044144228 1.444424524109697
1.25 1.5 5 6 -2321.584540895541 1.275384388539874
1.25 1.5 6 7 -1700.705263705469 1.128398392012253
1.25 1.5 7 8 -1257.508447596874 1.003562729848136
1.25 1.5 8 9 -937.3994540194044 0.8986289901837996
1.25 1.5 9 10 -702.7701593885322 0.8080931665231673
1.25 1.5 10 11 -528.1889040715196 0.7315131377691457
1.25 1.5 11 12 -396.6491602972151 0.6651198225510931
1.25 1.5 12 13 -296.3743404412078 0.6073598303065877
1.25 1.5 13 14 -219.1816318080623 0.5567534973339622
1.25 1.5 14 15 -159.270750442086 0.5121256902515036
1.25 1.5 15 16 -112.4629941181113 0.4725363269106506
1.25 1.5 16 17 -75.70203159943549 0.4372269551019368
1.25 1.5 17 18 -46.72122127316266 0.4055802792635543
1.25 1.5 18 19 -23.81823194756566 0.3770895591937498
1.25 1.5 19 20 -5.699858459564439 0.351335389477736
1.25 1.5 20 21 8.62650406009675 0.3279679536031641
1.25 1.5 21 22 19.92987525259923 0.3066933643277538
1.25 1.5 22 23 28.81109528570471 0.2872630488132661
1.25 1.5 23 24 35.74319334479912 0.2694654376906875
1.25 1.5 24 25 41.10114776926389 0.2531193990171582
1.25 1.5 25 26 45.18406513884258 0.239205632786958
1.25 1.5 26 27 48.23187636318153 0.2273815880529329
1.25 1.5 27 28 50.43802243687958 0.2163480913723962
1.25 1.5 28 29 51.95917631761188 0.2060368051041971
1.25 1.5 29 30 52.92275281064974 0.1963865895932822
1.25 1.5 30 31 53.43275270034246 0.1873426345793338
1.25 1.5 31 32 53.57434179670759 0.1788557030059728
1.25 1.5 32 33 53.41746159872514 0.1708814733443799
1.25 1.5 33 34 53.01969324296067 0.1633799671063038
1.25 1.5 34 35 52.42854168607869 0.1563150514615298
1.25 1.5 35 36 51.68326686056486 0.1496540035613487
1.25 1.5 36 37 50.81635866582144 0.1433671328307922
1.25 1.5 37 38 49.85473041593951 0.1374274479600805
1.25 1.5 38 39 48.82068851579953 0.131810367478183
1.25 1.5 39 40 47.73272336639872 0.1264934642220369
1.25 1.5 40 41 46.60615692506707 0.1214562409819465
1.25 1.5 41 42 45.4536745659862 0.1166799337085003
1.25 1.5 42 43 44.28576345324808 0.1121473362191428
1.25 1.5 43 44 43.11107486269941 0.107842646653132
1.25 1.5 44 45 41.93672451002197 0.1037513300621006
1.25 1.5 45 46 40.76738884246544 0.1002078354282321
1.25 1.5 46 47 39.60998584279034 0.09850121118471297
1.25 1.5 47 48 38.46720315276175 0.09880956172258405
1.25 1.5 48 49 37.34213173014172 0.1010304050222318
1.25 1.5 49 50 36.23702809317672 0.1039030298883199
1.5 1.75 0 1 4974.087266528518 0.9777185266070535
1.5 1.75 1 2 -2296.108574915851 0.8310766631384159
1.5 1.75 2 3 -5431.695282467145 1.74630271195043
1.5 1.75 3 4 -4271.59252275168 1.685622844059637
1.5 1.75 4 5 -3110.062367091454 1.502000271404327
1.5 1.75 5 6 -2249.777471514983 1.318256508739166
1.5 1.75 6 7 -1639.387291141573 1.157663109389859
1.5 1.75 7 8 -1205.716139435427 1.021938106402615
1.5 1.75 8 9 -893.7105980294514 0.9076843197556476
1.5 1.75 9 10 -665.8061009765106 0.8127703071036789
1.5 1.75 10 11 -496.7948164603836 0.7307711706733965
1.5 1.75 11 12 -369.8589952764496 0.6610624853153376
1.5 1.75 12 13 -273.4048471947447 0.6008942300131251
1.5 1.75 13 14 -199.3972172012709 0.5485512899240939
1.5 1.75 14 15 -142.1547405342906 0.502686317070313
1.5 1.75 15 16 -97.5937367127292 0.462233241339263
1.5 1.75 16 17 -62.73373830482183 0.4263409651130854
1.5 1.75 17 18 -35.36883284293503 0.3943235619797014
1.5 1.75 18 19 -13.84551523302844 0.3656230352248521
1.5 1.75 19 20 3.089961488590234 0.3397813833498727
1.5 1.75 20 21 16.39814142580963 0.3164195011855763
1.5 1.75 21 22 26.82185240973763 0.295221114932683
1.5 1.75 22 23 34.94042393256177 0.2759204318412496
1.5 1.75 23 24 41.20912897019616 0.2582925615829262
1.5 1.75 24 25 45.98821758742463 0.2421460192568206
1.5 1.75 25 26 49.56452329549063 0.2273168062383254
1.5 1.75 26 27 52.16770511347056 0.213663697658724
1.5 1.75 27 28 53.98257137563905 0.2010644615909706
1.5 1.75 28 29 55.15851148570425 0.1894128027089356
1.5 1.75 29 30 55.81677202486946 0.1786158746188442
1.5 1.75 30 31 56.05611155552003 0.1685922406847638
1.5 1.75 31 32 55.95722559927685 0.159270193694375
1.5 1.75 32 33 55.58623134969491 0.1505863617551161
1.5 1.75 33 34 54.99742820693518 0.1424845457546694
1.5 1.75 34 35 54.23549669866287 0.1349147446047119
1.5 1.75 35 36 53.33725906245627 0.1278323349775485
1.5 1.75 36 37 52.33309560132903 0.1211973760648995
1.5 1.75 37 38 51.24808924054878 0.1149740193134753
1.5 1.75 38 39 50.10295429654042 0.109130004390156
1.5 1.75 39 40 48.91479304485165 0.1036362275239617
1.5 1.75 40 41 47.69771436278563 0.09846636952738159
1.5 1.75 41 42 46.46334117012447 0.09359657593518728
1.5 1.75 42 43 45.22122811140031 0.08900517864498378
1.5 1.75 43 44 43.97920630602658 0.08467245520876347
1.5 1.75 44 45 42.74366870752056 0.08058041841943893
1.5 1.75 45 46 41.51868156057193 0.07742924979729245
1.5 1.75 46 47 40.31055302889163 0.07783713593716941
1.5 1.75 47 48 39.12149779163241 0.08189266918196891
1.5 1.75 48 49 37.95416258593153 0.08893969575495783
1.5 1.75 49 50 36.81042091705075 0.09638627508568431
1.75 2 0 1 4510.378670944149 1.065079923460261
1.75 2 1 2 -2688.269147983596 2.711160061911706
1.75 2 2 3 -5403.451743763712 2.740620221870533
1.75 2 3 4 -4197.764762336496 2.244755481582761
1.75 2 4 5 -3042.322419983062 1.84694019635923
1.75 2 5 6 -2194.788139083294 1.549836213689585
1.75 2 6 7 -1596.011791276622 1.324441464498088
1.75 2 7 8 -1171.682475114586 1.148807611320348
1.75 2 8 9 -866.9201315928021 1.009314558810614
1.75 2 9 10 -644.5798028067638 0.8947629868633826
1.75 2 10 11 -479.9612322790636 0.8003170628360461
1.75 2 11 12 -356.4411190155824 0.7206570555616262
1.75 2 12 13 -262.682339013674 0.6527287084289665
1.75 2 13 14 -190.8165830361352 0.5941760571515938
1.75 2 14 15 -135.2866407662486 0.5432350262081614
1.75 2 15 16 -92.10206933867812 0.4985584503127904
1.75 2 16 17 -58.35315796261284 0.4590994733754021
1.75 2 17 18 -31.88825735880641 0.4240319830781354
1.75 2 18 19 -11.09589359266033 0.3926951080938666
1.75 2 19 20 5.244823359225165 0.3645537078387242
1.75 2 20 21 18.0685373239503 0.3391697228528783
1.75 2 21 22 28.09750573446786 0.3161810487529765
1.75 2 22 23 35.89461032218321 0.2952857195620232
1.75 2 23 24 41.90189306620346 0.2762298999275883
1.75 2 24 25 46.46890293032959 0.2587986558713934
1.75 2 25 26 49.87377636001497 0.2428087772914488
1.75 2 26 27 52.33907315538522 0.2281031383397364
1.75 2 27 28 54.04378396257221 0.2145462228697621
1.75 2 28 29 55.13251386380466 0.2020205427385654
1.75 2 29 30 55.72256246028121 0.1904237467371019
1.75 2 30 31 55.90942287153962 0.1796662696235255
1.75 2 31 32 55.77108217126136 0.1696694065300245
1.75 2 32 33 55.37140602595844 0.1603637252754612
1.75 2 33 34 54.76281843026987 0.151687749213217
1.75 2 34 35 53.98843510229329 0.1435868583430429
1.75 2 35 36 53.08377070732996 0.1360123676261926
1.75 2 36 37 52.078111599458 0.1289207493095205
1.75 2 37 38 50.99562460215071 0.1222729746746205
1.75 2 38 39 49.85625633397922 0.1160339538378166
1.75 2 39 40 48.67646547245755 0.1101720561769093
1.75 2 40 41 47.46982127132236 0.1046587001306572
1.75 2 41 42 46.2474943010896 0.09946799879040953
1.75 2 42 43 45.01866022645919 0.09457645414211931
1.75 2 43 44 43.79083296100595 0.08996269127601106
1.75 2 44 45 42.57014032940825 0.08560722809171169
1.75 2 45 46 41.36046745475744 0.08188546383420917
1.75 2 46 47 40.16786091576213 0.08151596801226117
1.75 2 47 48 38.99442290339397 0.08523167469161066
1.75 2 48 49 37.84267402435844 0.09180295879091509
1.75 2 49 50 36.71437699696656 0.09873746042042555
2 2.25 0 1 4008.254773022219 1.031059243947303
2 2.25 1 2 -3092.394872707042 0.8449469027195753
2 2.25 2 3 -5346.410438601346 1.65091804092269
2 2.25 3 4 -4080.131715510574 1.530489982492906
2 2.25 4 5 -2926.030765290107 1.351054021245824
2 2.25 5 6 -2092.07279664316 1.191833261858122
2 2.25 6 7 -1508.18700546956 1.058030027281608
2 2.25 7 8 -1097.315161846623 0.9454037736867196
2 2.25 8 9 -804.0259222228988 0.8504292067475803
2 2.25 9 10 -591.2681861566598 0.768899413045107
2 2.25 10 11 -434.6078103756047 0.6986558174458432
2 2.25 11 12 -317.693981336201 0.6375706099149158
2 2.25 12 13 -229.4359786088669 0.5840638283415363
2 2.25 13 14 -162.1697917836627 0.5368886524836248
2 2.25 14 15 -110.5040921069919 0.4950502951443765
2 2.25 15 16 -70.58179500468805 0.4577467529510221
2 2.25 16 17 -39.60015428743827 0.4243251401576191
2 2.25 17 18 -15.49345294515842 0.394249164980514
2 2.25 18 19 3.280496463319423 0.3670746288518824
2 2.25 19 20 17.88645901786322 0.3424307698354601
2 2.25 20 21 29.21338318488063 0.3200059027148003
2 2.25 21 22 37.94612798354603 0.2995362647384253
2 2.25 22 23 44.61680861207071 0.2807972654432886
2 2.25 23 24 49.64202888159127 0.2635965669215843
2 2.25 24 25 53.35020326307199 0.2477685671565823
2 2.25 25 26 56.00182797364744 0.2331699678876174
2 2.25 26 27 57.80467415578391 0.2196761877150464
2 2.25 27 28 58.92528235319162 0.2071784412715214
2 2.25 28 29 59.49773443490983 0.1955813441037976
2 2.25 29 30 59.63040164584436 0.1848009372190732
2 2.25 30 31 59.41117447175293 0.1747630485593467
2 2.25 31 32 58.91154387895301 0.1654019264739069
2 2.25 32 33 58.18980661751516 0.1566590943265604
2 2.25 33 34 57.29359758715896 0.1484823851948057
2 2.25 34 35 56.26190162995664 0.1408251257852624
2 2.25 35 36 55.12666000980539 0.1336454419916462
2 2.25 36 37 53.91405937501435 0.1269056674079218
2 2.25 37 38 52.64557061335529 0.1205718349369893
2 2.25 38 39 51.33878960955275 0.1146132413226063
2 2.25 39 40 50.00812029325118 0.1090020703535273
2 2.25 40 41 48.6653316621568 0.1037130666214638
2 2.25 41 42 47.32001343477259 0.09872325245805701
2 2.25 42 43 45.97995006472163 0.09401168136497343
2 2.25 43 44 44.65142858075239 0.0895592219288255
2 2.25 44 45 43.33949265550365 0.08534836906929573
2 2.25 45 46 42.04709685515172 0.08201757600881972
2 2.25 46 47 40.7793822863708 0.08195241249515457
2 2.25 47 48 39.53772357812767 0.08521767340250098
2 2.25 48 49 38.32396817841467 0.09119645543832654
2 2.25 49 50 37.1392842524404 0.09752352836307025
2.25 2.5 0 1 3480.320856213185 1.651350607558573
2.25 2.5 1 2 -3495.865502516777 0.9560666144054943
2.25 2.5 2 3 -5256.423155179153 1.69336336996747
2.25 2.5 3 4 -3939.244618381249 1.560652180176465
2.25 2.5 4 5 -2798.36458262672 1.431125560977836
2.25 2.5 5 6 -1986.471444332022 1.283043346696938
2.25 2.5 6 7 -1422.816850310617 1.14652685855899
2.25 2.5 7 8 -1028.540877859766 1.027209053961698
2.25 2.5 8 9 -748.4510814913115 0.923763623230761
2.25 2.5 9 10 -546.1248057382149 0.8347242626756117
2.25 2.5 10 11 -397.7360208687928 0.7575142747687
2.25 2.5 11 12 -287.4226620702523 0.6902826229054223
2.25 2.5 12 13 -204.4706781932837 0.6314089078060041
2.25 2.5 13 14 -141.5015161047593 0.579563383404929
2.25 2.5 14 15 -93.34002374006377 0.5336604370105931
2.25 2.5 15 16 -56.29370612363596 0.4928127308956762
2.25 2.5 16 17 -27.6861276631289 0.4562919683289463
2.25 2.5 17 18 -5.549366849252465 0.4234970692582037
2.25 2.5 18 19 11.58236609155551 0.3939289106297841
2.25 2.5 19 20 24.81363744055568 0.3671704330055767
2.25 2.5 20 21 34.98557386859989 0.3428709895775605
2.25 2.5 21 22 42.74475645282917 0.3207340024568106
2.25 2.5 22 23 48.59244664084702 0.3005071850361523
2.25 2.5 23 24 52.92021789305545 0.2819747559408962
2.25 2.5 24 25 56.03605762038205 0.264951202601384
2.25 2.5 25 26 58.1837000929512 0.2492762566006611
2.25 2.5 26 27 59.55709219760547 0.2348108200876217
2.25 2.5 27 28 60.31131947892482 0.221433645023513
2.25 2.5 28 29 60.57093061540331 0.2090386089376385
2.25 2.5 29 30 60.4363308571501 0.1975324687336542
2.25 2.5 30 31 59.9887290644059 0.1868329981020959
2.25 2.5 31 32 59.29399204529494 0.1768674354428681
2.25 2.5 32 33 58.40566681563337 0.1675711837062863
2.25 2.5 33 34 57.36736454628982 0.1588867165548969
2.25 2.5 34 35 56.21465143091444 0.1507626538131622
2.25 2.5 35 36 54.97655619607218 0.1431529766645928
2.25 2.5 36 37 53.6767777222783 0.1360163588721008
2.25 2.5 37 38 52.33465677521303 0.1293155942600831
2.25 2.5 38 39 50.96596116534391 0.1230171056871507
2.25 2.5 39 40 49.58352258093697 0.1170905211429727
2.25 2.5 40 41 48.19775505929135 0.1115083076814169
2.25 2.5 41 42 46.81707838856198 0.1062454538316682
2.25 2.5 42 43 45.44826504360177 0.1012791930732854
2.25 2.5 43 44 44.09672523812171 0.09658876257622825
2.25 2.5 44 45 42.76674175394953 0.09215519217392082
2.25 2.5 45 46 41.46065119325363 0.08828074089455906
2.25 2.5 46 47 40.18293666570827 0.08614677078150547
2.25 2.5 47 48 38.93451490006385 0.08588847392015972
2.25 2.5 48 49 37.71679641560189 0.08735286756981164
2.25 2.5 49 50 36.53056916374638 0.09206734411257353
2.5 2.75 0 1 2898.134037019779 2.105550345315035
2.5 2.75 1 2 -3935.038317049793 1.108255323032287
2.5 2.75 2 3 -5165.386908116045 2.896864224391035
2.5 2.75 3 4 -3790.136983298301 2.740702241301975
2.5 2.75 4 5 -2659.010432457821 2.393882661132471
2.5 2.75 5 6 -1867.680485194039 2.073798960767133
2.5 2.75 6 7 -1323.987972877011 1.805678624434956
2.5 2.75 7 8 -946.7301048049285 1.584669501874159
2.5 2.75 8 9 -680.6038950433167 1.401463016704252
2.5 2.75 9 10 -489.6095362602673 1.248628802749407
2.5 2.75 10 11 -350.4162957886274 1.119642958203207
2.5 2.75 11 12 -247.5932458988686 1.009766317508665
2.5 2.75 12 13 -170.776525656968 0.9153193555843659
2.5 2.75 13 14 -112.8634240531794 0.8334652694840059
2.5 2.75 14 15 -68.89412649007431 0.7619958451967507
2.5 2.75 15 16 -35.34419617770664 0.6991736521989241
2.5 2.75 16 17 -9.668863657990869 0.6436168587923535
2.5 2.75 17 18 9.996037950896834 0.5942149860191798
2.5 2.75 18 19 25.03399534408538 0.550066843324457
2.5 2.75 19 20 36.48383973516445 0.5104343713254106
2.5 2.75 20 21 45.13383974916735 0.4747079578353159
2.5 2.75 21 22 51.58779563429403 0.4423801043231886
2.5 2.75 22 23 56.31212941604281 0.4130252258698111
2.5 2.75 23 24 59.6698764778107 0.3862840057866828
2.5 2.75 24 25 61.94551927230293 0.3618511635773071
2.5 2.75 25 26 63.36333262532366 0.3394658079105233
2.5 2.75 26 27 64.10107509894374 0.3189037649604358
2.5 2.75 27 28 64.30030377700734 0.2999714294073439
2.5 2.75 28 29 64.07421318883343 0.2825008005216791
2.5 2.75 29 30 63.51364072086079 0.2663454458194939
2.5 2.75 30 31 62.69170179613872 0.251377199018795
2.5 2.75 31 32 61.6673922165769 0.2374834406102465
2.5 2.75 32 33 60.48840576348567 0.2245648464854075
2.5 2.75 33 34 59.19335112880356 0.2125335131646599
2.5 2.75 34 35 57.8135058664746 0.201311388489224
2.5 2.75 35 36 56.37421117610177 0.1908289523755844
2.5 2.75 36 37 54.89598633468074 0.1810241014099128
2.5 2.75 37 38 53.39542309016815 0.1718412028384712
2.5 2.75 38 39 51.88590639940105 0.1632302882285897
2.5 2.75 39 40 50.37819741242529 0.1551463633777498
2.5 2.75 40 41 48.88090677348481 0.1475488163263471
2.5 2.75 41 42 47.40088002076453 0.1404009062703404
2.5 2.75 42 43 45.94351244055753 0.1336693222433659
2.5 2.75 43 44 44.51300696240938 0.1273238002216576
2.5 2.75 44 45 43.11258593211443 0.1213367893505062
2.5 2.75 45 46 41.74369446191972 0.1159050376952419
2.5 2.75 46 47 40.40991149980042 0.1118432052584502
2.5 2.75 47 48 39.11146932975291 0.1092659718314784
2.5 2.75 48 49 37.84913640289258 0.1081147081564926
2.5 2.75 49 50 36.62313072991171 0.1075764097523332
2.75 3 0 1 2260.958841718837 1.549739279917645
2.75 3 1 2 -4361.483788995692 4.643262378362049
2.75 3 2 3 -5016.614779577138 6.037965728878634
2.75 3 3 4 -3588.042957103252 5.12566319010379
2.75 3 4 5 -2476.726080331011 4.249040437194006
2.75 3 5 6 -1715.345483130036 3.556949971786758
2.75 3 6 7 -1199.170334085748 3.01896513893541
2.75 3 7 8 -844.7591037284342 2.595782784465369
2.75 3 8 9 -597.046955800452 2.257018502302757
2.75 3 9 10 -420.7918421870511 1.981583808433997
2.75 3 10 11 -293.418717702936 1.754152972779148
2.75 3 11 12 -200.125746134036 1.563909811495809
2.75 3 12 13 -131.0440880567962 1.402931317504617
2.75 3 13 14 -79.45288526307422 1.265330873782822
2.75 3 14 15 -40.68559867559748 1.146659205859643
2.75 3 15 16 -11.44361987852812 1.043499713960917
2.75 3 16 17 10.64291239020031 0.9531905740761418
2.75 3 17 18 27.30170964233332 0.8736305747691905
2.75 3 18 19 39.8089745384292 0.8031411479126886
2.75 3 19 20 49.11853277064688 0.740366745004717
2.75 3 20 21 55.95079173758006 0.6842018151061993
2.75 3 21 22 60.85498828261905 0.6337365316662423
2.75 3 22 23 64.25337638188194 0.5882159313054394
2.75 3 23 24 66.47301153795252 0.5470087823893706
2.75 3 24 25 67.76889269604078 0.5095836035354252
2.75 3 25 26 68.34100065735731 0.4754900008201131
2.75 3 26 27 68.34697224664234 0.444344005823056
2.75 3 27 28 67.91161765415319 0.415816455049369
2.75 3 28 29 67.13412989826531 0.3896237042373546
2.75 3 29 30 66.09359014603882 0.3655201510433311
2.75 3 30 31 64.8532031473793 0.3432921713453371
2.75 3 31 32 63.4635781952868 0.3227531680224936
2.75 3 32 33 61.96528693939104 0.3037395035654165
2.75 3 33 34 60.39086923997849 0.2861071383655014
2.75 3 34 35 58.76641478695001 0.2697288365528175
2.75 3 35 36 57.11281653770408 0.2544918322970547
2.75 3 36 37 55.44676871610648 0.2402958698567593
2.75 3 37 38 53.78156489654759 0.227051550821844
2.75 3 38 39 52.12773876947045 0.2146789332601344
2.75 3 39 40 50.4935804695364 0.2031063405002374
2.75 3 40 41 48.88555412064756 0.1922693426755193
2.75 3 41 42 47.30863644446444 0.1821098843563731
2.75 3 42 43 45.76659221141634 0.1725755329150644
2.75 3 43 44 44.26219885907841 0.1636188301740742
2.75 3 44 45 42.7974300727542 0.1551967300071636
2.75 3 45 46 41.37268553390206 0.1474275340828046
2.75 3 46 47 39.99047901123578 0.140875158796445
2.75 3 47 48 38.6502459495465 0.1356214247598035
2.75 3 48 49 37.35200792088668 0.1316383610301587
2.75 3 49 50 36.09531928935144 0.1283468064124585
3 3.25 0 1 1572.466151184838 1.195455400941418
3 3.25 1 2 -4707.861539195454 9.280436870466165
3 3.25 2 3 -4761.626828118966 9.632002430388711
3 3.25 3 4 -3304.131535774273 7.818190611445752
3 3.25 4 5 -2234.641509100278 6.337044900189118
3 3.25 5 6 -1519.629983884331 5.227310461102527
3 3.25 6 7 -1042.744090084302 4.388436602217797
3 3.25 7 8 -719.6009448879463 3.740471842717408
3 3.25 8 9 -496.3844216647242 3.228811368934701
3 3.25 9 10 -339.3186962737291 2.817057581603148
3 3.25 10 11 -227.0635673555394 2.480015381122367
3 3.25 11 12 -145.7751055575698 2.200137422324987
3 3.25 12 13 -86.30555222967132 1.964810118643174
3 3.25 13 14 -42.47370048678067 1.764782855557597
3 3.25 14 15 -10.01807088119426 1.593137220679552
3 3.25 15 16 14.05375318203369 1.444607380486641
3 3.25 16 17 31.8781304448222 1.315121837895461
3 3.25 17 18 45.00302956677876 1.201487866019857
3 3.25 18 19 54.56499979886769 1.101169906278671
3 3.25 19 20 61.40838561597047 1.012131135026693
3 3.25 20 21 66.16703694306113 0.9327183187310418
3 3.25 21 22 69.32121221498699 0.8615768649225641
3 3.25 22 23 71.23778825630927 0.7975872840315991
3 3.25 23 24 72.19905638071396 0.739817063147866
3 3.25 24 25 72.42359876764749 0.6874837890267294
3 3.25 25 26 72.08159416290869 0.6399265875024288
3 3.25 26 27 71.30615573989826 0.5965837845805906
3 3.25 27 28 70.20180969475422 0.5569752737696596
3 3.25 28 29 68.85089123231882 0.5206884790461245
3 3.25 29 30 67.31840836585337 0.4873670921253856
3 3.25 30 31 65.6557680971095 0.4567019684623297
3 3.25 31 32 63.90365061714806 0.4284237176191003
3 3.25 32 33 62.09424033675128 0.4022966333154405
3 3.25 33 34 60.25296776821847 0.3781136911493017
3 3.25 34 35 58.39987681280513 0.3556924018760627
3 3.25 35 36 56.55070332195609 0.3348713565098158
3 3.25 36 37 54.71772975875257 0.3155073319342396
3 3.25 37 38 52.91046528253773 0.2974728557137388
3 3.25 38 39 51.13618897269663 0.280654146799672
3 3.25 39 40 49.40038521448454 0.2649493676619041
3 3.25 40 41 47.70709381744527 0.2502671337409051
3 3.25 41 42 46.059192271923 0.236525238153992
3 3.25 42 43 44.45862392745445 0.2236495561524502
3 3.25 43 44 42.9065828414189 0.2115731006917397
3 3.25 44 45 41.40366379222294 0.2002352057097435
3 3.25 45 46 39.9491307060652 0.1896897009401375
3 3.25 46 47 38.54430772056747 0.1803021959222378
3 3.25 47 48 37.18777979469544 0.1721108078288948
3 3.25 48 49 35.87876466720525 0.1650854515486356
3 3.25 49 50 34.61610509559502 0.1588152996454525
3.25 3.5 0 1 858.4686472066421 0.4309443231996587
3.25 3.5 1 2 -4868.211237277115 18.41262297014261
3.25 3.5 2 3 -4340.615058964859 14.63810007940105
3.25 3.5 3 4 -2906.176577062844 11.05751252355947
3.25 3.5 4 5 -1915.675514240092 8.622671764848089
3.25 3.5 5 6 -1271.969973824533 6.928734483861664
3.25 3.5 6 7 -851.0569975506992 5.701970265713633
3.25 3.5 7 8 -570.4919923456723 4.781574711244602
3.25 3.5 8 9 -379.56832516435 4.070528600256023
3.25 3.5 9 10 -247.1575752149433 3.508075103158202
3.25 3.5 10 11 -153.9044005974449 3.054240560342824
3.25 3.5 11 12 -87.41273639230644 2.681965392328972
3.25 3.5 12 13 -39.58029428909072 2.372287346350432
3.25 3.5 13 14 -4.984865589496849 2.111570004773462
3.25 3.5 14 15 20.07885642615724 1.889778602910722
3.25 3.5 15 16 38.19117835454085 1.69937921697627
3.25 3.5 16 17 51.17954255631378 1.53461513681414
3.25 3.5 17 18 60.35771739440759 1.391018741240635
3.25 3.5 18 19 66.68277504685386 1.26507459033218
3.25 3.5 19 20 70.86012709691533 1.153982077396864
3.25 3.5 20 21 73.41506583057287 1.055485120840225
3.25 3.5 21 22 74.74229064337658 0.9677479215620833
3.25 3.5 22 23 75.14070646619382 0.8892629586442402
3.25 3.5 23 24 74.83820705512898 0.8187819247298477
3.25 3.5 24 25 74.00954504387261 0.7552632332203619
3.25 3.5 25 26 72.78936350040448 0.6978316645625756
3.25 3.5 26 27 71.28179780914019 0.6457470179497904
3.25 3.5 27 28 69.56761778175144 0.598379522650712
3.25 3.5 28 29 67.70958648683853 0.5551903782387846
3.25 3.5 29 30 65.75651316946204 0.5157162259551664
3.25 3.5 30 31 63.74634101848659 0.4795566608373081
3.25 3.5 31 32 61.70851544739304 0.4463641169132652
3.25 3.5 32 33 59.665811737524 0.4158356192141231
3.25 3.5 33 34 57.63575343141187 0.3877060153078117
3.25 3.5 34 35 55.63171880050328 0.3617423885839045
3.25 3.5 35 36 53.66380804064866 0.3377394204082215
3.25 3.5 36 37 51.73952582707997 0.3155155207016689
3.25 3.5 37 38 49.86432061974833 0.2949095828041701
3.25 3.5 38 39 48.04201224232796 0.2757782496074833
3.25 3.5 39 40 46.27513189053624 0.2579936002002611
3.25 3.5 40 41 44.56519327374892 0.2414411838212426
3.25 3.5 41 42 42.91290925560816 0.2260183425703302
3.25 3.5 42 43 41.31836531179835 0.2116327749642849
3.25 3.5 43 44 39.78115860606317 0.1982013013174325
3.25 3.5 44 45 38.30050959092343 0.1856487989285165
3.25 3.5 45 46 36.87459177263726 0.1740088172378642
3.25 3.5 46 47 35.50351383552119 0.1636132581198903
3.25 3.5 47 48 34.18507604870653 0.1544977272489242
3.25 3.5 48 49 32.9177373806143 0.1466360034997084
3.25 3.5 49 50 31.69967855194368 0.1396407368198694
3.5 3.75 0 1 192.0577944717501 1.612854005610085
3.5 3.75 1 2 -4680.422617495039 24.56129940101464
3.5 3.75 2 3 -3689.882517982549 16.20721527679122
3.5 3.75 3 4 -2369.768039297582 11.45528786954475
3.5 3.75 4 5 -1512.892570394059 8.590566052743251
3.5 3.75 5 6 -973.4699602423309 6.713902220277381
3.5 3.75 6 7 -628.9046848342045 5.405781913509158
3.5 3.75 7 8 -403.8156305798564 4.450951144372235
3.5 3.75 8 9 -253.5228821094681 3.728877673157271
3.5 3.75 9 10 -151.2461335754053 3.167551334344925
3.5 3.75 10 11 -80.63090859182216 2.721262501077141
3.5 3.75 11 12 -31.3574590764124 2.35985492500482
3.5 3.75 12 13 3.232872535669003 2.062641956939626
3.5 3.75 13 14 27.54452036697376 1.815004728316297
3.5 3.75 14 15 44.55470534660799 1.606343629140145
3.5 3.75 15 16 56.31520747394757 1.42880195239351
3.5 3.75 16 17 64.26440124001329 1.276443612213181
3.5 3.75 17 18 69.42588491743606 1.144707839263094
3.5 3.75 18 19 72.53770026057805 1.030038286567125
3.5 3.75 19 20 74.13809559827553 0.9296250678306327
3.5 3.75 20 21 74.62349502234258 0.8412217482834625
3.5 3.75 21 22 74.28833630828331 0.7630131872419889
3.5 3.75 22 23 73.35286389832794 0.6935185679381629
3.5 3.75 23 24 71.98278557841167 0.6315192121324941
3.5 3.75 24 25 70.30334855695924 0.576004135400578
3.5 3.75 25 26 68.40953384820125 0.5261284889836895
3.5 3.75 26 27 66.3735158017497 0.4811814879693358
3.5 3.75 27 28 64.250171870163 0.4405614097049099
3.5 3.75 28 29 62.08118720559349 0.4037559213090822
3.5 3.75 29 30 59.89813632184621 0.3703264668136466
3.5 3.75 30 31 57.72481323534296 0.3398957762596541
3.5 3.75 31 32 55.57900473440966 0.312137798398698
3.5 3.75 32 33 53.47384774962475 0.2867695301263075
3.5 3.75 33 34 51.41887384938545 0.2635443422818187
3.5 3.75 34 35 49.42081677847324 0.242246495066179
3.5 3.75 35 36 47.48423941131085 0.2226866053340793
3.5 3.75 36 37 45.61202228753041 0.2046978811643382
3.5 3.75 37 38 43.80574550271268 0.1881329783460381
3.5 3.75 38 39 42.06598802035111 0.1728613648266733
3.5 3.75 39 40 40.39256274089892 0.1587671013697104
3.5 3.75 40 41 38.78470145080482 0.1457469667831155
3.5 3.75 41 42 37.24120042724182 0.1337088689622325
3.5 3.75 42 43 35.76053513778422 0.1225704952061729
3.5 3.75 43 44 34.34095056647168 0.1122581645083499
3.5 3.75 44 45 32.9805322433637 0.1027058512458266
3.5 3.75 45 46 31.67663088887332 0.09400156928857734
3.5 3.75 46 47 30.42829450456493 0.08668349738129137
3.5 3.75 47 48 29.23279079542772 0.0808782944483426
3.5 3.75 48 49 28.0880272662005 0.07660241643602317
3.5 3.75 49 50 26.99172513458527 0.07331550166303223
3.75 4 0 1 -320.6455532603423 1.823507601157739
3.75 4 1 2 -4015.645106033403 28.19588187128164
3.75 4 2 3 -2794.877393676048 13.09614706109725
3.75 4 3 4 -1704.245034275432 7.652182475250079
3.75 4 4 5 -1041.637685327764 4.985306148773268
3.75 4 5 6 -640.3040078972208 3.461478646408521
3.75 4 6 7 -391.5134929157248 2.504571159504644
3.75 4 7 8 -233.2949658747445 1.86409537376416
3.75 4 8 9 -130.3844116193857 1.415196793046644
3.75 4 9 10 -62.23153466134022 1.089943793953835
3.75 4 10 11 -16.55437647669203 0.8481690302320977
3.75 4 11 12 14.25194524077676 0.6651840314840871
3.75 4 12 13 35.01435036146938 0.525044008772682
3.75 4 13 14 48.87738689075456 0.4171812532860737
3.75 4 14 15 57.93607904259227 0.3344571468315598
3.75 4 15 16 63.61396145613242 0.2829239168489288
3.75 4 16 17 66.89499798411106 0.2604555410118308
3.75 4 17 18 68.46942552640508 0.2403501294228895
3.75 4 18 19 68.82757723154026 0.2222847638641387
3.75 4 19 20 68.32150165425833 0.2059904375693543
3.75 4 20 21 67.20619632011778 0.1912416310441528
3.75 4 21 22 65.66766996581453 0.177848129879411
3.75 4 22 23 63.84233394389975 0.1656485639123601
3.75 4 23 24 61.83058729264729 0.1663294155146025
3.75 4 24 25 59.70645277045043 0.1701810189391134
3.75 4 25 26 57.52448867916294 0.1739185112147849
3.75 4 26 27 55.32479696646948 0.1772985769451563
3.75 4 27 28 53.13668511595296 0.1802037877188202
3.75 4 28 29 50.98136574453468 0.1825911014344254
3.75 4 29 30 48.8739614354345 0.1844601381235002
3.75 4 30 31 46.82500342233723 0.1858339889574349
3.75 4 31 32 44.84155842922621 0.1867477313928637
3.75 4 32 33 42.92808024023634 0.18724162582874
3.75 4 33 34 41.08705606877457 0.1873571477871894
3.75 4 34 35 39.31949898090326 0.1871347364816923
3.75 4 35 36 37.62532414884804 0.1866125813734839
3.75 4 36 37 36.00363697517524 0.1858260342661911
3.75 4 37 38 34.45295405363345 0.184807394222764
3.75 4 38 39 32.97137271605546 0.1835859106651702
3.75 4 39 40 31.5567010657999 0.1821879092606853
3.75 4 40 41 30.20655758784181 0.1806369822431181
3.75 4 41 42 28.91844720383718 0.1789542076771545
3.75 4 42 43 27.68981910091419 0.1771583760936883
3.75 4 43 44 26.51811042699816 0.1752662121930644
3.75 4 44 45 25.4007789849058 0.1732925846455018
3.75 4 45 46 24.3348596539879 0.1713060517094068
3.75 4 46 47 23.31871426792801 0.169511704672745
3.75 4 47 48 22.34952230695569 0.1679239376049755
3.75 4 48 49 21.42502031356347 0.1665233760599831
3.75 4 49 50 20.54283389507795 0.1651439420901034
4 5 0 1 -1013.773706096494 2.867687161035401
4 5 1 2 -4438.369822820418 7.258334196874377
4 5 2 3 -2547.890209473732 5.462971824158964
4 5 3 4 -1392.94260741964 4.089385473018377
4 5 4 5 -764.8034050858321 3.040348439117762
4 5 5 6 -412.2231799896072 2.287162017091749
4 5 6 7 -207.7589485071283 1.78535895966504
4 5 7 8 -85.97804582597291 1.44803201064943
4 5 8 9 -12.06225971313552 1.211389707831614
4 5 9 10 33.18828839578498 1.03603891944827
4 5 10 11 60.71884829765065 0.9016106596715495
4 5 11 12 77.08350653185221 0.7970338545768552
4 5 12 13 86.28874203141231 0.7126142362322428
4 5 13 14 90.83369387462312 0.6422989960882137
4 5 14 15 92.31947980216518 0.5834274718775877
4 5 15 16 91.8016123642081 0.5340179009065307
4 5 16 17 89.98625857951021 0.4917724977264716
4 5 17 18 87.34772769420778 0.4547683087066823
4 5 18 19 84.20605896199686 0.4219014874579882
4 5 19 20 80.77912557408541 0.3926130949354088
4 5 20 21 77.21637938446432 0.3664787357856817
4 5 21 22 73.62031497607759 0.3430484617489362
4 5 22 23 70.06051464641868 0.3218829897890488
4 5 23 24 66.58330793724812 0.3026196682080136
4 5 24 25 63.21863245192301 0.2849905206754819
4 5 25 26 59.98492756770224 0.2688002032439619
4 5 26 27 56.89259176979826 0.2538951982245832
4 5 27 28 53.94640680354587 0.2401429803444383
4 5 28 29 51.14724034917072 0.227423583388299
4 5 29 30 48.49325358709521 0.2156284924869096
4 5 30 31 45.98076788341808 0.2046616345284732
4 5 31 32 43.60489212083102 0.1944397172462774
4 5 32 33 41.35997784891865 0.1848913207162318
4 5 33 34 39.23994827232576 0.1759551804269123
4 5 34 35 37.23853398768003 0.1675782750125994
4 5 35 36 35.34943975276849 0.1597141329771683
4 5 36 37 33.56646046654355 0.1523215198441874
4 5 37 38 31.88355997475644 0.145363496182267
4 5 38 39 30.29492281315921 0.1388067609606238
4 5 39 40 28.79498634334924 0.1326211841872384
4 5 40 41 27.37845878547019 0.1267794532723068
4 5 41 42 26.04032711858341 0.1212567823746572
4 5 42 43 24.77585778713351 0.1160306582353451
4 5 43 44 23.5805923814187 0.1110806096114584
4 5 44 45 22.45033983852203 0.1063879956004916
4 5 45 46 21.38071136558565 0.1023264362858401
4 5 46 47 20.36855211982969 0.1002935802950517
4 5 47 48 19.40999537464634 0.1002713711709661
4 5 48 49 18.50185299623732 0.1018355707370252
4 5 49 50 17.64070925797921 0.1037748572716605
-5 5 0 50 -529218.5411782018 92.44701425912646
