#ylo yhi qTlo qThi PDF0  uncertainty
-5 -4 0 1 -1003.75198774445 2.863855530740054
-5 -4 1 2 -4425.467769450097 7.165974691498193
-5 -4 2 3 -2546.369265134099 5.378027462070305
-5 -4 3 4 -1396.84610935923 4.035428329161183
-5 -4 4 5 -769.9244015672846 3.011050761340595
-5 -4 5 6 -416.9227329111086 2.272839268242713
-5 -4 6 7 -211.6875482400269 1.775883949271825
-5 -4 7 8 -89.16907833382652 1.438141166240358
-5 -4 8 9 -14.63356102741659 1.200111574758324
-5 -4 9 10 31.1172988984772 1.024040271670328
-5 -4 10 11 59.04563201134147 0.8892009079518262
-5 -4 11 12 75.72646021180753 0.7844774868790897
-5 -4 12 13 85.1837913105993 0.7002570000243313
-5 -4 13 14 89.93088361770117 0.6303603131894643
-5 -4 14 15 91.57976293277778 0.5719786439158744
-5 -4 15 16 91.19437406795595 0.5230781660549633
-5 -4 16 17 89.4873773342822 0.4813623891707012
-5 -4 17 18 86.93806483890893 0.4449043195558998
-5 -4 18 19 83.87030772307668 0.412583824988259
-5 -4 19 20 80.50494816979244 0.3838270052993914
-5 -4 20 21 76.99375925842142 0.3582019071410494
-5 -4 21 22 73.44106451985456 0.3352563735838433
-5 -4 22 23 69.91789666617817 0.3145508388025577
-5 -4 23 24 66.47174268835312 0.2957226451443173
-5 -4 24 25 63.13347013787748 0.2785039001616423
-5 -4 25 26 59.92227100264847 0.2626996390036802
-5 -4 26 27 56.84915731783244 0.2481570906504551
-5 -4 27 28 53.91941448547161 0.2347447556761232
-5 -4 28 29 51.13432627877094 0.2223438390530509
-5 -4 29 30 48.49239965416322 0.2108470411458438
-5 -4 30 31 45.99024489260995 0.2001594944360515
-5 -4 31 32 43.62321352606978 0.1901990804626849
-5 -4 32 33 41.38586188999929 0.1808955133229951
-5 -4 33 34 39.27228681590415 0.1721886183239394
-5 -4 34 35 37.27636674317667 0.1640264148785057
-5 -4 35 36 35.39193282228091 0.1563634189285783
-5 -4 36 37 33.6128884050226 0.1491593264579863
-5 -4 37 38 31.93329071297006 0.1423780700967378
-5 -4 38 39 30.34740492479659 0.1359871624528782
-5 -4 39 40 28.84973824652887 0.1299572305573675
-5 -4 40 41 27.43505954629894 0.1242616646184149
-5 -4 41 42 26.09840859072935 0.1188763304610357
-5 -4 42 43 24.83509786870482 0.1137793188246027
-5 -4 43 44 23.6407092139142 0.1089507180554885
-5 -4 44 45 22.51108679866076 0.1043724052420055
-5 -4 45 46 21.44187215344343 0.1004221283523935
-5 -4 46 47 20.42993399912918 0.09851239043867879
-5 -4 47 48 19.47142939144124 0.09862831371508643
-5 -4 48 49 18.56319156766656 0.1003443175153261
-5 -4 49 50 17.7018180862773 0.1024378042615145
-4 -3.75 0 1 -319.3396694086989 1.827261650939445
-4 -3.75 1 2 -4018.83209229414 27.9545013923433
-4 -3.75 2 3 -2801.246002136249 12.91617200882837
-4 -3.75 3 4 -1710.414942743021 7.519162491611405
-4 -3.75 4 5 -1046.619672628301 4.883111933015639
-4 -3.75 5 6 -644.0493080427893 3.380502467253765
-4 -3.75 6 7 -394.2519503143612 2.438928103981829
-4 -3.75 7 8 -235.2692699201023 1.809985524144522
-4 -3.75 8 9 -131.7909602776715 1.370086493307702
-4 -3.75 9 10 -63.2178051553999 1.052041250790863
-4 -3.75 10 11 -17.22909611374462 0.8162338898136158
-4 -3.75 11 12 13.80933712347132 0.638338670627841
-4 -3.75 12 13 34.74560698872165 0.5026885684342678
-4 -3.75 13 14 48.73954455182991 0.3989368938977898
-4 -3.75 14 15 57.89721460384737 0.3201228435122296
-4 -3.75 15 16 63.65017211177019 0.283450029034758
-4 -3.75 16 17 66.98824864225708 0.260971399022407
-4 -3.75 17 18 68.60600659077272 0.2408540298535936
-4 -3.75 18 19 68.9969922522194 0.222775659521657
-4 -3.75 19 20 68.51565925990423 0.2064677493584001
-4 -3.75 20 21 67.41881894324672 0.1917051132595517
-4 -3.75 21 22 65.89385809707932 0.1782977729612817
-4 -3.75 22 23 64.0782427333981 0.1687724188344757
-4 -3.75 23 24 62.07318485538588 0.1724790595415086
-4 -3.75 24 25 59.95333830267978 0.1762982109077258
-4 -3.75 25 26 57.77375464325993 0.1798687541261363
-4 -3.75 26 27 55.57492395206913 0.1830049771793426
-4 -3.75 27 28 53.38646108216739 0.1856258761928216
-4 -3.75 28 29 51.22982356799596 0.1877111128157614
-4 -3.75 29 30 49.12033028795892 0.1892743022019522
-4 -3.75 30 31 47.06867066251002 0.190347035447961
-4 -3.75 31 32 45.08203953554144 0.1909694197414697
-4 -3.75 32 33 43.16499493575741 0.1911845484958919
-4 -3.75 33 34 41.32010924066803 0.1910353376792688
-4 -3.75 34 35 39.54846533895653 0.1905627860538359
-4 -3.75 35 36 37.85003581631365 0.1898050895690784
-4 -3.75 36 37 36.22397339548795 0.1887972654188619
-4 -3.75 37 38 34.66883373625781 0.1875710743788444
-4 -3.75 38 39 33.18274645321009 0.1861551134210838
-4 -3.75 39 40 31.76354633179929 0.1845749999232203
-4 -3.75 40 41 30.40887389556539 0.1828535995798072
-4 -3.75 41 42 29.11625224000539 0.181011269793839
-4 -3.75 42 43 27.88314549818718 0.1790661013048669
-4 -3.75 43 44 26.70700306043771 0.177034148857324
-4 -3.75 44 45 25.5852927022479 0.1749296460501507
-4 -3.75 45 46 24.51505631052886 0.1728207066127927
-4 -3.75 46 47 23.49466252113015 0.1709127300001877
-4 -3.75 47 48 22.52129498915473 0.1692202836683724
-4 -3.75 48 49 21.59269428228384 0.1677240010792264
-4 -3.75 49 50 20.70648661972762 0.1662568606300691
-3.75 -3.5 0 1 191.8567028037573 1.612741804102926
-3.75 -3.5 1 2 -4691.298995863043 24.73285116534078
-3.75 -3.5 2 3 -3700.836141046265 16.29717585055331
-3.75 -3.5 3 4 -2378.827997029308 11.51162386111377
-3.75 -3.5 4 5 -1519.829170230658 8.629156127884022
-3.75 -3.5 5 6 -978.5800209659656 6.74183561301861
-3.75 -3.5 6 7 -632.6104528424071 5.426769291470911
-3.75 -3.5 7 8 -406.4797574214556 4.467143856887005
-3.75 -3.5 8 9 -255.4215734529625 3.741616312728296
-3.75 -3.5 9 10 -152.5814811705641 3.177719221126225
-3.75 -3.5 10 11 -81.55040641847449 2.729466261007818
-3.75 -3.5 11 12 -31.96821657466307 2.366526224267659
-3.75 -3.5 12 13 2.852610222411613 2.068096740125516
-3.75 -3.5 13 14 27.33722043165449 1.819479784378226
-3.75 -3.5 14 15 44.47775911057852 1.610020012838885
-3.75 -3.5 15 16 56.33682704121077 1.431820496693918
-3.75 -3.5 16 17 64.36069913244808 1.278915501177124
-3.75 -3.5 17 18 69.57878295252283 1.14672199524125
-3.75 -3.5 18 19 72.73342214561058 1.031666644406597
-3.75 -3.5 19 20 74.36607298405971 0.9309264129375855
-3.75 -3.5 20 21 74.87556838391737 0.8422445571769758
-3.75 -3.5 21 22 74.55816743870412 0.7637977618411999
-3.75 -3.5 22 23 73.63550124322984 0.6940986611668734
-3.75 -3.5 23 24 72.27434062844702 0.6319232812786241
-3.75 -3.5 24 25 70.60075340668959 0.5762563195883007
-3.75 -3.5 25 26 68.71035841394939 0.5262493790073625
-3.75 -3.5 26 27 66.67582913610232 0.4811887386656348
-3.75 -3.5 27 28 64.55243625116725 0.4404702311270244
-3.75 -3.5 28 29 62.38217672410829 0.4035794759907501
-3.75 -3.5 29 30 60.1968738818081 0.37007619345206
-3.75 -3.5 30 31 58.02052147483306 0.3395816555453853
-3.75 -3.5 31 32 55.87106753147614 0.3117685725588528
-3.75 -3.5 32 33 53.76177982593455 0.2863528857142541
-3.75 -3.5 33 34 51.70229660604295 0.2630870632757031
-3.75 -3.5 34 35 49.6994389588223 0.2417545919109651
-3.75 -3.5 35 36 47.75784152650334 0.2221654245691753
-3.75 -3.5 36 37 45.88044399386365 0.2041521991807773
-3.75 -3.5 37 38 44.0688753109095 0.1875670823622881
-3.75 -3.5 38 39 42.32375485800105 0.1722791232618775
-3.75 -3.5 39 40 40.6449289977196 0.1581720260589089
-3.75 -3.5 40 41 39.03165721930974 0.1451422684569403
-3.75 -3.5 41 42 37.48275871128631 0.1330975075885706
-3.75 -3.5 42 43 35.99672785098339 0.1219552269057639
-3.75 -3.5 43 44 34.57182517882612 0.1116415859770087
-3.75 -3.5 44 45 33.20614896207844 0.1020904433797975
-3.75 -3.5 45 46 31.89705874717494 0.0933917150539773
-3.75 -3.5 46 47 30.64361259727451 0.0860922411166158
-3.75 -3.5 47 48 29.44308343544336 0.08032263208946691
-3.75 -3.5 48 49 28.29338404288362 0.07610106475883849
-3.75 -3.5 49 50 27.19223768809319 0.07287964000740237
-3.5 -3.25 0 1 858.1892911544029 0.4328596193569647
-3.5 -3.25 1 2 -4883.402049003964 18.65508488488128
-3.5 -3.25 2 3 -4353.959014392169 14.83083465116797
-3.5 -3.25 3 4 -2916.502604662861 11.20286194067062
-3.5 -3.25 4 5 -1923.38808434073 8.73570500415496
-3.5 -3.25 5 6 -1277.610408443866 7.019285928492239
-3.5 -3.25 6 7 -855.1468984765479 5.776266840017692
-3.5 -3.25 7 8 -573.4425440956131 4.843703215708038
-3.5 -3.25 8 9 -381.6841964635476 4.123281640012887
-3.5 -3.25 9 10 -248.6597670160111 3.55342933270304
-3.5 -3.25 10 11 -154.9539368762598 3.093639119445435
-3.5 -3.25 11 12 -88.12661528590274 2.716489401310637
-3.5 -3.25 12 13 -40.04402767355896 2.402764890052717
-3.5 -3.25 13 14 -5.261299874300903 2.138647522143642
-3.5 -3.25 14 15 19.94325932766401 1.913969094687677
-3.5 -3.25 15 16 38.16186171206584 1.721095668007089
-3.5 -3.25 16 17 51.23064676889783 1.554194231640345
-3.5 -3.25 17 18 60.46977076155019 1.408738041138714
-3.5 -3.25 18 19 66.8410231117391 1.281165203223919
-3.5 -3.25 19 20 71.05331810724522 1.168638156719842
-3.5 -3.25 20 21 73.63456365192758 1.068871091889896
-3.5 -3.25 21 22 74.98142384759626 0.9800040518066729
-3.5 -3.25 22 23 75.39428849238863 0.9005097033789008
-3.5 -3.25 23 24 75.10218079148507 0.8291233542523584
-3.5 -3.25 24 25 74.28071826005805 0.7647897628405631
-3.5 -3.25 25 26 73.06521087992786 0.7066222491292589
-3.5 -3.25 26 27 71.56031200112801 0.6538709309501799
-3.5 -3.25 27 28 69.84719668016106 0.6058978096567634
-3.5 -3.25 28 29 67.9889473990836 0.5621570530995464
-3.5 -3.25 29 30 66.03462703271668 0.52217926162154
-3.5 -3.25 30 31 64.02238163403274 0.485558815453858
-3.5 -3.25 31 32 61.98182002278423 0.4519436265235986
-3.5 -3.25 32 33 59.93584998800185 0.4210267816023162
-3.5 -3.25 33 34 57.90210319922309 0.3925396850679985
-3.5 -3.25 34 35 55.89404666697899 0.3662463982973339
-3.5 -3.25 35 36 53.92185378795625 0.3419389412496753
-3.5 -3.25 36 37 51.99308989048541 0.3194333719734916
-3.5 -3.25 37 38 50.11325387761983 0.2985664990549833
-3.5 -3.25 38 39 48.28620764991786 0.2791931118460647
-3.5 -3.25 39 40 46.51451757703941 0.2611836368088584
-3.5 -3.25 40 41 44.79972681174473 0.244422145732014
-3.5 -3.25 41 42 43.14257287524964 0.2288046565540772
-3.5 -3.25 42 43 41.54316188449093 0.2142376781349406
-3.5 -3.25 43 44 40.00110825818453 0.2006369594120416
-3.5 -3.25 44 45 38.51564683622908 0.1879264108460183
-3.5 -3.25 45 46 37.08496119629493 0.1761377691185954
-3.5 -3.25 46 47 35.70917279970605 0.1655986821306356
-3.5 -3.25 47 48 34.38608819060708 0.156343762971609
-3.5 -3.25 48 49 33.11417295715189 0.1483467763084234
-3.5 -3.25 49 50 31.89161183348163 0.1412233179304958
-3.25 -3 0 1 1573.470265695217 1.189327784474675
-3.25 -3 1 2 -4721.304609418158 9.324207017598553
-3.25 -3 2 3 -4772.640531017628 9.721839799315216
-3.25 -3 3 4 -3312.499540659687 7.899145438846163
-3.25 -3 4 5 -2240.942450484889 6.405787141806379
-3.25 -3 5 6 -1524.299589370283 5.285597664508308
-3.25 -3 6 7 -1046.178587108567 4.438309786323349
-3.25 -3 7 8 -722.1149990764561 3.783602874476721
-3.25 -3 8 9 -498.21591588614 3.266488545008349
-3.25 -3 9 10 -340.6437118066008 2.850267304231639
-3.25 -3 10 11 -228.0132448705856 2.509518547526364
-3.25 -3 11 12 -146.4460979920348 2.226528795223756
-3.25 -3 12 13 -86.76917970515387 1.988560922067227
-3.25 -3 13 14 -42.78260705543994 1.786271377891015
-3.25 -3 14 15 -10.21116103724444 1.61267087981123
-3.25 -3 15 16 13.94767299976638 1.462438813341189
-3.25 -3 16 17 31.83767335256834 1.331460788563795
-3.25 -3 17 18 45.01226161978332 1.216510088292203
-3.25 -3 18 19 54.61199793758749 1.115023918251854
-3.25 -3 19 20 61.48418123989234 1.024943407354958
-3.25 -3 20 21 66.26484239742717 0.9445973061791125
-3.25 -3 21 22 69.43585447071405 0.8726161727567907
-3.25 -3 22 23 71.36529411012805 0.8078681800241682
-3.25 -3 23 24 72.33634835260784 0.7494104889318366
-3.25 -3 24 25 72.56827181977758 0.6964519843394703
-3.25 -3 25 26 72.23175141646306 0.6483244125706754
-3.25 -3 26 27 71.46028726668538 0.60445980476237
-3.25 -3 27 28 70.35870277350045 0.5643726551602896
-3.25 -3 28 29 69.00956361278367 0.5276457331760048
-3.25 -3 29 30 67.47805837554881 0.4939186986316586
-3.25 -3 30 31 65.81573710388619 0.4628788988423291
-3.25 -3 31 32 64.06339457441237 0.4342538781208999
-3.25 -3 32 33 62.2533080266503 0.4078052414215833
-3.25 -3 33 34 60.41098400310858 0.3833235967738793
-3.25 -3 34 35 58.55652932448498 0.3606243631809392
-3.25 -3 35 36 56.70573240963924 0.3395442772507828
-3.25 -3 36 37 54.87092001490078 0.319938466779366
-3.25 -3 37 38 53.06163889786049 0.3016779884950189
-3.25 -3 38 39 51.28520025093442 0.2846477457268357
-3.25 -3 39 40 49.54711602646361 0.2687447210568419
-3.25 -3 40 41 47.8514497913383 0.2538764690067417
-3.25 -3 41 42 46.20109956794207 0.2399598265527347
-3.25 -3 42 43 44.59802648477097 0.2269198050348658
-3.25 -3 43 44 43.04344000849835 0.2146886353509566
-3.25 -3 44 45 41.53794827571548 0.2032049418396956
-3.25 -3 45 46 40.08082502654398 0.1925203626474492
-3.25 -3 46 47 38.67340765015734 0.1829940491350626
-3.25 -3 47 48 37.31428799103813 0.1746626132088898
-3.25 -3 48 49 36.00269122311455 0.1674957985068733
-3.25 -3 49 50 34.73746601060047 0.1610878756206643
-3 -2.75 0 1 2262.751417624983 1.658642428590206
-3 -2.75 1 2 -4370.991039513947 4.460671578229464
-3 -2.75 2 3 -5022.465247824704 5.964681271550725
-3 -2.75 3 4 -3592.395018857424 5.087786996095603
-3 -2.75 4 5 -2480.180766873042 4.22725885785287
-3 -2.75 5 6 -1718.024614107019 3.543768932210431
-3 -2.75 6 7 -1201.211540071459 3.010862962915909
-3 -2.75 7 8 -846.295597808044 2.590892192475154
-3 -2.75 8 9 -598.1939925835341 2.254252794892782
-3 -2.75 9 10 -421.6425811401593 1.980279218172953
-3 -2.75 10 11 -294.048291573685 1.753876059923092
-3 -2.75 11 12 -200.5918700514569 1.564369706806231
-3 -2.75 12 13 -131.3904049489468 1.403926245914498
-3 -2.75 13 14 -79.71186516054377 1.266717343069566
-3 -2.75 14 15 -40.88108860063608 1.148333059615125
-3 -2.75 15 16 -11.59294953968333 1.04538404850006
-3 -2.75 16 17 10.52725919949194 0.9552277922280641
-3 -2.75 17 18 27.2108041671778 0.8757770217555163
-3 -2.75 18 19 39.73646623409422 0.805363406762697
-3 -2.75 19 20 49.05992194760063 0.7426390267872452
-3 -2.75 20 21 55.90289512228765 0.6865040878959212
-3 -2.75 21 22 60.81555078660654 0.6360531576647086
-3 -2.75 22 23 64.22079195159279 0.590534660808996
-3 -2.75 23 24 66.44612435500915 0.5493200010645579
-3 -2.75 24 25 67.74685692636945 0.5118797633565716
-3 -2.75 25 26 68.32318245621093 0.4777651850157236
-3 -2.75 26 27 68.33288198616987 0.4465935936209834
-3 -2.75 27 28 67.90086357643656 0.4180368607058514
-3 -2.75 28 29 67.12638681643102 0.3918121724841951
-3 -2.75 29 30 66.08857861058931 0.3676745956707805
-3 -2.75 30 31 64.8506758062025 0.3454110468440257
-3 -2.75 31 32 63.46331103597782 0.3248353671690558
-3 -2.75 32 33 61.96707379014316 0.3057842749334115
-3 -2.75 33 34 60.39451840404092 0.2881140196918254
-3 -2.75 34 35 58.77174703767224 0.2716976008056359
-3 -2.75 35 36 57.1196639517272 0.2564224437100846
-3 -2.75 36 37 55.45497399655432 0.2421884479074315
-3 -2.75 37 38 53.79098096210731 0.2289063406402814
-3 -2.75 38 39 52.13822846585549 0.216496281531454
-3 -2.75 39 40 50.50501631921233 0.2048866752250648
-3 -2.75 40 41 48.89781806199508 0.1940131567985888
-3 -2.75 41 42 47.32161953769449 0.1838177218571659
-3 -2.75 42 43 45.78019430322172 0.1742479775424754
-3 -2.75 43 44 44.27632820617214 0.1652564959145405
-3 -2.75 44 45 42.81200293208087 0.1568002534642131
-3 -2.75 45 46 41.38762441720726 0.1489957642150543
-3 -2.75 46 47 40.00571645877662 0.1423998329073785
-3 -2.75 47 48 38.66571979379489 0.137092584544012
-3 -2.75 48 49 37.36766213802667 0.1330460413371166
-3 -2.75 49 50 36.1111039060745 0.129687712184664
-2.75 -2.5 0 1 2898.832212382147 2.179293123157099
-2.75 -2.5 1 2 -3943.520056936893 1.107700660812031
-2.75 -2.5 2 3 -5166.7961883878 2.764883186800165
-2.75 -2.5 3 4 -3790.721302671399 2.650156870773073
-2.75 -2.5 4 5 -2659.696609042171 2.32767014604665
-2.75 -2.5 5 6 -1868.361323534047 2.023140609526866
-2.75 -2.5 6 7 -1324.583915957217 1.765631624655126
-2.75 -2.5 7 8 -947.2155103493665 1.552233705525883
-2.75 -2.5 8 9 -680.98395133642 1.374674841725315
-2.75 -2.5 9 10 -489.9013023152447 1.226177921932944
-2.75 -2.5 10 11 -350.6427461857797 1.100591499083985
-2.75 -2.5 11 12 -247.7751634658514 0.9934341172713992
-2.75 -2.5 12 13 -170.9308455355053 0.9011981839172203
-2.75 -2.5 13 14 -113.0028173690887 0.8211670386237305
-2.75 -2.5 14 15 -69.02742079581822 0.7512186647488795
-2.75 -2.5 15 16 -35.47709552916922 0.6896788869589227
-2.75 -2.5 16 17 -9.804700939797613 0.6352132103017041
-2.75 -2.5 17 18 9.855634166279515 0.586747193426381
-2.75 -2.5 18 19 24.88855885852661 0.5434075015308727
-2.75 -2.5 19 20 36.33365082523778 0.5044779000711525
-2.75 -2.5 20 21 44.97961981720505 0.4693660859602506
-2.75 -2.5 21 22 51.43049169462699 0.4375784394537144
-2.75 -2.5 22 23 56.15276801518576 0.4087006157214967
-2.75 -2.5 23 24 59.50946930418218 0.3823824836082075
-2.75 -2.5 24 25 61.78500604940416 0.3583263319980067
-2.75 -2.5 25 26 63.20355010462788 0.3362775548004705
-2.75 -2.5 26 27 63.94274374569954 0.3160172340071227
-2.75 -2.5 27 28 64.1440260024541 0.2973561878765205
-2.75 -2.5 28 29 63.92047872987172 0.280130161242294
-2.75 -2.5 29 30 63.36283610083268 0.2641959109772642
-2.75 -2.5 30 31 62.54412177925821 0.2494280007828527
-2.75 -2.5 31 32 61.52325187834964 0.2357161590248002
-2.75 -2.5 32 33 60.3478523088902 0.2229630903600718
-2.75 -2.5 33 34 59.05647493902461 0.211082651634202
-2.75 -2.5 34 35 57.68035050173671 0.1999983244657838
-2.75 -2.5 35 36 56.24478221780026 0.189641929605042
-2.75 -2.5 36 37 54.77025905877895 0.1799525405744413
-2.75 -2.5 37 38 53.27334902275948 0.170875560902335
-2.75 -2.5 38 39 51.76741884421688 0.1623619372954515
-2.75 -2.5 39 40 50.26321605754632 0.154367486573236
-2.75 -2.5 40 41 48.76934148652444 0.1468523167873152
-2.75 -2.5 41 42 47.29263394445127 0.1397803289325077
-2.75 -2.5 42 43 45.83848448858697 0.1331187851590447
-2.75 -2.5 43 44 44.41109381022181 0.1268379341202706
-2.75 -2.5 44 45 43.01368358477797 0.1209106853621287
-2.75 -2.5 45 46 41.64769858222766 0.1155345203752966
-2.75 -2.5 46 47 40.3167217565651 0.1115251003596982
-2.75 -2.5 47 48 39.02098658209215 0.1089961522724375
-2.75 -2.5 48 49 37.76126410840658 0.1078876858287058
-2.75 -2.5 49 50 36.53777631956896 0.10738578534363
-2.5 -2.25 0 1 3478.20658274213 1.659358073548403
-2.5 -2.25 1 2 -3507.991559345672 0.9615217876311761
-2.5 -2.25 2 3 -5256.016915027823 1.696446337484774
-2.5 -2.25 3 4 -3937.552477915752 1.562961986136765
-2.5 -2.25 4 5 -2797.145105848047 1.377218195243631
-2.5 -2.25 5 6 -1985.660778366573 1.240018792486961
-2.5 -2.25 6 7 -1422.265485986971 1.111697301189631
-2.5 -2.25 7 8 -1028.147041022137 0.9984190803615937
-2.5 -2.25 8 9 -748.1578829376508 0.8995164391806326
-2.5 -2.25 9 10 -545.9018482474471 0.8140237112646954
-2.5 -2.25 10 11 -397.5715986359294 0.7396201034812748
-2.5 -2.25 11 12 -287.3116041401463 0.674655058739617
-2.5 -2.25 12 13 -204.4102844784052 0.6176410991104015
-2.5 -2.25 13 14 -141.4893313586799 0.5673424376707965
-2.5 -2.25 14 15 -93.37301610920213 0.522741447372006
-2.5 -2.25 15 16 -56.36813609385672 0.4830010124641563
-2.5 -2.25 16 17 -27.79771056526533 0.4474306258337309
-2.5 -2.25 17 18 -5.693523392219277 0.4154581134594514
-2.5 -2.25 18 19 11.41026852443611 0.3866067902406321
-2.5 -2.25 19 20 24.6180914074032 0.3604772456214483
-2.5 -2.25 20 21 34.77079524796909 0.3367328804438174
-2.5 -2.25 21 22 42.51459972534087 0.3150884198473164
-2.5 -2.25 22 23 48.35036213653029 0.2953007612951427
-2.5 -2.25 23 24 52.66924030071675 0.2771616531943325
-2.5 -2.25 24 25 55.7788162038313 0.2604918078038536
-2.5 -2.25 25 26 57.92244286609071 0.2451361416381005
-2.5 -2.25 26 27 59.29371815666934 0.230959906697538
-2.5 -2.25 27 28 60.04741461757476 0.2178455275826849
-2.5 -2.25 28 29 60.30780476495681 0.2056900018303088
-2.5 -2.25 29 30 60.17505341237404 0.1944027518363642
-2.5 -2.25 30 31 59.73016240846283 0.1839038407773263
-2.5 -2.25 31 32 59.03882202426217 0.1741224827512829
-2.5 -2.25 32 33 58.15442998965892 0.164995794339811
-2.5 -2.25 33 34 57.12047218920276 0.1564677411675233
-2.5 -2.25 34 35 55.9724104106507 0.1484882477893402
-2.5 -2.25 35 36 54.73918695824688 0.1410124409634032
-2.5 -2.25 36 37 53.44442964865499 0.1340000032227582
-2.5 -2.25 37 38 52.10742120520354 0.1274146206281659
-2.5 -2.25 38 39 50.7438823657825 0.1212235067703961
-2.5 -2.25 39 40 49.36660693521594 0.1153969935158876
-2.5 -2.25 40 41 47.98597872525016 0.1099081755211955
-2.5 -2.25 41 42 46.61039364950619 0.1047326030176053
-2.5 -2.25 42 43 45.24660555260871 0.09984801292722068
-2.5 -2.25 43 44 43.9000103274841 0.0952340953092899
-2.5 -2.25 44 45 42.57487996242486 0.09087228819063534
-2.5 -2.25 45 46 41.27354240244264 0.08706904847346986
-2.5 -2.25 46 47 40.00047766335734 0.08501932593588737
-2.5 -2.25 47 48 38.7565979047684 0.08485639117240978
-2.5 -2.25 48 49 37.54331135716751 0.08642017391142835
-2.5 -2.25 49 50 36.36140629377675 0.09199028534522562
-2.25 -2 0 1 4001.975572849888 1.039785937120715
-2.25 -2 1 2 -3112.990116783661 0.8549458579815972
-2.25 -2 2 3 -5348.2226141422 1.656858456866326
-2.25 -2 3 4 -4078.879617482967 1.534447534522306
-2.25 -2 4 5 -2924.676133560688 1.353972694688605
-2.25 -2 5 6 -2090.915432837331 1.194171727929843
-2.25 -2 6 7 -1507.210788130413 1.059940839980016
-2.25 -2 7 8 -1096.474077575816 0.9472481089456731
-2.25 -2 8 9 -803.2900716457116 0.8520256808520311
-2.25 -2 9 10 -590.6201581083933 0.7703495369170447
-2.25 -2 10 11 -434.0429432859526 0.6999844197499849
-2.25 -2 11 12 -317.2105065212734 0.6387908728186442
-2.25 -2 12 13 -229.0324636977437 0.5851860251001227
-2.25 -2 13 14 -161.8437156404632 0.5379214287993099
-2.25 -2 14 15 -110.2515201987567 0.4960012539025422
-2.25 -2 15 16 -70.39757528837185 0.458622735065339
-2.25 -2 16 17 -39.47830131697401 0.4251323701127349
-2.25 -2 17 18 -15.42754981814255 0.3949933348727013
-2.25 -2 18 19 3.296954175725205 0.3677609541324499
-2.25 -2 19 20 17.85980183883339 0.343064030492889
-2.25 -2 20 21 29.14958770715577 0.3205904777223594
-2.25 -2 21 22 37.85070622910177 0.3000761624872035
-2.25 -2 22 23 44.49475161429291 0.2812961517424189
-2.25 -2 23 24 49.49778997415297 0.2640577921732153
-2.25 -2 24 25 53.18770874750578 0.2481951908971692
-2.25 -2 25 26 55.82450541969843 0.2335647831454199
-2.25 -2 26 27 57.61549100948173 0.2200417431971704
-2.25 -2 27 28 58.72678957462642 0.2075170630236159
-2.25 -2 28 29 59.29211151906736 0.1958951547263965
-2.25 -2 29 30 59.41950061955936 0.1850918743664588
-2.25 -2 30 31 59.19656137397772 0.1750328818631899
-2.25 -2 31 32 58.69453688990569 0.1656522728767896
-2.25 -2 32 33 57.97151045094097 0.1568914322479314
-2.25 -2 33 34 57.07493406926761 0.1486980675635337
-2.25 -2 34 35 56.04363658082724 0.1410253912315426
-2.25 -2 35 36 54.90942666139625 0.1338314262677395
-2.25 -2 36 37 53.69837862324323 0.127078412068261
-2.25 -2 37 38 52.43186842690233 0.1207322967572665
-2.25 -2 38 39 51.12741192167499 0.1147622995642288
-2.25 -2 39 40 49.79934568870061 0.1091405341830792
-2.25 -2 40 41 48.45938214787935 0.1038416811496476
-2.25 -2 41 42 47.1170635606789 0.09884270487325021
-2.25 -2 42 43 45.78013462743203 0.09412260550857768
-2.25 -2 43 44 44.45484912032333 0.08966220373552229
-2.25 -2 44 45 43.14622292549086 0.08544395008984033
-2.25 -2 45 46 41.85718629447373 0.08210550376837365
-2.25 -2 46 47 40.59286434106633 0.08202939515475222
-2.25 -2 47 48 39.35461436169939 0.08527970466385165
-2.25 -2 48 49 38.14427037146234 0.09123968967327001
-2.25 -2 49 50 36.96299093478837 0.09754695851507997
-2 -1.75 0 1 4500.248285740945 1.07485256384297
-2 -1.75 1 2 -2718.487465215503 2.833143580103754
-2 -1.75 2 3 -5409.728390208289 2.788075952403724
-2 -1.75 3 4 -4198.99568495745 2.268145883583303
-2 -1.75 4 5 -3042.564511064556 1.859402037764659
-2 -1.75 5 6 -2194.768923545491 1.556471862127478
-2 -1.75 6 7 -1595.904735126827 1.32773080278527
-2 -1.75 7 8 -1171.535483153668 1.150020123291906
-2 -1.75 8 9 -866.7528359842277 1.009010731049541
-2 -1.75 9 10 -644.4046272289133 0.8940649463097505
-2 -1.75 10 11 -479.7972550363816 0.7989073657040241
-2 -1.75 11 12 -356.3004322493343 0.7189159272274951
-2 -1.75 12 13 -262.5746655241246 0.65078001992721
-2 -1.75 13 14 -190.7478944438326 0.5921028152736475
-2 -1.75 14 15 -135.2595727066735 0.5410937683249131
-2 -1.75 15 16 -92.11661676752556 0.496388171481437
-2 -1.75 16 17 -58.40741322833082 0.456927290949193
-2 -1.75 17 18 -31.97906995369249 0.4218768159232528
-2 -1.75 18 19 -11.21940460402425 0.3905701199809224
-2 -1.75 19 20 5.092777870072268 0.3624679658730023
-2 -1.75 20 21 17.89213996247577 0.3371293452304304
-2 -1.75 21 22 27.90076709802906 0.314190013035294
-2 -1.75 22 23 35.68125203549243 0.2933464406038069
-2 -1.75 23 24 41.67528499682726 0.2743436488272791
-2 -1.75 24 25 46.23203855550264 0.2569658667790105
-2 -1.75 25 26 49.6292738068538 0.2410292739994379
-2 -1.75 26 27 52.08919257156469 0.2263763028908519
-2 -1.75 27 28 53.79045445024281 0.2128711220646771
-2 -1.75 28 29 54.87736522703335 0.200396022394594
-2 -1.75 29 30 55.46695854076756 0.1888485034233278
-2 -1.75 30 31 55.6544943757857 0.1781389040173322
-2 -1.75 31 32 55.51775769765561 0.1681884637746711
-2 -1.75 32 33 55.12044056972968 0.1589277253132485
-2 -1.75 33 34 54.51481903221696 0.1502952089595447
-2 -1.75 34 35 53.74388356357855 0.1422363086033862
-2 -1.75 35 36 52.84304345570558 0.1347023648321461
-2 -1.75 36 37 51.84149689122489 0.1276498842540097
-2 -1.75 37 38 50.76333729364012 0.1210398786800099
-2 -1.75 38 39 49.62845047806076 0.1148373022081061
-2 -1.75 39 40 48.45324499777928 0.1090105711158589
-2 -1.75 40 41 47.25124899052742 0.1035311517358507
-2 -1.75 41 42 46.03359947522137 0.09837320564545586
-2 -1.75 42 43 44.80944489207815 0.09351328242347152
-2 -1.75 43 44 43.58627720393076 0.08893005503630057
-2 -1.75 44 45 42.37020666761811 0.08460408712062735
-2 -1.75 45 46 41.16510321968607 0.0813008122918419
-2 -1.75 46 47 39.97700601171053 0.08151374590693598
-2 -1.75 47 48 38.80800739050468 0.08522067153651217
-2 -1.75 48 49 37.66062143719691 0.09177929901669325
-2 -1.75 49 50 36.53660723992979 0.09869947160351326
-1.75 -1.5 0 1 4960.970411273446 0.9905308121381257
-1.75 -1.5 1 2 -2334.49051477884 0.856810520639136
-1.75 -1.5 2 3 -5441.725440430375 1.768213589894817
-1.75 -1.5 3 4 -4274.093160474469 1.705930112976839
-1.75 -1.5 4 5 -3110.342120903991 1.51964308024863
-1.75 -1.5 5 6 -2249.21720097216 1.332736015940629
-1.75 -1.5 6 7 -1638.485838071379 1.169155633641388
-1.75 -1.5 7 8 -1204.695764177969 1.031479230697616
-1.75 -1.5 8 9 -892.6767455654731 0.9141632485151511
-1.75 -1.5 9 10 -664.7562063215773 0.8179052599539235
-1.75 -1.5 10 11 -495.8399452834856 0.7347964766660567
-1.75 -1.5 11 12 -368.9903444860295 0.6640940058391563
-1.75 -1.5 12 13 -272.6324297121132 0.6031456514683301
-1.75 -1.5 13 14 -198.724236247084 0.5501882782634193
-1.75 -1.5 14 15 -141.5796864829113 0.5038375846780673
-1.75 -1.5 15 16 -97.11197698823321 0.4629992380440551
-1.75 -1.5 16 17 -62.33872110398579 0.4268005096921102
-1.75 -1.5 17 18 -35.05297861607028 0.3945388488578553
-1.75 -1.5 18 19 -13.60085578031976 0.3656434086318522
-1.75 -1.5 19 20 3.271343290619143 0.3396461924560962
-1.75 -1.5 20 21 16.52382478561344 0.3161602714476768
-1.75 -1.5 21 22 26.89890544161244 0.2948632111697923
-1.75 -1.5 22 23 34.97531233395989 0.2754843397896811
-1.75 -1.5 23 24 41.20768168370614 0.2577948831057209
-1.75 -1.5 24 25 45.95563058470179 0.2416002492108977
-1.75 -1.5 25 26 49.50538757501522 0.2267339432194515
-1.75 -1.5 26 27 52.0860489146354 0.2130527257215603
-1.75 -1.5 27 28 53.88190961965302 0.2004327336182689
-1.75 -1.5 28 29 55.04189769983179 0.1887663453894361
-1.75 -1.5 29 30 55.68684964837746 0.1779596327686495
-1.75 -1.5 30 31 55.91516270843829 0.167930274245597
-1.75 -1.5 31 32 55.80721621771477 0.1586058362475751
-1.75 -1.5 32 33 55.42885216201734 0.149922349094999
-1.75 -1.5 33 34 54.83413140026437 0.1418231203268691
-1.75 -1.5 34 35 54.06752836839746 0.134257741206599
-1.75 -1.5 35 36 53.16568768305564 0.1271812498198069
-1.75 -1.5 36 37 52.15883683800001 0.120553424472478
-1.75 -1.5 37 38 51.07192745714769 0.1143381827096403
-1.75 -1.5 38 39 49.92556111965519 0.1085030690751672
-1.75 -1.5 39 40 48.73674333786869 0.103018817009057
-1.75 -1.5 40 41 47.51949993299155 0.09785897093216586
-1.75 -1.5 41 42 46.28538251205202 0.09299956260200129
-1.75 -1.5 42 43 45.04388445258809 0.08841882847527655
-1.75 -1.5 43 44 43.80278419431005 0.08409696585974688
-1.75 -1.5 44 45 42.56842935009041 0.08001592078454102
-1.75 -1.5 45 46 41.3448449288274 0.07687463862263638
-1.75 -1.5 46 47 40.13831085865928 0.07728667032268774
-1.75 -1.5 47 48 38.95101036691213 0.08134025251166954
-1.75 -1.5 48 49 37.78556492046388 0.08838057081265441
-1.75 -1.5 49 50 36.64382777662902 0.09581965412867151
-1.5 -1.25 0 1 5398.347210684989 3.098172488181541
-1.5 -1.25 1 2 -1955.569590448876 3.68660470089092
-1.5 -1.25 2 3 -5468.169046054777 1.697888843980131
-1.5 -1.25 3 4 -4355.896947293303 1.631460652792299
-1.5 -1.25 4 5 -3192.991778959551 1.456349002785728
-1.5 -1.25 5 6 -2322.180377752906 1.285617941139266
-1.5 -1.25 6 7 -1700.606135830043 1.136988687755068
-1.5 -1.25 7 8 -1257.057696434891 1.010993715704972
-1.5 -1.25 8 9 -936.7802219842101 0.9042595509984996
-1.5 -1.25 9 10 -702.0822094863775 0.8127770444196407
-1.5 -1.25 10 11 -527.493495754838 0.7354341029494844
-1.5 -1.25 11 12 -395.9856105298045 0.6683258961800908
-1.5 -1.25 12 13 -295.7653391869828 0.6099801652059621
-1.5 -1.25 13 14 -218.6393760936412 0.5588932278516375
-1.5 -1.25 14 15 -158.8003268626949 0.5138699920545333
-1.5 -1.25 15 16 -112.0647466639284 0.4739541761151468
-1.5 -1.25 16 17 -75.37325253894983 0.4383743200485026
-1.5 -1.25 17 18 -46.45735804735932 0.4065027229801221
-1.5 -1.25 18 19 -23.61373720475945 0.3778243196868665
-1.5 -1.25 19 20 -5.548775321414269 0.3519130280505189
-1.5 -1.25 20 21 8.730151740682459 0.3284136587841507
-1.5 -1.25 21 22 19.99183420474446 0.3070279833929483
-1.5 -1.25 22 23 28.83673501676071 0.2875039065891984
-1.5 -1.25 23 24 35.73742865270447 0.2696269884633689
-1.5 -1.25 24 25 41.06840896672338 0.2534724648145415
-1.5 -1.25 25 26 45.12829955381414 0.2405696296709916
-1.5 -1.25 26 27 48.15656937659116 0.2285581415854158
-1.5 -1.25 27 28 50.34622982681844 0.2173581784225812
-1.5 -1.25 28 29 51.8535622687815 0.206898638945235
-1.5 -1.25 29 30 52.80562982095796 0.1971160505305602
-1.5 -1.25 30 31 53.3061209594814 0.1879536238592707
-1.5 -1.25 31 32 53.43992655360671 0.1793604349928816
-1.5 -1.25 32 33 53.27674768753121 0.1712907182391195
-1.5 -1.25 33 34 52.87395637606193 0.1637032539003213
-1.5 -1.25 34 35 52.27887641621271 0.1565608372665167
-1.5 -1.25 35 36 51.53061129415937 0.1498298171209091
-1.5 -1.25 36 37 50.66151612179016 0.1434796946864782
-1.5 -1.25 37 38 49.69838828223385 0.1374827739468987
-1.5 -1.25 38 39 48.66343458079081 0.1318138555896158
-1.5 -1.25 39 40 47.57505990717254 0.1264499698282693
-1.5 -1.25 40 41 46.44851282026514 0.1213701410235581
-1.5 -1.25 41 42 45.29641568842584 0.1165551822501052
-1.5 -1.25 42 43 44.12920156889516 0.1119875121632132
-1.5 -1.25 43 44 42.95547524302873 0.1076509954788887
-1.5 -1.25 44 45 41.78231243936006 0.1035308005042225
-1.5 -1.25 45 46 40.61435264411438 0.09995967899479845
-1.5 -1.25 46 47 39.45848978830307 0.09822165909622986
-1.5 -1.25 47 48 38.3173832504047 0.09849589116525903
-1.5 -1.25 48 49 37.19410183052881 0.1006827238278695
-1.5 -1.25 49 50 36.09088383819912 0.1035261526002497
-1.25 -1 0 1 5768.442959150687 1.544361602119456
-1.25 -1 1 2 -1652.425444192617 0.7841478507747868
-1.25 -1 2 3 -5507.607633980396 2.113457375485321
-1.25 -1 3 4 -4435.312284319128 2.001670328534804
-1.25 -1 4 5 -3267.303305479962 1.760000165532746
-1.25 -1 5 6 -2384.30012627955 1.536827384192875
-1.25 -1 6 7 -1751.004301408701 1.349217313311359
-1.25 -1 7 8 -1297.65946356028 1.193622578634926
-1.25 -1 8 9 -969.5062224132071 1.064167056604642
-1.25 -1 9 10 -728.5488465102444 0.9556700372552919
-1.25 -1 10 11 -548.9796386706221 0.8630516333349253
-1.25 -1 11 12 -413.4890584250434 0.7837901927216607
-1.25 -1 12 13 -310.0655241192458 0.7151834591773667
-1.25 -1 13 14 -230.3471651481148 0.6553124178545364
-1.25 -1 14 15 -168.3976552734555 0.6026820209980062
-1.25 -1 15 16 -119.9346202598811 0.5561136593862284
-1.25 -1 16 17 -81.82228125793745 0.5146672862245613
-1.25 -1 17 18 -51.73270135161124 0.4775848029557629
-1.25 -1 18 19 -27.91591851932708 0.4442485328617463
-1.25 -1 19 20 -9.041445997353549 0.4141504237782973
-1.25 -1 20 21 5.912710775590085 0.3868689399233002
-1.25 -1 21 22 17.73890033917792 0.3620515203013742
-1.25 -1 22 23 27.05660403943079 0.3394011145180313
-1.25 -1 23 24 34.35384103846457 0.3186657395249089
-1.25 -1 24 25 40.01771629996551 0.2996302972979159
-1.25 -1 25 26 44.35720262349855 0.2821101078269521
-1.25 -1 26 27 47.62030130742653 0.2659457507797371
-1.25 -1 27 28 50.00708823452294 0.2509989193394488
-1.25 -1 28 29 51.67971703401986 0.2371490627403085
-1.25 -1 29 30 52.77014992037209 0.2242906468080196
-1.25 -1 30 31 53.38617644105705 0.2123309055877895
-1.25 -1 31 32 53.61613132898697 0.2011879835290417
-1.25 -1 32 33 53.53261612584242 0.1907893919587943
-1.25 -1 33 34 53.19545231332847 0.181070719007292
-1.25 -1 34 35 52.65403754928275 0.1719745465870475
-1.25 -1 35 36 51.94923532936946 0.1634495361898236
-1.25 -1 36 37 51.11489770744686 0.1554496537428253
-1.25 -1 37 38 50.17909786585517 0.1479335097102909
-1.25 -1 38 39 49.16513199124438 0.1408637946181494
-1.25 -1 39 40 48.09233679944998 0.1342067946456292
-1.25 -1 40 41 46.97675918343884 0.1279319744295194
-1.25 -1 41 42 45.83170647284737 0.1220116158049358
-1.25 -1 42 43 44.66820018936613 0.1164205049801305
-1.25 -1 43 44 43.49535126773617 0.1111356600716234
-1.25 -1 44 45 42.32067124076536 0.1061360930250799
-1.25 -1 45 46 41.14914664906598 0.1017822088884499
-1.25 -1 46 47 39.9880532970472 0.09949696883405441
-1.25 -1 47 48 38.84030143115129 0.09950070039258341
-1.25 -1 48 49 37.7092007965598 0.1016786543733013
-1.25 -1 49 50 36.59720045388525 0.1089323707976508
-1 -0.75 0 1 6091.347915474323 2.280898026139258
-1 -0.75 1 2 -1361.607725949069 2.029974478690326
-1 -0.75 2 3 -5509.993306383384 1.567894926974334
-1 -0.75 3 4 -4476.525729149931 1.522748632870786
-1 -0.75 4 5 -3308.976458875124 1.365391472996341
-1 -0.75 5 6 -2419.773673137669 1.213747814256216
-1 -0.75 6 7 -1779.935202963738 1.082987236322211
-1 -0.75 7 8 -1321.003696838999 0.9721488772192737
-1 -0.75 8 9 -988.334072568809 0.87769016569231
-1 -0.75 9 10 -743.7797525642304 0.796306268972695
-1 -0.75 10 11 -561.355592409795 0.7263751348518502
-1 -0.75 11 12 -423.5844159651533 0.6651835963750362
-1 -0.75 12 13 -318.3308313965433 0.6114202534669544
-1 -0.75 13 14 -237.1356041613983 0.5638749770891495
-1 -0.75 14 15 -173.9878206052063 0.5215815102660759
-1 -0.75 15 16 -124.5478106679359 0.4837603178264117
-1 -0.75 16 17 -85.63550300011821 0.4497762504361231
-1 -0.75 17 18 -54.88845670909063 0.4191069998720705
-1 -0.75 18 19 -30.52961696135117 0.3913193635150805
-1 -0.75 19 20 -11.20705947669467 0.3660511965488767
-1 -0.75 20 21 4.118295456918304 0.3429975384471161
-1 -0.75 21 22 16.25250327092454 0.3218998477202074
-1 -0.75 22 23 25.82610858514226 0.3025375600247853
-1 -0.75 23 24 33.33610926742176 0.284721415165712
-1 -0.75 24 25 39.17693363173362 0.2682881354415996
-1 -0.75 25 26 43.66355478768776 0.2530961493710294
-1 -0.75 26 27 47.04891063492244 0.2390221283779565
-1 -0.75 27 28 49.53715381065365 0.2259581647823621
-1 -0.75 28 29 51.29381619492403 0.2138094548350287
-1 -0.75 29 30 52.45366823452616 0.2024923863360087
-1 -0.75 30 31 53.12684059556 0.1919329501822749
-1 -0.75 31 32 53.40362486633239 0.1820654138260355
-1 -0.75 32 33 53.35826220722311 0.1728312077496386
-1 -0.75 33 34 53.05195094951762 0.1641779863631776
-1 -0.75 34 35 52.53524727653013 0.1560588317223758
-1 -0.75 35 36 51.84999129006508 0.1484315762075099
-1 -0.75 36 37 51.03085965910253 0.1412582234875208
-1 -0.75 37 38 50.10662287253103 0.1345044512309045
-1 -0.75 38 39 49.10116753928429 0.1281391835227314
-1 -0.75 39 40 48.03433085917578 0.1221342210300649
-1 -0.75 40 41 46.92258437531893 0.1164639194032659
-1 -0.75 41 42 45.77959599799289 0.1111049114906611
-1 -0.75 42 43 44.61669360248334 0.1060358625942276
-1 -0.75 43 44 43.44324850092835 0.1012372578955507
-1 -0.75 44 45 42.26699355986057 0.09669121540678687
-1 -0.75 45 46 41.09307846783031 0.09318325550090667
-1 -0.75 46 47 39.92898488447349 0.09365010905508517
-1 -0.75 47 48 38.77773372307755 0.09820120454554189
-1 -0.75 48 49 37.64274965931676 0.1061072910264353
-1 -0.75 49 50 36.52657245427906 0.114472341917039
-0.75 -0.5 0 1 6345.386558052281 3.296146564824138
-0.75 -0.5 1 2 -1135.353231200508 2.775268554177637
-0.75 -0.5 2 3 -5518.188774777115 1.57429931946055
-0.75 -0.5 3 4 -4517.424334222384 1.538911928409668
-0.75 -0.5 4 5 -3350.9066970339 1.382045270321238
-0.75 -0.5 5 6 -2456.642284885015 1.228009364978222
-0.75 -0.5 6 7 -1811.090322655472 1.094248431700326
-0.75 -0.5 7 8 -1347.0630024026 0.9804696755292885
-0.75 -0.5 8 9 -1010.125461050706 0.9008134267444007
-0.75 -0.5 9 10 -762.0622051635592 0.8302928004993306
-0.75 -0.5 10 11 -576.7715671549377 0.7668374032775239
-0.75 -0.5 11 12 -436.6481442643371 0.7093674121865712
-0.75 -0.5 12 13 -329.4571389685445 0.6575796699787484
-0.75 -0.5 13 14 -246.6576933801148 0.6108904670978821
-0.75 -0.5 14 15 -182.1743385924758 0.5687260408056525
-0.75 -0.5 15 16 -131.6165149257686 0.5305592380807825
-0.75 -0.5 16 17 -91.7639393005602 0.495920655124342
-0.75 -0.5 17 18 -60.22223953848811 0.464398679729633
-0.75 -0.5 18 19 -35.18885226320026 0.4356350079797425
-0.75 -0.5 19 20 -15.29134643478346 0.4093186506624787
-0.75 -0.5 20 21 0.5259466815680298 0.3851797922536687
-0.75 -0.5 21 22 13.08258291324569 0.3629840817068568
-0.75 -0.5 22 23 23.02015605052134 0.3425275646589016
-0.75 -0.5 23 24 30.84475504884335 0.3236322926151242
-0.75 -0.5 24 25 36.95832538257741 0.3061425677612755
-0.75 -0.5 25 26 41.68208471976448 0.2899217556148919
-0.75 -0.5 26 27 45.27418086011198 0.274849586220592
-0.75 -0.5 27 28 47.94313078699406 0.2608198735919618
-0.75 -0.5 28 29 49.85813637452259 0.2477385859353068
-0.75 -0.5 29 30 51.15706529716624 0.235522211236164
-0.75 -0.5 30 31 51.95267097652061 0.2240963700170112
-0.75 -0.5 31 32 52.33747314232357 0.2133946344033995
-0.75 -0.5 32 33 52.38761166893437 0.2033575212949339
-0.75 -0.5 33 34 52.16590761600241 0.1939316299799692
-0.75 -0.5 34 35 51.72430790105153 0.1850689027459316
-0.75 -0.5 35 36 51.10584772399909 0.1767259880528051
-0.75 -0.5 36 37 50.34623336896249 0.168863691009849
-0.75 -0.5 37 38 49.47512455378904 0.1614464976875276
-0.75 -0.5 38 39 48.51717768882213 0.1544421617227134
-0.75 -0.5 39 40 47.49289790136862 0.1478213453698204
-0.75 -0.5 40 41 46.4193375395763 0.1415573046549008
-0.75 -0.5 41 42 45.31067062247695 0.1356256159479509
-0.75 -0.5 42 43 44.17866693981426 0.1300039333651314
-0.75 -0.5 43 44 43.03308442071915 0.1246717779710072
-0.75 -0.5 44 45 41.88199480584728 0.1196103503856169
-0.75 -0.5 45 46 40.7308283049 0.1151806695001071
-0.75 -0.5 46 47 39.58735760092878 0.1127959499060402
-0.75 -0.5 47 48 38.45481771653459 0.1126710249968334
-0.75 -0.5 48 49 37.33683722787205 0.1147030608775112
-0.75 -0.5 49 50 36.23613444045415 0.1175120255515957
-0.5 -0.25 0 1 6516.60484708448 3.404271312353081
-0.5 -0.25 1 2 -986.5431134614373 2.420968470726477
-0.5 -0.25 2 3 -5527.65575303026 1.553012924625587
-0.5 -0.25 3 4 -4548.011190979487 1.536105338085237
-0.5 -0.25 4 5 -3381.244080125867 1.438615120793662
-0.5 -0.25 5 6 -2482.797008006717 1.353411561620155
-0.5 -0.25 6 7 -1832.811171386878 1.246288198575979
-0.5 -0.25 7 8 -1364.921856010464 1.14051638778043
-0.5 -0.25 8 9 -1024.796663014064 1.043139907933423
-0.5 -0.25 9 10 -774.1473004177865 0.9558286948109627
-0.5 -0.25 10 11 -586.7644523446729 0.8775463606357944
-0.5 -0.25 11 12 -444.9424230387121 0.8080351148637546
-0.5 -0.25 12 13 -336.3663140506842 0.7460932002025713
-0.5 -0.25 13 14 -252.431358448523 0.6907527307676643
-0.5 -0.25 14 15 -187.0121372591668 0.6411500236713584
-0.5 -0.25 15 16 -135.6790891736705 0.5965356791912727
-0.5 -0.25 16 17 -95.18136177700194 0.556267495685829
-0.5 -0.25 17 18 -63.10048005926387 0.5197977786991911
-0.5 -0.25 18 19 -37.61474792100012 0.4866598007435818
-0.5 -0.25 19 20 -17.33644219519874 0.4564552628429384
-0.5 -0.25 20 21 -1.19759001665625 0.4288433535483501
-0.5 -0.25 21 22 11.63132692027989 0.4035314728588157
-0.5 -0.25 22 23 21.80001637793521 0.3802674803958058
-0.5 -0.25 23 24 29.82121180650654 0.3588332619289819
-0.5 -0.25 24 25 36.10232725674121 0.3390394035122389
-0.5 -0.25 25 26 40.96910213044691 0.320720782911342
-0.5 -0.25 26 27 44.68343918027279 0.303732914585327
-0.5 -0.25 27 28 47.4569860643071 0.2879489120454054
-0.5 -0.25 28 29 49.46156456036226 0.2732569543521328
-0.5 -0.25 29 30 50.83724242551375 0.2595581675239228
-0.5 -0.25 30 31 51.69862662584842 0.2467648444900051
-0.5 -0.25 31 32 52.1398032487906 0.2347989452185639
-0.5 -0.25 32 33 52.23823963979839 0.2235908276211775
-0.5 -0.25 33 34 52.05788492348938 0.2130781694513015
-0.5 -0.25 34 35 51.65164708541812 0.2032050501524019
-0.5 -0.25 35 36 51.06338209953992 0.1939211641180947
-0.5 -0.25 36 37 50.3294988174365 0.1851811471356005
-0.5 -0.25 37 38 49.48025964766282 0.1769439947980793
-0.5 -0.25 38 39 48.54083907579974 0.1691725606527004
-0.5 -0.25 39 40 47.53218843513986 0.1618331213594644
-0.5 -0.25 40 41 46.47174508832728 0.1548949979741929
-0.5 -0.25 41 42 45.374015845678 0.1483302267282725
-0.5 -0.25 42 43 44.2510586198697 0.142113270311517
-0.5 -0.25 43 44 43.11288117292696 0.1362207651206071
-0.5 -0.25 44 45 41.96777219002581 0.1306312990993564
-0.5 -0.25 45 46 40.8213387543974 0.1256798920385775
-0.5 -0.25 46 47 39.68154076696339 0.122692382844739
-0.5 -0.25 47 48 38.55174465304532 0.1218854992740649
-0.5 -0.25 48 49 37.43570379361975 0.1231913101646459
-0.5 -0.25 49 50 36.33624595539595 0.125320101540552
-0.25 0 0 1 6604.323556618579 3.631608320071706
-0.25 0 1 2 -908.1879407300157 3.110238023383708
-0.25 0 2 3 -5529.587929146468 1.571186642890987
-0.25 0 3 4 -4560.377932640888 1.545394167251492
-0.25 0 4 5 -3393.385412439815 1.391615999229459
-0.25 0 5 6 -2492.899397903211 1.238735090456573
-0.25 0 6 7 -1840.846233039257 1.119219659965542
-0.25 0 7 8 -1371.219489115084 1.036520396824113
-0.25 0 8 9 -1029.706205168058 0.9564512192935843
-0.25 0 9 10 -777.9633760475299 0.8824984482628758
-0.25 0 10 11 -589.7228982046131 0.814747727531586
-0.25 0 11 12 -447.2239667059239 0.7537111607579189
-0.25 0 12 13 -338.111738340755 0.6986950913818329
-0.25 0 13 14 -253.7502506091869 0.6490922354102141
-0.25 0 14 15 -187.9903663456921 0.6042989503623438
-0.25 0 15 16 -136.3844240959847 0.5637575227350217
-0.25 0 16 17 -95.66765871695316 0.5269697761141245
-0.25 0 17 18 -63.41081041145776 0.493498061224254
-0.25 0 18 19 -37.78375099228742 0.4629609925794542
-0.25 0 19 20 -17.39211068055715 0.4350273399167168
-0.25 0 20 21 -1.16263801924174 0.4094096328095614
-0.25 0 21 22 11.73840579526859 0.3858581539311002
-0.25 0 22 23 21.96412332356067 0.3641555770917461
-0.25 0 23 24 30.02999316440071 0.344112305227373
-0.25 0 24 25 36.34565956536971 0.3255624751596139
-0.25 0 25 26 41.23868120582119 0.3083605605042989
-0.25 0 26 27 44.97245024401502 0.2923784941938419
-0.25 0 27 28 47.75983751430556 0.2775032339273613
-0.25 0 28 29 49.77367207694613 0.2636347023208195
-0.25 0 29 30 51.15485314742477 0.2506840418159092
-0.25 0 30 31 52.01867540753756 0.2385721328334696
-0.25 0 31 32 52.45979474302749 0.2272283331862608
-0.25 0 32 33 52.55615126151497 0.2165894024623108
-0.25 0 33 34 52.37208677532738 0.2065985817554676
-0.25 0 34 35 51.96083571123017 0.1972048041501743
-0.25 0 35 36 51.36652555052848 0.1883620149588887
-0.25 0 36 37 50.62579100572611 0.18002858541538
-0.25 0 37 38 49.76908234411485 0.1721668050307626
-0.25 0 38 39 48.82173021782523 0.164742441146856
-0.25 0 39 40 47.8048156575037 0.1577243553785353
-0.25 0 40 41 46.73588358462717 0.1510841688210965
-0.25 0 41 42 45.6295298305937 0.1447959694796591
-0.25 0 42 43 44.49788579138863 0.1388360550397552
-0.25 0 43 44 43.35101967617749 0.1331827076356052
-0.25 0 44 45 42.19726967436009 0.1278159937863846
-0.25 0 45 46 41.0422762050286 0.1230844470338983
-0.25 0 46 47 39.89404560500486 0.1203590339314611
-0.25 0 47 48 38.75596327400257 0.1198578125485445
-0.25 0 48 49 37.63180307655531 0.1215003698416281
-0.25 0 49 50 36.52440816680561 0.1239518842677257
0 0.25 0 1 6603.823129664283 3.63160501300494
0 0.25 1 2 -909.1219976544908 3.110212211462866
0 0.25 2 3 -5530.195713347742 1.571108314064257
0 0.25 3 4 -4560.552504682535 1.545329431527938
0 0.25 4 5 -3393.316676199815 1.391581546668834
0 0.25 5 6 -2492.733041557609 1.238732725941891
0 0.25 6 7 -1840.654865341794 1.119241414035932
0 0.25 7 8 -1371.035502376189 1.036556401540613
0 0.25 8 9 -1029.541593019723 0.9564928920602166
0 0.25 9 10 -777.8206040549476 0.882538885723928
0 0.25 10 11 -589.60107871131 0.81478771355408
0 0.25 11 12 -447.1199162242019 0.7537479168639758
0 0.25 12 13 -338.022302664483 0.6987281339777678
0 0.25 13 14 -253.672581028376 0.6491215541503342
0 0.25 14 15 -187.9220931707371 0.604324773344278
0 0.25 15 16 -136.3236662201516 0.5637801803807647
0 0.25 16 17 -95.61296551167857 0.526989625997529
0 0.25 17 18 -63.36108320826293 0.4935154499948541
0 0.25 18 19 -37.73816597428845 0.4629762381048312
0 0.25 19 20 -17.35005200857859 0.4350407251272698
0 0.25 20 21 -1.123643599387606 0.4094214050382158
0 0.25 21 22 11.77468644815713 0.3858685273648924
0 0.25 22 23 21.9979608380122 0.3641647362356431
0 0.25 23 24 30.06160167287612 0.3441204085990179
0 0.25 24 25 36.37521354549358 0.3255696588133462
0 0.25 25 26 41.26632739949162 0.3083669413787217
0 0.25 26 27 44.99831594119667 0.2923841729183598
0 0.25 27 28 47.78403620562722 0.2775082972419649
0 0.25 28 29 49.79630723435776 0.2636392250559632
0 0.25 29 30 51.17602069689133 0.2506880887733651
0 0.25 30 31 52.03846530741475 0.238575760262795
0 0.25 31 32 52.47829196263092 0.2272315897980698
0 0.25 32 33 52.57343636900259 0.2165923309994068
0 0.25 33 34 52.38823628186094 0.2066012193734839
0 0.25 34 35 51.97592226738584 0.1972071832213326
0 0.25 35 36 51.38061806331172 0.1883641640064994
0 0.25 36 37 50.63895471826061 0.1800305294583962
0 0.25 37 38 49.78137890184672 0.1721685660490941
0 0.25 38 39 48.83321774023437 0.1647440385117337
0 0.25 39 40 47.81554881943384 0.1577258061593741
0 0.25 40 41 46.74591371316683 0.1510854880786571
0 0.25 41 42 45.63890501569864 0.1447971706179187
0 0.25 42 43 44.50665100968587 0.1388371499726323
0 0.25 43 44 43.35921692481509 0.1331837067875754
0 0.25 44 45 42.20493811346643 0.1278169064689805
0 0.25 45 46 41.04945226445938 0.1230852936878638
0 0.25 46 47 39.90076324203829 0.1203598768913815
0 0.25 47 48 38.76225400473993 0.1198587128859945
0 0.25 48 49 37.63769617615625 0.1215013763423263
0 0.25 49 50 36.52993078099337 0.1239530003340071
0.25 0.5 0 1 6515.178256351451 3.404263244377461
0.25 0.5 1 2 -989.2010506316087 2.42089690944315
0.25 0.5 2 3 -5529.377986746998 1.552859272688458
0.25 0.5 3 4 -4548.500820944506 1.535995900960006
0.25 0.5 4 5 -3381.04687764333 1.438571104039021
0.25 0.5 5 6 -2482.32730349585 1.353421372673765
0.25 0.5 6 7 -1832.273557806814 1.246331837016284
0.25 0.5 7 8 -1364.406706167929 1.140579975826123
0.25 0.5 8 9 -1024.336852300564 1.043210251961852
0.25 0.5 9 10 -773.7490729531846 0.9558934878832366
0.25 0.5 10 11 -586.4248777717767 0.8776117634653621
0.25 0.5 11 12 -444.652244886996 0.8080953422463119
0.25 0.5 12 13 -336.116516197339 0.7461476458499045
0.25 0.5 13 14 -252.2138853777551 0.6908014276149492
0.25 0.5 14 15 -186.8203481853045 0.6411933266813942
0.25 0.5 15 16 -135.5077586948901 0.5965740804105929
0.25 0.5 16 17 -95.02649724246112 0.5563015226650492
0.25 0.5 17 18 -62.95908734047089 0.5198279416489811
0.25 0.5 18 19 -37.48460568093151 0.4866865684393226
0.25 0.5 19 20 -17.21590831940262 0.4564790542110189
0.25 0.5 20 21 -1.085446019445044 0.4288645367428648
0.25 0.5 21 22 11.73599580098494 0.4035503689406967
0.25 0.5 22 23 21.89791077591508 0.3802843679953603
0.25 0.5 23 24 29.91288353086645 0.3588483825762948
0.25 0.5 24 25 36.1882258611015 0.3390529665602886
0.25 0.5 25 26 41.04960743759898 0.3207329701464203
0.25 0.5 26 27 44.75888351757828 0.3037438841863381
0.25 0.5 27 28 47.52766911309095 0.287958801790223
0.25 0.5 28 29 49.52776300608002 0.2732658847018636
0.25 0.5 29 30 50.89921602472623 0.2595662439384598
0.25 0.5 30 31 51.75662185659701 0.2467721595277927
0.25 0.5 31 32 52.19405538218336 0.2348055803502466
0.25 0.5 32 33 52.28897381184015 0.2235968545338935
0.25 0.5 33 34 52.10531661089942 0.2130836516076026
0.25 0.5 34 35 51.695982250913 0.2032100433717953
0.25 0.5 35 36 51.10481718460522 0.1939257182318549
0.25 0.5 36 37 50.3682206901039 0.1851853061487713
0.25 0.5 37 38 49.51644556932058 0.1769477977712182
0.25 0.5 38 39 48.57465672363105 0.1691760424856476
0.25 0.5 39 40 47.56379599222151 0.1618363129058596
0.25 0.5 40 41 46.50129140568129 0.1548979269464064
0.25 0.5 41 42 45.40164066929862 0.148332917887326
0.25 0.5 42 43 44.27689287545172 0.1421157456513437
0.25 0.5 43 44 43.1370472954805 0.1362230443854632
0.25 0.5 44 45 41.99038448995572 0.1306334001393896
0.25 0.5 45 46 40.84250371274175 0.125681862557662
0.25 0.5 46 47 39.70135768950308 0.1226943843033715
0.25 0.5 47 48 38.57030580650564 0.1218876946496574
0.25 0.5 48 49 37.45309494764916 0.1231938347042603
0.25 0.5 49 50 36.35254669322953 0.1253229678307297
0.5 0.75 0 1 6343.120822322607 3.296145356566483
0.5 0.75 1 2 -1139.559730380671 2.77524202598805
0.5 0.75 2 3 -5520.886288037404 1.574177396548064
0.5 0.75 3 4 -4518.160058970963 1.538790115221059
0.5 0.75 4 5 -3350.56416131489 1.381978218088628
0.5 0.75 5 6 -2455.882928725192 1.227999711098981
0.5 0.75 6 7 -1810.235749513763 1.094276244563022
0.5 0.75 7 8 -1346.252198205961 0.9805205359666652
0.5 0.75 8 9 -1009.406088388482 0.9004592525886629
0.5 0.75 9 10 -761.4439291994727 0.8307584731013762
0.5 0.75 10 11 -576.2458411656512 0.7668877869636248
0.5 0.75 11 12 -436.2001558419438 0.7094133646145288
0.5 0.75 12 13 -329.0721434302054 0.657620857435209
0.5 0.75 13 14 -246.3227422867467 0.6109270333134497
0.5 0.75 14 15 -181.8788824640169 0.5687583523318874
0.5 0.75 15 16 -131.3523313209421 0.5305877467500525
0.5 0.75 16 17 -91.52479972146557 0.4959458248395219
0.5 0.75 17 18 -60.0035130120873 0.4644209490650138
0.5 0.75 18 19 -34.98713361917225 0.4356547730893929
0.5 0.75 19 20 -15.10414222637246 0.4093362594797242
0.5 0.75 20 21 0.7004681891658038 0.3851955449036922
0.5 0.75 21 22 13.24578298483561 0.3629982342046013
0.5 0.75 22 23 23.17306747178577 0.342540333938363
0.5 0.75 23 24 30.98818498857997 0.3236438614433368
0.5 0.75 24 25 37.09292826996739 0.3061530904377225
0.5 0.75 25 26 41.80841276416402 0.2899313618288926
0.5 0.75 26 27 45.3927182697513 0.2748583857568177
0.5 0.75 27 28 48.0543163430284 0.2608279593651751
0.5 0.75 28 29 49.96237785432947 0.247746036990933
0.5 0.75 29 30 51.2547483123227 0.2355290952052482
0.5 0.75 30 31 52.04416407960866 0.224102744766552
0.5 0.75 31 32 52.42313051785504 0.2134005502671877
0.5 0.75 32 33 52.46777432398267 0.2033630216515034
0.5 0.75 33 34 52.24090369638543 0.193936752915739
0.5 0.75 34 35 51.79445255034199 0.1850736816269378
0.5 0.75 35 36 51.17144275359544 0.1767304523527878
0.5 0.75 36 37 50.40756690452082 0.16886786694179
0.5 0.75 37 38 49.53247075529407 0.1614504083851304
0.5 0.75 38 39 48.57079659054841 0.1544458282620554
0.5 0.75 39 40 47.5430353913585 0.1478247862414827
0.5 0.75 40 41 46.46622547653334 0.1415605370726943
0.5 0.75 41 42 45.35452707875459 0.1356286549254348
0.5 0.75 42 43 44.21969655268344 0.130006792842522
0.5 0.75 43 44 43.07147883092466 0.1246744706446726
0.5 0.75 44 45 41.91793316609335 0.1196128876981182
0.5 0.75 45 46 40.76447771980571 0.1151831105096582
0.5 0.75 46 47 39.61887401414606 0.1127985293442516
0.5 0.75 47 48 38.48434618531968 0.1126739871116904
0.5 0.75 48 49 37.36451271147689 0.1147066125153443
0.5 0.75 49 50 36.26208225958948 0.1175161830992387
0.75 1 0 1 6088.301064629959 2.280820137290493
0.75 1 1 2 -1367.260097366921 2.029462276770635
0.75 1 2 3 -5513.610658382464 1.567271788577736
0.75 1 3 4 -4477.504569238761 1.522712924471688
0.75 1 4 5 -3308.507884505515 1.365820935085175
0.75 1 5 6 -2418.746764992977 1.214385467148356
0.75 1 6 7 -1778.781537054816 1.0836585000128
0.75 1 7 8 -1319.909641215448 0.9727641593230965
0.75 1 8 9 -987.364577017051 0.8782243685934218
0.75 1 9 10 -742.9446594416827 0.7967689947754613
0.75 1 10 11 -560.6464877061308 0.7267491552688765
0.75 1 11 12 -422.9803796962897 0.6654894282633516
0.75 1 12 13 -317.8120421434685 0.6116687334969518
0.75 1 13 14 -236.6846369412795 0.5640760093309019
0.75 1 14 15 -173.5904579989735 0.5217436909055777
0.75 1 15 16 -124.1929502785588 0.4838909103206547
0.75 1 16 17 -85.31471468026052 0.4498812950748677
0.75 1 17 18 -54.5954542976126 0.4191914660196503
0.75 1 18 19 -30.25976231669279 0.3913873072223827
0.75 1 19 20 -10.95694297700993 0.3661059080279633
0.75 1 20 21 4.351189232092338 0.3430416735672029
0.75 1 21 22 16.47005163259792 0.321935541259551
0.75 1 22 23 26.02974120968315 0.302566522386607
0.75 1 23 24 33.52694649093314 0.2847450126956354
0.75 1 24 25 39.3558847163581 0.2683074573789311
0.75 1 25 26 43.83138629988935 0.253112062226824
0.75 1 26 27 47.20629299867221 0.239035320532111
0.75 1 27 28 49.68469223662044 0.2259691825293227
0.75 1 28 29 51.43207064304738 0.2138187313574129
0.75 1 29 30 52.58316583622093 0.2025002648075763
0.75 1 30 31 53.24808301363225 0.1919397026245434
0.75 1 31 32 53.51709235361079 0.1820712556129493
0.75 1 32 33 53.46441559435084 0.1728363097159134
0.75 1 33 34 53.15123240457945 0.1641824839254617
0.75 1 34 35 52.62808039987658 0.156062832473163
0.75 1 35 36 51.9367809108972 0.1484351657654507
0.75 1 36 37 51.11199156125559 0.1412614697937987
0.75 1 37 38 50.18246358252532 0.1345074088166732
0.75 1 38 39 49.17206424762094 0.1281418959147852
0.75 1 39 40 48.10061150189784 0.1221367231940046
0.75 1 40 41 46.98455787984415 0.1164662397997707
0.75 1 41 42 45.83755267956423 0.1111070728701523
0.75 1 42 43 44.67090569078033 0.1060378835941234
0.75 1 43 44 43.49397077316962 0.1012391541331587
0.75 1 44 45 42.31446405592771 0.09669299934674408
0.75 1 45 46 41.13751909643696 0.09318499723567879
0.75 1 46 47 39.97060265851235 0.09365208830910027
0.75 1 47 48 38.81672111614773 0.09820368734770456
0.75 1 48 49 37.67928568183456 0.1061104700342322
0.75 1 49 50 36.56082327636287 0.1144761947126057
1 1.25 0 1 5764.704389859445 1.544622674900476
1 1.25 1 2 -1659.381363266926 0.7862786933884722
1 1.25 2 3 -5512.097159283672 2.113807742535656
1 1.25 3 4 -4436.567880800336 2.001352526745675
1 1.25 4 5 -3266.762756970004 1.75938797401952
1 1.25 5 6 -2383.050270386985 1.536202579005936
1 1.25 6 7 -1749.580516425581 1.348688187891268
1 1.25 7 8 -1296.297332040835 1.193401603719487
1 1.25 8 9 -968.2926797623877 1.063655954927019
1 1.25 9 10 -727.498646498424 0.9554222722938691
1 1.25 10 11 -548.085064042325 0.8628753721624186
1 1.25 11 12 -412.7256965529759 0.7836607169723372
1 1.25 12 13 -309.4095533717277 0.7150901646302069
1 1.25 13 14 -229.7772945631968 0.655247297955018
1 1.25 14 15 -167.896305547916 0.6026389138663509
1 1.25 15 16 -119.4879236925042 0.5560877276462571
1 1.25 16 17 -81.4196052209852 0.5146546773623202
1 1.25 17 18 -51.36603791241509 0.477582424768483
1 1.25 18 19 -27.5792962170342 0.444253897985259
1 1.25 19 20 -8.730425087604317 0.4141615357762762
1 1.25 20 21 6.20144458601203 0.386884203888242
1 1.25 21 22 18.00784959764997 0.3620696710840874
1 1.25 22 23 27.30769460430611 0.3394211572106504
1 1.25 23 24 34.58859404508064 0.318686899405716
1 1.25 24 25 40.23737139734169 0.299651978562589
1 1.25 25 26 44.56280460690948 0.2821318587053523
1 1.25 26 27 47.81275986019853 0.2659672347426532
1 1.25 27 28 50.18721829770004 0.2510198917392673
1 1.25 28 29 51.84826547552257 0.2371693508197073
1 1.25 29 30 52.92781269902844 0.2243101344412841
1 1.25 30 31 53.53360931212762 0.2123495202496795
1 1.25 31 32 53.7539562701154 0.2012056860511749
1 1.25 32 33 53.66142501388458 0.1908061685566951
1 1.25 33 34 53.31580891042313 0.1810865744716409
1 1.25 34 35 52.76647851088967 0.1719894993761169
1 1.25 35 36 52.05427070595397 0.1634636144027576
1 1.25 36 37 51.21301123944716 0.1554628920339902
1 1.25 37 38 50.2707472517418 0.1479459468040763
1 1.25 38 39 49.25074923146161 0.1408754715712436
1 1.25 39 40 48.17232866295916 0.1342177535001607
1 1.25 40 41 47.05150781398294 0.1279422571834598
1 1.25 41 42 45.90157012735864 0.1220212635705025
1 1.25 42 43 44.73351409176092 0.116429557852278
1 1.25 43 44 43.55642855841194 0.1111441562172575
1 1.25 44 45 42.37780399272816 0.1061440688466385
1 1.25 45 46 41.20260667527572 0.1017897997577581
1 1.25 46 47 40.03809393046078 0.09950466897972876
1 1.25 47 48 38.88715786291539 0.09950899813180117
1 1.25 48 49 37.75309151817234 0.1016879257137943
1 1.25 49 50 36.63832807193756 0.1089422039084471
1.25 1.5 0 1 5394.296688519616 3.098369702109214
1.25 1.5 1 2 -1963.064614025971 3.687457993502041
1.25 1.5 2 3 -5472.939880727996 1.699567327413805
1.25 1.5 3 4 -4357.173935590034 1.631893292414562
1.25 1.5 4 5 -3192.369490821271 1.455802835296044
1.25 1.5 5 6 -2320.831412105069 1.284566601773624
1.25 1.5 6 7 -1699.094225524428 1.135779427316418
1.25 1.5 7 8 -1255.624486988414 1.009498548202547
1.25 1.5 8 9 -935.5087560462257 0.9034517032162603
1.25 1.5 9 10 -700.99057907523 0.8119801579499664
1.25 1.5 10 11 -526.5634924553888 0.7346950107972455
1.25 1.5 11 12 -395.1921604024519 0.6677245040403815
1.25 1.5 12 13 -295.0824727984239 0.6094971312258226
1.25 1.5 13 14 -218.0443487937132 0.558509212205933
1.25 1.5 14 15 -158.2746490773957 0.5135674580159599
1.25 1.5 15 16 -111.5940370533881 0.4737179750368797
1.25 1.5 16 17 -74.94663854553232 0.4381917139766796
1.25 1.5 17 18 -46.06677020685129 0.406363171277955
1.25 1.5 18 19 -23.25325072883129 0.3777191884277669
1.25 1.5 19 20 -5.214055785434311 0.3518352930198294
1.25 1.5 20 21 9.042288229341239 0.3283576335758133
1.25 1.5 21 22 20.283756390382 0.3069890819383367
1.25 1.5 22 23 29.11024468583969 0.2874784417890647
1.25 1.5 23 24 35.99393978343949 0.2696120044483176
1.25 1.5 24 25 41.30907414302123 0.253465604702643
1.25 1.5 25 26 45.35409718372 0.2405690008957488
1.25 1.5 26 27 48.3683624335348 0.2285621600978971
1.25 1.5 27 28 50.54480432696414 0.2173656052690796
1.25 1.5 28 29 52.03965162555608 0.2069085085085434
1.25 1.5 29 30 52.97992957550207 0.1971276131616355
1.25 1.5 30 31 53.46929712417682 0.1879663003678413
1.25 1.5 31 32 53.59261985626051 0.1793737804371161
1.25 1.5 32 33 53.41957530257952 0.1713043936824782
1.25 1.5 33 34 53.00751222180338 0.1637170033777599
1.25 1.5 34 35 52.40373072854612 0.1565744698260285
1.25 1.5 35 36 51.64730993437854 0.149843192538442
1.25 1.5 36 37 50.77057989357291 0.1434927126900342
1.25 1.5 37 38 49.80031241499125 0.1374953646746317
1.25 1.5 38 39 48.75868845400032 0.1318259729803883
1.25 1.5 39 40 47.66408703930279 0.126461585843736
1.25 1.5 40 41 46.53173111510188 0.1213812418112622
1.25 1.5 41 42 45.3742179110402 0.1165657637442443
1.25 1.5 42 43 44.20195601870972 0.1119975786927338
1.25 1.5 43 44 43.02352658377026 0.10766055672914
1.25 1.5 44 45 41.84598265083753 0.1035398701819431
1.25 1.5 45 46 40.67394185972171 0.09996838995789474
1.25 1.5 46 47 39.51427788789476 0.09823056332677454
1.25 1.5 47 48 38.36963042158919 0.09850554313042298
1.25 1.5 48 49 37.24304999993251 0.1006935542259829
1.25 1.5 49 50 36.13675751597751 0.1035381502833888
1.5 1.75 0 1 4956.624848830096 0.9921901751838194
1.5 1.75 1 2 -2342.519870147808 0.866340010835952
1.5 1.75 2 3 -5446.811677037953 1.772093877795086
1.5 1.75 3 4 -4275.421922543199 1.706624435440083
1.5 1.75 4 5 -3109.637707653165 1.518201570545404
1.5 1.75 5 6 -2247.74292172001 1.330426631140445
1.5 1.75 6 7 -1636.846193533362 1.166722227716078
1.5 1.75 7 8 -1203.138636944703 1.028615158172421
1.5 1.75 8 9 -891.3037464314971 0.91262060478081
1.5 1.75 9 10 -663.5966079075088 0.816606024930299
1.5 1.75 10 11 -494.8430690078521 0.7335121383310176
1.5 1.75 11 12 -368.1416457121836 0.6630630801839595
1.5 1.75 12 13 -271.9035734792867 0.6023248274126444
1.5 1.75 13 14 -198.0905051439624 0.5495387867589099
1.5 1.75 14 15 -141.0210202882904 0.5033264606572608
1.5 1.75 15 16 -96.61277654546757 0.4625991841133172
1.5 1.75 16 17 -61.88718417576365 0.4264892497177399
1.5 1.75 17 18 -34.64033205800229 0.394298358129156
1.5 1.75 18 19 -13.22064396907331 0.3654591776475843
1.5 1.75 19 20 3.623855627035709 0.3395065802124548
1.5 1.75 20 21 16.85212575682294 0.3160559599502085
1.5 1.75 21 22 27.20559674037338 0.2947867543862441
1.5 1.75 22 23 35.26237639533178 0.2754297961274986
1.5 1.75 23 24 41.47667484455553 0.2577575170911823
1.5 1.75 24 25 46.20781974543388 0.2415762914958385
1.5 1.75 25 26 49.74184485301953 0.2267203968109547
1.5 1.75 26 27 52.30771574526261 0.2130472113190638
1.5 1.75 27 28 54.08963907612895 0.200433364696692
1.5 1.75 28 29 55.23648159085644 0.1887716291192522
1.5 1.75 29 30 55.86903520210683 0.1779683898839748
1.5 1.75 30 31 56.08566230566692 0.1679415757833394
1.5 1.75 31 32 55.96671262724919 0.1586189523846858
1.5 1.75 32 33 55.57800098359098 0.1499367083621444
1.5 1.75 33 34 54.97356187687808 0.1418382776405089
1.5 1.75 34 35 54.19784334156157 0.1342733511242384
1.5 1.75 35 36 53.28746318811693 0.1271970466945328
1.5 1.75 36 37 52.27262164622312 0.1205692054494065
1.5 1.75 37 38 51.17824274014708 0.1143537946815358
1.5 1.75 38 39 50.02490032715986 0.1085183982479568
1.5 1.75 39 40 48.82957231769001 0.1030337803885093
1.5 1.75 40 41 47.6062572967885 0.09787350989514711
1.5 1.75 41 42 46.36648021881103 0.09301363739675193
1.5 1.75 42 43 45.1197085829275 0.08843241397651014
1.5 1.75 43 44 43.87369587529997 0.08411004858438047
1.5 1.75 44 45 42.63476579569738 0.08002849574565864
1.5 1.75 45 46 41.40692035150329 0.07688680094559694
1.5 1.75 46 47 40.19641816359649 0.07729884863495697
1.5 1.75 47 48 39.00542176596267 0.08135286064189831
1.5 1.75 48 49 37.83653345181483 0.0883939066653128
1.5 1.75 49 50 36.69158819005483 0.09583368377743115
1.75 2 0 1 4495.889274187173 1.075080287784878
1.75 2 1 2 -2726.559356493136 2.833474659046815
1.75 2 2 3 -5414.889309735781 2.788156984016914
1.75 2 3 4 -4200.416005562933 2.267879675038592
1.75 2 4 5 -3041.939045331257 1.858989670256027
1.75 2 5 6 -2193.343805173011 1.556082297959044
1.75 2 6 7 -1594.284661822762 1.327421259946223
1.75 2 7 8 -1169.984550919322 1.149929851939794
1.75 2 8 9 -865.3692414294096 1.008794276443342
1.75 2 9 10 -643.2088348660905 0.8938618744644037
1.75 2 10 11 -478.7744325732033 0.7988345318907442
1.75 2 11 12 -355.4250781399323 0.718870419452321
1.75 2 12 13 -261.8197972329781 0.6507552176799296
1.75 2 13 14 -190.0894981734009 0.5920939269290116
1.75 2 14 15 -134.677916443997 0.541097171432427
1.75 2 15 16 -91.59621868155909 0.496401017032283
1.75 2 16 17 -57.9364725606174 0.4569472789987817
1.75 2 17 18 -31.54875288078597 0.4219020675015805
1.75 2 18 19 -10.8231627293128 0.3905990982358125
1.75 2 19 20 5.459787820203246 0.3624994212137727
1.75 2 20 21 18.23351976969195 0.3371622722124699
1.75 2 21 22 28.21923230153891 0.3142236139395784
1.75 2 22 23 35.97889588760006 0.2933800925426274
1.75 2 23 24 41.95376975069439 0.2743768754764333
1.75 2 24 25 46.49273105760619 0.2569983123480402
1.75 2 25 26 49.87333958759018 0.2410606811796766
1.75 2 26 27 52.31765971340781 0.2264064939350164
1.75 2 27 28 54.00425589896895 0.2128999820894737
1.75 2 28 29 55.07736603387048 0.2004234864497324
1.75 2 29 30 55.65397279564922 0.1888745447271863
1.75 2 30 31 55.8292952601812 0.1781635249066591
1.75 2 31 32 55.6810830827593 0.1682116885037123
1.75 2 32 33 55.27299584666054 0.1589495936038932
1.75 2 33 34 54.65727832108041 0.1503157716863204
1.75 2 34 35 53.8768900636573 0.1422556237693471
1.75 2 35 36 52.96720942586302 0.1347204947371448
1.75 2 36 37 51.95740356166283 0.1276668935517385
1.75 2 37 38 50.87153488054997 0.1210558321370953
1.75 2 38 39 49.72945838847676 0.1148522640371666
1.75 2 39 40 48.54755225596602 0.1090246038142837
1.75 2 40 41 47.33931488334559 0.1035443153251944
1.75 2 41 42 46.11585439464886 0.09838555748121698
1.75 2 42 43 44.88629134360491 0.09352487700528626
1.75 2 43 44 43.65809094526378 0.08894094350144868
1.75 2 44 45 42.43733794165246 0.08461431768330434
1.75 2 45 46 41.22787778296626 0.08131050916026712
1.75 2 46 47 40.03572715558437 0.08152335235908759
1.75 2 47 48 38.86295651942118 0.08523062085514717
1.75 2 48 49 37.71205977740291 0.09178991147425021
1.75 2 49 50 36.58477683678572 0.09871074358957371
2 2.25 0 1 3997.56951379614 1.039728208955445
2 2.25 1 2 -3121.114283505166 0.8544006561076987
2 2.25 2 3 -5353.338188762046 1.656472178727505
2 2.25 3 4 -4080.17968842422 1.534281818616153
2 2.25 4 5 -2923.920536216603 1.354092509634179
2 2.25 5 6 -2089.385431443396 1.194470502420213
2 2.25 6 7 -1505.517814489172 1.060390292480974
2 2.25 7 8 -1094.878261724139 0.9475303017682735
2 2.25 8 9 -801.8813380431698 0.852359628958718
2 2.25 9 10 -589.4133547519109 0.7706446361748489
2 2.25 10 11 -433.0190382770998 0.7002365040360353
2 2.25 11 12 -316.3407313033319 0.6390033907220261
2 2.25 12 13 -228.2877576190904 0.5853640086984018
2 2.25 13 14 -161.1986436882041 0.5380701242749897
2 2.25 14 15 -109.6853505209506 0.4961255236645469
2 2.25 15 16 -69.89409808714436 0.4587268368175368
2 2.25 16 17 -39.02516883887688 0.4252199151007471
2 2.25 17 18 -15.01550763417981 0.3950673268353007
2 2.25 18 19 3.674781952312287 0.3678238600454237
2 2.25 19 20 18.20851402471658 0.3431178599166568
2 2.25 20 21 29.4729840525348 0.3206368588110648
2 2.25 21 22 38.15165318301149 0.300116410379146
2 2.25 22 23 44.77545451052299 0.281331327146839
2 2.25 23 24 49.75999107977873 0.2640887502383789
2 2.25 24 25 53.43282857155532 0.2482226222755421
2 2.25 25 26 56.0537416950134 0.2335892463169137
2 2.25 26 27 57.82988675552497 0.2200636915116875
2 2.25 27 28 58.92727899055831 0.207536865542272
2 2.25 28 29 59.4795502605815 0.195913113592753
2 2.25 29 30 59.59468527876038 0.1851082379423033
2 2.25 30 31 59.36024164859072 0.1750478555839353
2 2.25 31 32 58.84742291819026 0.165666027748043
2 2.25 32 33 58.11427705309012 0.1569041113227085
2 2.25 33 34 57.20822308703504 0.1487097915399341
2 2.25 34 35 56.16805812117508 0.1410362626822338
2 2.25 35 36 55.0255597727247 0.1338415325367347
2 2.25 36 37 53.80677173741083 0.1270878285421162
2 2.25 37 38 52.53303977058204 0.1207410885030486
2 2.25 38 39 51.22185000722823 0.1147705234401573
2 2.25 39 40 49.88750993907576 0.1091482398766559
2 2.25 40 41 48.54170366961159 0.1038489124550082
2 2.25 41 42 47.19394606009024 0.09884950063672963
2 2.25 42 43 45.85195544942783 0.0941290003059097
2 2.25 43 44 44.52196038443 0.08966822829537463
2 2.25 44 45 43.20895273312351 0.08544963219520314
2 2.25 45 46 41.91583973591074 0.08211095828841514
2 2.25 46 47 40.6477253898081 0.08203505242720763
2 2.25 47 48 39.40594646307238 0.08528597258102272
2 2.25 48 49 38.19231805269328 0.09124686347351958
2 2.25 49 50 37.00798073502847 0.09755501184809195
2.25 2.5 0 1 3474.292045960506 1.659346961551992
2.25 2.5 1 2 -3515.122565505328 0.9613561288803198
2.25 2.5 2 3 -5260.375605718473 1.69628780143585
2.25 2.5 3 4 -3938.557896282134 1.56285399388196
2.25 2.5 4 5 -2796.425238669404 1.377209378795112
2.25 2.5 5 6 -1984.329604813634 1.240078612108881
2.25 2.5 6 7 -1420.827889989835 1.111786008866388
2.25 2.5 7 8 -1026.807730418488 0.9985074274799902
2.25 2.5 8 9 -746.9831310292466 0.8996048690216054
2.25 2.5 9 10 -544.8982616924022 0.8140997960810054
2.25 2.5 10 11 -396.7199390858782 0.7396864503062855
2.25 2.5 11 12 -286.5861629219805 0.6747126935893818
2.25 2.5 12 13 -203.7861108256457 0.6176913381150959
2.25 2.5 13 14 -140.9450977041206 0.5673865397011348
2.25 2.5 14 15 -92.89165739948044 0.5227805001347414
2.25 2.5 15 16 -55.93653393460659 0.4830359128954404
2.25 2.5 16 17 -27.40603947276213 0.4474620957599234
2.25 2.5 17 18 -5.334546513369105 0.4154867256931554
2.25 2.5 18 19 11.74183238714977 0.3866329957799302
2.25 2.5 19 20 24.92608904529072 0.3605013981283703
2.25 2.5 20 21 35.05804620108472 0.3367552575696305
2.25 2.5 21 22 42.78320284977815 0.3151092403263345
2.25 2.5 22 23 48.60191994976901 0.2953201987640203
2.25 2.5 23 24 52.90501920253143 0.2771798472492086
2.25 2.5 24 25 55.9998583140906 0.2605088722677597
2.25 2.5 25 26 58.1296422903082 0.2451521709871807
2.25 2.5 26 27 59.48787167005935 0.2309749809036211
2.25 2.5 27 28 60.22925433387195 0.2178597155741432
2.25 2.5 28 29 60.47801838928592 0.2057033643025706
2.25 2.5 29 30 60.33429614078693 0.1944153430301407
2.25 2.5 30 31 59.87906336744379 0.1839157097489448
2.25 2.5 31 32 59.17798727777927 0.1741336745921241
2.25 2.5 32 33 58.28444350228995 0.1650063506382085
2.25 2.5 33 34 57.24189567651183 0.1564777006793307
2.25 2.5 34 35 56.08578268331524 0.1484976467757287
2.25 2.5 35 36 54.84502313840693 0.1410213133424421
2.25 2.5 36 37 53.54322048199919 0.134008380906529
2.25 2.5 37 38 52.19963258619327 0.1274225334766053
2.25 2.5 38 39 50.82995512710278 0.1212309830540255
2.25 2.5 39 40 49.44695690790553 0.1154040596087576
2.25 2.5 40 41 48.06099705259385 0.1099148562500453
2.25 2.5 41 42 46.68044732058601 0.1047389216115494
2.25 2.5 42 43 45.31203811998066 0.0998539913221477
2.25 2.5 43 44 43.96114276829348 0.09523975399058911
2.25 2.5 44 45 42.6320116478924 0.09087764617104957
2.25 2.5 45 46 41.32695199447463 0.08707422077629046
2.25 2.5 46 47 40.05042451709616 0.08502477717762361
2.25 2.5 47 48 38.80332281690551 0.0848625953702374
2.25 2.5 48 49 37.58703790491313 0.08642751774113847
2.25 2.5 49 50 36.40234164795436 0.09199846557350867
2.5 2.75 0 1 2895.326325671531 2.179297252360374
2.5 2.75 1 2 -3949.880563475424 1.107704734358137
2.5 2.75 2 3 -5170.638925983837 2.764824149877761
2.5 2.75 3 4 -3791.56025510436 2.650061725742436
2.5 2.75 4 5 -2659.010011145183 2.327596363845899
2.5 2.75 5 6 -1867.145165842535 2.023104678537589
2.5 2.75 6 7 -1323.283996496146 1.765624561122763
2.5 2.75 7 8 -946.0105041357956 1.552240295757584
2.5 2.75 8 9 -679.9304277757669 1.374693476875385
2.5 2.75 9 10 -489.0036206694269 1.226198379822657
2.5 2.75 10 11 -349.8827878485886 1.10061302826083
2.5 2.75 11 12 -247.1294101725991 0.9934555608631164
2.5 2.75 12 13 -170.3766669176769 0.9012190365673611
2.5 2.75 13 14 -112.5209349772861 0.821187107629284
2.5 2.75 14 15 -68.60242468707088 0.7512378972858968
2.5 2.75 15 16 -35.09713272311706 0.6896972867524203
2.5 2.75 16 17 -9.460876863795193 0.6352307998582872
2.5 2.75 17 18 10.16989108614598 0.586763998483716
2.5 2.75 18 19 25.17806464582247 0.5434235456814193
2.5 2.75 19 20 36.60193168707565 0.5044932038347935
2.5 2.75 20 21 45.22927533784878 0.4693806677012515
2.5 2.75 21 22 51.66346819383455 0.4375923165499738
2.5 2.75 22 23 56.37055873962731 0.4087138055144232
2.5 2.75 23 24 59.7132576770307 0.382395004356807
2.5 2.75 24 25 61.97576600347656 0.3583382032487513
2.5 2.75 25 26 63.3821148643832 0.3362887976213172
2.5 2.75 26 27 64.10985190369092 0.3160278708354305
2.5 2.75 27 28 64.30035157634268 0.2973662423363406
2.5 2.75 28 29 64.06665014413267 0.2801396579632681
2.5 2.75 29 30 63.49944768050761 0.2642048753770207
2.5 2.75 30 31 62.6717403136484 0.2494364583701159
2.5 2.75 31 32 61.64242004722695 0.2357241355180132
2.5 2.75 32 33 60.45909020417054 0.2229706112470475
2.5 2.75 33 34 59.16028051252027 0.2110897419753231
2.5 2.75 34 35 57.7771994805164 0.2000050085049153
2.5 2.75 35 36 56.33512783249637 0.1896482309530496
2.5 2.75 36 37 54.85453178858256 0.1799584819071738
2.5 2.75 37 38 53.35195647128705 0.1708811638566257
2.5 2.75 38 39 51.84074579742469 0.1623672225362812
2.5 2.75 39 40 50.33162473697433 0.1543724734927661
2.5 2.75 40 41 48.8331719899079 0.1468570240191011
2.5 2.75 41 42 47.35220484839226 0.1397847737708306
2.5 2.75 42 43 45.89409358731339 0.1331229839338267
2.5 2.75 43 44 44.4630189594476 0.1268419021817804
2.5 2.75 44 45 43.0621836216223 0.1209144370136665
2.5 2.75 45 46 41.69301416443653 0.1155381394251829
2.5 2.75 46 47 40.35907664186533 0.1115289279208218
2.5 2.75 47 48 39.06058831327815 0.1090005521992531
2.5 2.75 48 49 37.79830521642282 0.1078929833734503
2.5 2.75 49 50 36.57243505097009 0.1073920388697638
2.75 3 0 1 2259.738867334351 1.658651890647742
2.75 3 1 2 -4376.402309898077 4.460692307595926
2.75 3 2 3 -5025.641780782031 5.964673491217299
2.75 3 3 4 -3592.993582516957 5.087743440605342
2.75 3 4 5 -2479.515575126268 4.22720920738686
2.75 3 5 6 -1716.946884565004 3.543730547969574
2.75 3 6 7 -1200.088305464333 3.010837250742083
2.75 3 7 8 -845.2681305923088 2.590874202873009
2.75 3 8 9 -597.3034609039496 2.254243325283959
2.75 3 9 10 -420.8886957142834 1.980273153760409
2.75 3 10 11 -293.4133956048934 1.753873086857962
2.75 3 11 12 -200.0547995023965 1.564369020776359
2.75 3 12 13 -130.9313416551254 1.403927305685024
2.75 3 13 14 -79.31415170011337 1.266719757157503
2.75 3 14 15 -40.53151008396026 1.148336526379222
2.75 3 15 16 -11.28138458202852 1.045388325282134
2.75 3 16 17 10.80838972717356 0.9552326793362539
2.75 3 17 18 27.46709687772193 0.8757823533404341
2.75 3 18 19 39.97202530704703 0.8053690448846738
2.75 3 19 20 49.27775698148287 0.7426448573608836
2.75 3 20 21 56.10522934738367 0.6865100171311486
2.75 3 21 22 61.00405211737962 0.6360591094597948
2.75 3 22 23 64.39674183635782 0.5905405740378206
2.75 3 23 24 66.61053852969678 0.5493258274908009
2.75 3 24 25 67.90057007023483 0.5118854656232373
2.75 3 25 26 68.46690637820507 0.4777707350343856
2.75 3 26 27 68.46724478701913 0.4465989708634387
2.75 3 27 28 68.02643538991242 0.4180420510260807
2.75 3 28 29 67.24369626133682 0.3918171668233003
2.75 3 29 30 66.19812294511303 0.3676793892640853
2.75 3 30 31 64.95292691664366 0.3454156381663826
2.75 3 31 32 63.55871875357417 0.3248397573662886
2.75 3 32 33 62.05606756441688 0.3057884671559752
2.75 3 33 34 60.47750802649045 0.2881180185998644
2.75 3 34 35 58.84912287242258 0.2717014122384251
2.75 3 35 36 57.19179696266758 0.2564260742427672
2.75 3 36 37 55.52221574732266 0.2421919046700133
2.75 3 37 38 53.8536636873547 0.2289096310205706
2.75 3 38 39 52.19666526213058 0.2164994131370334
2.75 3 39 40 50.55950147047039 0.2048896555916718
2.75 3 40 41 48.94862749620469 0.1940159933839578
2.75 3 41 42 47.36901139995408 0.1838204219638596
2.75 3 42 43 45.82440962353829 0.1742505482249729
2.75 3 43 44 44.31759164149938 0.1652589440369435
2.75 3 44 45 42.85052356033708 0.1568025854576053
2.75 3 45 46 41.42359646353378 0.1489980326534066
2.75 3 46 47 40.03932033553264 0.1424022622997765
2.75 3 47 48 38.69712271593571 0.1370954240733107
2.75 3 48 49 37.39701911191125 0.1330495294376098
2.75 3 49 50 36.13855832841705 0.1296919158799475
3 3.25 0 1 1570.971035790375 1.189331392125102
3 3.25 1 2 -4725.72972975777 9.324212145604347
3 3.25 2 3 -4775.1268416025 9.721833870783067
3 3.25 3 4 -3312.849566879005 7.899120815201862
3 3.25 4 5 -2240.29881053422 6.405760541513256
3 3.25 5 6 -1523.363804065067 5.285578833011205
3 3.25 6 7 -1045.236784715782 4.438298906297712
3 3.25 7 8 -721.2701481765157 3.783596473467408
3 3.25 8 9 -497.4934171389928 3.266486896290081
3 3.25 9 10 -340.0384873028886 2.850267188226115
3 3.25 10 11 -227.5080649839251 2.509519770266254
3 3.25 11 12 -146.0221512641162 2.226530893182542
3 3.25 12 13 -86.40946677378975 1.988563607517176
3 3.25 13 14 -42.47309671284256 1.786274460699597
3 3.25 14 15 -9.940835170916898 1.612674226485667
3 3.25 15 16 14.18720506833665 1.462442325892876
3 3.25 16 17 32.05267723888244 1.331464393062776
3 3.25 17 18 45.20736054809902 1.216513728306231
3 3.25 18 19 54.79058450693333 1.115027550457249
3 3.25 19 20 61.6487468991138 1.02494699868256
3 3.25 20 21 66.41723053892849 0.9446008315003377
3 3.25 21 22 69.57744928178147 0.8726196133545751
3 3.25 22 23 71.49715832973516 0.8078715222383314
3 3.25 23 24 72.45932184689605 0.7494137231535724
3 3.25 24 25 72.68304089374874 0.6964551042275394
3 3.25 25 26 72.33889672207107 0.6483274144052563
3 3.25 26 27 71.56031633298261 0.6044626868889128
3 3.25 27 28 70.45207167278841 0.5643754175900135
3 3.25 28 29 69.0966910775241 0.5276483772007564
3 3.25 29 30 67.55933476734043 0.4939212265033306
3 3.25 30 31 65.89152994153437 0.4628813136301664
3 3.25 31 32 64.13405182292979 0.4342561834077291
3 3.25 32 33 62.31915997590943 0.4078074411213415
3 3.25 33 34 60.47234429961316 0.3833256951284146
3 3.25 34 35 58.61369552965556 0.3606263645339981
3 3.25 35 36 56.75898632535689 0.3395461860057082
3 3.25 36 37 54.92052792722376 0.3199402873694477
3 3.25 37 38 53.10785182500743 0.301679725167357
3 3.25 38 39 51.32825424261387 0.284649402782061
3 3.25 39 40 49.58723253407078 0.2687463025472474
3 3.25 40 41 47.8888361118747 0.2538779788752039
3 3.25 41 42 46.2359493559691 0.2399612685504519
3 3.25 42 43 44.63052031972896 0.2269211827861177
3 3.25 43 44 43.0737460054284 0.2146899522534951
3 3.25 44 45 41.56622272386363 0.2032062011199902
3 3.25 45 46 40.10721297761381 0.1925215944589396
3 3.25 46 47 38.698043694408 0.1829953853338705
3 3.25 47 48 37.33729677669851 0.1746642037002736
3 3.25 48 49 36.02418820801641 0.1674977933674904
3 3.25 49 50 34.75755791779454 0.161090328246859
3.25 3.5 0 1 856.1588827850533 0.4328487060449246
3.25 3.5 1 2 -4886.924610611286 18.65508687233428
3.25 3.5 2 3 -4355.809806109578 14.83083345920354
3.25 3.5 3 4 -2916.619286629536 11.20284931566029
3.25 3.5 4 5 -1922.758746101743 8.735689678832067
3.25 3.5 5 6 -1276.800611841829 7.019274116289933
3.25 3.5 6 7 -854.3687693232359 5.776258885527972
3.25 3.5 7 8 -572.7637074983977 4.843697167191024
3.25 3.5 8 9 -381.1153038059667 4.123278045769393
3.25 3.5 9 10 -248.1910974478817 3.55342635506034
3.25 3.5 10 11 -154.5684506333378 3.093636868821931
3.25 3.5 11 12 -87.80750179173538 2.716487731741932
3.25 3.5 12 13 -39.77675022127983 2.402763713789304
3.25 3.5 13 14 -5.034139757566663 2.138646773204854
3.25 3.5 14 15 20.13938029066526 1.913968715249898
3.25 3.5 15 16 38.3338041202403 1.721095604657053
3.25 3.5 16 17 51.38351409889367 1.554194435136968
3.25 3.5 17 18 60.60732387766689 1.408738466868732
3.25 3.5 18 19 66.96602246055409 1.28116581152891
3.25 3.5 19 20 71.16779249139938 1.168638912925244
3.25 3.5 20 21 73.74001452743619 1.068871965977791
3.25 3.5 21 22 75.07897696689906 0.9800050180893323
3.25 3.5 22 23 75.48480438675841 0.9005107400637469
3.25 3.5 23 24 75.18633401132985 0.8291244429442312
3.25 3.5 24 25 74.35905341230449 0.7647908881337716
3.25 3.5 25 26 73.13818172711507 0.7066233982252714
3.25 3.5 26 27 71.62830837844092 0.6538720932664359
3.25 3.5 27 28 69.9105627695796 0.6058989765483155
3.25 3.5 28 29 68.04799395547025 0.562158217537337
3.25 3.5 29 30 66.08963943694209 0.5221804179902136
3.25 3.5 30 31 64.07362511324538 0.4855599592730099
3.25 3.5 31 32 62.02954298251746 0.4519447543146372
3.25 3.5 32 33 59.98028611549594 0.4210278907409712
3.25 3.5 33 34 57.9434727888152 0.3925407735568661
3.25 3.5 34 35 55.93255747347138 0.3662474647497239
3.25 3.5 35 36 53.95770160922658 0.3419399847157901
3.25 3.5 36 37 52.02645900917219 0.3194343919231531
3.25 3.5 37 38 50.14431744191728 0.2985674952014149
3.25 3.5 38 39 48.31512804117568 0.2791940842121606
3.25 3.5 39 40 46.54144678756245 0.2611845855754054
3.25 3.5 40 41 44.82480684579869 0.2444230712540614
3.25 3.5 41 42 43.16593617380434 0.2288055593218922
3.25 3.5 42 43 41.56493177190242 0.2142385586692819
3.25 3.5 43 44 40.0213994039639 0.2006378183533083
3.25 3.5 44 45 38.53456572803486 0.1879272488947523
3.25 3.5 45 46 37.10260657848542 0.1761386068358209
3.25 3.5 46 47 35.72563618869977 0.1655996161959385
3.25 3.5 47 48 34.40145428485428 0.1563449071723735
3.25 3.5 48 49 33.12852015425878 0.1483482483642414
3.25 3.5 49 50 31.90501254378805 0.1412251657915297
3.5 3.75 0 1 190.2439242483623 1.61273560379353
3.5 3.75 1 2 -4694.025891557914 24.73285138732848
3.5 3.75 2 3 -3702.141560382589 16.29717514417684
3.5 3.75 3 4 -2378.75979934285 11.51161695751411
3.5 3.75 4 5 -1519.229888290846 8.629147968766183
3.5 3.75 5 6 -977.8930974740369 6.741829790443176
3.5 3.75 6 7 -631.9836956190024 5.426765704088485
3.5 3.75 7 8 -405.9510385327926 4.467140908562861
3.5 3.75 8 9 -254.989685681059 3.741614705537536
3.5 3.75 9 10 -152.2333869096012 3.177717532862565
3.5 3.75 10 11 -81.26973372426733 2.729464745830375
3.5 3.75 11 12 -31.74022409896315 2.366524866224032
3.5 3.75 12 13 3.040101737186319 2.06809554487611
3.5 3.75 13 14 27.49377376053997 1.819478756825397
3.5 3.75 14 15 44.61066366416821 1.610019151667582
3.5 3.75 15 16 56.45153733258473 1.431819795078907
3.5 3.75 16 17 64.46124901900407 1.278914948940861
3.5 3.75 17 18 69.66813541179204 1.14672158066796
3.5 3.75 18 19 72.81374796829789 1.031666355458179
3.5 3.75 19 20 74.43896508895278 0.9309262378893645
3.5 3.75 20 21 74.94220268761802 0.842244484941264
3.5 3.75 21 22 74.61942147244628 0.7637977820933355
3.5 3.75 22 23 73.69204039242436 0.6940987643296485
3.5 3.75 23 24 72.32668009587593 0.6319234586117134
3.5 3.75 24 25 70.64930227034785 0.5762565630139861
3.5 3.75 25 26 68.75545065007361 0.5262496812396368
3.5 3.75 26 27 66.71774525903203 0.4811890930622653
3.5 3.75 27 28 64.59141826980755 0.4404706317047234
3.5 3.75 28 29 62.41843838346858 0.4035799173702379
3.5 3.75 29 30 60.23060761528646 0.37007667088415
3.5 3.75 30 31 58.05190308501537 0.3395821647354739
3.5 3.75 31 32 55.90025932436609 0.3117691098104309
3.5 3.75 32 33 53.78893270473762 0.2863534477576084
3.5 3.75 33 34 51.72755147930965 0.2630876473106994
3.5 3.75 34 35 49.72292770470634 0.2417551954952313
3.5 3.75 35 36 47.77968767774388 0.2221660456723586
3.5 3.75 36 37 45.9007632524735 0.2041528360941444
3.5 3.75 37 38 44.08777596413489 0.1875677336915262
3.5 3.75 38 39 42.34133813967884 0.1722797879094201
3.5 3.75 39 40 40.66128942328899 0.1581727032210589
3.5 3.75 40 41 39.04688290869387 0.1451429575187306
3.5 3.75 41 42 37.49693170801902 0.133098208242226
3.5 3.75 42 43 36.0099244408149 0.1219559390477626
3.5 3.75 43 44 34.58411620776421 0.1116423096926511
3.5 3.75 44 45 33.21760015218744 0.1020911790274955
3.5 3.75 45 46 31.90773099824933 0.09339248366768374
3.5 3.75 46 47 30.65356227768858 0.08609314490493288
3.5 3.75 47 48 29.45236268840026 0.08032379424674246
3.5 3.75 48 49 28.30204110228796 0.07610260907784942
3.5 3.75 49 50 27.20031707279041 0.07288160947533903
3.75 4 0 1 -320.5661091178712 1.827257842649056
3.75 4 1 2 -4020.843954219433 27.95450111763131
3.75 4 2 3 -2802.098394624172 12.9161717754652
3.75 4 3 4 -1710.231484343011 7.519160699367239
3.75 4 4 5 -1046.08918536696 4.88311096157759
3.75 4 5 6 -643.5006144812508 3.380503229166633
3.75 4 6 7 -393.7775851369349 2.43892948156201
3.75 4 7 8 -234.883712502957 1.8099929246427
3.75 4 8 9 -131.4851306599151 1.370077034978948
3.75 4 9 10 -62.97741605040562 1.052038916850287
3.75 4 10 11 -17.03963770849282 0.8162306856834183
3.75 4 11 12 13.9599553268979 0.6383345561249572
3.75 4 12 13 34.86692766114254 0.5026837254765484
3.75 4 13 14 48.83884447474361 0.3989314742363004
3.75 4 14 15 57.97993178044135 0.3201169907748347
3.75 4 15 16 63.72031948382073 0.2834443872206086
3.75 4 16 17 67.04876426209017 0.260966222146265
3.75 4 17 18 68.65903216345913 0.2408493276620925
3.75 4 18 19 69.04408704445621 0.2227714258448954
3.75 4 19 20 68.55796067511415 0.2064639684814421
3.75 4 20 21 67.45716112971638 0.1917017634677423
3.75 4 21 22 65.92885848787296 0.1782948289827776
3.75 4 22 23 64.11036456781909 0.1687698941431958
3.75 4 23 24 62.10278196935798 0.1724770694622698
3.75 4 24 25 59.98068697725896 0.1762966561796891
3.75 4 25 26 57.7990760926964 0.1798675497473009
3.75 4 26 27 55.59840009626097 0.183004053283023
3.75 4 27 28 53.40824553777273 0.1856251762870856
3.75 4 28 29 51.25004925879031 0.1877105916810874
3.75 4 29 30 49.13911468481288 0.1892739237277003
3.75 4 30 31 47.08611937266343 0.1903467707705757
3.75 4 31 32 45.09824875496184 0.1909692456835814
3.75 4 32 33 43.18005312391544 0.1911844464624134
3.75 4 33 34 41.33409827226039 0.1910352927298498
3.75 4 34 35 39.56146130560242 0.1905627861032366
3.75 4 35 36 37.86210960009107 0.1898051248709413
3.75 4 36 37 36.23519109469841 0.1887973280957354
3.75 4 37 38 34.67925699865816 0.1875711580342337
3.75 4 38 39 33.19243275133562 0.1861552128921181
3.75 4 39 40 31.77254920402417 0.1845751110135077
3.75 4 40 41 30.41724316645498 0.1828537189108497
3.75 4 41 42 29.12403422792418 0.1810113946343767
3.75 4 42 43 27.8903832159706 0.1790662294460012
3.75 4 43 44 26.71373640960358 0.1770342785295295
3.75 4 44 45 25.59155866231578 0.1749297758484237
3.75 4 45 46 24.52088913183047 0.1728208406517617
3.75 4 46 47 23.50009385030734 0.1709128913176392
3.75 4 47 48 22.52635409247782 0.169220497330227
3.75 4 48 49 21.59740821317025 0.1677242912501695
3.75 4 49 50 20.71088032905658 0.1662572339734125
4 5 0 1 -1005.298080204135 2.857216133698627
4 5 1 2 -4427.901096719976 7.154133084182432
4 5 2 3 -2547.203358458046 5.37230967107842
4 5 3 4 -1396.386117094532 4.046590890229689
4 5 4 5 -769.138196214094 3.024057378619161
4 5 5 6 -416.2150486168302 2.278426015796263
4 5 6 7 -211.1285848949854 1.776940691201889
4 5 7 8 -88.74061089600787 1.438141533225963
4 5 8 9 -14.30558449933164 1.200099743484441
4 5 9 10 31.37006852615536 1.02402023980739
4 5 10 11 59.2417598107146 0.8891995649747598
4 5 11 12 75.88032988067619 0.7842888476164886
4 5 12 13 85.30615786566898 0.699990122701445
4 5 13 14 90.0296509016415 0.6300552220848944
4 5 14 15 91.66076430209029 0.571663499901046
4 5 15 16 91.26189511234691 0.5227711183032123
4 5 16 17 89.54456006470468 0.4810762898377544
4 5 17 18 86.98721375434025 0.4446473202161433
4 5 18 19 83.91311711589685 0.4123594404446306
4 5 19 20 80.54266927866206 0.3836353221760674
4 5 20 21 77.02732260168264 0.3580410802626962
4 5 21 22 73.47116894806584 0.3351236520805208
4 5 22 23 69.94507374063969 0.3144430993630873
4 5 23 24 66.49640292674005 0.2956366713435416
4 5 24 25 63.15593610649486 0.2784365650901244
4 5 25 26 59.94280096557347 0.2626480351375862
4 5 26 27 56.86796214151531 0.2481186081217246
4 5 27 28 53.93666972959463 0.2347171126144537
4 5 28 29 51.15018084877275 0.2223250765636929
4 5 29 30 48.50698199892921 0.2108354984750441
4 5 30 31 46.00366745420061 0.2001537757414296
4 5 31 32 43.6355759475743 0.1901980200298046
4 5 32 33 41.39725334709119 0.1808981431496517
4 5 33 34 39.28278773035798 0.1721941386809517
4 5 34 35 37.28605006266942 0.164034168478875
4 5 35 36 35.4008649950833 0.1563728681877033
4 5 36 37 33.62113014106719 0.1491700338958252
4 5 37 38 31.94089759215596 0.1423896815287934
4 5 38 39 30.35442789870529 0.1359993926026185
4 5 39 40 28.85622406077574 0.1299698509765321
4 5 40 41 27.44105110667905 0.1242744934022324
4 5 41 42 26.10394528526429 0.1188892240254795
4 5 42 43 24.84021585684339 0.1137921645535682
4 5 43 44 23.64544168795564 0.1089634286338712
4 5 44 45 22.5154642238266 0.1043849140018763
4 5 45 46 21.44592244504655 0.1004344312141735
4 5 46 47 20.43368283149229 0.09852453274572198
4 5 47 48 19.47490027781724 0.09864035661212915
4 5 48 49 18.56640608617055 0.100356289545189
4 5 49 50 17.70479600142696 0.1024496658222518
-5 5 0 50 -531088.0998174351 92.63084063926416
