#ylo yhi qTlo qThi PDF0  uncertainty
-5 -4 0 1 -998.2975256501544 2.725502809931812
-5 -4 1 2 -4368.991363006224 7.488411217548784
-5 -4 2 3 -2499.955005846275 5.555617468540929
-5 -4 3 4 -1365.556618241629 4.145552266910449
-5 -4 4 5 -749.7946319156943 3.098959569310849
-5 -4 5 6 -404.2785677960346 2.352409320692626
-5 -4 6 7 -203.9381656305006 1.84909220303521
-5 -4 7 8 -84.61741166829233 1.504236991058592
-5 -4 8 9 -12.18791080804965 1.258130016765678
-5 -4 9 10 32.16350797032214 1.073985101502395
-5 -4 10 11 59.15650178030342 0.9316343108104692
-5 -4 11 12 75.21079519276884 0.8200230443775433
-5 -4 12 13 84.24987187377371 0.729754324750616
-5 -4 13 14 88.72173073827207 0.6547238019528889
-5 -4 14 15 90.19488526428671 0.5919370644249379
-5 -4 15 16 89.7034873877036 0.5392035706408673
-5 -4 16 17 87.93949188709911 0.4941908282913968
-5 -4 17 18 85.3677333600246 0.4549537853872253
-5 -4 18 19 82.30192071444634 0.4203084970870868
-5 -4 19 20 78.95566059194539 0.3895942914446809
-5 -4 20 21 75.47550243050017 0.3623066200190093
-5 -4 21 22 71.96196463921012 0.3379450075361169
-5 -4 22 23 68.48329952051975 0.3160369715838754
-5 -4 23 24 65.08496287254971 0.2961923387440418
-5 -4 24 25 61.79634002380647 0.2781170817142883
-5 -4 25 26 58.63554292411771 0.2615918253702827
-5 -4 26 27 55.61279901036175 0.2464424568165297
-5 -4 27 28 52.73282745436441 0.2325197955950905
-5 -4 28 29 49.99650839581338 0.2196907270700794
-5 -4 29 30 47.40206695045612 0.2078362797044567
-5 -4 30 31 44.94592306248653 0.1968518582755526
-5 -4 31 32 42.62330666187252 0.1866470505185587
-5 -4 32 33 40.42870396686008 0.1771443988866701
-5 -4 33 34 38.35618006016794 0.1682774984281994
-5 -4 34 35 36.39961002295261 0.1599889653730944
-5 -4 35 36 34.55284245019084 0.1522286477678549
-5 -4 36 37 32.80981317638646 0.1449522243452594
-5 -4 37 38 31.16462256362351 0.1381201767378276
-5 -4 38 39 29.61158626466737 0.1316970540109831
-5 -4 39 40 28.14526676850138 0.125650934190588
-5 -4 40 41 26.7604911232894 0.1199530099584449
-5 -4 41 42 25.45235872766758 0.1145772474415921
-5 -4 42 43 24.2162420701956 0.1095000902355217
-5 -4 43 44 23.04778254192409 0.1047001950832962
-5 -4 44 45 21.94288283683893 0.1001581927591622
-5 -4 45 46 20.89724982518853 0.09623574602059232
-5 -4 46 47 19.90779598702428 0.09429300147127991
-5 -4 47 48 18.97073931851608 0.0943214076897555
-5 -4 48 49 18.0829636575251 0.09591568128096552
-5 -4 49 50 17.24112020779132 0.09789372909599893
-4 -3.75 0 1 -321.9607937795975 1.79917038757641
-4 -3.75 1 2 -3980.868478839943 28.20035132347856
-4 -3.75 2 3 -2770.557155326168 13.09937674798738
-4 -3.75 3 4 -1690.573246809701 7.653459960942211
-4 -3.75 4 5 -1034.282557540524 4.98504835819336
-4 -3.75 5 6 -636.5849381061225 3.460170110759277
-4 -3.75 6 7 -389.8932802331515 2.502559270815876
-4 -3.75 7 8 -232.8920176298932 1.861543798909942
-4 -3.75 8 9 -130.6869223792148 1.412454437006741
-4 -3.75 9 10 -62.93568046840755 1.086879980724572
-4 -3.75 10 11 -17.4777834839864 0.844939075132241
-4 -3.75 11 12 13.22067395986858 0.661827297311302
-4 -3.75 12 13 33.94375079015879 0.5215968316780905
-4 -3.75 13 14 47.80967841749225 0.4136801025862198
-4 -3.75 14 15 56.89703630655583 0.3309488178882769
-4 -3.75 15 16 62.61893124755699 0.2790419631717415
-4 -3.75 16 17 65.95263909260547 0.2569139656360938
-4 -3.75 17 18 67.58407549007717 0.2371104429834926
-4 -3.75 18 19 68.00077455148988 0.2193140293346519
-4 -3.75 19 20 67.55297879048828 0.2032603090704615
-4 -3.75 20 21 66.49453523629285 0.1887275813194419
-4 -3.75 21 22 65.01073901881614 0.175528826610593
-4 -3.75 22 23 63.23758100054499 0.1635053634092692
-4 -3.75 23 24 61.27523705739435 0.1659067963875057
-4 -3.75 24 25 59.19763954467217 0.1700077380854711
-4 -3.75 25 26 57.05934516034966 0.1739413533212301
-4 -3.75 26 27 54.90051287092814 0.1774753634670627
-4 -3.75 27 28 52.75054495852754 0.1805015013875052
-4 -3.75 28 29 50.63077216307715 0.182983944256352
-4 -3.75 29 30 48.55644847931029 0.1849278817285166
-4 -3.75 30 31 46.53824288514832 0.1863606754538623
-4 -3.75 31 32 44.58336139046341 0.1873206818532257
-4 -3.75 32 33 42.69639534652592 0.1878506928625037
-4 -3.75 33 34 40.87996563950134 0.1879941527083076
-4 -3.75 34 35 39.13521371147534 0.187793044304544
-4 -3.75 35 36 37.46217696079586 0.1872867776109422
-4 -3.75 36 37 35.86007640307372 0.1865116773798991
-4 -3.75 37 38 34.32753744512669 0.1855008244360746
-4 -3.75 38 39 32.86275943602784 0.1842841008883633
-4 -3.75 39 40 31.46364583786169 0.1828883480923774
-4 -3.75 40 41 30.12790406132898 0.1813375812801729
-4 -3.75 41 42 28.85312180283788 0.1796532275022281
-4 -3.75 42 43 27.63682518964991 0.1778543667924557
-4 -3.75 43 44 26.47652280797566 0.1759579652216742
-4 -3.75 44 45 25.36973873708009 0.173979093591497
-4 -3.75 45 46 24.31357428654272 0.1719854289886524
-4 -3.75 46 47 23.3064358863172 0.1701787066953029
-4 -3.75 47 48 22.34556098264176 0.1685738619382056
-4 -3.75 48 49 21.42873506257742 0.1671527517402856
-4 -3.75 49 50 20.55362634528385 0.1657529395573344
-3.75 -3.5 0 1 188.994679054173 1.595176453103965
-3.75 -3.5 1 2 -4634.852089520477 24.51805927478867
-3.75 -3.5 2 3 -3657.322271768483 16.12491427925032
-3.75 -3.5 3 4 -2351.243098442734 11.38072775345039
-3.75 -3.5 4 5 -1502.85434106666 8.526464015919204
-3.75 -3.5 5 6 -968.3789287394914 6.658843468854442
-3.75 -3.5 6 7 -626.6839817933173 5.358105132540285
-3.75 -3.5 7 8 -403.2627385852527 4.409271545166355
-3.75 -3.5 8 9 -253.9360302166847 3.692115479704517
-3.75 -3.5 9 10 -152.2101123049233 3.134861846518363
-3.75 -3.5 10 11 -81.89544362199604 2.691987490230323
-3.75 -3.5 11 12 -32.77008401306966 2.33347299321263
-3.75 -3.5 12 13 1.765859789808701 2.038735583631323
-3.75 -3.5 13 14 26.08078651168603 1.793235580565678
-3.75 -3.5 14 15 43.12943956921868 1.586434446830076
-3.75 -3.5 15 16 54.94937139625051 1.410523149197763
-3.75 -3.5 16 17 62.96984563846377 1.259603257054703
-3.75 -3.5 17 18 68.20858026199551 1.129144076399731
-3.75 -3.5 18 19 71.39980981896611 1.015613532908407
-3.75 -3.5 19 20 73.07932513714456 0.9162215198856009
-3.75 -3.5 20 21 73.64198247923997 0.8287378655580324
-3.75 -3.5 21 22 73.38124415360346 0.7513609119138255
-3.75 -3.5 22 23 72.51677646304876 0.6826211058905088
-3.75 -3.5 23 24 71.21397668787921 0.6213092463570169
-3.75 -3.5 24 25 69.59796186443862 0.5664223756705274
-3.75 -3.5 25 26 67.76370377583697 0.5171224856689839
-3.75 -3.5 26 27 65.78344771216359 0.4727046548517036
-3.75 -3.5 27 28 63.7121940551188 0.4325722138905661
-3.75 -3.5 28 29 61.59178329930026 0.3962172074595517
-3.75 -3.5 29 30 59.45396408461932 0.3632048902322627
-3.75 -3.5 30 31 57.32271385860292 0.3331613250827972
-3.75 -3.5 31 32 55.21600558346705 0.3057633888507255
-3.75 -3.5 32 33 53.14716061082501 0.2807306622622733
-3.75 -3.5 33 34 51.12589015220672 0.2578188062984606
-3.75 -3.5 34 35 49.15910084058402 0.2368141198160658
-3.75 -3.5 35 36 47.2515204591781 0.2175290427831704
-3.75 -3.5 36 37 45.40618578558681 0.1997984212970536
-3.75 -3.5 37 38 43.62482417339154 0.183476390416498
-3.75 -3.5 38 39 41.90815282278874 0.1684337613933885
-3.75 -3.5 39 40 40.25611399289653 0.1545558227187729
-3.75 -3.5 40 41 38.66806022319103 0.1417404833658296
-3.75 -3.5 41 42 37.14290029034295 0.1298967005846912
-3.75 -3.5 42 43 35.6792143137752 0.1189431459753115
-3.75 -3.5 43 44 34.27534451380117 0.1088070732090024
-3.75 -3.5 44 45 32.92946668469364 0.09942335721670845
-3.75 -3.5 45 46 31.6390220982756 0.09088352231467568
-3.75 -3.5 46 47 30.40311965942024 0.08373893299576608
-3.75 -3.5 47 48 29.21910622848426 0.07812419031871776
-3.75 -3.5 48 49 28.08495613905156 0.07406018885240036
-3.75 -3.5 49 50 26.99844923243201 0.07099695399841553
-3.5 -3.25 0 1 854.9684414095946 0.4277586454869406
-3.5 -3.25 1 2 -4811.611104815832 18.34822337165865
-3.5 -3.25 2 3 -4299.664890943148 14.52921518412488
-3.5 -3.25 3 4 -2882.26013265711 10.96128563234065
-3.5 -3.25 4 5 -1902.287771126423 8.541298335077066
-3.5 -3.25 5 6 -1264.854908268841 6.859736152626565
-3.5 -3.25 6 7 -847.6473793873904 5.642862086162162
-3.5 -3.25 7 8 -569.2748090374032 4.730383690124171
-3.5 -3.25 8 9 -379.6490494381699 4.025755658070945
-3.5 -3.25 9 10 -248.0012507823151 3.46856816536167
-3.5 -3.25 10 11 -155.184708809526 3.019113328274169
-3.5 -3.25 11 12 -88.92844446330923 2.65052287204993
-3.5 -3.25 12 13 -41.20583980404035 2.343977594498845
-3.5 -3.25 13 14 -6.641426861852779 2.085948896620383
-3.5 -3.25 14 15 18.44071843621987 1.866484415181337
-3.5 -3.25 15 16 36.60213455285896 1.678114063314948
-3.5 -3.25 16 17 49.65810976268165 1.515131223830274
-3.5 -3.25 17 18 58.91445518117814 1.373108054856967
-3.5 -3.25 18 19 65.32299472913598 1.248561054668315
-3.5 -3.25 19 20 69.58566809833269 1.138715519992035
-3.5 -3.25 20 21 72.22547709107005 1.041336574190501
-3.5 -3.25 21 22 73.63562605597656 0.9546059261786501
-3.5 -3.25 22 23 74.11406591933508 0.877030624988556
-3.5 -3.25 23 24 73.88810729408124 0.8073745767346878
-3.5 -3.25 24 25 73.13217511731358 0.7446065021609949
-3.5 -3.25 25 26 71.98076095416877 0.687859934834309
-3.5 -3.25 26 27 70.53796985707521 0.6364021504970349
-3.5 -3.25 27 28 68.884623913665 0.5896097991023189
-3.5 -3.25 28 29 67.08359384402036 0.5469496221537834
-3.5 -3.25 29 30 65.18383258076761 0.5079630667382893
-3.5 -3.25 30 31 63.22344925675151 0.4722539140927529
-3.5 -3.25 31 32 61.23206766222432 0.4394782597111087
-3.5 -3.25 32 33 59.23264690298058 0.4093363436426676
-3.5 -3.25 33 34 57.24289486076682 0.38156584699256
-3.5 -3.25 34 35 55.2763712199625 0.3559363590055904
-3.5 -3.25 35 36 53.34335231012602 0.3322447845118826
-3.5 -3.25 36 37 51.45151210611095 0.3103115123902236
-3.5 -3.25 37 38 49.6064605594909 0.2899772025880168
-3.5 -3.25 38 39 47.8121706311174 0.2711000794651975
-3.5 -3.25 39 40 46.07131805975948 0.2535536416065727
-3.5 -3.25 40 41 44.38555248777939 0.2372247156436235
-3.5 -3.25 41 42 42.75571424224216 0.2220117959231742
-3.5 -3.25 42 43 41.182008042983 0.2078236229700454
-3.5 -3.25 43 44 39.66414240259445 0.1945779612054361
-3.5 -3.25 44 45 38.20144159572789 0.1822005454905596
-3.5 -3.25 45 46 36.79218406315238 0.1707261879665299
-3.5 -3.25 46 47 35.43654806069087 0.1604899615247348
-3.5 -3.25 47 48 34.13242629592581 0.1515303109177631
-3.5 -3.25 48 49 32.87835571535446 0.1438239216405551
-3.5 -3.25 49 50 31.67258553291387 0.1369835569494578
-3.25 -3 0 1 1570.744454290027 1.186188642143086
-3.25 -3 1 2 -4639.292862744776 9.192368581462709
-3.25 -3 2 3 -4712.135273718881 9.513060154287611
-3.25 -3 3 4 -3274.550428262095 7.716758696698107
-3.25 -3 4 5 -2217.519813694394 6.252789941551105
-3.25 -3 5 6 -1510.056033275299 5.156705610712788
-3.25 -3 6 7 -1037.707347054889 4.328485059653447
-3.25 -3 7 8 -717.302758839814 3.688921926321256
-3.25 -3 8 9 -495.7481971351669 3.184002263346126
-3.25 -3 9 10 -339.6928711126886 2.777734181860661
-3.25 -3 10 11 -228.0455092456491 2.44522520516225
-3.25 -3 11 12 -147.1128756528319 2.169140359978508
-3.25 -3 12 13 -87.83912932730118 1.937022723077608
-3.25 -3 13 14 -44.10032995830397 1.739738479371733
-3.25 -3 14 15 -11.67133994588676 1.570457729168136
-3.25 -3 15 16 12.4167855367125 1.423982742786371
-3.25 -3 16 17 30.28499952275558 1.296295160656701
-3.25 -3 17 18 43.47101557664678 1.184244248020414
-3.25 -3 18 19 53.10447703211537 1.0853280186324
-3.25 -3 19 20 60.02503816027604 0.9975367757036261
-3.25 -3 20 21 64.8633482982051 0.9192394177378689
-3.25 -3 21 22 68.09748153971429 0.8490995700088289
-3.25 -3 22 23 70.09283271972345 0.7860128612826656
-3.25 -3 23 24 71.13070195289208 0.729059419097789
-3.25 -3 24 25 71.42902621018891 0.6774674723102934
-3.25 -3 25 26 71.15758448251114 0.6305851638257323
-3.25 -3 26 27 70.44926491741006 0.5878585053896699
-3.25 -3 27 28 69.4084930785404 0.5488139774897285
-3.25 -3 28 29 68.11759174195498 0.513044678730238
-3.25 -3 29 30 66.64161845861992 0.4801992128207049
-3.25 -3 30 31 65.03207258733653 0.4499727062098419
-3.25 -3 31 32 63.32975546019287 0.4220994978237069
-3.25 -3 32 33 61.56699109899341 0.3963471507805954
-3.25 -3 33 34 59.7693605206465 0.3725115172215503
-3.25 -3 34 35 57.95706347386704 0.3504126480789332
-3.25 -3 35 36 56.14599296006728 0.3298913846444208
-3.25 -3 36 37 54.34858698551486 0.3108065037587887
-3.25 -3 37 38 52.57450658616091 0.29303231541913
-3.25 -3 38 39 50.83117762904698 0.276456632091513
-3.25 -3 39 40 49.12422525801693 0.260979044156346
-3.25 -3 40 41 47.4578234304947 0.2465094502034432
-3.25 -3 41 42 45.83497686172925 0.2329667990256197
-3.25 -3 42 43 44.25774908997263 0.220278009184972
-3.25 -3 43 44 42.72744735824801 0.208377037471471
-3.25 -3 44 45 41.24477276470353 0.197204073742423
-3.25 -3 45 46 39.80909810687447 0.1868141930364024
-3.25 -3 46 47 38.42181777189876 0.1775759182223718
-3.25 -3 47 48 37.08161376681618 0.1695297075800583
-3.25 -3 48 49 35.78778551981517 0.1626478530890665
-3.25 -3 49 50 34.53924739287015 0.1565196393659732
-3 -2.75 0 1 2262.873172071015 1.528384348672375
-3 -2.75 1 2 -4280.832323175418 4.563011853639181
-3 -2.75 2 3 -4959.423580868344 5.937562516187437
-3 -2.75 3 4 -3553.617425410396 5.041372074405411
-3 -2.75 4 5 -2456.470568512692 4.179607915684226
-3 -2.75 5 6 -1703.686525917656 3.499089522687342
-3 -2.75 6 7 -1192.711401846751 2.970042939037237
-3 -2.75 7 8 -841.4697579672616 2.553864054985197
-3 -2.75 8 9 -595.7078631686823 2.220696320767261
-3 -2.75 9 10 -420.6614132002314 1.949799689442936
-3 -2.75 10 11 -294.0361353987762 1.726109353372737
-3 -2.75 11 12 -201.2004370888571 1.538988813551722
-3 -2.75 12 13 -132.3896594674518 1.380647216386053
-3 -2.75 13 14 -80.94807461736582 1.245296077563835
-3 -2.75 14 15 -42.25065449547401 1.128560262240894
-3 -2.75 15 16 -13.02575213857858 1.027080074229964
-3 -2.75 16 17 9.078666356186432 0.9382379950472949
-3 -2.75 17 18 25.77833055805934 0.8599677618029885
-3 -2.75 18 19 38.34127385676982 0.7906187020527564
-3 -2.75 19 20 47.71568594116945 0.728857774283978
-3 -2.75 20 21 54.61805138442287 0.6735977657929533
-3 -2.75 21 22 59.59486204781251 0.623943926339553
-3 -2.75 22 23 63.06644897349724 0.5791537898545474
-3 -2.75 23 24 65.35852612450788 0.5386065625882405
-3 -2.75 24 25 66.72516675377096 0.5017795423385712
-3 -2.75 25 26 67.36572610822543 0.4682297668790567
-3 -2.75 26 27 67.4374335134965 0.4375795968264767
-3 -2.75 27 28 67.06485070342688 0.4095052884376747
-3 -2.75 28 29 66.34703834905417 0.3837278629662151
-3 -2.75 29 30 65.3630298283968 0.3600057535063886
-3 -2.75 30 31 64.17604327752082 0.338128842314799
-3 -2.75 31 32 62.83674511127504 0.3179135920592414
-3 -2.75 32 33 61.38579476930494 0.2991990455763284
-3 -2.75 33 34 59.85584075499617 0.2818435202651331
-3 -2.75 34 35 58.27309487786334 0.2657218602130594
-3 -2.75 35 36 56.65858015902131 0.2507231412817885
-3 -2.75 36 37 55.02912469883819 0.2367487431727213
-3 -2.75 37 38 53.39815670003358 0.2237107245587735
-3 -2.75 38 39 51.77634299047295 0.2115304451926358
-3 -2.75 39 40 50.17210373835974 0.2001373941591499
-3 -2.75 40 41 48.59202886370548 0.1894681885896652
-3 -2.75 41 42 47.04121588420654 0.1794657154345851
-3 -2.75 42 43 45.52354488331042 0.1700783924576514
-3 -2.75 43 44 44.04190285837905 0.1612595301538196
-3 -2.75 44 45 42.59836719391237 0.1529667792611671
-3 -2.75 45 46 41.19344520976568 0.1453201593492353
-3 -2.75 46 47 39.82971817659774 0.1388887575893242
-3 -2.75 47 48 38.50671856876536 0.1337570775180423
-3 -2.75 48 49 37.22454939732049 0.1298991880586015
-3 -2.75 49 50 35.98283621806306 0.1267337625178297
-2.75 -2.5 0 1 2904.920825627953 2.093923190543591
-2.75 -2.5 1 2 -3842.859857040028 1.092877512845144
-2.75 -2.5 2 3 -5101.925374266853 2.83773016235372
-2.75 -2.5 3 4 -3752.343025799189 2.691096116149109
-2.75 -2.5 4 5 -2636.870135859052 2.352987521166011
-2.75 -2.5 5 6 -1854.904158113358 2.03967026437064
-2.75 -2.5 6 7 -1316.834021989525 1.77678817186367
-2.75 -2.5 7 8 -942.9905082723153 1.559897287246011
-2.75 -2.5 8 9 -678.9627863626947 1.379997970603271
-2.75 -2.5 9 10 -489.2703648654192 1.229851637595273
-2.75 -2.5 10 11 -350.8863550972201 1.103087587174779
-2.75 -2.5 11 12 -248.5625837299417 0.9950692248350603
-2.75 -2.5 12 13 -172.0465674183943 0.902193618052832
-2.75 -2.5 13 14 -114.3049372704936 0.8216811910544979
-2.75 -2.5 14 15 -70.4219237926759 0.7513671911950112
-2.75 -2.5 15 16 -36.90162567105949 0.6895476880562037
-2.75 -2.5 16 17 -11.2181156683896 0.6348670235449796
-2.75 -2.5 17 18 8.480108673968061 0.5862354222858229
-2.75 -2.5 18 19 23.56788508266197 0.5427682565868902
-2.75 -2.5 19 20 35.07805701486927 0.503740854993441
-2.75 -2.5 20 21 43.79470264834879 0.46855453032053
-2.75 -2.5 21 22 50.31866759647437 0.4367107769178299
-2.75 -2.5 22 23 55.11428319421532 0.4077914724835038
-2.75 -2.5 23 24 58.54310716443376 0.3814435388284265
-2.75 -2.5 24 25 60.88858491501662 0.3573669467115697
-2.75 -2.5 25 26 62.37427428545277 0.3353052532222374
-2.75 -2.5 26 27 63.1774512258504 0.3150380751592851
-2.75 -2.5 27 28 63.43936276960562 0.2963750553296018
-2.75 -2.5 28 29 63.27302076893056 0.2791509900019715
-2.75 -2.5 29 30 62.76917389620093 0.2632218677989225
-2.75 -2.5 30 31 62.00091788352057 0.2484616263845103
-2.75 -2.5 31 32 61.02727911111498 0.2347594832688872
-2.75 -2.5 32 33 59.89601802823796 0.2220177241014827
-2.75 -2.5 33 34 58.64583532586386 0.2101498614139214
-2.75 -2.5 34 35 57.30811771656556 0.1990790930151974
-2.75 -2.5 35 36 55.90832651376849 0.1887370056714877
-2.75 -2.5 36 37 54.46710737041195 0.1790624794749225
-2.75 -2.5 37 38 53.00118113976782 0.1700007578137509
-2.75 -2.5 38 39 51.52406198143143 0.1615026550915836
-2.75 -2.5 39 40 50.04663840687712 0.1535238785453127
-2.75 -2.5 40 41 48.5776451822652 0.1460244459227263
-2.75 -2.5 41 42 47.12404774571678 0.1389681834992271
-2.75 -2.5 42 43 45.69135640019556 0.1323222919896356
-2.75 -2.5 43 44 44.28388379511517 0.1260569699031555
-2.75 -2.5 44 45 42.90495647440383 0.1201450855672
-2.75 -2.5 45 46 41.55612832049019 0.1147848363533072
-2.75 -2.5 46 47 40.24104583748118 0.1107957311593474
-2.75 -2.5 47 48 38.96003977670264 0.1082946977266951
-2.75 -2.5 48 49 37.71396111332149 0.1072244318672994
-2.75 -2.5 49 50 36.50309998393848 0.1067696503453929
-2.5 -2.25 0 1 3492.788087145266 1.657748114996801
-2.5 -2.25 1 2 -3392.281589887615 0.9415754111732335
-2.5 -2.25 2 3 -5187.327610679419 1.679519350862549
-2.5 -2.25 3 4 -3898.829538908413 1.549119937416043
-2.5 -2.25 4 5 -2775.04067372536 1.418378142307096
-2.5 -2.25 5 6 -1973.176661698264 1.272474234460099
-2.5 -2.25 6 7 -1415.465914234785 1.137585734861941
-2.5 -2.25 7 8 -1024.763607297082 1.019349725124983
-2.5 -2.25 8 9 -746.852645369911 0.9173236283342681
-2.5 -2.25 9 10 -545.866092846074 0.8289291091652762
-2.5 -2.25 10 11 -398.3035987453397 0.7524220581502764
-2.5 -2.25 11 12 -288.4954650969612 0.6857827319700486
-2.5 -2.25 12 13 -205.8443347272757 0.6274131818638957
-2.5 -2.25 13 14 -143.0438131886981 0.5760005744571945
-2.5 -2.25 14 15 -94.96429382166184 0.5304722600741758
-2.5 -2.25 15 16 -57.94261638918488 0.4899509863165726
-2.5 -2.25 16 17 -29.321612084854 0.4537164087009711
-2.5 -2.25 17 18 -7.146248694887845 0.421173793610681
-2.5 -2.25 18 19 10.04049540671531 0.3918291380433136
-2.5 -2.25 19 20 23.33713507416155 0.365269553628759
-2.5 -2.25 20 21 33.58057190650834 0.3411478220304834
-2.5 -2.25 21 22 41.41441306022261 0.3191702063286974
-2.5 -2.25 22 23 47.33781840141546 0.2990867918787908
-2.5 -2.25 23 24 51.74087780119874 0.2806837912966374
-2.5 -2.25 24 25 54.93053898846733 0.2637773793762189
-2.5 -2.25 25 26 57.14981908145512 0.2482087239804243
-2.5 -2.25 26 27 58.59218421879291 0.2338399570480204
-2.5 -2.25 27 28 59.41241349795234 0.2205508888405198
-2.5 -2.25 28 29 59.73487802543434 0.2082363123803097
-2.5 -2.25 29 30 59.65990071395163 0.1968037799268131
-2.5 -2.25 30 31 59.26867815552009 0.1861717594251182
-2.5 -2.25 31 32 58.62711598111014 0.1762680976621102
-2.5 -2.25 32 33 57.7888367258285 0.1670287328205424
-2.5 -2.25 33 34 56.79755282170805 0.1583966108665552
-2.5 -2.25 34 35 55.68894911412053 0.1503207703790101
-2.5 -2.25 35 36 54.49218401450349 0.142755564358375
-2.5 -2.25 36 37 53.23109229478229 0.1356599980606524
-2.5 -2.25 37 38 51.92515318028848 0.1289971616103546
-2.5 -2.25 38 39 50.59027278878875 0.1227337434943663
-2.5 -2.25 39 40 49.23941896000474 0.1168396102217339
-2.5 -2.25 40 41 47.88313827832894 0.1112874436979302
-2.5 -2.25 41 42 46.5299784578099 0.1060524263459002
-2.5 -2.25 42 43 45.18683459659658 0.1011119672171199
-2.5 -2.25 43 44 43.85923380339347 0.096445462258669
-2.5 -2.25 44 45 42.55156979917169 0.09203408579218791
-2.5 -2.25 45 46 41.26629466642862 0.08817941514910546
-2.5 -2.25 46 47 40.00796430999165 0.08606054924495199
-2.5 -2.25 47 48 38.7775997984572 0.08581456546100583
-2.5 -2.25 48 49 37.57669923664943 0.08729159034672354
-2.5 -2.25 49 50 36.4061274580892 0.09176975968696498
-2.25 -2 0 1 4025.896728548372 1.012576986408133
-2.25 -2 1 2 -2978.821188440494 0.8292665314497929
-2.25 -2 2 3 -5272.942029025721 1.636869005614355
-2.25 -2 3 4 -4038.085562598724 1.518593835768556
-2.25 -2 4 5 -2902.28712804778 1.340688679562864
-2.25 -2 5 6 -2078.830113195223 1.182747223722247
-2.25 -2 6 7 -1501.045929835638 1.050073482837738
-2.25 -2 7 8 -1093.775168332759 0.938442767915039
-2.25 -2 8 9 -802.6397116269782 0.8443205098394478
-2.25 -2 9 10 -591.1806417830403 0.7635261175975256
-2.25 -2 10 11 -435.3033943408989 0.6939091983124841
-2.25 -2 11 12 -318.8556420405666 0.6333599436253204
-2.25 -2 12 13 -230.8651960318728 0.5803131849986922
-2.25 -2 13 14 -163.740293936424 0.5335347362044682
-2.25 -2 14 15 -112.1345525290419 0.4920403064361683
-2.25 -2 15 16 -72.21941515578851 0.4550365085726418
-2.25 -2 16 17 -41.21059996227677 0.4218775026818775
-2.25 -2 17 18 -17.05456471509274 0.3920327599452603
-2.25 -2 18 19 1.782712349005124 0.3650628086384889
-2.25 -2 19 20 16.46043762350268 0.3406007780895822
-2.25 -2 20 21 27.86373029898414 0.3183382009031409
-2.25 -2 21 22 36.67479000360095 0.2980139885568824
-2.25 -2 22 23 43.42387879474029 0.2794057833355514
-2.25 -2 23 24 48.52631257285202 0.2623231219426183
-2.25 -2 24 25 52.3096201749479 0.246601984025636
-2.25 -2 25 26 55.03370209713523 0.2321004120917211
-2.25 -2 26 27 56.90594471746681 0.2186949678996983
-2.25 -2 27 28 58.09265829712365 0.20627784503578
-2.25 -2 28 29 58.72780786415251 0.1947545013696627
-2.25 -2 29 30 58.91973102268616 0.1840417061447974
-2.25 -2 30 31 58.7563452767431 0.1740659198827965
-2.25 -2 31 32 58.3092123175029 0.1647619424642877
-2.25 -2 32 33 57.63673049487699 0.1560717799228624
-2.25 -2 33 34 56.78665743311649 0.1479436903814695
-2.25 -2 34 35 55.79811440710733 0.1403313748453819
-2.25 -2 35 36 54.70318718600669 0.1331932912531524
-2.25 -2 36 37 53.52821073548017 0.126492067676563
-2.25 -2 37 38 52.29480487402429 0.1201940000244241
-2.25 -2 38 39 51.02071265752318 0.1142686197468765
-2.25 -2 39 40 49.72048170001892 0.1086883213269015
-2.25 -2 40 41 48.40601996600617 0.1034280386330513
-2.25 -2 41 42 47.08705058481337 0.09846496477992332
-2.25 -2 42 43 45.77148532492913 0.09377830738613684
-2.25 -2 43 44 44.46573212623761 0.08934907459611895
-2.25 -2 44 45 43.17494903770341 0.08515988841685546
-2.25 -2 45 46 41.90220931675796 0.08184756645199898
-2.25 -2 46 47 40.65272905949976 0.08179208904974043
-2.25 -2 47 48 39.42798962715017 0.08505994006023399
-2.25 -2 48 49 38.22992781909679 0.09103747963325753
-2.25 -2 49 50 37.05979042835594 0.09736720482967316
-2 -1.75 0 1 4532.713425564924 1.041650169999231
-2 -1.75 1 2 -2565.009772767664 2.605193641259453
-2 -1.75 2 3 -5325.633381325252 2.706719260290995
-2 -1.75 3 4 -4154.274088447668 2.230516498010654
-2 -1.75 4 5 -3018.556546456538 1.840115293538868
-2 -1.75 5 6 -2182.169751077973 1.546294326661792
-2 -1.75 6 7 -1589.770221033976 1.322578989328316
-2 -1.75 7 8 -1169.1339138359 1.147989387527434
-2 -1.75 8 9 -866.5256460851288 1.008643173049721
-2 -1.75 9 10 -645.437932328748 0.8948665408834141
-2 -1.75 10 11 -481.539550687201 0.8005948633986372
-2 -1.75 11 12 -358.4150013178303 0.7211364892981383
-2 -1.75 12 13 -264.8532209562509 0.6533595899060261
-2 -1.75 13 14 -193.0613629059853 0.5949224794841436
-2 -1.75 14 15 -137.5285868141179 0.5440704998710114
-2 -1.75 15 16 -94.29345741882503 0.4994629689820303
-2 -1.75 16 17 -60.46472118172642 0.4600576311863142
-2 -1.75 17 18 -33.90265814963527 0.4250317145847107
-2 -1.75 18 19 -13.00361014512805 0.3937268200185619
-2 -1.75 19 20 3.448137510246625 0.3656096676879971
-2 -1.75 20 21 16.38377958112619 0.3402436223096955
-2 -1.75 21 22 26.52327349362895 0.3172676862439354
-2 -1.75 22 23 34.42797887179017 0.2963807667921158
-2 -1.75 23 24 40.53895033700007 0.2773297282480447
-2 -1.75 24 25 45.20512190220268 0.25990020428264
-2 -1.75 25 26 48.70427701793824 0.2439094513297523
-2 -1.75 26 27 51.25880791776547 0.2292007313839848
-2 -1.75 27 28 53.04766917779443 0.2156388538486238
-2 -1.75 28 29 54.21552271315738 0.2031066060670274
-2 -1.75 29 30 54.87978988119664 0.1915018720013144
-2 -1.75 30 31 55.13612998245128 0.1807352880378841
-2 -1.75 31 32 55.06272556496134 0.1707283233957674
-2 -1.75 32 33 54.72365584457589 0.1614116964617214
-2 -1.75 33 34 54.17156811351867 0.1527240615410196
-2 -1.75 34 35 53.44980497245086 0.1446109127935319
-2 -1.75 35 36 52.59410702566913 0.1370236647431289
-2 -1.75 36 37 51.63398233560105 0.1299188769326133
-2 -1.75 37 38 50.59381286692536 0.1232575967859716
-2 -1.75 38 39 49.49375219997938 0.1170048011642198
-2 -1.75 39 40 48.35045674064821 0.1111289182348581
-2 -1.75 40 41 47.17768360643521 0.1056014176155274
-2 -1.75 41 42 45.98678105746876 0.1003964574762353
-2 -1.75 42 43 44.78709220744446 0.09549057885134157
-2 -1.75 43 44 43.58628828960528 0.09086244177723415
-2 -1.75 44 45 42.39064456325585 0.08649259382775959
-2 -1.75 45 46 41.20419586894602 0.08275064956197554
-2 -1.75 46 47 40.03308945305849 0.08123937937658673
-2 -1.75 47 48 38.87956008200143 0.08496024130053161
-2 -1.75 48 49 37.74624032291621 0.09153078160353265
-2 -1.75 49 50 36.63499219293308 0.0984673563659786
-1.75 -1.5 0 1 4999.891323391937 0.9542097651650522
-1.75 -1.5 1 2 -2163.932562032459 0.8375788421581493
-1.75 -1.5 2 3 -5348.08389761752 1.747642405641855
-1.75 -1.5 3 4 -4224.175746009761 1.690009829257559
-1.75 -1.5 4 5 -3083.458827287513 1.506488743246398
-1.75 -1.5 5 6 -2234.990163802929 1.321448489719815
-1.75 -1.5 6 7 -1631.42773238759 1.159286812527315
-1.75 -1.5 7 8 -1201.777558359474 1.022656562085266
-1.75 -1.5 8 9 -892.1877117352096 0.9075503595445916
-1.75 -1.5 9 10 -665.6980162925915 0.809903379886507
-1.75 -1.5 10 11 -497.5771722866893 0.7285509047954598
-1.75 -1.5 11 12 -371.1611252997427 0.6584562143750287
-1.75 -1.5 12 13 -275.0052264769356 0.5980385772123551
-1.75 -1.5 13 14 -201.1547786649078 0.5455474416150313
-1.75 -1.5 14 15 -143.9785348856456 0.4996085562963239
-1.75 -1.5 15 16 -99.42467887538214 0.4591357233952892
-1.75 -1.5 16 17 -64.53340275934647 0.4232628667349411
-1.75 -1.5 17 18 -37.11243751912025 0.3912929231114979
-1.75 -1.5 18 19 -15.51743972982308 0.3626596068881253
-1.75 -1.5 19 20 1.499096489551903 0.336898738862065
-1.75 -1.5 20 21 14.8934153698292 0.313626605875638
-1.75 -1.5 21 22 25.40536012632288 0.2925234981550312
-1.75 -1.5 22 23 33.61218309391745 0.273321065483969
-1.75 -1.5 23 24 39.96771664444566 0.2557925223106856
-1.75 -1.5 24 25 44.83122327035517 0.2397449886481802
-1.75 -1.5 25 26 48.4888752072311 0.2250134496550344
-1.75 -1.5 26 27 51.16990734893409 0.2114559521191496
-1.75 -1.5 27 28 53.05887726957337 0.1989497540745525
-1.75 -1.5 28 29 54.30505063241162 0.1873882160139219
-1.75 -1.5 29 30 55.02964317230294 0.1766782725779845
-1.75 -1.5 30 31 55.33145009712939 0.1667383632603682
-1.75 -1.5 31 32 55.29125199301268 0.1574967278066559
-1.75 -1.5 32 33 54.97528513037093 0.1488899941208556
-1.75 -1.5 33 34 54.4379910783818 0.1408620018182149
-1.75 -1.5 34 35 53.72420734115809 0.1333628169069966
-1.75 -1.5 35 36 52.87092166511519 0.1263479027505357
-1.75 -1.5 36 37 51.90868366450718 0.1197774190779314
-1.75 -1.5 37 38 50.86274584281784 0.1136156266119078
-1.75 -1.5 38 39 49.75398974903032 0.1078303794373702
-1.75 -1.5 39 40 48.59968065473521 0.1023926905103358
-1.75 -1.5 40 41 47.41408486009698 0.09727635778617243
-1.75 -1.5 41 42 46.20897623085165 0.09245764253262148
-1.75 -1.5 42 43 44.9940533105023 0.08791499021338761
-1.75 -1.5 43 44 43.77728375457173 0.08362878878317198
-1.75 -1.5 44 45 42.56518956918416 0.07958115759379941
-1.75 -1.5 45 46 41.36197057484182 0.0764686805906012
-1.75 -1.5 46 47 40.17402142652446 0.07689686706489154
-1.75 -1.5 47 48 39.00367659082818 0.08095658691848899
-1.75 -1.5 48 49 37.85368325697399 0.08799805379227844
-1.75 -1.5 49 50 36.72600501119592 0.09544268246307018
-1.5 -1.25 0 1 5441.363695902712 3.170573379989237
-1.5 -1.25 1 2 -1771.42985212271 3.825753022770178
-1.5 -1.25 2 3 -5365.497926404947 1.673517689000007
-1.5 -1.25 3 4 -4300.499171510461 1.612854701541611
-1.5 -1.25 4 5 -3162.781251996333 1.441231417629835
-1.5 -1.25 5 6 -2305.902283071644 1.27285428085376
-1.5 -1.25 6 7 -1692.278444515759 1.125982628039527
-1.5 -1.25 7 8 -1253.372046598328 1.001370031473613
-1.5 -1.25 8 9 -935.83794072622 0.8950229327283271
-1.5 -1.25 9 10 -702.7659974331691 0.8060385576496677
-1.5 -1.25 10 11 -529.1259188446061 0.7287142318879368
-1.5 -1.25 11 12 -398.1469639653576 0.6622959696708793
-1.5 -1.25 12 13 -298.1932924779323 0.6045465164700833
-1.5 -1.25 13 14 -221.1685606233182 0.5539788409197295
-1.5 -1.25 14 15 -161.3266263066641 0.509410804762486
-1.5 -1.25 15 16 -114.5233774639023 0.469896375479708
-1.5 -1.25 16 17 -77.72500604261768 0.4346723141984187
-1.5 -1.25 17 18 -48.67979624997042 0.4031175903662869
-1.5 -1.25 18 19 -25.69546415425566 0.3747226057007921
-1.5 -1.25 19 20 -7.48565751284832 0.3490657985832257
-1.5 -1.25 20 21 6.937507357737786 0.3257957477359719
-1.5 -1.25 21 22 18.33977767738736 0.3046173880632571
-1.5 -1.25 22 23 27.31972266577691 0.2852812982714757
-1.5 -1.25 23 24 34.34880351338779 0.2675753124076868
-1.5 -1.25 24 25 39.80093053790029 0.2523797628739979
-1.5 -1.25 25 26 43.9745017301359 0.239628812659638
-1.5 -1.25 26 27 47.10899985654737 0.2277539716084907
-1.5 -1.25 27 28 49.39760738536063 0.2166771843893626
-1.5 -1.25 28 29 50.9968769642137 0.2063288701019788
-1.5 -1.25 29 30 52.03420355026265 0.1966468703296371
-1.5 -1.25 30 31 52.61364053273599 0.187575536306614
-1.5 -1.25 31 32 52.82045783944852 0.1790649383940141
-1.5 -1.25 32 33 52.72473686254108 0.1710701808900733
-1.5 -1.25 33 34 52.38422254227368 0.1635508079846283
-1.5 -1.25 34 35 51.84659860514608 0.1564702875933431
-1.5 -1.25 35 36 51.15131198773213 0.1497955637184832
-1.5 -1.25 36 37 50.33104279128912 0.1434966647322813
-1.5 -1.25 37 38 49.41289399401018 0.137546363321714
-1.5 -1.25 38 39 48.41935839423297 0.1319198781749807
-1.5 -1.25 39 40 47.36910755820463 0.1265946129595951
-1.5 -1.25 40 41 46.27763801655527 0.1215499268668801
-1.5 -1.25 41 42 45.15780222427975 0.1167669331770981
-1.5 -1.25 42 43 44.02024638270035 0.1122283211904617
-1.5 -1.25 43 44 42.87377247902174 0.1079181996004701
-1.5 -1.25 44 45 41.72563853433246 0.1038219570338473
-1.5 -1.25 45 46 40.58066772546618 0.100269162712119
-1.5 -1.25 46 47 39.44587434329327 0.09853212326564265
-1.5 -1.25 47 48 38.32407737448725 0.09879139379110075
-1.5 -1.25 48 49 37.21847827240083 0.1009530431291338
-1.5 -1.25 49 50 36.13143278467953 0.1037749602185177
-1.25 -1 0 1 5813.760681565415 1.629919896871092
-1.25 -1 1 2 -1458.001657537293 0.6105443120418607
-1.25 -1 2 3 -5396.998503303663 1.996267036501186
-1.25 -1 3 4 -4374.711569042597 1.923443789801418
-1.25 -1 4 5 -3233.720055011754 1.703265651805773
-1.25 -1 5 6 -2365.800392867751 1.493432836034177
-1.25 -1 6 7 -1741.192986761154 1.314813172225742
-1.25 -1 7 8 -1292.974760147501 1.165835019721339
-1.25 -1 8 9 -967.8938993230868 1.040766679561048
-1.25 -1 9 10 -728.7845185325809 0.9361391366222722
-1.25 -1 10 11 -550.3219043492213 0.8464285909093743
-1.25 -1 11 12 -415.4717928059536 0.7695002068705916
-1.25 -1 12 13 -312.3949147351038 0.7028016111878308
-1.25 -1 13 14 -232.8356581975229 0.6445129236005143
-1.25 -1 14 15 -170.9252373432091 0.5932102501442879
-1.25 -1 15 16 -122.424954320262 0.547767296601004
-1.25 -1 16 17 -84.22766264924689 0.5072832812797335
-1.25 -1 17 18 -54.02438445503162 0.4710301070867166
-1.25 -1 18 19 -30.07778932242331 0.4384133825580842
-1.25 -1 19 20 -11.06582244029369 0.4089433801164608
-1.25 -1 20 21 4.027900217997285 0.3822131632934261
-1.25 -1 21 22 15.99203066297423 0.3578819320854173
-1.25 -1 22 23 25.44366164617884 0.3356622056098485
-1.25 -1 23 24 32.86932176373159 0.315309857379045
-1.25 -1 24 25 38.65524320149814 0.2966162939595303
-1.25 -1 25 26 43.10995042632533 0.2794022602190551
-1.25 -1 26 27 46.4812864605758 0.2635128925788509
-1.25 -1 27 28 48.96936501844573 0.2488137356397338
-1.25 -1 28 29 50.73650772620499 0.2351875133151486
-1.25 -1 29 30 51.9149285800687 0.2225314910425512
-1.25 -1 30 31 52.61272007672596 0.2107553084389572
-1.25 -1 31 32 52.91854818747925 0.1997791867753192
-1.25 -1 32 33 52.9053580324279 0.1895324382759908
-1.25 -1 33 34 52.63331600606199 0.1799522190846922
-1.25 -1 34 35 52.15215854512763 0.1709824818456525
-1.25 -1 35 36 51.50307685202159 0.1625730905864867
-1.25 -1 36 37 50.72023648971935 0.1546790698475214
-1.25 -1 37 38 49.83200811170991 0.1472599649972887
-1.25 -1 38 39 48.86196841606744 0.1402792947480541
-1.25 -1 39 40 47.82971738543955 0.1337040811880351
-1.25 -1 40 41 46.75154809508876 0.1275044442398705
-1.25 -1 41 42 45.64099743210807 0.1216532514492358
-1.25 -1 42 43 44.50930050527131 0.1161258133466543
-1.25 -1 43 44 43.3657666424167 0.1108996182068065
-1.25 -1 44 45 42.21809141702363 0.1059541012908459
-1.25 -1 45 46 41.07144823231692 0.1016475596945816
-1.25 -1 46 47 39.93323416689208 0.09939422231577402
-1.25 -1 47 48 38.80652272237032 0.0994149710701248
-1.25 -1 48 49 37.69475906996965 0.1015989039188762
-1.25 -1 49 50 36.60051314712697 0.1084838498877556
-1 -0.75 0 1 6137.374829883764 2.314029325221356
-1 -0.75 1 2 -1160.575242251917 2.11969751492239
-1 -0.75 2 3 -5393.179874082692 1.540106031081073
-1 -0.75 3 4 -4411.489488631363 1.501345918187739
-1 -0.75 4 5 -3272.312062376067 1.347935789723778
-1 -0.75 5 6 -2399.111719229308 1.199004713532696
-1 -0.75 6 7 -1768.585932895162 1.070283616584885
-1 -0.75 7 8 -1315.212581136558 0.9610608430724643
-1 -0.75 8 9 -985.9182952705996 0.8679293686374935
-1 -0.75 9 10 -743.4307527108726 0.7876665190513698
-1 -0.75 10 11 -562.2718725090649 0.7186669113342251
-1 -0.75 11 12 -425.2590098716801 0.6582796273525955
-1 -0.75 12 13 -320.4404910895621 0.6052105360999674
-1 -0.75 13 14 -239.4713670830156 0.558268928801907
-1 -0.75 14 15 -176.4138528036542 0.5165037370062252
-1 -0.75 15 16 -126.9759204040854 0.4791474916406132
-1 -0.75 16 17 -88.00899493408497 0.4455747493909844
-1 -0.75 17 18 -57.17169565424911 0.4152710920608835
-1 -0.75 18 19 -32.70116255827907 0.387809790306873
-1 -0.75 19 20 -13.25508094105521 0.3628340543427964
-1 -0.75 20 21 2.199121404447624 0.3400433870091534
-1 -0.75 21 22 14.46311350766314 0.3191829923444917
-1 -0.75 22 23 24.16451624650222 0.3000354696272627
-1 -0.75 23 24 31.79841866592096 0.2824142462961943
-1 -0.75 24 25 37.75804723907061 0.2661583406737614
-1 -0.75 25 26 42.35766634906372 0.2511281526786343
-1 -0.75 26 27 45.84984852030243 0.237202054624174
-1 -0.75 27 28 48.43861878222606 0.2242736127010498
-1 -0.75 28 29 50.28954434800221 0.2122493062038131
-1 -0.75 29 30 51.53754071945798 0.2010466438613546
-1 -0.75 30 31 52.29295541780948 0.1905925995743292
-1 -0.75 31 32 52.64634166551082 0.1808223061966413
-1 -0.75 32 33 52.67222783258626 0.1716779581324173
-1 -0.75 33 34 52.43211145849267 0.1631078869158781
-1 -0.75 34 35 51.97685042118201 0.1550657759801853
-1 -0.75 35 36 51.34858243742201 0.1475099935791933
-1 -0.75 36 37 50.58227327702133 0.1404030224314899
-1 -0.75 37 38 49.70697112695137 0.1337109690015352
-1 -0.75 38 39 48.74682711889562 0.1274031428019808
-1 -0.75 39 40 47.72192882754996 0.1214516911179164
-1 -0.75 40 41 46.64898362572131 0.1158312825556318
-1 -0.75 41 42 45.54188070992979 0.1105188326054059
-1 -0.75 42 43 44.41215498235209 0.1054932630670682
-1 -0.75 43 44 43.26937099237938 0.1007352916393164
-1 -0.75 44 45 42.12144164705029 0.0962272476965477
-1 -0.75 45 46 40.9737011983716 0.09275043448752764
-1 -0.75 46 47 39.83374917637212 0.09322651876500442
-1 -0.75 47 48 38.70476883294529 0.09776688769798382
-1 -0.75 48 49 37.59031912963238 0.105648515558373
-1 -0.75 49 50 36.49306041490667 0.1139911469526159
-0.75 -0.5 0 1 6391.338573394596 3.288415082924282
-0.75 -0.5 1 2 -930.0977620665599 2.812904915004627
-0.75 -0.5 2 3 -5396.717512991736 1.546349738116587
-0.75 -0.5 3 4 -4448.901177241911 1.517360225426068
-0.75 -0.5 4 5 -3311.756928087724 1.36446587332963
-0.75 -0.5 5 6 -2434.207662546844 1.213147685106583
-0.75 -0.5 6 7 -1798.466607205231 1.081423193272461
-0.75 -0.5 7 8 -1340.348112832396 0.9692607233292059
-0.75 -0.5 8 9 -1007.036369509528 0.8831406155957141
-0.75 -0.5 9 10 -761.2217044182498 0.814631979945062
-0.75 -0.5 10 11 -577.329461214561 0.7528568424120214
-0.75 -0.5 11 12 -438.0637874517111 0.6968184337901131
-0.75 -0.5 12 13 -331.382793640742 0.6462584283445665
-0.75 -0.5 13 14 -248.8664614785362 0.6006307412903552
-0.75 -0.5 14 15 -184.5170563594363 0.5593908525797077
-0.75 -0.5 15 16 -133.9949541228948 0.5220346102440688
-0.75 -0.5 16 17 -94.11376140980701 0.4881109062849621
-0.75 -0.5 17 18 -62.50193138402733 0.4572228348143048
-0.75 -0.5 18 19 -37.37241488116365 0.429024028552404
-0.75 -0.5 19 20 -17.36338841874317 0.4032132742714659
-0.75 -0.5 20 21 -1.426453662242238 0.379528830084445
-0.75 -0.5 21 22 11.25297015115143 0.3577430642725822
-0.75 -0.5 22 23 21.31309508890058 0.3376576547078686
-0.75 -0.5 23 24 29.25774237807525 0.3190994052011732
-0.75 -0.5 24 25 35.48737258824281 0.3019166529752599
-0.75 -0.5 25 26 40.32227015966839 0.2859762087132198
-0.75 -0.5 26 27 44.02003858767159 0.2711607602019574
-0.75 -0.5 27 28 46.78892403118653 0.2573666732758351
-0.75 -0.5 28 29 48.79804864342759 0.244502128060361
-0.75 -0.5 29 30 50.18533243447428 0.2324855381483905
-0.75 -0.5 30 31 51.06367076328399 0.2212442075489815
-0.75 -0.5 31 32 51.52578433224824 0.2107131858321642
-0.75 -0.5 32 33 51.64805102620528 0.2008342910053812
-0.75 -0.5 33 34 51.49355116446816 0.1915552724785799
-0.75 -0.5 34 35 51.11450090338218 0.1828290922808006
-0.75 -0.5 35 36 50.55420668512392 0.1746133060479967
-0.75 -0.5 36 37 49.84864247812652 0.1668695277960215
-0.75 -0.5 37 38 49.02772832659872 0.1595629674086655
-0.75 -0.5 38 39 48.11637109978062 0.1526620276705115
-0.75 -0.5 39 40 47.13531494858404 0.1461379544000286
-0.75 -0.5 40 41 46.10183892332964 0.1399645298018719
-0.75 -0.5 41 42 45.03033103032863 0.1341178050405467
-0.75 -0.5 42 43 43.93276229047592 0.1285758646918068
-0.75 -0.5 43 44 42.81907931061738 0.1233186199533571
-0.75 -0.5 44 45 41.69753033073698 0.1183276260453692
-0.75 -0.5 45 46 40.57372801820242 0.1139646293369948
-0.75 -0.5 46 47 39.45555997035706 0.1116451287480217
-0.75 -0.5 47 48 38.3464226757003 0.1115850631187865
-0.75 -0.5 48 49 37.25007799593394 0.1136813740854713
-0.75 -0.5 49 50 36.16936454378472 0.1165528174792211
-0.5 -0.25 0 1 6562.247930822716 3.39117462339649
-0.5 -0.25 1 2 -778.7955875410639 2.465723485132429
-0.5 -0.25 2 3 -5403.104296465081 1.524831594359486
-0.5 -0.25 3 4 -4477.110774839652 1.514217854266162
-0.5 -0.25 4 5 -3340.365655434004 1.399089301245348
-0.5 -0.25 5 6 -2459.109098112026 1.319766817217646
-0.5 -0.25 6 7 -1819.272556863869 1.217330162666269
-0.5 -0.25 7 8 -1357.533448507708 1.115323588151538
-0.5 -0.25 8 9 -1021.208406059779 1.021013523858906
-0.5 -0.25 9 10 -772.9353759874339 0.9362319713276038
-0.5 -0.25 10 11 -587.0453978940091 0.8600697194350394
-0.5 -0.25 11 12 -446.1523040952184 0.7923505278886974
-0.5 -0.25 12 13 -338.1403507528112 0.7319399665966676
-0.5 -0.25 13 14 -254.5300841871547 0.6779197732290616
-0.5 -0.25 14 15 -189.2769854005303 0.6294644115011548
-0.5 -0.25 15 16 -138.0047063740969 0.5858542141097574
-0.5 -0.25 16 17 -97.49794925643664 0.5464704515145887
-0.5 -0.25 17 18 -65.36229893937684 0.5107841759684524
-0.5 -0.25 18 19 -39.79250108146675 0.4783437935787423
-0.5 -0.25 19 20 -19.41214518278503 0.4487633420862213
-0.5 -0.25 20 21 -3.161070427803452 0.4217121575390392
-0.5 -0.25 21 22 9.784846465540113 0.3969060553401964
-0.5 -0.25 22 23 20.0716032422697 0.3740999276028417
-0.5 -0.25 23 24 28.20940711453625 0.3530815779072942
-0.5 -0.25 24 25 34.60398235490914 0.3336666046703988
-0.5 -0.25 25 26 39.57997184490682 0.3156941566192886
-0.5 -0.25 26 27 43.39860322397726 0.2990234078675118
-0.5 -0.25 27 28 46.27114807097234 0.2835306239368144
-0.5 -0.25 28 29 48.36926341705419 0.2691067121873054
-0.5 -0.25 29 30 49.83300043305917 0.2556551706710729
-0.5 -0.25 30 31 50.77705198679496 0.2430903634922932
-0.5 -0.25 31 32 51.29565946226739 0.2313360665013099
-0.5 -0.25 32 33 51.46649090224389 0.2203242352526577
-0.5 -0.25 33 34 51.35372415579138 0.209993958679335
-0.5 -0.25 34 35 51.01051142264379 0.2002905662113053
-0.5 -0.25 35 36 50.48095939254421 0.1911648638959114
-0.5 -0.25 36 37 49.80172775321489 0.1825724779955451
-0.5 -0.25 37 38 49.0033254091133 0.1744732899699389
-0.5 -0.25 38 39 48.11116595661082 0.166830947500536
-0.5 -0.25 39 40 47.14643044921644 0.1596124408066035
-0.5 -0.25 40 41 46.12677533623554 0.152787734180076
-0.5 -0.25 41 42 45.06691519593636 0.146329444469031
-0.5 -0.25 42 43 43.97910410866001 0.1402125599160039
-0.5 -0.25 43 44 42.87353440965296 0.1344141936662285
-0.5 -0.25 44 45 41.75866797308004 0.1289133671050672
-0.5 -0.25 45 46 40.64029209099971 0.1240464978484495
-0.5 -0.25 46 47 39.52647888400702 0.1211439639632603
-0.5 -0.25 47 48 38.42075498015902 0.1204237378709688
-0.5 -0.25 48 49 37.32700576748616 0.121817098938257
-0.5 -0.25 49 50 36.24817860615192 0.1240307217479702
-0.25 0 0 1 6649.711649358176 3.607871119710928
-0.25 0 1 2 -699.3544490435111 3.128866260123072
-0.25 0 2 3 -5403.519732535087 1.542305467688366
-0.25 0 3 4 -4488.269814689505 1.523079817725465
-0.25 0 4 5 -3351.610270146688 1.3734348097086
-0.25 0 5 6 -2468.549484273008 1.22339597332294
-0.25 0 6 7 -1826.815646516259 1.094229628732346
-0.25 0 7 8 -1363.462060614154 1.014489687321232
-0.25 0 8 9 -1025.838799427322 0.9369020342894723
-0.25 0 9 10 -776.53892711244 0.8650399221133609
-0.25 0 10 11 -589.8411433707943 0.7990695368577361
-0.25 0 11 12 -448.3091185599774 0.7395570312441303
-0.25 0 12 13 -339.7902645090221 0.6858567370233799
-0.25 0 13 14 -255.7761749373492 0.6373980108330168
-0.25 0 14 15 -190.2002117047621 0.5936062102468646
-0.25 0 15 16 -138.6690854122921 0.5539467482564366
-0.25 0 16 17 -97.95443831438683 0.5179400436498909
-0.25 0 17 18 -65.65170724170753 0.4851635259648496
-0.25 0 18 19 -39.94768736221886 0.4552481376925325
-0.25 0 19 20 -19.45969009745431 0.427872807826732
-0.25 0 20 21 -3.122560995393087 0.4027585005628934
-0.25 0 21 22 9.891821349844349 0.3796625510782258
-0.25 0 22 23 20.23267452133223 0.3583735691861139
-0.25 0 23 24 28.41281221828422 0.3387069850852903
-0.25 0 24 25 34.84007830518988 0.3205012179898986
-0.25 0 25 26 39.84084620422482 0.3036144096617996
-0.25 0 26 27 43.67776139979355 0.287921650811148
-0.25 0 27 28 46.56326067046189 0.2733126305267339
-0.25 0 28 29 48.66996116177393 0.2596896451413168
-0.25 0 29 30 50.13870698526603 0.2469659080599048
-0.25 0 30 31 51.08484716416331 0.2350641143046852
-0.25 0 31 32 51.60316694195217 0.2239152173081348
-0.25 0 32 33 51.7717857481623 0.213457384926374
-0.25 0 33 34 51.65525646087542 0.2036351051900153
-0.25 0 34 35 51.3070431021103 0.1943984187285349
-0.25 0 35 36 50.77151174388666 0.1857022578598789
-0.25 0 36 37 50.08553786148678 0.1775058755404793
-0.25 0 37 38 49.27980983951255 0.169772351426443
-0.25 0 38 39 48.37989046312038 0.1624681625864488
-0.25 0 39 40 47.40708466841488 0.1555628095224027
-0.25 0 40 41 46.37915161619424 0.1490284903527328
-0.25 0 41 42 45.31089086354962 0.1428398148465242
-0.25 0 42 43 44.21462660468285 0.1369735538344051
-0.25 0 43 44 43.10060881536322 0.1314084189138987
-0.25 0 44 45 41.97734653831753 0.126124868044897
-0.25 0 45 46 40.85065864970653 0.1214727443350575
-0.25 0 46 47 39.72866182927731 0.1188273528659625
-0.25 0 47 48 38.61490052803208 0.1184079027683963
-0.25 0 48 49 37.51327951701549 0.1201330266362158
-0.25 0 49 50 36.42676076989477 0.1226643936460267
0 0.25 0 1 6649.222068175252 3.607867732152899
0 0.25 1 2 -700.2698192025323 3.128840535933227
0 0.25 2 3 -5404.118044507239 1.542227002713905
0 0.25 3 4 -4488.444290698039 1.523016177058518
0 0.25 4 5 -3351.545223471528 1.37340143487853
0 0.25 5 6 -2468.387474291824 1.22339422627266
0 0.25 6 7 -1826.628231876118 1.094251833592952
0 0.25 7 8 -1363.281394203742 1.014525998258186
0 0.25 8 9 -1025.676917311009 0.9369439453069447
0 0.25 9 10 -776.3984096459876 0.865080625564143
0 0.25 10 11 -589.7211972569321 0.7991097117869603
0 0.25 11 12 -448.206659776783 0.739593955467144
0 0.25 12 13 -339.7022087917849 0.6858899302629071
0 0.25 13 14 -255.6997242237505 0.637427464500783
0 0.25 14 15 -190.1330319341428 0.5936321538469344
0 0.25 15 16 -138.6093201021674 0.5539695132657976
0 0.25 16 17 -97.90065371959645 0.5179599889251507
0 0.25 17 18 -65.60281630788813 0.4851809991924345
0 0.25 18 19 -39.90287440365864 0.4552634578842309
0 0.25 19 20 -19.41834516995527 0.4278862589413245
0 0.25 20 21 -3.084226507022322 0.4027703308832207
0 0.25 21 22 9.927492224622256 0.3796729757347762
0 0.25 22 23 20.26594924436699 0.3583827734443451
0 0.25 23 24 28.44390203869671 0.3387151281401535
0 0.25 24 25 34.86915498076633 0.3205084366414863
0 0.25 25 26 39.86805385935736 0.3036208214395009
0 0.25 26 27 43.70322478316211 0.2879273567033818
0 0.25 27 28 46.58709080206575 0.2733177178053226
0 0.25 28 29 48.69225911900787 0.2596941890057588
0 0.25 29 30 50.15956638530645 0.2469699736566569
0 0.25 30 31 51.10435575285999 0.2350677581535811
0 0.25 31 32 51.62140758192186 0.2239184885246872
0 0.25 32 33 51.78883701427571 0.2134603263365389
0 0.25 33 34 51.67119298849036 0.2036377541166554
0 0.25 34 35 51.3219357865666 0.194400807857975
0 0.25 35 36 50.78542785729258 0.1857044157468706
0 0.25 36 37 50.09854113028422 0.1775078274621889
0 0.25 37 38 49.29196050795105 0.1697741193574684
0 0.25 38 39 48.39124536003754 0.1624697660510052
0 0.25 39 40 47.41769728320469 0.1555642656748364
0 0.25 40 41 46.38907218999685 0.1490298144580087
0 0.25 41 42 45.3201664935072 0.1428410201622045
0 0.25 42 43 44.22330136153158 0.1369746524336201
0 0.25 43 44 43.1087238707845 0.1314094212854565
0 0.25 44 45 41.98494030106946 0.1261257835839201
0 0.25 45 46 40.85776686630675 0.1214735934283292
0 0.25 46 47 39.7353178375883 0.118828197603836
0 0.25 47 48 38.62113528133892 0.1184088039101865
0 0.25 48 49 37.51912177981552 0.1201340326205653
0 0.25 49 50 36.43223722503129 0.1226655077987221
0.25 0.5 0 1 6560.852460088759 3.39116654415735
0.25 0.5 1 2 -781.3999169270569 2.465653983998692
0.25 0.5 2 3 -5404.799350201665 1.52467871496459
0.25 0.5 3 4 -4477.600076350584 1.514110621473699
0.25 0.5 4 5 -3340.178944552319 1.399046167395796
0.25 0.5 5 6 -2458.651764844542 1.319777185319055
0.25 0.5 6 7 -1818.746207432966 1.217374006027379
0.25 0.5 7 8 -1357.027778097594 1.115387107566769
0.25 0.5 8 9 -1020.756410773565 1.021083714942505
0.25 0.5 9 10 -772.5436238275984 0.9362967758068755
0.25 0.5 10 11 -586.7112227261719 0.8601350072061558
0.25 0.5 11 12 -445.8667288989486 0.7924106588868924
0.25 0.5 12 13 -337.8945551890972 0.7319943372822377
0.25 0.5 13 14 -254.3161543008939 0.6779684149672528
0.25 0.5 14 15 -189.0883798912362 0.6295076759433061
0.25 0.5 15 16 -137.836268588431 0.5858925900340921
0.25 0.5 16 17 -97.34573374116144 0.5465044632520032
0.25 0.5 17 18 -65.22334414381271 0.5108143310644746
0.25 0.5 18 19 -39.66460862116219 0.4783705587814409
0.25 0.5 19 20 -19.29368974312661 0.448787134695848
0.25 0.5 20 21 -3.050846505913569 0.4217333443736422
0.25 0.5 21 22 9.887742944781849 0.3969249566696497
0.25 0.5 22 23 20.16786356821285 0.3741168212392067
0.25 0.5 23 24 28.2995745237921 0.3530967049926287
0.25 0.5 24 25 34.6884982818583 0.3336801741889656
0.25 0.5 25 26 39.65920828644266 0.3157063501497369
0.25 0.5 26 27 43.47288491150698 0.2990343833897262
0.25 0.5 27 28 46.34076731102937 0.2835405192016344
0.25 0.5 28 29 48.43448976017851 0.2691156475865897
0.25 0.5 29 30 49.89408677042331 0.2556632516107995
0.25 0.5 30 31 50.83423823194994 0.2430976825801597
0.25 0.5 31 32 51.34917464892476 0.2313427051445794
0.25 0.5 32 33 51.51655427585581 0.2203302652464281
0.25 0.5 33 34 51.40054566179106 0.2099994434759837
0.25 0.5 34 35 51.05429185677775 0.2002955617791833
0.25 0.5 35 36 50.52189039173868 0.1911694199378298
0.25 0.5 36 37 49.83999173598107 0.1825766386124504
0.25 0.5 37 38 49.039095532082 0.1744770942757219
0.25 0.5 38 39 48.14460612158888 0.1668344302448989
0.25 0.5 39 40 47.17769537661195 0.1596156331919268
0.25 0.5 40 41 46.15601070889124 0.1527906637497302
0.25 0.5 41 42 45.09425786743134 0.14633213598678
0.25 0.5 42 43 44.00468236797326 0.140215035464289
0.25 0.5 43 44 42.89746829246195 0.1344164730792289
0.25 0.5 44 45 41.781069608412 0.128915468003746
0.25 0.5 45 46 40.66126597759978 0.1240484679863226
0.25 0.5 46 47 39.54612253295215 0.1211459638920376
0.25 0.5 47 48 38.43915902909845 0.1204259296079552
0.25 0.5 48 49 37.34425450937832 0.1218196167243758
0.25 0.5 49 50 36.26435028705254 0.1240335779304942
0.5 0.75 0 1 6389.121560966697 3.288413775296709
0.5 0.75 1 2 -934.2206863171969 2.812878764839783
0.5 0.75 2 3 -5399.373273972743 1.546228080477107
0.5 0.75 3 4 -4449.637110902675 1.517239837883076
0.5 0.75 4 5 -3311.431175010135 1.364399885441417
0.5 0.75 5 6 -2433.467733317392 1.213138448180543
0.5 0.75 6 7 -1797.629573519153 1.081451061732248
0.5 0.75 7 8 -1339.552001361117 0.9693113619849212
0.5 0.75 8 9 -1006.329104981286 0.8827944464211279
0.5 0.75 9 10 -760.6134225482551 0.8150901903099057
0.5 0.75 10 11 -576.8120902421583 0.7529075555320988
0.5 0.75 11 12 -437.6229303095861 0.6968646691289416
0.5 0.75 12 13 -331.0040064109562 0.6462998479177238
0.5 0.75 13 14 -248.5370115986675 0.6006674895813248
0.5 0.75 14 15 -184.2265453310479 0.5594233000474844
0.5 0.75 15 16 -133.7352635813272 0.5220632141612329
0.5 0.75 16 17 -93.87873431750904 0.4881361364459801
0.5 0.75 17 18 -62.28698625626771 0.4572451356051713
0.5 0.75 18 19 -37.17418165807021 0.4290438014065086
0.5 0.75 19 20 -17.17939962184846 0.4032308719169707
0.5 0.75 20 21 -1.254897879478449 0.3795445568820878
0.5 0.75 21 22 11.41343725024035 0.3577571797929369
0.5 0.75 22 23 21.463491341186 0.3376703786733579
0.5 0.75 23 24 29.39886115849777 0.3191109230445219
0.5 0.75 24 25 35.61985523167471 0.3019271207665856
0.5 0.75 25 26 40.44665625649884 0.2859857579593368
0.5 0.75 26 27 44.13680011987265 0.2711695018783992
0.5 0.75 27 28 46.89848794092552 0.2573747012772721
0.5 0.75 28 29 48.90081128876932 0.244509522117835
0.5 0.75 29 30 50.28166847371619 0.2324923665240554
0.5 0.75 30 31 51.15393830786672 0.221250528551284
0.5 0.75 31 32 51.61032767547238 0.2107190499340257
0.5 0.75 32 33 51.72720186069728 0.2008397418686633
0.5 0.75 33 34 51.56762891327571 0.1915603483671088
0.5 0.75 34 35 51.18381258189487 0.1828338265358395
0.5 0.75 35 36 50.61904656504998 0.1746177280992958
0.5 0.75 36 37 49.90929171902519 0.1668736637642453
0.5 0.75 37 38 49.08445467527821 0.1595668405611461
0.5 0.75 38 39 48.16942870432291 0.1526656588498118
0.5 0.75 39 40 47.18494430934669 0.1461413621217937
0.5 0.75 40 41 46.14826697879801 0.1399677309764543
0.5 0.75 41 42 45.07377136875294 0.1341208147911286
0.5 0.75 42 43 43.97341546909871 0.1285786968711258
0.5 0.75 43 44 42.85713326390595 0.1233212869355087
0.5 0.75 44 45 41.73316084734108 0.1183301393214431
0.5 0.75 45 46 40.60709915146145 0.1139670474091119
0.5 0.75 46 47 39.48682490505792 0.111647684266849
0.5 0.75 47 48 38.37572396921848 0.1115879982251448
0.5 0.75 48 49 37.27754834505009 0.1136848938210494
0.5 0.75 49 50 36.19512722374043 0.116556938133578
0.75 1 0 1 6134.38758772148 2.313954265890748
0.75 1 1 2 -1166.126139167768 2.119216134050862
0.75 1 2 3 -5396.747920302818 1.539481671984031
0.75 1 3 4 -4412.470248373632 1.50131007010983
0.75 1 4 5 -3271.864902417994 1.348364531523904
0.75 1 5 6 -2398.108766269592 1.199641546239988
0.75 1 6 7 -1767.453506409591 1.070954400732645
0.75 1 7 8 -1314.136102273979 0.9616762224160939
0.75 1 8 9 -984.9631465144721 0.868463953176795
0.75 1 9 10 -742.6074915510553 0.7881293078179165
0.75 1 10 11 -561.5726240751387 0.7190413975723717
0.75 1 11 12 -424.6633927949529 0.6585859217693931
0.75 1 12 13 -319.9290480477086 0.605459435399715
0.75 1 13 14 -239.0269289373043 0.5584703166940395
0.75 1 14 15 -176.0223775291556 0.5166662018433639
0.75 1 15 16 -126.6264241787806 0.4792782968385801
0.75 1 16 17 -87.69312752381666 0.4456799396823165
0.75 1 17 18 -56.88322534592339 0.4153556437265762
0.75 1 18 19 -32.4354894163896 0.3878777674667294
0.75 1 19 20 -13.00882353858697 0.3628887555177979
0.75 1 20 21 2.428456232803683 0.3400874757968217
0.75 1 21 22 14.677384194144 0.3192186109242194
0.75 1 22 23 24.3651354251391 0.3000643346520675
0.75 1 23 24 31.98649059981517 0.2824377299121315
0.75 1 24 25 37.93446564718704 0.2661775367389851
0.75 1 25 26 42.52318260637821 0.2511439316775635
0.75 1 26 27 46.00511818098744 0.2372151082056162
0.75 1 27 28 48.58423255638775 0.2242844898239804
0.75 1 28 29 50.42604814466449 0.2122584420224264
0.75 1 29 30 51.6654481544391 0.2010543832591465
0.75 1 30 31 52.41275524979255 0.1905992157561708
0.75 1 31 32 52.75850191542258 0.1808280154292894
0.75 1 32 33 52.7771978128286 0.1716829319804991
0.75 1 33 34 52.53032255617984 0.1631122611357485
0.75 1 34 35 52.06871619997577 0.1550696584799385
0.75 1 35 36 51.43449842707724 0.1475134700292013
0.75 1 36 37 50.66261668168892 0.1404061608989134
0.75 1 37 38 49.78210058660102 0.1337138239836496
0.75 1 38 39 48.81708259730908 0.1274057576892206
0.75 1 39 40 47.78763165830679 0.1214541006651642
0.75 1 40 41 46.71043671750266 0.115833514985839
0.75 1 41 42 45.59936890341169 0.1105209107899753
0.75 1 42 43 44.46594553629649 0.105495205245044
0.75 1 43 44 43.31971417697451 0.1007371130189416
0.75 1 44 45 42.16857142015772 0.09622896083534013
0.75 1 45 46 41.01783577348004 0.09275210852392836
0.75 1 46 47 39.8750922338503 0.09322843078213706
0.75 1 47 48 38.74350983268312 0.09776930158854717
0.75 1 48 49 37.62663436067345 0.1056516229096865
0.75 1 49 50 36.52711359258464 0.1139949262588354
1 1.25 0 1 5810.083361694638 1.630164102257618
1 1.25 1 2 -1464.854530823487 0.6132538840614939
1 1.25 2 3 -5401.440255582482 1.996642010456896
1 1.25 3 4 -4375.972001109498 1.923126064360742
1 1.25 4 5 -3233.203208851108 1.702645933083559
1 1.25 5 6 -2364.575717863565 1.492798742682739
1 1.25 6 7 -1739.790865266403 1.314275258226735
1 1.25 7 8 -1291.630616566026 1.165407228855456
1 1.25 8 9 -966.6931667370332 1.040827925382666
1 1.25 9 10 -727.7465988881904 0.9355017239652536
1 1.25 10 11 -549.4368333311854 0.8462482855293875
1 1.25 11 12 -414.7165381416812 0.7693674843298812
1 1.25 12 13 -311.7460321678107 0.7027057066795513
1 1.25 13 14 -232.2721123662043 0.64444570113761
1 1.25 14 15 -170.4296176445191 0.5931654450798929
1 1.25 15 16 -121.9835025593209 0.5477399904182234
1 1.25 16 17 -83.82981687973438 0.5072695568193665
1 1.25 17 18 -53.66218288860114 0.4710268208312316
1 1.25 18 19 -29.74529176881015 0.438418006175957
1 1.25 19 20 -10.75861186476027 0.4089538841389781
1 1.25 20 21 4.313119991532631 0.3822279266195474
1 1.25 21 22 16.2577462789211 0.357899668375363
1 1.25 22 23 25.69178394172229 0.3356819029614871
1 1.25 23 24 33.10135706841481 0.3153307276942685
1 1.25 24 25 38.87241631303993 0.2966377304217822
1 1.25 25 26 43.31329121489102 0.2794238025493751
1 1.25 26 27 46.67168970402156 0.2635341972409444
1 1.25 27 28 49.14763091666305 0.2488345523653543
1 1.25 28 29 50.9033687251831 0.2352076649683356
1 1.25 29 30 52.07106667819596 0.2225508579998754
1 1.25 30 31 52.75877764798622 0.2107738152539559
1 1.25 31 32 53.05513449767761 0.1997967921632626
1 1.25 32 33 53.03305297762222 0.1895491264047451
1 1.25 33 34 52.75267213517344 0.1799679933463465
1 1.25 34 35 52.26370208303695 0.1709973596496317
1 1.25 35 36 51.60730819858799 0.1625870989630004
1 1.25 36 37 50.81763049737907 0.1546922427007541
1 1.25 37 38 49.92301432740578 0.1472723403976929
1 1.25 38 39 48.94701138919908 0.1402909132630727
1 1.25 39 40 47.90919709608727 0.1337149845290682
1 1.25 40 41 46.82584051680004 0.12751467397553
1 1.25 41 42 45.71045522660813 0.1216628485396678
1 1.25 42 43 44.57425383314148 0.1161348174011971
1 1.25 43 44 43.42652406848737 0.1109080674459185
1 1.25 44 45 42.27494088649757 0.1059620318702208
1 1.25 45 46 41.12465783215157 0.1016551060877476
1 1.25 46 47 39.98305388658298 0.09940187535803537
1 1.25 47 48 38.85318473974633 0.09942321606073734
1 1.25 48 49 37.73847916658488 0.1016081150956689
1 1.25 49 50 36.64149149530704 0.1084936526187621
1.25 1.5 0 1 5437.370360847451 3.1707661522867
1.25 1.5 1 2 -1778.829859351023 3.82657660091465
1.25 1.5 2 3 -5370.226842406069 1.67522814444574
1.25 1.5 3 4 -4301.783096944818 1.613301179605035
1.25 1.5 4 5 -3162.182307847795 1.440687469525177
1.25 1.5 5 6 -2304.577076916405 1.271798307251221
1.25 1.5 6 7 -1690.78652858636 1.124765287549723
1.25 1.5 7 8 -1251.954850494601 0.9998826232693402
1.25 1.5 8 9 -934.5805643815456 0.8949405116745062
1.25 1.5 9 10 -701.6834697110103 0.8044639166291443
1.25 1.5 10 11 -528.2046068808613 0.7279672982783544
1.25 1.5 11 12 -397.3609797146694 0.6616876924402386
1.25 1.5 12 13 -297.5169958707177 0.604057522293206
1.25 1.5 13 14 -220.5794229961184 0.5535897126482918
1.25 1.5 14 15 -160.806296623284 0.5091039116349946
1.25 1.5 15 16 -114.0575622849919 0.469656472943397
1.25 1.5 16 17 -77.30288888442783 0.4344865739441537
1.25 1.5 17 18 -48.29334455965454 0.4029753900995655
1.25 1.5 18 19 -25.33877911582499 0.3746152393233704
1.25 1.5 19 20 -7.154424871152059 0.3489861791502832
1.25 1.5 20 21 7.246454074439043 0.3257381348860811
1.25 1.5 21 22 18.6287908440263 0.3045771495878639
1.25 1.5 22 23 27.59058791157702 0.2852547079242472
1.25 1.5 23 24 34.60291854887441 0.2675593809384207
1.25 1.5 24 25 40.03943153934279 0.2523721307953933
1.25 1.5 25 26 44.19835067862073 0.2396275244683309
1.25 1.5 26 27 47.31904346146484 0.2277574237600309
1.25 1.5 27 28 49.59461575334444 0.21668412209178
1.25 1.5 28 29 51.18156812765585 0.2063383150813098
1.25 1.5 29 30 52.20725834012683 0.1966580622977184
1.25 1.5 30 31 52.77571102818422 0.1875878875672028
1.25 1.5 31 32 52.97217168380769 0.1790779970933644
1.25 1.5 32 33 52.86669903510563 0.1710836022392533
1.25 1.5 33 34 52.51701567004551 0.1635643310998484
1.25 1.5 34 35 51.97078252958102 0.1564837177962806
1.25 1.5 35 36 51.26742304904548 0.149808757341851
1.25 1.5 36 37 50.43959311078845 0.1435095187094179
1.25 1.5 37 38 49.51437091356763 0.1375588054563637
1.25 1.5 38 39 48.51422415190746 0.1319318604645851
1.25 1.5 39 40 47.4577992252087 0.1266061057814775
1.25 1.5 40 41 46.36056769094932 0.1215609147241123
1.25 1.5 41 42 45.23535745474487 0.1167774111011861
1.25 1.5 42 43 44.09279079040044 0.1122382923071557
1.25 1.5 43 44 42.94164653925867 0.1079276727386661
1.25 1.5 44 45 41.78916048202552 0.1038309451844932
1.25 1.5 45 46 40.64013434630164 0.1002777972250902
1.25 1.5 46 47 39.50156254033169 0.09854095209113987
1.25 1.5 47 48 38.37624467809226 0.0988009683822396
1.25 1.5 48 49 37.26736424253585 0.1009637930827338
1.25 1.5 49 50 36.1772598264935 0.1037868761662555
1.5 1.75 0 1 4995.589723571763 0.9559509185135173
1.5 1.75 1 2 -2171.892546485577 0.8474374600474782
1.5 1.75 2 3 -5353.146370951992 1.75162401634009
1.5 1.75 3 4 -4225.517807280985 1.690737315144873
1.5 1.75 4 5 -3082.776611048077 1.505038288667577
1.5 1.75 5 6 -2233.535079530168 1.31911086442767
1.5 1.75 6 7 -1629.802431600254 1.156819510197349
1.5 1.75 7 8 -1200.238293336024 1.01991670166495
1.5 1.75 8 9 -890.810430907743 0.9059555990595459
1.5 1.75 9 10 -664.548931999756 0.8084407512741529
1.5 1.75 10 11 -496.5852053203826 0.7272453143431646
1.5 1.75 11 12 -370.3166752961401 0.6574076193543533
1.5 1.75 12 13 -274.2801952943785 0.5972031448783411
1.5 1.75 13 14 -200.5245773700224 0.5448859082462105
1.5 1.75 14 15 -143.423166882227 0.4990875217047706
1.5 1.75 15 16 -98.92857208276359 0.4587275201076264
1.5 1.75 16 17 -64.08476313796496 0.4229449093475662
1.5 1.75 17 18 -36.70249184032696 0.391046930333129
1.5 1.75 18 19 -15.13973003834394 0.3624708574803542
1.5 1.75 19 20 1.849306879528513 0.3367554176110746
1.5 1.75 20 21 15.21961364346225 0.3135192512871731
1.5 1.75 21 22 25.71014431454853 0.2924445462834446
1.5 1.75 22 23 33.89752938913159 0.2732644778198372
1.5 1.75 23 24 40.23517298623005 0.2557534838703659
1.5 1.75 24 25 45.08204653026962 0.2397196643649916
1.5 1.75 25 26 48.72412636571289 0.2249987889079659
1.5 1.75 26 27 51.39051606832606 0.2114495310384207
1.5 1.75 27 28 53.26568461192608 0.1989496498267825
1.5 1.75 28 29 54.49883647643207 0.1873929056325653
1.5 1.75 29 30 55.21114314183285 0.1766865521766799
1.5 1.75 30 31 55.5013654714993 0.166749283401172
1.5 1.75 31 32 55.45025506351101 0.157509541775304
1.5 1.75 32 33 55.12402171776608 0.148904116623131
1.5 1.75 33 34 54.57708138395043 0.1408769761374045
1.5 1.75 34 35 53.85424591207391 0.1333782883100073
1.5 1.75 35 36 52.99247697906389 0.1263635976459455
1.5 1.75 36 37 52.02229764674229 0.1197931281165226
1.5 1.75 37 38 50.96893349458594 0.1136311913313933
1.5 1.75 38 39 49.85323898315926 0.1078456815030914
1.5 1.75 39 40 48.6924523703583 0.1024076433794138
1.5 1.75 40 41 47.50081326051782 0.09729089962707722
1.5 1.75 41 42 46.29006936100154 0.0924717310848104
1.5 1.75 42 43 45.06989378523178 0.08792859839783798
1.5 1.75 43 44 43.84822963989967 0.08364190111840339
1.5 1.75 44 45 42.63157538162841 0.0795937679004378
1.5 1.75 45 46 41.42410815055354 0.07648088270689034
1.5 1.75 46 47 40.23220159757383 0.07690908932140668
1.5 1.75 47 48 39.05816974817287 0.08096924332373819
1.5 1.75 48 49 37.90474084738966 0.08801144245909739
1.5 1.75 49 50 36.77386039692948 0.09545676949000308
1.75 2 0 1 4528.380961937837 1.04188303482188
1.75 2 1 2 -2573.043898421031 2.605552078720543
1.75 2 2 3 -5330.789890304212 2.706807028023769
1.75 2 3 4 -4155.71263758293 2.23025443347339
1.75 2 4 5 -3017.950980775353 1.839705703186775
1.75 2 5 6 -2180.758939179732 1.545905659895823
1.75 2 6 7 -1588.158991618532 1.322239666527395
1.75 2 7 8 -1167.588087113033 1.147624736385897
1.75 2 8 9 -865.1443836305029 1.008752059705154
1.75 2 9 10 -644.2446784203898 0.8946623515106739
1.75 2 10 11 -480.5179906874137 0.8005201657406539
1.75 2 11 12 -357.5406864017145 0.7210892330850944
1.75 2 12 13 -264.0993234714017 0.6533331785020552
1.75 2 13 14 -192.4039267836904 0.5949121245859046
1.75 2 14 15 -136.9478875037471 0.5440725727762378
1.75 2 15 16 -93.77399785551029 0.4994746102042961
1.75 2 16 17 -59.99467802550839 0.4600765289086958
1.75 2 17 18 -33.47317559663679 0.4250559778896813
1.75 2 18 19 -12.60812204543345 0.393754900537958
1.75 2 19 20 3.814486757342365 0.3656403053317146
1.75 2 20 21 16.7245987396002 0.340275802215172
1.75 2 21 22 26.84128042991847 0.3173006021577254
1.75 2 22 23 34.72526542423338 0.2964137886897689
1.75 2 23 24 40.81717453310978 0.2773623732342383
1.75 2 24 25 45.46564439341978 0.2599321110068578
1.75 2 25 26 48.94825588181914 0.2439403577792565
1.75 2 26 27 51.4872630984313 0.2292304555597344
1.75 2 27 28 53.26152523879034 0.215667277424758
1.75 2 28 29 54.41563640646098 0.2031336609096221
1.75 2 29 30 55.06696731263867 0.191527528652167
1.75 2 30 31 55.31113681884221 0.1807595466306236
1.75 2 31 32 55.2262927278756 0.1707512059037899
1.75 2 32 33 54.87648238989578 0.1614332409445849
1.75 2 33 34 54.31432245570954 0.1527443172887541
1.75 2 34 35 53.58312522738339 0.1446299364417541
1.75 2 35 36 52.71860096536778 0.1370415173856262
1.75 2 36 37 51.75022726476885 0.1299356219901313
1.75 2 37 38 50.70235559536775 0.1232732981907999
1.75 2 38 39 49.59510920292081 0.117019522205049
1.75 2 39 40 48.44511453865152 0.1111427204771684
1.75 2 40 41 47.26609936666972 0.1056143605297904
1.75 2 41 42 46.06938339287291 0.1004085976846717
1.75 2 42 43 44.86428214500114 0.09550197032056702
1.75 2 43 44 43.65844037178556 0.09087313505019057
1.75 2 44 45 42.45810804766475 0.0865026366563057
1.75 2 45 46 41.26729571970631 0.08276021133657215
1.75 2 46 47 40.092128354203 0.08124905246252893
1.75 2 47 48 38.93481897040758 0.08497025459689046
1.75 2 48 49 37.7979800827766 0.0915414571237561
1.75 2 49 50 36.68345463395963 0.09847869174454432
2 2.25 0 1 4021.49127920242 1.012514734817017
2 2.25 1 2 -2986.955388278102 0.828686536206415
2 2.25 2 3 -5278.08266749107 1.636471760506849
2 2.25 3 4 -4039.409893961474 1.518429323166721
2 2.25 4 5 -2901.544973239923 1.340817742091337
2 2.25 5 6 -2077.303691541388 1.183058317852583
2 2.25 6 7 -1499.350825171914 1.050451845674304
2 2.25 7 8 -1092.174234880663 0.9388266046702423
2 2.25 8 9 -801.2252841811642 0.8446649745353837
2 2.25 9 10 -589.9683884743499 0.7638301901146403
2 2.25 10 11 -434.274702042351 0.6941688425079169
2 2.25 11 12 -317.9818466186616 0.6335787545572009
2 2.25 12 13 -230.1171893097962 0.5804963652189754
2 2.25 13 14 -163.092531327434 0.5336876996633589
2 2.25 14 15 -111.5661778792389 0.4921680686071976
2 2.25 15 16 -71.71410244181243 0.4551434612810535
2 2.25 16 17 -40.75590261442676 0.4219673714823684
2 2.25 17 18 -16.64114918886071 0.3921086444667025
2 2.25 18 19 2.161782483506386 0.3651272554124413
2 2.25 19 20 16.81030571814449 0.3406558620947566
2 2.25 20 21 28.18822758730039 0.3183856040513912
2 2.25 21 22 36.9768041964976 0.2980550694839234
2 2.25 22 23 43.70562874387485 0.2794416381881686
2 2.25 23 24 48.78954837698041 0.2623546349544078
2 2.25 24 25 52.55576613169251 0.2466298688533008
2 2.25 25 26 55.26395696212853 0.2321252464103861
2 2.25 26 27 57.12135073329887 0.2187172201057042
2 2.25 27 28 58.2941478010232 0.2062978967401215
2 2.25 28 29 58.91623407926306 0.1947726646206787
2 2.25 29 30 59.09588789991608 0.1840582375181832
2 2.25 30 31 58.92097990577224 0.1740810313294078
2 2.25 31 32 58.46303241989466 0.1647758102594583
2 2.25 32 33 57.78040875711599 0.1560845517058196
2 2.25 33 34 56.92083389393309 0.1479554902475095
2 2.25 34 35 55.92339771647272 0.1403423081444238
2 2.25 35 36 54.82015527579586 0.1332034478908123
2 2.25 36 37 53.63741124242711 0.1265015247948738
2 2.25 37 38 52.39675552263071 0.1202028243431013
2 2.25 38 39 51.1159017200182 0.1142768694549577
2 2.25 39 40 49.80936858773629 0.1086960471707799
2 2.25 40 41 48.48903596981091 0.1034352852354166
2 2.25 41 42 47.16459976033747 0.09847177184371239
2 2.25 42 43 45.84394550234427 0.09378470991381659
2 2.25 43 44 44.53345602038195 0.08935510407473471
2 2.25 44 45 43.23826543232485 0.08516557289667194
2 2.25 45 46 41.96142404467915 0.08185302155717242
2 2.25 46 47 40.70812689933746 0.08179774733409474
2 2.25 47 48 39.47983485503872 0.08506621207323638
2 2.25 48 49 38.2784658140576 0.09104466327098711
2 2.25 49 50 37.10524859025068 0.09737527472995673
2.25 2.5 0 1 3488.859197948331 1.657735239954875
2.25 2.5 1 2 -3399.447971895273 0.9413896051007745
2.25 2.5 2 3 -5191.723926182491 1.679353968952173
2.25 2.5 3 4 -3899.859915488782 1.549015274231701
2.25 2.5 4 5 -2774.330918993072 1.418377491640195
2.25 2.5 5 6 -1971.845412063503 1.272540203399269
2.25 2.5 6 7 -1414.022952995987 1.137678926900255
2.25 2.5 7 8 -1023.416881344894 1.019429734102279
2.25 2.5 8 9 -745.6701948761829 0.9174271050779036
2.25 2.5 9 10 -544.855338838267 0.8290073644390739
2.25 2.5 10 11 -397.4455875576652 0.7524901433195434
2.25 2.5 11 12 -287.7645042631525 0.6858417557370068
2.25 2.5 12 13 -205.2153738592604 0.6274645258014698
2.25 2.5 13 14 -142.4953895768842 0.576045551661489
2.25 2.5 14 15 -94.47921053803429 0.5305120030937277
2.25 2.5 15 16 -57.50764250569591 0.4899864289209198
2.25 2.5 16 17 -28.92683329119018 0.453748302673236
2.25 2.5 17 18 -6.784361836450216 0.4212027357679415
2.25 2.5 18 19 10.37481872845296 0.3918555984106047
2.25 2.5 19 20 23.64777372912033 0.3652939012887904
2.25 2.5 20 21 33.87036612892052 0.3411703466644231
2.25 2.5 21 22 41.68547419321976 0.319191136361163
2.25 2.5 22 23 47.5917557860389 0.2991063085562838
2.25 2.5 23 24 51.97896094477051 0.2807020403223526
2.25 2.5 24 25 55.15381084375997 0.2637944794315493
2.25 2.5 25 26 57.35917334055614 0.2482247734713137
2.25 2.5 26 27 58.788416705911 0.2338550391322291
2.25 2.5 27 28 59.59625530615347 0.2205650749717135
2.25 2.5 28 29 59.90701605924687 0.2082496651246886
2.25 2.5 29 30 59.82098975192065 0.1968163552290025
2.25 2.5 30 31 59.41934736541532 0.1861836077261239
2.25 2.5 31 32 58.76797194218113 0.1762792650338154
2.25 2.5 32 33 57.92046437103681 0.1670392617372912
2.25 2.5 33 34 56.92051524339263 0.1584065408319323
2.25 2.5 34 35 55.80378685267374 0.150330138161044
2.25 2.5 35 36 54.59941421391795 0.1427644043152536
2.25 2.5 36 37 53.33120795537366 0.1356683424701628
2.25 2.5 37 38 52.01862262661552 0.1290050408282986
2.25 2.5 38 39 50.67753940860308 0.1227411857444737
2.25 2.5 39 40 49.32090121873176 0.1168466422557569
2.25 2.5 40 41 47.95922999329395 0.1112940903840908
2.25 2.5 41 42 46.60104929941662 0.1060587112657686
2.25 2.5 42 43 45.25323077814531 0.101117912142445
2.25 2.5 43 44 43.92127892025837 0.09645108786128484
2.25 2.5 44 45 42.60956578031229 0.09203941121568435
2.25 2.5 45 46 41.32052265436639 0.08818455534079739
2.25 2.5 46 47 40.05868606395802 0.08606596885262992
2.25 2.5 47 48 38.82505842297311 0.08582074031506574
2.25 2.5 48 49 37.62112052112369 0.08729891111833327
2.25 2.5 49 50 36.4477206847352 0.0917780208193361
2.5 2.75 0 1 2901.383618276103 2.09392678991304
2.5 2.75 1 2 -3849.286604710459 1.092871129544166
2.5 2.75 2 3 -5105.824555618334 2.837669266304674
2.5 2.75 3 4 -3753.21136325066 2.69100351104156
2.5 2.75 4 5 -2636.190847100862 2.352917870107651
2.5 2.75 5 6 -1853.682637226588 2.039638299930006
2.5 2.75 6 7 -1315.523002347157 1.776784545089872
2.5 2.75 7 8 -941.7726781297697 1.559906876417787
2.5 2.75 8 9 -677.8967166502644 1.380019109084687
2.5 2.75 9 10 -488.361250014086 1.229874258131549
2.5 2.75 10 11 -350.1162941907548 1.103110960010248
2.5 2.75 11 12 -247.9079905217559 0.9950922386870188
2.5 2.75 12 13 -171.484633717628 0.9022158097150443
2.5 2.75 13 14 -113.8161853805432 0.8217024058789707
2.5 2.75 14 15 -69.9907626031752 0.7513874093763642
2.5 2.75 15 16 -36.51605306598958 0.6895669412538121
2.5 2.75 16 17 -10.86912148477745 0.6348853573923214
2.5 2.75 17 18 8.799181919210014 0.5862528811418175
2.5 2.75 18 19 23.86191525788479 0.5427848791347345
2.5 2.75 19 20 35.3506137391289 0.5037566738678417
2.5 2.75 20 21 44.0484153998342 0.4685695735634034
2.5 2.75 21 22 50.55550304616702 0.4367250696250741
2.5 2.75 22 23 55.33574845667147 0.4078050384029669
2.5 2.75 23 24 58.75039531152458 0.3814564013529033
2.5 2.75 24 25 61.08267692855134 0.3573791296606041
2.5 2.75 25 26 62.55600895985299 0.3353167810961843
2.5 2.75 26 27 63.34757198985358 0.3150489734225768
2.5 2.75 27 28 63.59854821540148 0.2963853501034811
2.5 2.75 28 29 63.42190391334589 0.2791607082163338
2.5 2.75 29 30 62.90835381968685 0.263231036474566
2.5 2.75 30 31 62.130966351452 0.248470272852209
2.5 2.75 31 32 61.14874400077497 0.2347676346785039
2.5 2.75 32 33 60.00942481798648 0.2220254071523159
2.5 2.75 33 34 58.75168749256909 0.2101571022018374
2.5 2.75 34 35 57.40689659393627 0.1990859169498734
2.5 2.75 35 36 56.00049096293753 0.1887434372125577
2.5 2.75 36 37 54.55309347103014 0.179068542096206
2.5 2.75 37 38 53.08140201883515 0.1700064738407312
2.5 2.75 38 39 51.59890783016635 0.1615080458870504
2.5 2.75 39 40 50.1164767017604 0.1535289642182742
2.5 2.75 40 41 48.64282109913162 0.1460292454948876
2.5 2.75 41 42 47.18488474349974 0.1389727148458741
2.5 2.75 42 43 45.74815694635998 0.1323265719170309
2.5 2.75 43 44 44.33693020135959 0.126061014035811
2.5 2.75 44 45 42.95451181170287 0.1201489087778718
2.5 2.75 45 46 41.60243725410163 0.1147885238870019
2.5 2.75 46 47 40.28433591995883 0.1107996302500913
2.5 2.75 47 48 39.00052212423424 0.1082991790401242
2.5 2.75 48 49 37.75183162082635 0.1072298269005871
2.5 2.75 49 50 36.53854005629353 0.1067760188413176
2.75 3 0 1 2259.820330944622 1.528395848238481
2.75 3 1 2 -4286.325637371735 4.563031337162215
2.75 3 2 3 -4962.665458330575 5.937553382164944
2.75 3 3 4 -3554.247008050448 5.041328011414547
2.75 3 4 5 -2455.811236761993 4.179558662033982
2.75 3 5 6 -1702.60119651457 3.499051998437996
2.75 3 6 7 -1191.574799985384 2.970018313425516
2.75 3 7 8 -840.4273624484167 2.553847237146481
2.75 3 8 9 -594.8028593167874 2.220688036060688
2.75 3 9 10 -419.894319882279 1.949794752866028
2.75 3 10 11 -293.3894783210244 1.726107429976382
2.75 3 11 12 -200.6529581114171 1.538989090585788
2.75 3 12 13 -131.9213462116502 1.380649154665108
2.75 3 13 14 -80.54206201292141 1.245299292772957
2.75 3 14 15 -41.89354359357753 1.128564461431085
2.75 3 15 16 -12.70727278819299 1.027085023357184
2.75 3 16 17 9.366206969806171 0.9382435019790646
2.75 3 17 18 26.04061270582986 0.8599736670374877
2.75 3 18 19 38.58246169904658 0.7906248729112715
2.75 3 19 20 47.93883140246214 0.7288641008694735
2.75 3 20 21 54.82540743186905 0.6736041578184649
2.75 3 21 22 59.78811771623941 0.6239503105435232
2.75 3 22 23 63.24690118046419 0.5791601075214233
2.75 3 23 24 65.52720255002237 0.5386127675825351
2.75 3 24 25 66.8829119629529 0.5017855991295223
2.75 3 25 26 67.51326070755886 0.4682356490116599
2.75 3 26 27 67.5753939221043 0.4375852852274715
2.75 3 27 28 67.19381524984738 0.4095107704079109
2.75 3 28 29 66.46754390527178 0.3837331307065907
2.75 3 29 30 65.47558203275895 0.3600108034172593
2.75 3 30 31 64.28112252199151 0.3381336740947172
2.75 3 31 32 62.93480981556741 0.3179182077954836
2.75 3 32 33 61.47728299142113 0.2992034494979217
2.75 3 33 34 59.94117084582848 0.2818477179755172
2.75 3 34 35 58.35266564378179 0.2657258584482869
2.75 3 35 36 56.73277082769653 0.2507269473376444
2.75 3 36 37 55.09829486704587 0.2367523650615593
2.75 3 37 38 53.46264636226522 0.2237141703626343
2.75 3 38 39 51.8364726973011 0.21153372315974
2.75 3 39 40 50.22817489887575 0.2001405124609275
2.75 3 40 41 48.6443241873713 0.1894711553272268
2.75 3 41 42 47.08999994553722 0.1794685384387786
2.75 3 42 43 45.56906478806778 0.1700810792415877
2.75 3 43 44 44.08438898895008 0.1612620880676666
2.75 3 44 45 42.63803400972409 0.1529692152027992
2.75 3 45 46 41.23049198000231 0.1453225280842469
2.75 3 46 47 39.86433004227109 0.1388912928126949
2.75 3 47 48 38.53906716056022 0.1337600385217478
2.75 3 48 49 37.25479384471467 0.1299028225444118
2.75 3 49 50 36.01112375924097 0.1267381394967178
3 3.25 0 1 1568.204839970886 1.186194369552812
3 3.25 1 2 -4643.800022178071 9.192373920209011
3 3.25 2 3 -4714.686777043291 9.513053378361917
3 3.25 3 4 -3274.931635702381 7.716733290187012
3 3.25 4 5 -2216.88265975473 6.252763075458594
3 3.25 5 6 -1509.113516065235 5.156686908230513
3 3.25 6 7 -1036.753028673585 4.328474552761755
3 3.25 7 8 -716.4436590370992 3.688916012595812
3 3.25 8 9 -495.0116753239092 3.184001183237961
3 3.25 9 10 -339.074658088374 2.777734636099817
3 3.25 10 11 -227.5285874121939 2.445226985996553
3 3.25 11 12 -146.6783796458144 2.169142992144243
3 3.25 12 13 -87.46990664282316 1.93702591462656
3 3.25 13 14 -43.78217898008506 1.73974203978411
3 3.25 14 15 -11.39309001732772 1.570461526251357
3 3.25 15 16 12.66364846869942 1.423986680323576
3 3.25 16 17 30.50683513764909 1.296299166565518
3 3.25 17 18 43.67251620654736 1.184248267392222
3 3.25 18 19 53.28908496741178 1.085332009496617
3 3.25 19 20 60.19528034145333 0.9975407060564697
3 3.25 20 21 65.02109374029419 0.9192432634260196
3 3.25 21 22 68.2441335187093 0.8491033131242394
3 3.25 22 23 70.22946896106362 0.786016488903483
3 3.25 23 24 71.25817489842848 0.7290629224006443
3 3.25 24 25 71.54803345099549 0.6774708456721849
3 3.25 25 26 71.26871736807516 0.6305884042455614
3 3.25 26 27 70.55304149085924 0.5878616119111406
3 3.25 27 28 69.50537994449115 0.5488169508748737
3 3.25 28 29 68.20801825532965 0.5130475209547158
3 3.25 29 30 66.72598568326418 0.4802019268850985
3 3.25 30 31 65.11075876951202 0.4499752958320936
3 3.25 31 32 63.40311924097307 0.4221019672927912
3 3.25 32 33 61.63537331104067 0.3963495046668141
3 3.25 33 34 59.83308514111548 0.3725137603904248
3 3.25 34 35 58.01643811365255 0.3504147854665143
3 3.25 35 36 56.20130913164738 0.3298934212449891
3 3.25 36 37 54.40012030176018 0.3108084444921886
3 3.25 37 38 52.62251697523786 0.2930341651391291
3 3.25 38 39 50.8759096120144 0.2764583955244453
3 3.25 39 40 49.16590830693553 0.2609807258138082
3 3.25 40 41 47.49667240884548 0.2465110544397436
3 3.25 41 42 45.87119253898899 0.2329683300420534
3 3.25 42 43 44.29151871801963 0.220279470854655
3 3.25 43 44 42.75894529431935 0.2083784336664261
3 3.25 44 45 41.27416112637096 0.1972054079545975
3 3.25 45 46 39.83652737479889 0.1868154971204052
3 3.25 46 47 38.44742759403331 0.1775773310968289
3 3.25 47 48 37.10553348874987 0.1695313871306555
3 3.25 48 49 35.8101349622261 0.1626499572333041
3 3.25 49 50 34.56013732308429 0.1565222240625652
3.25 3.5 0 1 852.9044385550187 0.4277568953919759
3.25 3.5 1 2 -4815.203229663557 18.34822573005957
3.25 3.5 2 3 -4301.573113497643 14.52921353966742
3.25 3.5 3 4 -2882.406187387749 10.96127236854564
3.25 3.5 4 5 -1901.666337309313 8.541282725942121
3.25 3.5 5 6 -1264.040996783115 6.859724419091667
3.25 3.5 6 7 -846.8595389990999 5.642854447076086
3.25 3.5 7 8 -568.5842725479897 4.730378069512068
3.25 3.5 8 9 -379.0682773147685 4.02575254937513
3.25 3.5 9 10 -247.5213200469084 3.468565669378378
3.25 3.5 10 11 -154.7888440029099 3.019111539464411
3.25 3.5 11 12 -88.59985107434568 2.650521635830831
3.25 3.5 12 13 -40.92989669513099 2.343976821288176
3.25 3.5 13 14 -6.406304288467709 2.085948521769308
3.25 3.5 14 15 18.64420343838901 1.866484383339327
3.25 3.5 15 16 36.78092936731912 1.67811432372094
3.25 3.5 16 17 49.81738497478875 1.515131729682506
3.25 3.5 17 18 59.05802161225949 1.373108763625808
3.25 3.5 18 19 65.45364941900391 1.248561928454114
3.25 3.5 19 20 69.70546678243602 1.138716525490845
3.25 3.5 20 21 72.33594159070401 1.04133768263069
3.25 3.5 21 22 73.73789828489737 0.9546071129116066
3.25 3.5 22 23 74.20902005689197 0.8770318691014869
3.25 3.5 23 24 73.9764301663559 0.8073758606489243
3.25 3.5 24 25 73.21442295585786 0.7446078112170091
3.25 3.5 25 26 72.0573989135421 0.6878612569122007
3.25 3.5 26 27 70.60939914099021 0.6364034756828078
3.25 3.5 27 28 68.95120012248861 0.5896111193650758
3.25 3.5 28 29 67.14563918946573 0.5469509310372972
3.25 3.5 29 30 65.24164388088178 0.5079643592118503
3.25 3.5 30 31 63.27730307673772 0.4722551861948058
3.25 3.5 31 32 61.28222356146034 0.439479508483088
3.25 3.5 32 33 59.27934945739716 0.4093375669213407
3.25 3.5 33 34 57.28637491868548 0.3815670432903069
3.25 3.5 34 35 55.31684669732388 0.3559375273209759
3.25 3.5 35 36 53.3810287298372 0.3322459243252819
3.25 3.5 36 37 51.48658300823604 0.3103126235371009
3.25 3.5 37 38 49.63910786303569 0.2899782851678524
3.25 3.5 38 39 47.84256499253735 0.2711011338360879
3.25 3.5 39 40 46.09961925059233 0.2535546682527311
3.25 3.5 40 41 44.41190980210371 0.2372257151921493
3.25 3.5 41 42 42.78026693339373 0.2220127691741278
3.25 3.5 42 43 41.2048857866296 0.2078245706835746
3.25 3.5 43 44 39.68546577808425 0.1945788843033767
3.25 3.5 44 45 38.22132258001581 0.1822014448453789
3.25 3.5 45 46 36.81072648848884 0.1707270855583673
3.25 3.5 46 47 35.45384816209319 0.1604909601292731
3.25 3.5 47 48 34.1485731350395 0.1515315313920201
3.25 3.5 48 49 32.89343172558418 0.1438254888539859
3.25 3.5 49 50 31.68666685074346 0.1369855214926645
3.5 3.75 0 1 187.3593875896534 1.595171932908616
3.5 3.75 1 2 -4637.628087035794 24.518059695285
3.5 3.75 2 3 -3658.672061589602 16.12491332400763
3.5 3.75 3 4 -2351.200565973207 11.3807205004894
3.5 3.75 4 5 -1502.26429019288 8.526455751945836
3.5 3.75 5 6 -967.6911595589258 6.658837783780166
3.5 3.75 6 7 -626.0512463464097 5.358101833002163
3.5 3.75 7 8 -402.7258751086306 4.409268956734302
3.5 3.75 8 9 -253.495409545483 3.692114251831775
3.5 3.75 9 10 -151.8534525259254 3.134860531275351
3.5 3.75 10 11 -81.60668185990494 2.691986328357675
3.5 3.75 11 12 -32.53456559326651 2.333471964342704
3.5 3.75 12 13 1.960326909437981 2.038734693247346
3.5 3.75 13 14 26.24381409912553 1.793234835293006
3.5 3.75 14 15 43.26837241422584 1.586433847633896
3.5 3.75 15 16 55.06971357738541 1.410522691568414
3.5 3.75 16 17 63.07567124416596 1.259602932829206
3.5 3.75 17 18 68.30288350724027 1.129143875617764
3.5 3.75 18 19 71.48478548337357 1.015613444958602
3.5 3.75 19 20 73.15658486308263 0.9162215342338842
3.5 3.75 20 21 73.71271737728938 0.8287379720939356
3.5 3.75 21 22 73.44634475759796 0.7513611011372374
3.5 3.75 22 23 72.57691991421217 0.6826213689723631
3.5 3.75 23 24 71.26968931430076 0.6213095751469681
3.5 3.75 24 25 69.64966360339128 0.5664227627061128
3.5 3.75 25 26 67.81173938256575 0.5171229241618445
3.5 3.75 26 27 65.82810846620282 0.4727051386591163
3.5 3.75 27 28 63.75373270866288 0.4325727374756327
3.5 3.75 28 29 61.63042426845314 0.3962177658883606
3.5 3.75 29 30 59.48991033252545 0.3632054791297772
3.5 3.75 30 31 57.35615150205521 0.3331619406147507
3.5 3.75 31 32 55.24710695711235 0.305764027648206
3.5 3.75 32 33 53.17608630104161 0.2807313214330555
3.5 3.75 33 34 51.1527903564249 0.2578194833688828
3.5 3.75 34 35 49.18411629553097 0.236814812691334
3.5 3.75 35 36 47.27478310109962 0.2175297497383311
3.5 3.75 36 37 45.42781925123569 0.1997991409161229
3.5 3.75 37 38 43.64494421148859 0.1834771216261096
3.5 3.75 38 39 41.92686765794789 0.1684345033531373
3.5 3.75 39 40 40.27352467008525 0.1545565748871603
3.5 3.75 40 41 38.68426094397678 0.1417412454430479
3.5 3.75 41 42 37.15797875042429 0.1298974724303079
3.5 3.75 42 43 35.69325204052272 0.1189439278413512
3.5 3.75 43 44 34.28841720638925 0.1088078653802541
3.5 3.75 44 45 32.94164455201371 0.09942416024918452
3.5 3.75 45 46 31.65037018028875 0.09088435893847092
3.5 3.75 46 47 30.4136981487936 0.08373991240065526
3.5 3.75 47 48 29.22897079036659 0.0781254438628778
3.5 3.75 48 49 28.09415825283915 0.07406184787583826
3.5 3.75 49 50 27.00703640249925 0.0709990629728099
3.75 4 0 1 -323.1985730574242 1.799167477879749
3.75 4 1 2 -3982.907814454441 28.20035115924806
3.75 4 2 3 -2771.438375008846 13.09937640353414
3.75 4 3 4 -1690.40927522658 7.653458228862188
3.75 4 4 5 -1033.761004911689 4.985047855593788
3.75 4 5 6 -636.0378768307687 3.460171589292688
3.75 4 6 7 -389.4164541778639 2.502561463219621
3.75 4 7 8 -232.502015400185 1.861552904776865
3.75 4 8 9 -130.3758371815939 1.412439958304426
3.75 4 9 10 -62.68988255746365 1.086884429792474
3.75 4 10 11 -17.28303575340067 0.8449367782218988
3.75 4 11 12 13.37633231602103 0.6618241040757853
3.75 4 12 13 34.06982403178995 0.5215929235366064
3.75 4 13 14 47.91344287851587 0.4136756256152624
3.75 4 14 15 56.98394385690324 0.330943900038509
3.75 4 15 16 62.69301211362426 0.279036940485776
3.75 4 16 17 66.01684766575733 0.2569093317943694
3.75 4 17 18 67.64056761894159 0.2371062218732258
3.75 4 18 19 68.0511215264072 0.2193102256066561
3.75 4 19 20 67.59832843957275 0.2032569153662261
3.75 4 20 21 66.53573110015463 0.1887245825683244
3.75 4 21 22 65.04840735042177 0.1755262026855599
3.75 4 22 23 63.27219360231453 0.1635030910327367
3.75 4 23 24 61.30715625647596 0.1659050074870069
3.75 4 24 25 59.22715012414429 0.1700063594452861
3.75 4 25 26 57.08667686014442 0.1739403037232122
3.75 4 26 27 54.92585612896559 0.1774745757776378
3.75 4 27 28 52.7740618468076 0.1805009214694917
3.75 4 28 29 50.65260393457231 0.1829835289093991
3.75 4 29 30 48.57672074400958 0.1849275965617717
3.75 4 30 31 46.55706914283391 0.1863604930675832
3.75 4 31 32 44.6008454345274 0.1873205804781295
3.75 4 32 33 42.71263290200753 0.1878506550820884
3.75 4 33 34 40.89504548733349 0.1879941646061161
3.75 4 34 35 39.14921847348036 0.1877930947071146
3.75 4 35 36 37.47518366432769 0.1872868575726364
3.75 4 36 37 35.87215690606712 0.1865117797017885
3.75 4 37 38 34.33875877335689 0.1855009433251466
3.75 4 38 39 32.87318406831481 0.1842842317061104
3.75 4 39 40 31.47333196007443 0.1828884871120119
3.75 4 40 41 30.13690580216183 0.1813377255209628
3.75 4 41 42 28.86148945938683 0.1796533745752761
3.75 4 42 43 27.64460544577625 0.1778545148085586
3.75 4 43 44 26.48375894801907 0.1759581126704266
3.75 4 44 45 25.37647085413163 0.173979239298756
3.75 4 45 46 24.31983949086107 0.1719855776245037
3.75 4 46 47 23.31226845640774 0.1701788829473294
3.75 4 47 48 22.35099259874 0.1685740925085268
3.75 4 48 49 21.43379499444693 0.1671530622555771
3.75 4 49 50 20.55834157515122 0.1657533370323603
4 5 0 1 -999.8504734356495 2.718543978338858
4 5 1 2 -4371.446860279544 7.477014238569521
4 5 2 3 -2500.817162934496 5.549834422832007
4 5 3 4 -1365.115588060577 4.156340503876994
4 5 4 5 -749.0162281496107 3.111656520351349
4 5 5 6 -403.5722780217761 2.357789153006264
4 5 6 7 -203.3774421551002 1.850077973240594
4 5 7 8 -84.18544413739937 1.504229084325239
4 5 8 9 -11.85546839879169 1.25811719536575
4 5 9 10 32.42102336134542 1.073977611895034
4 5 10 11 59.35779138048701 0.9315809492595568
4 5 11 12 75.36954371664388 0.8198413568357749
4 5 12 13 84.37688923596875 0.729496883229804
4 5 13 14 88.82487441844808 0.6544288484407333
4 5 14 15 90.2799750878666 0.591631471209159
4 5 15 16 89.77481179444487 0.5389046999938234
4 5 16 17 88.00020343095235 0.4939112076202508
4 5 17 18 85.42015037827309 0.4547015952512009
4 5 18 19 82.34775246807243 0.420087461669912
4 5 19 20 78.99617340922771 0.389404759724544
4 5 20 21 75.51164161093197 0.3621470082061748
4 5 21 22 71.99444333997275 0.3378128063591685
4 5 22 23 68.5126630692032 0.315929268772398
4 5 23 24 65.11163497930738 0.2961060911155293
4 5 24 25 61.82065584920156 0.2780492963030315
4 5 25 26 58.65777270959887 0.261539693263686
4 5 26 27 55.63316496971888 0.2464034376181111
4 5 27 28 52.7515158571008 0.2324916543319458
4 5 28 29 50.01367821804824 0.2196715347321243
4 5 29 30 47.41785607677633 0.2078243928868023
4 5 30 31 44.96045274464984 0.1968458891074806
4 5 31 32 42.6366847413159 0.1866458349177695
4 5 32 33 40.44102722496146 0.1771469659345787
4 5 33 34 38.36753595468466 0.1682830427166249
4 5 34 35 36.41007799371482 0.1599968221291951
4 5 35 36 34.56249492211555 0.1522382711480461
4 5 36 37 32.81871634993751 0.1449631683685051
4 5 37 38 31.1728370542718 0.1381320788410863
4 5 38 39 29.61916763441854 0.1317096209827882
4 5 39 40 28.15226597931304 0.1256639301328456
4 5 40 41 26.76695493198394 0.1199662463168667
4 5 41 42 25.45833003699358 0.1145905744370544
4 5 42 43 24.22176024448837 0.1095133898832163
4 5 43 44 23.05288369489038 0.1047133753483075
4 5 44 45 21.94760009499377 0.1001711826185573
4 5 45 46 20.90161352027365 0.0962485426472144
4 5 46 47 19.9118340059988 0.09430566160423469
4 5 47 48 18.97447718252331 0.0943340020337127
4 5 48 49 18.08642477386581 0.09592824128070952
4 5 49 50 17.24432600407802 0.09790620792261427
-5 5 0 50 -520614.3040187141 92.0435310478363
