#ylo yhi qTlo qThi PDF0  uncertainty
-5 -4 0 1 -981.4312174775146 2.917894999110446
-5 -4 1 2 -4379.373596224843 7.018785439489584
-5 -4 2 3 -2522.574434422922 5.152710897073825
-5 -4 3 4 -1381.076063063918 3.810491129983203
-5 -4 4 5 -758.8777632243255 2.816297374826557
-5 -4 5 6 -409.1539858371234 2.121431567822119
-5 -4 6 7 -206.2075358749939 1.667643847131931
-5 -4 7 8 -85.29777766495863 1.363781524254158
-5 -4 8 9 -11.91118368066782 1.148439509106352
-5 -4 9 10 33.00649992551723 0.9866764331987996
-5 -4 10 11 60.32295791731178 0.8618792596580365
-5 -4 11 12 76.54899481214773 0.7644234539153136
-5 -4 12 13 85.66422170167289 0.6846952379507507
-5 -4 13 14 90.15178649670304 0.6174592248457712
-5 -4 14 15 91.60243521678029 0.5607629023822984
-5 -4 15 16 91.06480106210358 0.5129638678117804
-5 -4 16 17 89.24039723939188 0.4718927211476057
-5 -4 17 18 86.60035901933452 0.4357300320247846
-5 -4 18 19 83.46253386415759 0.4034814317840621
-5 -4 19 20 80.04324909802216 0.3746746813988647
-5 -4 20 21 76.49084235815508 0.3489387101216621
-5 -4 21 22 72.90699351497906 0.3258532292020442
-5 -4 22 23 69.36068516121821 0.3049969347103872
-5 -4 23 24 65.89780400278372 0.2860198509719884
-5 -4 24 25 62.54795965351522 0.2686633494665352
-5 -4 25 26 59.329347739376 0.2527385887340524
-5 -4 26 27 56.25218519595231 0.2380961584223246
-5 -4 27 28 53.32111867076219 0.2246058701814683
-5 -4 28 29 50.53691585889786 0.2121489339096137
-5 -4 29 30 47.8976647477017 0.2006173060171071
-5 -4 30 31 45.3996340596135 0.1899149706298644
-5 -4 31 32 43.03789581822942 0.1799584474560784
-5 -4 32 33 40.80677682520965 0.1706759831213206
-5 -4 33 34 38.70018480721895 0.1620058974353509
-5 -4 34 35 36.71184195233019 0.1538947150583604
-5 -4 35 36 34.83544997717691 0.1462955029835386
-5 -4 36 37 33.06480478844615 0.1391665801587522
-5 -4 37 38 31.39387426716974 0.1324705889501029
-5 -4 38 39 29.81684921920844 0.1261738468046289
-5 -4 39 40 28.32817489483879 0.1202458832514142
-5 -4 40 41 26.92256854291121 0.1146590861178034
-5 -4 41 42 25.59502693829478 0.1093884106018502
-5 -4 42 43 24.34082680057779 0.1044111225717479
-5 -4 43 44 23.15552025153729 0.09970656550381961
-5 -4 44 45 22.03492684521957 0.09525594588694863
-5 -4 45 46 20.97467025224914 0.09143673785030161
-5 -4 46 47 19.97160651717792 0.08966221254357051
-5 -4 47 48 19.02188051343185 0.08991729916956549
-5 -4 48 49 18.12231346050236 0.09177547709425647
-5 -4 49 50 17.26950279573768 0.09401091707116686
-4 -3.75 0 1 -299.0022419105965 1.825057708398818
-4 -3.75 1 2 -3974.524188248232 28.12967969007646
-4 -3.75 2 3 -2777.999607852848 13.10377708360957
-4 -3.75 3 4 -1696.995911037444 7.673362293872488
-4 -3.75 4 5 -1039.059926026403 5.008886487825188
-4 -3.75 5 6 -640.0798845427998 3.484465479533901
-4 -3.75 6 7 -392.4548568686344 2.526074200194603
-4 -3.75 7 8 -234.7841190484996 1.883823755078132
-4 -3.75 8 9 -132.0993672992795 1.433343138006154
-4 -3.75 9 10 -64.00354204725659 1.106358171711573
-4 -3.75 10 11 -18.29708854799094 0.8629943058445668
-4 -3.75 11 12 12.58119441879887 0.6784649880114003
-4 -3.75 12 13 33.43462385289513 0.5367868912252415
-4 -3.75 13 14 47.39506121389672 0.4273418630808636
-4 -3.75 14 15 56.55080436966318 0.3429329757734131
-4 -3.75 15 16 62.32194298599387 0.2819405801334364
-4 -3.75 16 17 65.6908097785913 0.259580620424568
-4 -3.75 17 18 67.34701058887492 0.2395703943298244
-4 -3.75 18 19 67.78079181738804 0.2215890711841588
-4 -3.75 19 20 67.3444025707725 0.2053693216685152
-4 -3.75 20 21 66.29318295478146 0.1906869898002215
-4 -3.75 21 22 64.81354452186253 0.1773529804298001
-4 -3.75 22 23 63.04231622663445 0.1652068504666342
-4 -3.75 23 24 61.08030494498141 0.1610739958951993
-4 -3.75 24 25 59.00191897906564 0.1647142634829266
-4 -3.75 25 26 56.86207422921493 0.1683739774043727
-4 -3.75 26 27 54.70120052591611 0.1717640113565622
-4 -3.75 27 28 52.54890388337327 0.1747359669275545
-4 -3.75 28 29 50.42666757305375 0.1772261572617552
-4 -3.75 29 30 48.34985895807228 0.1792204727659654
-4 -3.75 30 31 46.32923036536553 0.1807328488493394
-4 -3.75 31 32 44.3720481134018 0.1817922323233671
-4 -3.75 32 33 42.48294617072401 0.1824347661285828
-4 -3.75 33 34 40.66457446668437 0.1826991597376443
-4 -3.75 34 35 38.91809308989757 0.1826240022245851
-4 -3.75 35 36 37.24355014901491 0.1822462592835909
-4 -3.75 36 37 35.64017134308516 0.1816004906130761
-4 -3.75 37 38 34.10658221920797 0.1807185026949985
-4 -3.75 38 39 32.6409788784744 0.1796292609053466
-4 -3.75 39 40 31.24125904547556 0.1783589523752072
-4 -3.75 40 41 29.9051226031859 0.1769311322513978
-4 -3.75 41 42 28.63014847402995 0.1753669116349472
-4 -3.75 42 43 27.41385318625724 0.1736851621888483
-4 -3.75 43 44 26.2537352282607 0.1719027220136027
-4 -3.75 44 45 25.14730833252051 0.1700345941335324
-4 -3.75 45 46 24.09166047829353 0.1681505524191991
-4 -3.75 46 47 23.08519805614817 0.1664595853077117
-4 -3.75 47 48 22.1251450944825 0.1649763752560332
-4 -3.75 48 49 21.20927691935052 0.1636812279067981
-4 -3.75 49 50 20.33525758390306 0.1624049573097517
-3.75 -3.5 0 1 214.723991490442 1.609044698576526
-3.75 -3.5 1 2 -4635.740006832622 24.31276665230205
-3.75 -3.5 2 3 -3672.089591429242 16.13706902143096
-3.75 -3.5 3 4 -2362.030918930564 11.43354163797758
-3.75 -3.5 4 5 -1509.918192027424 8.587568249131873
-3.75 -3.5 5 6 -972.915726519414 6.719408800750355
-3.75 -3.5 6 7 -629.5712457864502 5.415440053038263
-3.75 -3.5 7 8 -405.0741874166695 4.462664073811156
-3.75 -3.5 8 9 -255.0410272259171 3.741553792436465
-3.75 -3.5 9 10 -152.8486729085942 3.180585910463044
-3.75 -3.5 10 11 -82.22556571013956 2.734312904035732
-3.75 -3.5 11 12 -32.89745120196085 2.372722618004238
-3.75 -3.5 12 13 1.769681824074382 2.075212513231615
-3.75 -3.5 13 14 26.16686399272908 1.827214123066886
-3.75 -3.5 14 15 43.264097912088 1.618158704559455
-3.75 -3.5 15 16 55.1093713574877 1.440208717110022
-3.75 -3.5 16 17 63.13917113281332 1.287440044182178
-3.75 -3.5 17 18 68.37626523307017 1.155299363488463
-3.75 -3.5 18 19 71.55844713608099 1.040234885750672
-3.75 -3.5 19 20 73.22403059077322 0.9394394132122637
-3.75 -3.5 20 21 73.76966703364144 0.8506679807229955
-3.75 -3.5 21 22 73.49009784871691 0.7721061192515591
-3.75 -3.5 22 23 72.60589942780621 0.7022731622532201
-3.75 -3.5 23 24 71.2831135408282 0.6399502437961928
-3.75 -3.5 24 25 69.64730949304726 0.5841259765405759
-3.75 -3.5 25 26 67.7937716579263 0.5339549762017223
-3.75 -3.5 26 27 65.7949561529403 0.4887258451524733
-3.75 -3.5 27 28 63.70599997425751 0.4478362084386897
-3.75 -3.5 28 29 61.56882615220226 0.4107730659342053
-3.75 -3.5 29 30 59.41522657544994 0.377097195845581
-3.75 -3.5 30 31 57.26919356134215 0.3464306742989657
-3.75 -3.5 31 32 55.14869463444387 0.3184468140551398
-3.75 -3.5 32 33 53.0670313850097 0.292861997383295
-3.75 -3.5 33 34 51.03388538053085 0.2694290030682843
-3.75 -3.5 34 35 49.05612702258657 0.2479315215674738
-3.75 -3.5 35 36 47.13844371591256 0.2281796208078476
-3.75 -3.5 36 37 45.28382951373388 0.2100059787815438
-3.75 -3.5 37 38 43.49396802135487 0.1932627367567021
-3.75 -3.5 38 39 41.76953262723529 0.1778188602869722
-3.75 -3.5 39 40 40.11042240637467 0.1635579155119658
-3.75 -3.5 40 41 38.51594782663062 0.1503761891881508
-3.75 -3.5 41 42 36.98497703978441 0.138181093841136
-3.75 -3.5 42 43 35.51605120307792 0.1268898109676952
-3.75 -3.5 43 44 34.10747537046598 0.1164281345675054
-3.75 -3.5 44 45 32.75739003243044 0.1067294845336483
-3.75 -3.5 45 46 31.46319817925621 0.0978752266687134
-3.75 -3.5 46 47 30.22399132937862 0.09037723464248168
-3.75 -3.5 47 48 29.03708131717572 0.0843523874537431
-3.75 -3.5 48 49 27.90041420698498 0.07981521861009325
-3.75 -3.5 49 50 26.81174863416025 0.07624952735620133
-3.5 -3.25 0 1 878.3648699614089 0.4362830120742147
-3.5 -3.25 1 2 -4825.060291023941 18.00022020881294
-3.5 -3.25 2 3 -4323.08988151572 14.43642586833917
-3.5 -3.25 3 4 -2898.260132531717 10.93573614401284
-3.5 -3.25 4 5 -1912.31208805555 8.541261163228469
-3.5 -3.25 5 6 -1270.966383383959 6.870946844958606
-3.5 -3.25 6 7 -851.2791355844156 5.659325024965787
-3.5 -3.25 7 8 -571.3357317533489 4.749256907325042
-3.5 -3.25 8 9 -380.7084726118667 4.045581672099099
-3.5 -3.25 9 10 -248.4193149554335 3.48856891201697
-3.5 -3.25 10 11 -155.1928342863555 3.038860613474002
-3.5 -3.25 11 12 -88.67769917181181 2.669782223776977
-3.5 -3.25 12 13 -40.79617785602613 2.36262458789168
-3.5 -3.25 13 14 -6.139653304221156 2.103923429425906
-3.5 -3.25 14 15 18.98968275581888 1.883764578119951
-3.5 -3.25 15 16 37.16804323678889 1.694700739024579
-3.5 -3.25 16 17 50.22068660553009 1.531038787408003
-3.5 -3.25 17 18 59.46027042563412 1.388358656034817
-3.5 -3.25 18 19 65.84335823425658 1.263181058250176
-3.5 -3.25 19 20 70.0751888483901 1.152733275189428
-3.5 -3.25 20 21 72.68106662372963 1.054781017108389
-3.5 -3.25 21 22 74.0558020730125 0.9675057115745784
-3.5 -3.25 22 23 74.49846160006723 0.8894135982190683
-3.5 -3.25 23 24 74.23712324527304 0.8192674656011516
-3.5 -3.25 24 25 73.44673126626856 0.7560347515250702
-3.5 -3.25 25 26 72.26211911547279 0.6988476335858081
-3.5 -3.25 26 27 70.7876066756541 0.6469720178989592
-3.5 -3.25 27 28 69.10413996054211 0.5997832086806661
-3.5 -3.25 28 29 67.27464880692253 0.5567466485515482
-3.5 -3.25 29 30 65.34809937522226 0.5174025460038586
-3.5 -3.25 30 31 63.36258190296917 0.4813535108450717
-3.5 -3.25 31 32 61.34767919951503 0.4482545371033048
-3.5 -3.25 32 33 59.32629462894616 0.4178048332832575
-3.5 -3.25 33 34 57.31607091198512 0.389741117130687
-3.5 -3.25 34 35 55.33049703711268 0.3638320797856169
-3.5 -3.25 35 36 53.3797759155442 0.3398737899758063
-3.5 -3.25 36 37 51.4715073984012 0.3176858585366035
-3.5 -3.25 37 38 49.61122804196896 0.2971082216720424
-3.5 -3.25 38 39 47.80283913633002 0.2779984304679173
-3.5 -3.25 39 40 46.04894715062071 0.2602293569840138
-3.5 -3.25 40 41 44.35113529700698 0.2436872444793395
-3.5 -3.25 41 42 42.71018057509013 0.2282700438962171
-3.5 -3.25 42 43 41.12622761618135 0.2138859889170935
-3.5 -3.25 43 44 39.59892812490986 0.2004523710834533
-3.5 -3.25 44 45 38.12755282558395 0.1878944832576406
-3.5 -3.25 45 46 36.71032348430373 0.1762445858651726
-3.5 -3.25 46 47 35.3473883042586 0.1658282332400783
-3.5 -3.25 47 48 34.03658882396081 0.156679463907184
-3.5 -3.25 48 49 32.77642013564247 0.1487718864481185
-3.5 -3.25 49 50 31.56509745681372 0.1417242454565689
-3.25 -3 0 1 1586.28659556519 1.192417354737408
-3.25 -3 1 2 -4672.308105676149 9.04177117114101
-3.25 -3 2 3 -4745.741530069112 9.485559099365997
-3.25 -3 3 4 -3296.262824306532 7.717804450660565
-3.25 -3 4 5 -2230.776990597702 6.263180519107909
-3.25 -3 5 6 -1517.954346297561 5.170385032255959
-3.25 -3 6 7 -1042.273575559891 4.343124728298585
-3.25 -3 7 8 -719.7896727323969 3.703535641305342
-3.25 -3 8 9 -496.9270622188653 3.198151581645336
-3.25 -3 9 10 -340.0443587246623 2.791238225934896
-3.25 -3 10 11 -227.8748350231883 2.458018974448132
-3.25 -3 11 12 -146.6169011650643 2.181218277463266
-3.25 -3 12 13 -87.14668327787717 1.948407733645996
-3.25 -3 13 14 -43.2966212135409 1.750466707678906
-3.25 -3 14 15 -10.81308692517496 1.580570480480092
-3.25 -3 15 16 13.29177877566917 1.433522308936611
-3.25 -3 16 17 31.15165970766418 1.30530265585946
-3.25 -3 17 18 44.31293372557036 1.1927585483792
-3.25 -3 18 19 53.91119039731677 1.09338530765906
-3.25 -3 19 20 60.79018748355065 1.0051704215904
-3.25 -3 20 21 65.58341314374491 0.9264800287321765
-3.25 -3 21 22 68.77090335779724 0.8559751408917612
-3.25 -3 22 23 70.71940158167365 0.792548961431892
-3.25 -3 23 24 71.71112479632393 0.73527939459929
-3.25 -3 24 25 71.96462138099184 0.6833926461408445
-3.25 -3 25 26 71.65006498836203 0.6362350264759468
-3.25 -3 26 27 70.900584495511 0.5932508917015766
-3.25 -3 27 28 69.82073704879986 0.553965228344649
-3.25 -3 28 29 68.492899972207 0.5179697873002179
-3.25 -3 29 30 66.98213145653608 0.4849119563584644
-3.25 -3 30 31 65.33989430205776 0.4544857639988794
-3.25 -3 31 32 63.60692817676119 0.4264245568803369
-3.25 -3 32 33 61.81547908867327 0.4004950000322345
-3.25 -3 33 34 59.99104002043458 0.3764921319191756
-3.25 -3 34 35 58.15371722330246 0.3542352649741562
-3.25 -3 35 36 56.31930799979003 0.3335645693243345
-3.25 -3 36 37 54.50015476463685 0.3143382108444832
-3.25 -3 37 38 52.70582468069117 0.2964299425170955
-3.25 -3 38 39 50.94365255626676 0.2797270681514771
-3.25 -3 39 40 49.21917601079301 0.2641287129239845
-3.25 -3 40 41 47.53648545529589 0.2495443492624635
-3.25 -3 41 42 45.89850627886605 0.2358925351291863
-3.25 -3 42 43 44.3072270125011 0.2230998298607585
-3.25 -3 43 44 42.76388420423561 0.2110998598686761
-3.25 -3 44 45 41.26911249089486 0.1998325105269207
-3.25 -3 45 46 39.8222149695666 0.1893518207729412
-3.25 -3 46 47 38.42454717108376 0.1800228065338925
-3.25 -3 47 48 37.07472848521874 0.171884065726798
-3.25 -3 48 49 35.77200688068379 0.1649063463851346
-3.25 -3 49 50 34.51525387699397 0.1586804038861594
-3 -2.75 0 1 2267.687172680119 1.590918664930392
-3 -2.75 1 2 -4336.567515576697 4.51141621310921
-3 -2.75 2 3 -5002.860545784673 5.949613309265386
-3 -2.75 3 4 -3580.175164179543 5.063030975727635
-3 -2.75 4 5 -2472.212250930942 4.202021477156475
-3 -2.75 5 6 -1712.836285885428 3.52019159476988
-3 -2.75 6 7 -1197.857380207509 2.989377794574359
-3 -2.75 7 8 -844.1617067422285 2.571441363304031
-3 -2.75 8 9 -596.8805647526779 2.236653270502305
-3 -2.75 9 10 -420.8880948595281 1.964313027372264
-3 -2.75 10 11 -293.676042160952 1.739345253172485
-3 -2.75 11 12 -200.4823408903135 1.551097945574322
-3 -2.75 12 13 -131.4614417592991 1.391761337913104
-3 -2.75 13 14 -79.90632581262344 1.255529051955758
-3 -2.75 14 15 -41.15881364378629 1.13801011889201
-3 -2.75 15 16 -11.92547255144518 1.035831232149989
-3 -2.75 16 17 10.16024699189347 0.9463633225623826
-3 -2.75 17 18 26.82385187107218 0.8675303721398459
-3 -2.75 18 19 39.34001304174717 0.7976734746940358
-3 -2.75 19 20 48.66144719874001 0.7354526274357704
-3 -2.75 20 21 55.50772977134886 0.6797747148660279
-3 -2.75 21 22 60.42745627278896 0.6297399628547342
-3 -2.75 22 23 63.84237725165849 0.584601612244916
-3 -2.75 23 24 66.07914913528782 0.5437351853595236
-3 -2.75 24 25 67.39245365303009 0.5066148054299565
-3 -2.75 25 26 67.9820202689956 0.4727947632750645
-3 -2.75 26 27 68.00528834009793 0.4418950329290196
-3 -2.75 27 28 67.58691500138082 0.4135897890751852
-3 -2.75 28 29 66.82597692259247 0.3875982304272964
-3 -2.75 29 30 65.80146920962716 0.3636771888630542
-3 -2.75 30 31 64.57653543025708 0.3416151347459644
-3 -2.75 31 32 63.20174399182849 0.3212272816612627
-3 -2.75 32 33 61.71764207584761 0.3023515641410462
-3 -2.75 33 34 60.15675821485672 0.2848453130476064
-3 -2.75 34 35 58.54518115902778 0.2685824918389698
-3 -2.75 35 36 56.90381101357985 0.2534513879266372
-3 -2.75 36 37 55.24935532912207 0.2393526737620856
-3 -2.75 37 38 53.59512561492033 0.2261977713340035
-3 -2.75 38 39 51.95167681833624 0.213907466430083
-3 -2.75 39 40 50.32732261341198 0.202410729102118
-3 -2.75 40 41 48.72855210953477 0.1916437064594119
-3 -2.75 41 42 47.16036779655104 0.1815488586204634
-3 -2.75 42 43 45.62656047482045 0.1720742149810266
-3 -2.75 43 44 44.12993347060547 0.1631727323287587
-3 -2.75 44 45 42.67248591047311 0.154801738153104
-3 -2.75 45 46 41.25464394590463 0.1470794905607442
-3 -2.75 46 47 39.87894191203713 0.1405688189488372
-3 -2.75 47 48 38.5448399928992 0.1353518674659108
-3 -2.75 48 49 37.25238166833904 0.1314014520748747
-3 -2.75 49 50 36.00114249301939 0.1281402923741218
-2.75 -2.5 0 1 2897.908528974658 2.100643094653158
-2.75 -2.5 1 2 -3921.533957913367 1.100222708686083
-2.75 -2.5 2 3 -5153.605397604472 2.88411521072296
-2.75 -2.5 3 4 -3781.984976684682 2.729411875643667
-2.75 -2.5 4 5 -2653.608871829958 2.384151372977704
-2.75 -2.5 5 6 -1864.155570571728 2.065377828483137
-2.75 -2.5 6 7 -1321.696410107401 1.798338047523358
-2.75 -2.5 7 8 -945.2455586888445 1.578222855852772
-2.75 -2.5 8 9 -679.6540918072742 1.395764512119439
-2.75 -2.5 9 10 -489.022238624201 1.243558169154671
-2.75 -2.5 10 11 -350.0813060763439 1.115105133522193
-2.75 -2.5 11 12 -247.4387260813048 1.005683860446153
-2.75 -2.5 12 13 -170.7541669541474 0.9116290748490776
-2.75 -2.5 13 14 -112.9395338866495 0.8301152067158247
-2.75 -2.5 14 15 -69.04429939460442 0.7589429329825217
-2.75 -2.5 15 16 -35.55012802127567 0.696381903368418
-2.75 -2.5 16 17 -9.916428681367961 0.6410559655956869
-2.75 -2.5 17 18 9.717972040783934 0.5918592321194337
-2.75 -2.5 18 19 24.73432161009498 0.5478942542580275
-2.75 -2.5 19 20 36.16971344975332 0.5084260457810033
-2.75 -2.5 20 21 44.81102912375388 0.4728475381919176
-2.75 -2.5 21 22 51.26094016725961 0.440653353043497
-2.75 -2.5 22 23 55.98493920271346 0.411419685472763
-2.75 -2.5 23 24 59.34529169110556 0.3847887223862859
-2.75 -2.5 24 25 61.62584109604313 0.3604564617081017
-2.75 -2.5 25 26 63.0503324951643 0.3381631050874992
-2.75 -2.5 26 27 63.79608664722684 0.3176854182849478
-2.75 -2.5 27 28 64.00430049541706 0.2988306079480488
-2.75 -2.5 28 29 63.78787403867648 0.281431378130538
-2.75 -2.5 29 30 63.23740544792156 0.265341911042256
-2.75 -2.5 30 31 62.42581741028812 0.2504345788095857
-2.75 -2.5 31 32 61.41195188280386 0.2365972351453617
-2.75 -2.5 32 33 60.24338119132193 0.2237309735829865
-2.75 -2.5 33 34 58.95861941058604 0.2117482604324865
-2.75 -2.5 34 35 57.58887159704818 0.2005713722515428
-2.75 -2.5 35 36 56.15942458031788 0.1901310814785291
-2.75 -2.5 36 37 54.69075803472663 0.1803655465366966
-2.75 -2.5 37 38 53.19943605643994 0.1712193690892481
-2.75 -2.5 38 39 51.69882555398999 0.1626427912842958
-2.75 -2.5 39 40 50.19967728338398 0.1545910088083694
-2.75 -2.5 40 41 48.71059754031521 0.1470235808156959
-2.75 -2.5 41 42 47.23843223527803 0.1399039215580684
-2.75 -2.5 42 43 45.78858066571894 0.1331988605743725
-2.75 -2.5 43 44 44.36525252927299 0.1268782613899954
-2.75 -2.5 44 45 42.97167898269768 0.1209146894144408
-2.75 -2.5 45 46 41.60931691954613 0.1155046032632294
-2.75 -2.5 46 47 40.28175357516432 0.1114614852007822
-2.75 -2.5 47 48 38.98923471521428 0.1089004982231301
-2.75 -2.5 48 49 37.73254104830306 0.1077638802479907
-2.75 -2.5 49 50 36.51190325639877 0.1072403432109348
-2.5 -2.25 0 1 3473.689173625648 1.622981092884719
-2.5 -2.25 1 2 -3493.043478928651 0.9515117817039629
-2.5 -2.25 2 3 -5245.878345147973 1.687190994892791
-2.5 -2.25 3 4 -3930.198601067242 1.582984863174801
-2.5 -2.25 4 5 -2791.617157977996 1.447425087301867
-2.5 -2.25 5 6 -1981.597958718349 1.294521857815499
-2.5 -2.25 6 7 -1419.309583185121 1.15489334787154
-2.5 -2.25 7 8 -1026.003691307269 1.033466815645373
-2.5 -2.25 8 9 -746.6055975788358 0.9285389243588614
-2.5 -2.25 9 10 -544.78116637944 0.8384195746907764
-2.5 -2.25 10 11 -396.7652799486866 0.7604033905834258
-2.5 -2.25 11 12 -286.7354415076784 0.6925565057717583
-2.5 -2.25 12 13 -204.0033059717953 0.6332048802768062
-2.5 -2.25 13 14 -141.2071383670702 0.5809825923798559
-2.5 -2.25 14 15 -93.18305082054553 0.5347789109505704
-2.5 -2.25 15 16 -56.24634997532416 0.4936886188959787
-2.5 -2.25 16 17 -27.72621833350217 0.4569704183117467
-2.5 -2.25 17 18 -5.658941884756587 0.4240135980804406
-2.5 -2.25 18 19 11.41800580010113 0.3943117833209455
-2.5 -2.25 19 20 24.60658770870793 0.3674423738765154
-2.5 -2.25 20 21 34.74581053355553 0.3430504344975006
-2.5 -2.25 21 22 42.4805049629598 0.3208360291031749
-2.5 -2.25 22 23 48.3104750692471 0.300544213491955
-2.5 -2.25 23 24 52.62607561014374 0.28195708287378
-2.5 -2.25 24 25 55.73427330702327 0.2648874137310879
-2.5 -2.25 25 26 57.87794789085444 0.2491735479548456
-2.5 -2.25 26 27 59.2503319730364 0.2346752512511112
-2.5 -2.25 27 28 60.00591553120671 0.2212703398654594
-2.5 -2.25 28 29 60.26875215693599 0.2088519165650697
-2.5 -2.25 29 30 60.1388369529036 0.1973260930191428
-2.5 -2.25 30 31 59.69704027912593 0.1866101033951913
-2.5 -2.25 31 32 59.00895071471143 0.1766307322140706
-2.5 -2.25 32 33 58.12788760085266 0.1673229993913876
-2.5 -2.25 33 34 57.09727670689517 0.1586290541233891
-2.5 -2.25 34 35 55.95253406296194 0.1504972401507038
-2.5 -2.25 35 36 54.72256751558609 0.1428813030575894
-2.5 -2.25 36 37 53.43097932158537 0.135739714739508
-2.5 -2.25 37 38 52.09703365329733 0.1290350960799871
-2.5 -2.25 38 39 50.73643821405079 0.1227337205379172
-2.5 -2.25 39 40 49.36197810860205 0.1168050875298253
-2.5 -2.25 40 41 47.98403184627182 0.1112215525887365
-2.5 -2.25 41 42 46.61099268888981 0.1059580078243494
-2.5 -2.25 42 43 45.24961388779687 0.1009916026028288
-2.5 -2.25 43 44 43.90529232707374 0.09630150100955584
-2.5 -2.25 44 45 42.5823021941666 0.09186866915338522
-2.5 -2.25 45 46 41.28297662561781 0.08799452857292726
-2.5 -2.25 46 47 40.0117942909269 0.08585794111651222
-2.5 -2.25 47 48 38.76967383179132 0.08559480182372314
-2.5 -2.25 48 49 37.55802812529873 0.087053344973227
-2.5 -2.25 49 50 36.37764923279775 0.09180518509671205
-2.25 -2 0 1 3995.226983203297 1.031684429899723
-2.25 -2 1 2 -3100.061357364649 0.8423775361821206
-2.25 -2 2 3 -5337.470212863866 1.645454972375562
-2.25 -2 3 4 -4070.558040901649 1.52498854884867
-2.25 -2 4 5 -2918.217822777351 1.345907418293116
-2.25 -2 5 6 -2086.03997867739 1.187188499834026
-2.25 -2 6 7 -1503.56988768774 1.053917616339868
-2.25 -2 7 8 -1093.761746023863 0.941789289125629
-2.25 -2 8 9 -801.2666913992248 0.8472551135319222
-2.25 -2 9 10 -589.1092041743664 0.7661019385378302
-2.25 -2 10 11 -432.9123828679992 0.696178936274686
-2.25 -2 11 12 -316.3639194305288 0.635365882917474
-2.25 -2 12 13 -228.3989998834404 0.5820908624888556
-2.25 -2 13 14 -161.371040911619 0.5351140871959671
-2.25 -2 14 15 -109.9007057657816 0.4934466211452508
-2.25 -2 15 16 -70.1394446777565 0.4562912305926953
-2.25 -2 16 17 -39.29082456089895 0.422998888839084
-2.25 -2 17 18 -15.2939772966804 0.3930364224373279
-2.25 -2 18 19 3.389437470719258 0.3659621577723587
-2.25 -2 19 20 17.92105475759536 0.3414073842800198
-2.25 -2 20 21 29.18723055405144 0.3190620907050605
-2.25 -2 21 22 37.87065167161904 0.2986638869262168
-2.25 -2 22 23 44.50160081720935 0.2799893135144726
-2.25 -2 23 24 49.49513059023059 0.262846970217488
-2.25 -2 24 25 53.17834082076877 0.2470720358235432
-2.25 -2 25 26 55.81061388660521 0.2325218666736101
-2.25 -2 26 27 57.59877831636413 0.219072432814807
-2.25 -2 27 28 58.70857827663076 0.2066154163980808
-2.25 -2 28 29 59.27342411401185 0.1950558315457007
-2.25 -2 29 30 59.40112200079591 0.1843100605089611
-2.25 -2 30 31 59.17908792343241 0.1743042259271841
-2.25 -2 31 32 58.67841523961943 0.1649728310033024
-2.25 -2 32 33 57.95706820924681 0.1562576210728622
-2.25 -2 33 34 57.06240426403201 0.1481066239203842
-2.25 -2 34 35 56.03317716507405 0.1404733368059712
-2.25 -2 35 36 54.90113612120325 0.1333160367722534
-2.25 -2 36 37 53.69230849596579 0.1265971910699611
-2.25 -2 37 38 52.42803335941829 0.1202829518886265
-2.25 -2 38 39 51.12579776444477 0.114342722509145
-2.25 -2 39 40 49.79991601508914 0.1087487821831824
-2.25 -2 40 41 48.46208350790909 0.1034759613654366
-2.25 -2 41 42 47.121829714961 0.09850136033998443
-2.25 -2 42 43 45.78688995712898 0.0938041023736645
-2.25 -2 43 44 44.46351136912048 0.08936512012804504
-2.25 -2 44 45 43.15670540107419 0.08516696661864034
-2.25 -2 45 46 41.86940185121767 0.08184619574232908
-2.25 -2 46 47 40.60671922294833 0.08178132447612116
-2.25 -2 47 48 39.37001700940024 0.08503710833082549
-2.25 -2 48 49 38.16113001932203 0.09099862662220158
-2.25 -2 49 50 36.98121724280739 0.09730807863956682
-2 -1.75 0 1 4491.622715769567 1.064386407620028
-2 -1.75 1 2 -2704.554727635809 2.85196413968922
-2 -1.75 2 3 -5395.839436201553 2.830181324109216
-2 -1.75 3 4 -4188.095644481192 2.305447480998555
-2 -1.75 4 5 -3034.171478396555 1.890254884858167
-2 -1.75 5 6 -2188.445116334245 1.581887415580089
-2 -1.75 6 7 -1591.172673964496 1.348845947019591
-2 -1.75 7 8 -1167.994198744692 1.167898849627539
-2 -1.75 8 9 -864.0963161657114 1.024021499208567
-2 -1.75 9 10 -642.4070672013609 0.9069035348886498
-2 -1.75 10 11 -478.2912436446845 0.8101040098418436
-2 -1.75 11 12 -355.1639467374159 0.7286912043744369
-2 -1.75 12 13 -261.7176930353744 0.6593771958099908
-2 -1.75 13 14 -190.1036808393937 0.5997137002340296
-2 -1.75 14 15 -134.7782080073453 0.5478713516818764
-2 -1.75 15 16 -91.76046988350572 0.5024558074932934
-2 -1.75 16 17 -58.14787966773133 0.4623854487878682
-2 -1.75 17 18 -31.79424146884685 0.4268080954311205
-2 -1.75 18 19 -11.09238584204741 0.3950430213853349
-2 -1.75 19 20 5.175096434162469 0.3665397533851529
-2 -1.75 20 21 17.93998488464786 0.3408482463092574
-2 -1.75 21 22 27.92215244045872 0.3175969237116095
-2 -1.75 22 23 35.68248173600284 0.2964762610715777
-2 -1.75 23 24 41.66133249591462 0.2772263387194024
-2 -1.75 24 25 46.2068359813079 0.2596272855257174
-2 -1.75 25 26 49.59593392830379 0.2434918562870985
-2 -1.75 26 27 52.05018034536943 0.2286596050237201
-2 -1.75 27 28 53.74772047511919 0.2149922670667209
-2 -1.75 28 29 54.83245018851892 0.2023700655216399
-2 -1.75 29 30 55.42107540688426 0.1906887333226612
-2 -1.75 30 31 55.6085934134943 0.1798570932770517
-2 -1.75 31 32 55.47257814045599 0.1697950777007017
-2 -1.75 32 33 55.07655185296136 0.1604320974184833
-2 -1.75 33 34 54.47265382909421 0.1517056889345719
-2 -1.75 34 35 53.70376434584665 0.1435603874712544
-2 -1.75 35 36 52.80520391457236 0.1359467817880319
-2 -1.75 36 37 51.80609926136481 0.1288207180700065
-2 -1.75 37 38 50.73048639753824 0.1221426254271078
-2 -1.75 38 39 49.59820513618428 0.1158769430371554
-2 -1.75 39 40 48.42562731362182 0.1099916306116663
-2 -1.75 40 41 47.2262519170593 0.1044577483886543
-2 -1.75 41 42 46.0111929878862 0.09924909542086731
-2 -1.75 42 43 44.78958102618651 0.09434189821032272
-2 -1.75 43 44 43.56889416861918 0.08971453923375518
-2 -1.75 44 45 42.35523220171078 0.08534732195138175
-2 -1.75 45 46 41.15246004190681 0.08161391970633433
-2 -1.75 46 47 39.96660521540622 0.08122356084666076
-2 -1.75 47 48 38.79975919935768 0.08493076654256225
-2 -1.75 48 49 37.65443391644399 0.09148297063396943
-2 -1.75 49 50 36.53238666670566 0.09839680008263509
-1.75 -1.5 0 1 4950.391525824488 0.9788255888093148
-1.75 -1.5 1 2 -2318.042603382498 0.8460087748714893
-1.75 -1.5 2 3 -5423.015048610514 1.754067241885872
-1.75 -1.5 3 4 -4259.460662801877 1.693671179751294
-1.75 -1.5 4 5 -3099.283391070344 1.509121389164295
-1.75 -1.5 5 6 -2240.98919218939 1.32368713072
-1.75 -1.5 6 7 -1632.381834799428 1.161323213557849
-1.75 -1.5 7 8 -1200.150410639206 1.024549519710968
-1.75 -1.5 8 9 -889.2908049968569 0.9080111946992165
-1.75 -1.5 9 10 -662.2356035919315 0.8128316855084869
-1.75 -1.5 10 11 -493.9457886352716 0.7300555863079444
-1.75 -1.5 11 12 -367.5736696128699 0.6598444646136276
-1.75 -1.5 12 13 -271.5769845016594 0.5993173223567317
-1.75 -1.5 13 14 -197.9439839204247 0.5467240923938805
-1.75 -1.5 14 15 -141.0103379877821 0.500690610775768
-1.75 -1.5 15 16 -96.70503931533926 0.4601304904310111
-1.75 -1.5 16 17 -62.057291066895 0.4241772984454298
-1.75 -1.5 17 18 -34.86874450686378 0.3921335268879682
-1.75 -1.5 18 19 -13.49193853512429 0.3634324098785343
-1.75 -1.5 19 20 3.321960792396339 0.3376092853002224
-1.75 -1.5 20 21 16.52945241578573 0.3142799734065345
-1.75 -1.5 21 22 26.87000323111715 0.2931243246340857
-1.75 -1.5 22 23 34.92013322081698 0.2738735810022084
-1.75 -1.5 23 24 41.13275767730181 0.2563005825385629
-1.75 -1.5 24 25 45.86614358380086 0.2402121076052721
-1.75 -1.5 25 26 49.40545441681854 0.2254428314459691
-1.75 -1.5 26 27 51.97894207968 0.2118505197873442
-1.75 -1.5 27 28 53.77022925999938 0.1993121766951534
-1.75 -1.5 28 29 54.92770655288962 0.1877209332994647
-1.75 -1.5 29 30 55.57177944509374 0.1769835167245808
-1.75 -1.5 30 31 55.80049853341109 0.1670181789703246
-1.75 -1.5 31 32 55.6939637122897 0.1577529904024968
-1.75 -1.5 32 33 55.3177912906047 0.1491244254017546
-1.75 -1.5 33 34 54.72585963791101 0.1410761844763786
-1.75 -1.5 34 35 53.96249551658798 0.1335582075495679
-1.75 -1.5 35 36 53.06422402707886 0.1265258435950309
-1.75 -1.5 36 37 52.06117598544313 0.119939148050497
-1.75 -1.5 37 38 50.97822490897875 0.1137622868946414
-1.75 -1.5 38 39 49.83590940723985 0.1079630277507431
-1.75 -1.5 39 40 48.65118438159823 0.1025123048726547
-1.75 -1.5 40 41 47.43803515075439 0.09738384374482115
-1.75 -1.5 41 42 46.20798109570228 0.09255384008177694
-1.75 -1.5 42 43 44.97049015143557 0.08800067860749115
-1.75 -1.5 43 44 43.73332087760139 0.08370469203047268
-1.75 -1.5 44 45 42.50280556757036 0.07964794871798653
-1.75 -1.5 45 46 41.28296112670262 0.07652693492776955
-1.75 -1.5 46 47 40.08005159781527 0.07694609899493379
-1.75 -1.5 47 48 38.89625775294263 0.08099405618517538
-1.75 -1.5 48 49 37.73419713652555 0.08801898727084712
-1.75 -1.5 49 50 36.5957202547236 0.09544218213445273
-1.5 -1.25 0 1 5385.212254414269 3.11920527231554
-1.5 -1.25 1 2 -1936.947180961913 3.72844751949098
-1.5 -1.25 2 3 -5444.444479642566 1.682930040994247
-1.5 -1.25 3 4 -4337.328967730527 1.618681565641148
-1.5 -1.25 4 5 -3179.115107392004 1.445445616363191
-1.5 -1.25 5 6 -2311.941778326517 1.276229588784592
-1.5 -1.25 6 7 -1693.056736185097 1.128825648215313
-1.5 -1.25 7 8 -1251.473600757756 1.003825524064898
-1.5 -1.25 8 9 -932.6321405481076 0.8971566428134784
-1.5 -1.25 9 10 -698.9946517190715 0.8079299426773324
-1.5 -1.25 10 11 -525.1937244377405 0.7303804962458191
-1.5 -1.25 11 12 -394.2765350552077 0.6637737302813191
-1.5 -1.25 12 13 -294.5029749607847 0.6058604720327314
-1.5 -1.25 13 14 -217.7173556635712 0.5551495383800074
-1.5 -1.25 14 15 -158.1392346550147 0.5104555678550676
-1.5 -1.25 15 16 -111.6046871931819 0.4708299464188379
-1.5 -1.25 16 17 -75.06862839277642 0.4355073278715315
-1.5 -1.25 17 18 -46.27316188418263 0.4038649394339991
-1.5 -1.25 18 19 -23.52288883113329 0.3753917293414199
-1.5 -1.25 19 20 -5.530187371783995 0.3496649144950027
-1.5 -1.25 20 21 8.692994527224073 0.3263320409698616
-1.5 -1.25 21 22 19.91192955102952 0.3050971658612046
-1.5 -1.25 22 23 28.72435369946891 0.2857101178423598
-1.5 -1.25 23 24 35.60071271685149 0.2679580876441156
-1.5 -1.25 24 25 40.91382828942471 0.2527142465877533
-1.5 -1.25 25 26 44.96100308871848 0.2398868315547099
-1.5 -1.25 26 27 47.98065736583544 0.2279437448977218
-1.5 -1.25 27 28 50.16496620116015 0.2168059453100502
-1.5 -1.25 28 29 51.66954141161386 0.2064030063883212
-1.5 -1.25 29 30 52.62090825539303 0.1966720418110416
-1.5 -1.25 30 31 53.12232188363805 0.1875567730410106
-1.5 -1.25 31 32 53.25832322261806 0.1790067235208421
-1.5 -1.25 32 33 53.09833021531375 0.1709765207532758
-1.5 -1.25 33 34 52.69948546966685 0.1634252916388421
-1.5 -1.25 34 35 52.10892675531869 0.1563161380643417
-1.5 -1.25 35 36 51.365606667056 0.1496156810163472
-1.5 -1.25 36 37 50.50175796803609 0.1432936641658886
-1.5 -1.25 37 38 49.5440789400804 0.13732260756028
-1.5 -1.25 38 39 48.51469626495589 0.1316775056739309
-1.5 -1.25 39 40 47.43195023259779 0.1263355619351262
-1.5 -1.25 40 41 46.31103752072949 0.1212759574370716
-1.5 -1.25 41 42 45.16453905061923 0.1164796454755705
-1.5 -1.25 42 43 44.00285500176244 0.1119291723596849
-1.5 -1.25 43 44 42.83456431906717 0.1076085177302724
-1.5 -1.25 44 45 41.66672268219781 0.1035029541735243
-1.5 -1.25 45 46 40.50395861414677 0.09994222021574331
-1.5 -1.25 46 47 39.35314589087653 0.09819905406360195
-1.5 -1.25 47 48 38.21694009192086 0.09845229134320063
-1.5 -1.25 48 49 37.09840448625661 0.1006053716945683
-1.5 -1.25 49 50 35.99977391918267 0.1034139766641624
-1.25 -1 0 1 5752.380489102873 1.539818094247658
-1.25 -1 1 2 -1632.238444632816 0.7686524125457272
-1.25 -1 2 3 -5478.947943140072 2.093230276690786
-1.25 -1 3 4 -4412.724433142641 1.984221828592274
-1.25 -1 4 5 -3250.492445317337 1.745211309928576
-1.25 -1 5 6 -2371.944292881501 1.524179151196807
-1.25 -1 6 7 -1741.921210910009 1.338272633371835
-1.25 -1 7 8 -1290.956667335114 1.184246387894145
-1.25 -1 8 9 -964.5407929928951 1.055515114806592
-1.25 -1 9 10 -724.8593792238603 0.9481450834183331
-1.25 -1 10 11 -546.2398968566426 0.8563158145490066
-1.25 -1 11 12 -411.4606817624426 0.7777208041062663
-1.25 -1 12 13 -308.5752500980789 0.7096867692693809
-1.25 -1 13 14 -229.2670964038027 0.6503122242556839
-1.25 -1 14 15 -167.6323159549654 0.5981156006507538
-1.25 -1 15 16 -119.4119807001771 0.551928812801185
-1.25 -1 16 17 -81.48747218534936 0.5108201442284541
-1.25 -1 17 18 -51.54356035933324 0.474038172918253
-1.25 -1 18 19 -27.83979623381538 0.4409706334820814
-1.25 -1 19 20 -9.052887984738618 0.4111139044080906
-1.25 -1 20 21 5.833666019818793 0.3840501106289924
-1.25 -1 21 22 17.60798476590958 0.3594297412442617
-1.25 -1 22 23 26.88626744970111 0.3369583065136424
-1.25 -1 23 24 34.15396831272585 0.3163859877801293
-1.25 -1 24 25 39.79617515862822 0.2974995290168198
-1.25 -1 25 26 44.12026536139217 0.2801158262066872
-1.25 -1 26 27 47.3729719273764 0.2640768152587422
-1.25 -1 27 28 49.75335794379066 0.2492453628069943
-1.25 -1 28 29 51.42276505175505 0.2355019371101513
-1.25 -1 29 30 52.51250221600776 0.2227418940200897
-1.25 -1 30 31 53.12983188377916 0.2108732473326914
-1.25 -1 31 32 53.36266242502836 0.1998148275944548
-1.25 -1 32 33 53.2832498210272 0.189494752090289
-1.25 -1 33 34 52.95113506764329 0.1798491455287286
-1.25 -1 34 35 52.41548793805111 0.1708210673241901
-1.25 -1 35 36 51.71698670224987 0.1623596042034502
-1.25 -1 36 37 50.88933289112828 0.154419102645765
-1.25 -1 37 38 49.96047746505468 0.146958514214489
-1.25 -1 38 39 48.9536175285478 0.1399408359769914
-1.25 -1 39 40 47.88800966940317 0.1333326307821459
-1.25 -1 40 41 46.77963620844361 0.1271036125359771
-1.25 -1 41 42 45.64175268523769 0.1212262891909503
-1.25 -1 42 43 44.4853393481481 0.1156756521342478
-1.25 -1 43 44 43.31947451680912 0.1104289056651292
-1.25 -1 44 45 42.15164423970555 0.1054652316158963
-1.25 -1 45 46 40.98682062567474 0.1011436735668982
-1.25 -1 46 47 39.83225450879502 0.09888174065359329
-1.25 -1 47 48 38.69085054361901 0.09889928033744654
-1.25 -1 48 49 37.565910952487 0.1010822052911805
-1.25 -1 49 50 36.45988020311222 0.1083778119513042
-1 -0.75 0 1 6072.230397080147 2.264249029944289
-1 -0.75 1 2 -1340.687381083969 2.048576311443171
-1 -0.75 2 3 -5477.119572625876 1.551849911642454
-1 -0.75 3 4 -4450.419715318154 1.5089786495448
-1 -0.75 4 5 -3289.584886913929 1.353605073771144
-1 -0.75 5 6 -2405.558354539709 1.203531760722619
-1 -0.75 6 7 -1769.510655699596 1.074029315512446
-1 -0.75 7 8 -1313.328654393748 0.9642178489799179
-1 -0.75 8 9 -982.6604085828553 0.8706160287152225
-1 -0.75 9 10 -739.5753893733954 0.7899620755442655
-1 -0.75 10 11 -558.2421640097805 0.7206453645672219
-1 -0.75 11 12 -421.2880078477237 0.6599877996451181
-1 -0.75 12 13 -316.6521932954452 0.6066892226649387
-1 -0.75 13 14 -235.9277838122255 0.5595514308456723
-1 -0.75 14 15 -173.1411699032656 0.5176175271546292
-1 -0.75 15 16 -123.9796239762452 0.4801154295635345
-1 -0.75 16 17 -85.28277802151024 0.4464159983150282
-1 -0.75 17 18 -54.70277431951172 0.4160018239553549
-1 -0.75 18 19 -30.47347367178418 0.3884437357475935
-1 -0.75 19 20 -11.25120760639197 0.3633829365916839
-1 -0.75 20 21 3.996799793094397 0.340517267267808
-1 -0.75 21 22 16.07174879021886 0.319590547225734
-1 -0.75 22 23 25.60041512802195 0.3003842151421727
-1 -0.75 23 24 33.07685026210061 0.2827107206435487
-1 -0.75 24 25 38.89316436113222 0.2664082536004848
-1 -0.75 25 26 43.3624962520679 0.2513365085151688
-1 -0.75 26 27 46.73632500762449 0.2373732549077438
-1 -0.75 27 28 49.21763779084517 0.2244115409127375
-1 -0.75 28 29 50.97103166425234 0.2123573992488877
-1 -0.75 29 30 52.13052466946124 0.2011279519830655
-1 -0.75 30 31 52.80564009544798 0.1906498371294956
-1 -0.75 31 32 53.08617801803325 0.1808578946076122
-1 -0.75 32 33 53.04598106297044 0.1716940626936689
-1 -0.75 33 34 52.7459239401071 0.1631064481119062
-1 -0.75 34 35 52.23629979221062 0.1550485364419387
-1 -0.75 35 36 51.55873483362916 0.1474785215004764
-1 -0.75 36 37 50.74773184661314 0.1403587313276041
-1 -0.75 37 38 49.83192007195379 0.1336551355481965
-1 -0.75 38 39 48.83507156656316 0.1273369215005794
-1 -0.75 39 40 47.77693085550794 0.1213761279848502
-1 -0.75 40 41 46.67389476944572 0.1157473267001009
-1 -0.75 41 42 45.5395712730791 0.1104273459978737
-1 -0.75 42 43 44.38524045058074 0.1053950296716045
-1 -0.75 43 44 43.22023583363006 0.1006310254014966
-1 -0.75 44 45 42.05226075797231 0.09611759965821343
-1 -0.75 45 46 40.88644814282168 0.09263599912242428
-1 -0.75 46 47 39.73025097381242 0.09310698263633635
-1 -0.75 47 48 38.58668361020315 0.09763975474064668
-1 -0.75 48 49 37.4591619842642 0.105509404629075
-1 -0.75 49 50 36.3502207776591 0.1138357685041711
-0.75 -0.5 0 1 6323.403219791194 3.256519551325765
-0.75 -0.5 1 2 -1114.486782954877 2.764640681453233
-0.75 -0.5 2 3 -5482.122830134129 1.557800006126883
-0.75 -0.5 3 4 -4488.533779073696 1.524593873655276
-0.75 -0.5 4 5 -3329.426988321302 1.369735113523628
-0.75 -0.5 5 6 -2440.898226411191 1.217316069998073
-0.75 -0.5 6 7 -1799.547401613801 1.084859597473938
-0.75 -0.5 7 8 -1338.565705328075 0.9721529685963982
-0.75 -0.5 8 9 -1003.844422878842 0.8845044553729928
-0.75 -0.5 9 10 -757.4082860464187 0.8156440135902775
-0.75 -0.5 10 11 -573.3250206646712 0.7536096466953923
-0.75 -0.5 11 12 -434.1063650009655 0.6973641074454889
-0.75 -0.5 12 13 -327.5997729311102 0.6466383247242738
-0.75 -0.5 13 14 -245.3222255761357 0.6008762053013643
-0.75 -0.5 14 15 -181.2394848931058 0.5595261922955421
-0.75 -0.5 15 16 -130.9907604378573 0.5220790220996332
-0.75 -0.5 16 17 -91.37753822307673 0.4880797758419317
-0.75 -0.5 17 18 -60.02156008874522 0.4571286465496041
-0.75 -0.5 18 19 -35.13232731697121 0.4288770188974309
-0.75 -0.5 19 20 -15.34653712123168 0.4030219122938647
-0.75 -0.5 20 21 0.3845060896387622 0.3793001771361426
-0.75 -0.5 21 22 12.87498465806789 0.3574830482149973
-0.75 -0.5 22 23 22.76231879006741 0.3373712818369964
-0.75 -0.5 23 24 30.54933268120533 0.3187909256878459
-0.75 -0.5 24 25 36.63540158699561 0.3015896924988057
-0.75 -0.5 25 26 41.33970811613131 0.2856338726875656
-0.75 -0.5 26 27 44.91878048436024 0.2708057186549127
-0.75 -0.5 27 28 47.57984088516002 0.2570012293149282
-0.75 -0.5 28 29 49.49105192252159 0.2441282740220391
-0.75 -0.5 29 30 50.78944419082461 0.2321050020928235
-0.75 -0.5 30 31 51.5870948750586 0.2208584915924251
-0.75 -0.5 31 32 51.97597604373698 0.2103235982341246
-0.75 -0.5 32 33 52.03178314773595 0.2004419729383669
-0.75 -0.5 33 34 51.81697605244256 0.191161220921256
-0.75 -0.5 34 35 51.38320782805613 0.1824341790706594
-0.75 -0.5 35 36 50.77327450238278 0.1742182938991411
-0.75 -0.5 36 37 50.02268771050439 0.1664750847548977
-0.75 -0.5 37 38 49.16094887402585 0.1591696784184463
-0.75 -0.5 38 39 48.21258585811182 0.1522704048963772
-0.75 -0.5 39 40 47.19799964571314 0.1457484459025093
-0.75 -0.5 40 41 46.13415848668001 0.1395775275970632
-0.75 -0.5 41 42 45.03516879525034 0.1337336513315997
-0.75 -0.5 42 43 43.912746342449 0.1281948578631613
-0.75 -0.5 43 44 42.77660623806281 0.1229410194829085
-0.75 -0.5 44 45 41.63478664099887 0.1179536568485077
-0.75 -0.5 45 46 40.49269838754009 0.1135946881868387
-0.75 -0.5 46 47 39.35808188376205 0.1112796838955449
-0.75 -0.5 47 48 38.23416422829752 0.1112227589510569
-0.75 -0.5 48 49 37.1245637378581 0.1133184859053494
-0.75 -0.5 49 50 36.03199275549946 0.116184130450088
-0.5 -0.25 0 1 6492.418755532827 3.345523019144366
-0.5 -0.25 1 2 -966.0087547841008 2.384070698832626
-0.5 -0.25 2 3 -5489.389404765447 1.536263070647248
-0.5 -0.25 3 4 -4517.129814492115 1.521473148165497
-0.5 -0.25 4 5 -3358.241540098355 1.412079017510789
-0.5 -0.25 5 6 -2465.921236367876 1.328929915736731
-0.5 -0.25 6 7 -1820.429233522081 1.224102644056128
-0.5 -0.25 7 8 -1355.79962743568 1.120484741708366
-0.5 -0.25 8 9 -1018.047721276251 1.025028804659719
-0.5 -0.25 9 10 -769.141819990592 0.9394019298201959
-0.5 -0.25 10 11 -583.0529615878277 0.862592730065919
-0.5 -0.25 11 12 -442.2014743433811 0.7943699656192775
-0.5 -0.25 12 13 -334.3601273287345 0.7335593404547772
-0.5 -0.25 13 14 -250.9859686202499 0.6792164951117513
-0.5 -0.25 14 15 -185.9976471921748 0.6304976534349018
-0.5 -0.25 15 16 -134.9974256751 0.5866700427371476
-0.5 -0.25 16 17 -94.75773049275017 0.5471052947767296
-0.5 -0.25 17 18 -62.87732513734341 0.5112672301765318
-0.5 -0.25 18 19 -37.54742622027948 0.4786987348515168
-0.5 -0.25 19 20 -17.39008569767475 0.4490095688595278
-0.5 -0.25 20 21 -1.344802330754874 0.4218657083749814
-0.5 -0.25 21 22 11.41218102354742 0.396980299187234
-0.5 -0.25 22 23 21.52609454978347 0.374106088941326
-0.5 -0.25 23 24 29.5061668007063 0.3530291424378776
-0.5 -0.25 24 25 35.75705065603483 0.3335636358272743
-0.5 -0.25 25 26 40.60229771572097 0.315547545469855
-0.5 -0.25 26 27 44.30206831914666 0.2988390721317551
-0.5 -0.25 27 28 47.06661609005312 0.2833136675606431
-0.5 -0.25 28 29 49.06664300537113 0.268861555187054
-0.5 -0.25 29 30 50.44131414879632 0.2553856545555209
-0.5 -0.25 30 31 51.30450664178807 0.2427998382655176
-0.5 -0.25 31 32 51.74971496879778 0.2310274623193623
-0.5 -0.25 32 33 51.85392593812503 0.2200001221617118
-0.5 -0.25 33 34 51.68069773583386 0.2096565966710996
-0.5 -0.25 34 35 51.28261995371975 0.1999419471537565
-0.5 -0.25 35 36 50.70328910808752 0.1908067467900011
-0.5 -0.25 36 37 49.97890261698984 0.182206419477286
-0.5 -0.25 37 38 49.13955069430796 0.1741006695498442
-0.5 -0.25 38 39 48.21026776806093 0.1664529898296406
-0.5 -0.25 39 40 47.21189149139542 0.1592302341794685
-0.5 -0.25 40 41 46.16176723451753 0.1524022471653241
-0.5 -0.25 41 42 45.0743276750855 0.1459415395379606
-0.5 -0.25 42 43 43.96157131721498 0.1398230060206201
-0.5 -0.25 43 44 42.83345866516714 0.1340236764694924
-0.5 -0.25 44 45 41.6982411780117 0.1285224984199496
-0.5 -0.25 45 46 40.56150401381319 0.1236559965133986
-0.5 -0.25 46 47 39.43117163879378 0.1207546418371449
-0.5 -0.25 47 48 38.31060101484877 0.1200349724183431
-0.5 -0.25 48 49 37.20353369358983 0.1214263040884138
-0.5 -0.25 49 50 36.11279038070182 0.123633833752124
-0.25 0 0 1 6578.961955822839 3.566123092801651
-0.25 0 1 2 -887.8761111067515 3.067831632056243
-0.25 0 2 3 -5490.173910153664 1.554261174066301
-0.25 0 3 4 -4528.44628506146 1.530575519168424
-0.25 0 4 5 -3369.575895953374 1.378818749392629
-0.25 0 5 6 -2475.42253989935 1.227581076071215
-0.25 0 6 7 -1828.018079835532 1.095533681291926
-0.25 0 7 8 -1361.764657477824 1.015095573943629
-0.25 0 8 9 -1022.708156717109 0.9370596389595538
-0.25 0 9 10 -772.7707633112609 0.8648964488956287
-0.25 0 10 11 -585.8704699788068 0.798710868647729
-0.25 0 11 12 -444.3772038437746 0.7390455396819289
-0.25 0 12 13 -336.0266523770324 0.6852342316501782
-0.25 0 13 14 -252.2467755440575 0.6366943314260955
-0.25 0 14 15 -186.9340097809604 0.5928431867945462
-0.25 0 15 16 -135.6736093140828 0.5531406721008315
-0.25 0 16 17 -95.22489100216922 0.5171032712695969
-0.25 0 17 18 -63.17643251845925 0.4843055535819967
-0.25 0 18 19 -37.71147070457118 0.4543763421299729
-0.25 0 19 20 -17.44575638027641 0.4269929692126841
-0.25 0 20 21 -1.313776294017089 0.4018751786244543
-0.25 0 21 22 11.51223960513698 0.3787793614394062
-0.25 0 22 23 21.68075332121703 0.3574933890962687
-0.25 0 23 24 29.70360966466001 0.3378321084726867
-0.25 0 24 25 35.98758911358573 0.319633474778392
-0.25 0 25 26 40.85798040102929 0.3027552572521989
-0.25 0 26 27 44.57636716116292 0.2870722460387126
-0.25 0 27 28 47.35417273934502 0.2724738863998792
-0.25 0 28 29 49.3630629957496 0.2588622755664602
-0.25 0 29 30 50.74299910552577 0.246150463948846
-0.25 0 30 31 51.60851699287105 0.2342610126803009
-0.25 0 31 32 52.05365723287764 0.2231247646262461
-0.25 0 32 33 52.15585991074772 0.21267979663081
-0.25 0 33 34 51.9790598498156 0.2028705209638557
-0.25 0 34 35 51.57615983759172 0.1936469158961551
-0.25 0 35 36 50.99101695344683 0.1849638617036491
-0.25 0 36 37 50.26004542209103 0.1767805685167622
-0.25 0 37 38 49.41351582064766 0.1690600803444335
-0.25 0 38 39 48.47661253733827 0.1617688448070876
-0.25 0 39 40 47.470297783604 0.1548763383637926
-0.25 0 40 41 46.41202023656768 0.1483547389241537
-0.25 0 41 42 45.31629808040032 0.1421786403412275
-0.25 0 42 43 44.19520040290308 0.1363248000376917
-0.25 0 43 44 43.05874576904483 0.1307719193279934
-0.25 0 44 45 41.91523318466488 0.1255004474577903
-0.25 0 45 46 40.77027976488506 0.1208611203034129
-0.25 0 46 47 39.63185472368599 0.1182319904840626
-0.25 0 47 48 38.50333316628189 0.117830795306584
-0.25 0 48 49 37.38847629038773 0.1195732758464786
-0.25 0 49 50 36.29011959058965 0.1221169478007317
0 0.25 0 1 6578.472816849071 3.566119726713571
0 0.25 1 2 -888.7893548513039 3.067805709515247
0 0.25 2 3 -5490.768767160807 1.554183548804505
0 0.25 3 4 -4528.617990023883 1.530511861111397
0 0.25 4 5 -3369.509648886975 1.378785032556741
0 0.25 5 6 -2475.260553811644 1.227578936449927
0 0.25 6 7 -1827.831355731088 1.095555545158439
0 0.25 7 8 -1361.584956793238 1.015131613840325
0 0.25 8 9 -1022.547290634839 0.9371013136315666
0 0.25 9 10 -772.6311990235572 0.8649369100555013
0 0.25 10 11 -585.751370893629 0.7987508398967923
0 0.25 11 12 -444.275471438651 0.7390822762947409
0 0.25 12 13 -335.9392070342651 0.6852672531061061
0 0.25 13 14 -252.1708315355093 0.6367236289511176
0 0.25 14 15 -186.8672479073771 0.5928689895306452
0 0.25 15 16 -135.6141878535766 0.5531633109172354
0 0.25 16 17 -95.17138964327296 0.5171231039910206
0 0.25 17 18 -63.12777584444893 0.4843229268792058
0 0.25 18 19 -37.6668528002167 0.4543915739052719
0 0.25 19 20 -17.40457532788128 0.4270063421844006
0 0.25 20 21 -1.275580990604567 0.4018869400981441
0 0.25 21 22 11.54779080242974 0.3787897255059122
0 0.25 22 23 21.71392377620577 0.3575025400164557
0 0.25 23 24 29.73460741156043 0.3378402047045556
0 0.25 24 25 36.01658340576057 0.3196406522819318
0 0.25 25 26 40.88511342295237 0.3027616328196396
0 0.25 26 27 44.60176216597358 0.2870779202424791
0 0.25 27 28 47.3779395998647 0.272478945776631
0 0.25 28 29 49.38530191111511 0.2588667949431001
0 0.25 29 30 50.76380302302846 0.2461545080466445
0 0.25 30 31 51.62797314741204 0.2342646376259602
0 0.25 31 32 52.07184809730393 0.2231280193239842
0 0.25 32 33 52.1728637619151 0.2126827234293636
0 0.25 33 34 51.99495109346446 0.2028731571320855
0 0.25 34 35 51.59100919129332 0.1936492937689801
0 0.25 35 36 51.00489154953033 0.1849660097745016
0 0.25 36 37 50.27300887503662 0.1767825117866098
0 0.25 37 38 49.42562828318216 0.1690618407359359
0 0.25 38 39 48.48793076151048 0.1617704416197958
0 0.25 39 40 47.48087519292648 0.1548777886837003
0 0.25 40 41 46.42190701386988 0.148356057966324
0 0.25 41 42 45.32554126953733 0.1421798412347857
0 0.25 42 43 44.20384402532983 0.136325894823429
0 0.25 43 44 43.06683095024215 0.1307729183056211
0 0.25 44 45 41.92279828882158 0.1255013601410709
0 0.25 45 46 40.77736049645114 0.120861966898958
0 0.25 46 47 39.63848437745514 0.1182328330711577
0 0.25 47 48 38.50954265466993 0.1178316945942507
0 0.25 48 49 37.39429433790409 0.1195742802075349
0 0.25 49 50 36.29557284099326 0.1221180604897971
0.25 0.5 0 1 6491.024149217866 3.345514956872222
0.25 0.5 1 2 -968.6076805355942 2.383999422401385
0.25 0.5 2 3 -5491.074935914163 1.53611086410276
0.25 0.5 3 4 -4517.611266864546 1.521364888239314
0.25 0.5 4 5 -3358.051366079555 1.412035017589255
0.25 0.5 5 6 -2465.463898936917 1.328939588002321
0.25 0.5 6 7 -1819.904758152628 1.224146032076917
0.25 0.5 7 8 -1355.296598627619 1.120547978329156
0.25 0.5 8 9 -1017.598500651296 1.025098781532822
0.25 0.5 9 10 -768.7526595749082 0.9394664832414779
0.25 0.5 10 11 -582.7210782189877 0.8626578274003638
0.25 0.5 11 12 -441.917853190484 0.7944299121240701
0.25 0.5 12 13 -334.1159637113892 0.7336135317247701
0.25 0.5 13 14 -250.7733850082373 0.6792649633263307
0.25 0.5 14 15 -185.8101450944637 0.630540751730195
0.25 0.5 15 16 -134.829890409284 0.5867082609400411
0.25 0.5 16 17 -94.60625444205721 0.5471391580119407
0.25 0.5 17 18 -62.73897926166887 0.5112972464965015
0.25 0.5 18 19 -37.42003921527453 0.4787253711698278
0.25 0.5 19 20 -17.27205431756329 0.4490332422762655
0.25 0.5 20 21 -1.234938764995604 0.42188678563404
0.25 0.5 21 22 11.51476685009266 0.3969991000296637
0.25 0.5 22 23 21.62208296685708 0.3741228908276786
0.25 0.5 23 24 29.59609254522934 0.3530441859119952
0.25 0.5 24 25 35.84134862427766 0.3335771294439552
0.25 0.5 25 26 40.68133491376125 0.3155596701943317
0.25 0.5 26 27 44.37616569531087 0.2988499853735971
0.25 0.5 27 28 47.13606310176112 0.2833235065307969
0.25 0.5 28 29 49.13170707118968 0.2688704398325236
0.25 0.5 29 30 50.50224657259446 0.2553936897303882
0.25 0.5 30 31 51.3615461616572 0.2428071161746221
0.25 0.5 31 32 51.80308974982859 0.2310340639326252
0.25 0.5 32 33 51.90385458550793 0.2200061188955454
0.25 0.5 33 34 51.72738972077161 0.2096620515316507
0.25 0.5 34 35 51.32627571866954 0.1999469158987188
0.25 0.5 35 36 50.74410002286413 0.1908112787258763
0.25 0.5 36 37 50.01705089332364 0.1822105584272845
0.25 0.5 37 38 49.17520932329751 0.1741044545176809
0.25 0.5 38 39 48.24360051352716 0.1664564552197522
0.25 0.5 39 40 47.24305295394726 0.1592334110144867
0.25 0.5 40 41 46.19090298799364 0.152405162851714
0.25 0.5 41 42 45.10157446976177 0.1459442186412558
0.25 0.5 42 43 43.98705734247159 0.139825470465975
0.25 0.5 43 44 42.85730385779823 0.1340259459211799
0.25 0.5 44 45 41.72055756808203 0.1285245904679042
0.25 0.5 45 46 40.5823960034262 0.1236579587615782
0.25 0.5 46 47 39.4507366352326 0.1207566346601121
0.25 0.5 47 48 38.32892955468782 0.1200371576658979
0.25 0.5 48 49 37.22070996827304 0.1214288158233441
0.25 0.5 49 50 36.12889253478016 0.1236366842063342
0.5 0.75 0 1 6321.186344742368 3.256518500009782
0.5 0.75 1 2 -1118.60301386688 2.764615593336757
0.5 0.75 2 3 -5484.764066491651 1.557681547316574
0.5 0.75 3 4 -4489.256933039263 1.524474708764871
0.5 0.75 4 5 -3329.095272973842 1.369668803322584
0.5 0.75 5 6 -2440.157910477352 1.217305497609088
0.5 0.75 6 7 -1798.713039263599 1.084885559951993
0.5 0.75 7 8 -1337.773525996662 0.9722015290844791
0.5 0.75 8 9 -1003.141313432832 0.8841501913689082
0.5 0.75 9 10 -756.803900294 0.8161065491362403
0.5 0.75 10 11 -572.8110753268975 0.7536587573030004
0.5 0.75 11 12 -433.6684123290552 0.6974089736017972
0.5 0.75 12 13 -327.2233953479772 0.646678590678787
0.5 0.75 13 14 -244.9947492020315 0.6009119899972252
0.5 0.75 14 15 -180.9505793086223 0.5595578391257302
0.5 0.75 15 16 -130.7323734130541 0.5221069629111055
0.5 0.75 16 17 -91.14357186204734 0.4881044578370942
0.5 0.75 17 18 -59.80748333182669 0.457150494607013
0.5 0.75 18 19 -34.93481177710396 0.4288964181391899
0.5 0.75 19 20 -15.16314900083489 0.4030392017255873
0.5 0.75 20 21 0.5555514443431093 0.3793156496714397
0.5 0.75 21 22 13.03501061500106 0.3574969540402953
0.5 0.75 22 23 22.91232696174097 0.337383832940909
0.5 0.75 23 24 30.69010402279844 0.3188023011965818
0.5 0.75 24 25 36.76756802439593 0.3016000430461967
0.5 0.75 25 26 41.46380218437582 0.2856433255181787
0.5 0.75 26 27 45.03526892959587 0.2708143811959319
0.5 0.75 27 28 47.6891468062372 0.2570091924057571
0.5 0.75 28 29 49.59356888796128 0.2441356150180019
0.5 0.75 29 30 50.8855448596978 0.232111787230328
0.5 0.75 30 31 51.67713594465931 0.2208647775396211
0.5 0.75 31 32 52.06030082091047 0.2103294339985862
0.5 0.75 32 33 52.11072264662312 0.2004474011599056
0.5 0.75 33 34 51.89084923551547 0.1911662787647245
0.5 0.75 34 35 51.45232140088382 0.1824388991300588
0.5 0.75 35 36 50.83792252724078 0.1742227050440569
0.5 0.75 36 37 50.08315120273824 0.1664792125630715
0.5 0.75 37 38 49.21749547454891 0.1591735455709266
0.5 0.75 38 39 48.26546963009457 0.152274031897476
0.5 0.75 39 40 47.24746101250992 0.145751851035508
0.5 0.75 40 41 46.18042430993347 0.1395807274186436
0.5 0.75 41 42 45.07845258104868 0.1337366608241766
0.5 0.75 42 43 43.95324855835406 0.1281976905476002
0.5 0.75 43 44 42.81451471901852 0.1229436877410182
0.5 0.75 44 45 41.670277067256 0.1179561720300098
0.5 0.75 45 46 40.52593469871192 0.1135971086610551
0.5 0.75 46 47 39.38921713391693 0.1112822425333729
0.5 0.75 47 48 38.26334084206451 0.1112256979617265
0.5 0.75 48 49 37.15191427363757 0.1133220101760698
0.5 0.75 49 50 36.05764034596135 0.1161882559315538
0.75 1 0 1 6069.244316631901 2.264171634254146
0.75 1 1 2 -1346.226987708972 2.048076799624217
0.75 1 2 3 -5480.665880995453 1.551232266891715
0.75 1 3 4 -4451.382088901302 1.508945084713791
0.75 1 4 5 -3289.129505602199 1.354032050998857
0.75 1 5 6 -2404.555281052671 1.204164171313842
0.75 1 6 7 -1768.382483868581 1.074694403237223
0.75 1 7 8 -1312.258186438325 0.9648271989513791
0.75 1 8 9 -981.7115436307772 0.8711449185102725
0.75 1 9 10 -738.7579588181507 0.7904199586751985
0.75 1 10 11 -557.548036237642 0.7210155205079444
0.75 1 11 12 -420.6967258680388 0.6602904499418917
0.75 1 12 13 -316.1443459551629 0.6069351019727752
0.75 1 13 14 -235.4862929716171 0.5597503433602862
0.75 1 14 15 -172.7520964717992 0.5177779799695217
0.75 1 15 16 -123.6320829571691 0.4802446105350755
0.75 1 16 17 -84.96850692681664 0.4465198853975934
0.75 1 17 18 -54.41561588309128 0.416085335884414
0.75 1 18 19 -30.20888926836801 0.3885108880407195
0.75 1 19 20 -11.00586523618927 0.3634369871769434
0.75 1 20 21 4.225354091828649 0.3405608463010413
0.75 1 21 22 16.2853427642608 0.3196257693317654
0.75 1 22 23 25.80043766309245 0.3004127746209967
0.75 1 23 24 33.26438742556252 0.2827339712566815
0.75 1 24 25 39.06909606101851 0.2664272743740688
0.75 1 25 26 43.52756347300601 0.2513521581200168
0.75 1 26 27 46.89117555547909 0.2373862152234893
0.75 1 27 28 49.36285664750949 0.2244223533046669
0.75 1 28 29 51.10716054030809 0.212366492669095
0.75 1 29 30 52.25807412931704 0.2011356663196751
0.75 1 30 31 52.92509669789968 0.1906564417163089
0.75 1 31 32 53.19800820858904 0.1808636025767062
0.75 1 32 33 53.15063303049521 0.1716990430866805
0.75 1 33 34 52.84382827042646 0.1631108347869732
0.75 1 34 35 52.32786947288804 0.1550524357898323
0.75 1 35 36 51.64436497208476 0.147482017869034
0.75 1 36 37 50.82779932582531 0.1403618919481393
0.75 1 37 38 49.90678327510898 0.1336580140616399
0.75 1 38 39 48.90507023808868 0.1273395608846575
0.75 1 39 40 47.84238612883587 0.1213785626288716
0.75 1 40 41 46.73510936075633 0.1157495842750803
0.75 1 41 42 45.59682982973879 0.1104294490363787
0.75 1 42 43 44.43881003321007 0.1053969965730819
0.75 1 43 44 43.27036650684818 0.1006328710770023
0.75 1 44 45 42.09918626635579 0.09611933641106106
0.75 1 45 46 40.93038648456127 0.09263769621119015
0.75 1 46 47 39.77140559413021 0.09310891667203773
0.75 1 47 48 38.62524373541956 0.09764218906589898
0.75 1 48 49 37.49530366578151 0.1055125301730451
0.75 1 49 50 36.38410749091781 0.1138395634671839
1 1.25 0 1 5748.707621115095 1.540076420973149
1 1.25 1 2 -1639.071514511319 0.7707975882288989
1 1.25 2 3 -5483.358631291068 2.093581615033181
1 1.25 3 4 -4413.960524912383 1.983909540117146
1 1.25 4 5 -3249.965472501062 1.744605571614967
1 1.25 5 6 -2370.720300361632 1.523559418896701
1 1.25 6 7 -1740.525488987166 1.337746881320611
1 1.25 7 8 -1289.621151131363 1.183828172405517
1 1.25 8 9 -963.3497654623234 1.055214761141903
1 1.25 9 10 -723.8288935789196 0.9478979964952238
1 1.25 10 11 -545.3620622250323 0.8561396643867625
1 1.25 11 12 -410.7115786525451 0.7775911920728134
1 1.25 12 13 -307.9315046922197 0.7095931810113127
1 1.25 13 14 -228.7078007076072 0.6502467119978123
1 1.25 14 15 -167.1402005096877 0.5980720418040814
1 1.25 15 16 -118.9734214438859 0.5519023971935102
1 1.25 16 17 -81.09202549400516 0.5108070383459455
1 1.25 17 18 -51.18336438273718 0.4740352979291388
1 1.25 18 19 -27.50899283731178 0.4409755116411725
1 1.25 19 20 -8.747126178575627 0.41112454572325
1 1.25 20 21 6.117630037408617 0.3840649245844184
1 1.25 21 22 17.87259658338257 0.3594474653891777
1 1.25 22 23 27.1334060195278 0.3369779473266312
1 1.25 23 24 34.38511539189506 0.3164067712458098
1 1.25 24 25 40.0125367272019 0.2975208591102792
1 1.25 25 26 44.32285695467976 0.2801372505863307
1 1.25 26 27 47.5626774467629 0.2640979966170966
1 1.25 27 28 49.93096935905055 0.2492660551556072
1 1.25 28 29 51.58900858850166 0.2355219665673257
1 1.25 29 30 52.66805516635645 0.2227611429933734
1 1.25 30 31 53.27533304777978 0.2108916420145893
1 1.25 31 32 53.49871833494296 0.1998323275114448
1 1.25 32 33 53.41043825848658 0.1895113419592084
1 1.25 33 34 53.0700069190238 0.1798648291424845
1 1.25 34 35 52.52656809291415 0.170835861772781
1 1.25 35 36 51.82077446058327 0.1623735365427503
1 1.25 36 37 50.9863021721178 0.1544322064769322
1 1.25 37 38 50.05107700096744 0.1469708273013638
1 1.25 38 39 49.03827113693779 0.139952398561315
1 1.25 39 40 47.96711665640078 0.1333434839843082
1 1.25 40 41 46.85357191417478 0.1271137976662095
1 1.25 41 42 45.71086916804148 0.1212358467709906
1 1.25 42 43 44.54996618629627 0.1156846214297677
1 1.25 43 44 43.37991970967533 0.1104373244577989
1 1.25 44 45 42.20819518149733 0.1054731357008529
1 1.25 45 46 41.03974487313752 0.101151196987925
1 1.25 46 47 39.88180151592115 0.09888937310734301
1 1.25 47 48 38.73725197466504 0.09890750585035935
1 1.25 48 49 37.60938208813695 0.1010913967225183
1 1.25 49 50 36.50062072856309 0.1083875554996691
1.25 1.5 0 1 5381.225203311839 3.119399985240741
1.25 1.5 1 2 -1944.322818328445 3.729284786130558
1.25 1.5 2 3 -5449.137732981108 1.68460688262669
1.25 1.5 3 4 -4338.586113238745 1.619112653159587
1.25 1.5 4 5 -3178.505720440727 1.444901800680085
1.25 1.5 5 6 -2310.618048693905 1.275183152235627
1.25 1.5 6 7 -1691.572339586986 1.127622052006858
1.25 1.5 7 8 -1250.066087328623 1.002348000487162
1.25 1.5 8 9 -931.3845307381785 0.8971045728248883
1.25 1.5 9 10 -697.9210496954906 0.8063560435464523
1.25 1.5 10 11 -524.2801510872646 0.729644302254718
1.25 1.5 11 12 -393.4970789746612 0.6631745120945804
1.25 1.5 12 13 -293.8321071643454 0.6053790136710657
1.25 1.5 13 14 -217.1327074180908 0.5547666187440451
1.25 1.5 14 15 -157.6226200145309 0.5101537532358045
1.25 1.5 15 16 -111.1419632908203 0.4705941739920561
1.25 1.5 16 17 -74.64910756392601 0.4353249290578058
1.25 1.5 17 18 -45.88891758363661 0.4037254292131803
1.25 1.5 18 19 -23.16810722251694 0.3752865175097939
1.25 1.5 19 20 -5.200621036946814 0.3495870112687977
1.25 1.5 20 21 9.000460258663452 0.326275786482034
1.25 1.5 21 22 20.19960737928864 0.3050579944807655
1.25 1.5 22 23 28.9939991642043 0.2856843582220755
1.25 1.5 23 24 35.85370089672392 0.267942795347101
1.25 1.5 24 25 41.15127845533686 0.2527070968513626
1.25 1.5 25 26 45.1838646616668 0.2398858983159577
1.25 1.5 26 27 48.1897677570463 0.2279474525959551
1.25 1.5 27 28 50.36108864177186 0.2168130611459622
1.25 1.5 28 29 51.85338883880365 0.2064125695753683
1.25 1.5 29 30 52.79315769824359 0.196683305758455
1.25 1.5 30 31 53.28362254791352 0.1875691609540232
1.25 1.5 31 32 53.40930053579541 0.1790197920663296
1.25 1.5 32 33 53.23958739993247 0.1709899317480019
1.25 1.5 33 34 52.83160371032903 0.1634387895892951
1.25 1.5 34 35 52.23246466292301 0.1563295321904174
1.25 1.5 35 36 51.48109949046813 0.1496288311155597
1.25 1.5 36 37 50.60971682650677 0.1433064695434548
1.25 1.5 37 38 49.64499022922814 0.1373349978856989
1.25 1.5 38 39 48.60902131096361 0.1316894344002429
1.25 1.5 39 40 47.52012521593252 0.1263470006616064
1.25 1.5 40 41 46.3934736620518 0.1212868914379245
1.25 1.5 41 42 45.24162303188768 0.1164900705313464
1.25 1.5 42 43 44.07494958658589 0.1119390918487078
1.25 1.5 43 44 42.90200913564371 0.1076179408546703
1.25 1.5 44 45 41.72983513010416 0.103511894196675
1.25 1.5 45 46 40.56303466499298 0.0999508082231956
1.25 1.5 46 47 39.40846163466514 0.09820783601433238
1.25 1.5 47 48 38.26875227306863 0.09846181647348394
1.25 1.5 48 49 37.14695189928628 0.1006160676871144
1.25 1.5 49 50 36.04527822669806 0.1034258339450936
1.5 1.75 0 1 4946.104218186211 0.9804938319374729
1.5 1.75 1 2 -2325.961374908302 0.8555845623664664
1.5 1.75 2 3 -5428.028016504642 1.7579431496259
1.5 1.75 3 4 -4260.769718170606 1.694364221392823
1.5 1.75 4 5 -3098.590503601176 1.507686455223912
1.5 1.75 5 6 -2239.538537644464 1.321388282788927
1.5 1.75 6 7 -1630.768224645772 1.158900993832066
1.5 1.75 7 8 -1198.625132570532 1.02184584764428
1.5 1.75 8 9 -887.9250101849511 0.9077584688813691
1.5 1.75 9 10 -661.1012823848469 0.8100917519001748
1.5 1.75 10 11 -492.9645650641824 0.7287766978890584
1.5 1.75 11 12 -366.7382859110685 0.6588177022663689
1.5 1.75 12 13 -270.8595217488903 0.5984996111529334
1.5 1.75 13 14 -197.3200824946634 0.5460768773345659
1.5 1.75 14 15 -140.4602283861889 0.5001811088762124
1.5 1.75 15 16 -96.21335198722659 0.4597315533640727
1.5 1.75 16 17 -61.61240277829529 0.4238667696073844
1.5 1.75 17 18 -34.46202124032106 0.3918934759293302
1.5 1.75 18 19 -13.11703324217297 0.363248401097425
1.5 1.75 19 20 3.66969784663911 0.3374697350251505
1.5 1.75 20 21 16.85344104105707 0.3141756075943461
1.5 1.75 21 22 27.17278969832989 0.2930477311396371
1.5 1.75 22 23 35.20365420266626 0.2738188439069131
1.5 1.75 23 24 41.3985310572624 0.2562629858300239
1.5 1.75 24 25 46.11540341459238 0.2401878963812849
1.5 1.75 25 26 49.63924434139392 0.2254290196712844
1.5 1.75 26 27 52.19817854056669 0.2118447358565405
1.5 1.75 27 28 53.97574316989608 0.1993125400262737
1.5 1.75 28 29 55.12026991538539 0.1877259549015548
1.5 1.75 29 30 55.75212168207963 0.1769920202170418
1.5 1.75 30 31 55.96931594833893 0.1670292371488829
1.5 1.75 31 32 55.85192451379692 0.157765874457839
1.5 1.75 32 33 55.46553786670682 0.1491385645097853
1.5 1.75 33 34 54.8640092293553 0.1410911336016129
1.5 1.75 34 35 54.09164005499247 0.1335736213508369
1.5 1.75 35 36 53.18492962788133 0.1265414559451202
1.5 1.75 36 37 52.1739824009137 0.1199547557883089
1.5 1.75 37 38 51.08364511322986 0.1137777363474863
1.5 1.75 38 39 49.9344293994734 0.1079782046435055
1.5 1.75 39 40 48.74326324220829 0.1025271255852643
1.5 1.75 40 41 47.52410534471255 0.09739824907845106
1.5 1.75 41 42 46.28844900191967 0.09256778964023865
1.5 1.75 42 43 45.04573678508802 0.08801414699536815
1.5 1.75 43 44 43.80370276850857 0.08371766491891328
1.5 1.75 44 45 42.56865575780063 0.07966042072142537
1.5 1.75 45 46 41.34459004591508 0.07653900015808021
1.5 1.75 46 47 40.13774871268114 0.07695818305551586
1.5 1.75 47 48 38.9502921576169 0.08100657028161611
1.5 1.75 48 49 37.78481903834145 0.08803222759649292
1.5 1.75 49 50 36.64316183425436 0.09545611523580072
1.75 2 0 1 4487.311515744428 1.064612104895006
1.75 2 1 2 -2712.534372357068 2.852286935997111
1.75 2 2 3 -5400.937032490765 2.830260481348835
1.75 2 3 4 -4189.497170541237 2.305192173662655
1.75 2 4 5 -3033.554449481879 1.889858159687435
1.75 2 5 6 -2187.039546093611 1.581511711884859
1.75 2 6 7 -1589.57468566812 1.348517465710786
1.75 2 7 8 -1166.464202196967 1.167541830444367
1.75 2 8 9 -862.7306782945261 1.024138708839329
1.75 2 9 10 -641.2280394705513 0.9067030272658627
1.75 2 10 11 -477.2820782016397 0.8100327295392833
1.75 2 11 12 -354.3002286609567 0.7286464366638737
1.75 2 12 13 -260.9727866113228 0.6593525702406583
1.75 2 13 14 -189.4538753625318 0.5997045956538586
1.75 2 14 15 -134.2040204147572 0.5478742652649596
1.75 2 15 16 -91.24661670453452 0.5024679765800855
1.75 2 16 17 -57.68271605380482 0.462404637278633
1.75 2 17 18 -31.36905574680668 0.4268324721409998
1.75 2 18 19 -10.70072569865783 0.3950710851017814
1.75 2 19 20 5.53799799749504 0.3665702813124144
1.75 2 20 21 18.277668318113 0.3408802526620409
1.75 2 21 22 28.23728321940052 0.3176296249675529
1.75 2 22 23 35.97711158627055 0.2965090444290109
1.75 2 23 24 41.93708867465591 0.2772587342123802
1.75 2 24 25 46.46505540377916 0.2596589416059881
1.75 2 25 26 49.8377561874139 0.2435225178488245
1.75 2 26 27 52.27661079568338 0.2286890949234619
1.75 2 27 28 53.95967196614276 0.2150204703055882
1.75 2 28 29 55.0307698751908 0.202396915950899
1.75 2 29 30 55.60656135601209 0.19071420251771
1.75 2 30 31 55.78200440278283 0.1798811817365939
1.75 2 31 32 55.63463905713371 0.1698178073982979
1.75 2 32 33 55.22795636166262 0.1604535059167831
1.75 2 33 34 54.6140654463959 0.151725824747826
1.75 2 34 35 53.83581667560418 0.1435793064182504
1.75 2 35 36 52.9285005301395 0.135964544057701
1.75 2 36 37 51.92121352946219 0.1288373859891517
1.75 2 37 38 50.8379614160869 0.1221582619140113
1.75 2 38 39 49.69855386861946 0.115891610509791
1.75 2 39 40 48.51933295271886 0.1100053897023654
1.75 2 40 41 47.31376847319302 0.104470657470138
1.75 2 41 42 46.09294607870447 0.09926121057097681
1.75 2 42 43 44.86596883864917 0.09435327219365025
1.75 2 43 44 43.64028855307964 0.08972522220846933
1.75 2 44 45 42.42197986644302 0.08535736074075417
1.75 2 45 46 41.2148835485356 0.08162348274777825
1.75 2 46 47 40.0250049589834 0.08123310717177121
1.75 2 47 48 38.85441396599398 0.08494065506250516
1.75 2 48 49 37.70560256149042 0.0914935203944299
1.75 2 49 50 36.58030908947592 0.09840800799151721
2 2.25 0 1 3990.857912808905 1.031625374763144
2 2.25 1 2 -3108.113109574809 0.8418238536020387
2 2.25 2 3 -5342.534744847186 1.645068947999879
2 2.25 3 4 -4071.842254558044 1.52482565099892
2 2.25 4 5 -2917.468687083801 1.346029849915249
2 2.25 5 6 -2084.525758342693 1.187488746791747
2 2.25 6 7 -1501.895065842472 1.054283746001564
2 2.25 7 8 -1092.182886623803 0.9421612034299681
2 2.25 8 9 -799.8731295829521 0.8475885942197469
2 2.25 9 10 -587.9154502329702 0.7663963970130658
2 2.25 10 11 -431.8995834559107 0.6964303449872817
2 2.25 11 12 -315.5035875350204 0.6355777504129215
2 2.25 12 13 -227.6623580514065 0.5822682487174774
2 2.25 13 14 -160.7329018613552 0.5352622477279515
2 2.25 14 15 -109.3405414432382 0.4935704180413003
2 2.25 15 16 -69.64120809992733 0.4563949165977766
2 2.25 16 17 -38.84229643468279 0.4230860685267778
2 2.25 17 18 -14.8860043244149 0.3931100924839697
2 2.25 18 19 3.763651187186952 0.3660247787935809
2 2.25 19 20 18.26654417250779 0.3414609601834227
2 2.25 20 21 29.50774379028383 0.3191082449057527
2 2.25 21 22 38.16901284483765 0.2987039306429244
2 2.25 22 23 44.7799800322133 0.280024304048601
2 2.25 23 24 49.75524037495393 0.262877760168909
2 2.25 24 25 53.42157624656124 0.2470993135885719
2 2.25 25 26 56.0381506744319 0.2325461889385059
2 2.25 26 27 57.81164025211854 0.2190942513510346
2 2.25 27 28 58.90768261866958 0.2066350991994989
2 2.25 28 29 59.45961150295614 0.195073679433309
2 2.25 29 30 59.5751756566882 0.1843263212092791
2 2.25 30 31 59.34174559165393 0.1743191039266519
2 2.25 31 32 58.83037634830322 0.1649864966002009
2 2.25 32 33 58.09899796365494 0.1562702169701685
2 2.25 33 34 57.19493586388558 0.1481182701628786
2 2.25 34 35 56.15691294381742 0.1404841353871678
2 2.25 35 36 55.0166481318135 0.1333260748728701
2 2.25 36 37 53.80013887360047 0.1266065434518752
2 2.25 37 38 52.52869466249149 0.1202916835237465
2 2.25 38 39 51.21977340261617 0.1143508897411839
2 2.25 39 40 49.88766081760781 0.1087564345846397
2 2.25 40 41 48.54402444660701 0.1034831424627696
2 2.25 41 42 47.19836677429709 0.09850810867157689
2 2.25 42 43 45.8583971313609 0.09381045234174216
2 2.25 43 44 44.53033776140578 0.08937110235510107
2 2.25 44 45 43.21917639715119 0.08517260872823391
2 2.25 45 46 41.9278200976558 0.08185161192883876
2 2.25 46 47 40.6613664884282 0.0817869434355503
2 2.25 47 48 39.42115475483706 0.0850433365911251
2 2.25 48 49 38.20900098302215 0.09100575874993486
2 2.25 49 50 37.02604635164207 0.09731608889727671
2.25 2.5 0 1 3469.79890291797 1.62296906516735
2.25 2.5 1 2 -3500.125581527154 0.951339349954804
2.25 2.5 2 3 -5250.200687737595 1.687031161289242
2.25 2.5 3 4 -3931.191492115088 1.582881113826631
2.25 2.5 4 5 -2790.900956472757 1.447420126919764
2.25 2.5 5 6 -1980.277579725848 1.294581739631721
2.25 2.5 6 7 -1417.884661075652 1.154980323235435
2.25 2.5 7 8 -1024.676207080285 1.03334837818178
2.25 2.5 8 9 -745.4421305720889 0.9288382197314211
2.25 2.5 9 10 -543.7870087370716 0.8384934849960102
2.25 2.5 10 11 -395.9216775026027 0.7604677832743441
2.25 2.5 11 12 -286.0168708433075 0.6926124117792098
2.25 2.5 12 13 -203.3850081349749 0.6332535975872252
2.25 2.5 13 14 -140.6679559417746 0.581025354696274
2.25 2.5 14 15 -92.70606027439248 0.5348167804768734
2.25 2.5 15 16 -55.81854727685845 0.4937224692854734
2.25 2.5 16 17 -27.33786942140296 0.4570009513420768
2.25 2.5 17 18 -5.302882964476794 0.4240413697697221
2.25 2.5 18 19 11.74699718775491 0.3943372306220607
2.25 2.5 19 20 24.91231065717807 0.3674658391738124
2.25 2.5 20 21 35.03104538133107 0.3430721862274707
2.25 2.5 21 22 42.7473179356665 0.3208562782703215
2.25 2.5 22 23 48.56044118454167 0.300563127490126
2.25 2.5 23 24 52.86043782605577 0.2819747961098503
2.25 2.5 24 25 55.95405356080153 0.2649040356753533
2.25 2.5 25 26 58.08402276390859 0.2491891693435161
2.25 2.5 26 27 59.44348292048926 0.2346899488535764
2.25 2.5 27 28 60.18686120013683 0.2212841798553315
2.25 2.5 28 29 60.43816836604526 0.2088649571057841
2.25 2.5 29 30 60.29736837321309 0.1973383861865822
2.25 2.5 30 31 59.84530669648655 0.1866216963190764
2.25 2.5 31 32 59.14754989039142 0.1766416680773366
2.25 2.5 32 33 58.25739611129831 0.1673333183784537
2.25 2.5 33 34 57.21824968812831 0.1586387934825194
2.25 2.5 34 35 56.06550446489797 0.1505064347324159
2.25 2.5 35 36 54.82804523732989 0.1428899856279698
2.25 2.5 36 37 53.52945045462855 0.1357479160520344
2.25 2.5 37 38 52.18895994389959 0.1290428450099151
2.25 2.5 38 39 50.82225679815127 0.1227410443232351
2.25 2.5 39 40 49.44210152303737 0.1168120117812315
2.25 2.5 40 41 48.0588482980429 0.1112281014005431
2.25 2.5 41 42 46.68086655076576 0.1059642035630146
2.25 2.5 42 43 45.31488637980195 0.100997466546219
2.25 2.5 43 44 43.96628234782122 0.09630705305906959
2.25 2.5 44 45 42.63930726120591 0.09187392783624566
2.25 2.5 45 46 41.33627374985124 0.08799960725691394
2.25 2.5 46 47 40.06164135161771 0.0858632995201834
2.25 2.5 47 48 38.81631031046405 0.08560091063339273
2.25 2.5 48 49 37.60167642500957 0.08706059036026546
2.25 2.5 49 50 36.41851547630395 0.09181333608004023
2.5 2.75 0 1 2894.415461346819 2.100647226300206
2.5 2.75 1 2 -3927.866910223158 1.100223141623448
2.5 2.75 2 3 -5157.425512241849 2.884057752275819
2.5 2.75 3 4 -3782.814997960817 2.729320995155757
2.5 2.75 4 5 -2652.92392332764 2.384081810367919
2.5 2.75 5 6 -1862.946065756424 2.065344856411301
2.5 2.75 6 7 -1320.40458403007 1.798332743996957
2.5 2.75 7 8 -944.0484404146623 1.57823044191878
2.5 2.75 8 9 -678.6076428563697 1.395783533400576
2.5 2.75 9 10 -488.1306835915877 1.243578732144116
2.5 2.75 10 11 -349.3265777677302 1.115126583476841
2.5 2.75 11 12 -246.797418678148 1.005705121222589
2.5 2.75 12 13 -170.2037698676675 0.9116496899459234
2.5 2.75 13 14 -112.4608764316147 0.8301350128740872
2.5 2.75 14 15 -68.62206244150593 0.758961894977432
2.5 2.75 15 16 -35.17253312536081 0.696400035408328
2.5 2.75 16 17 -9.574641975362965 0.6410732962905659
2.5 2.75 17 18 10.03047258638185 0.5918757906006284
2.5 2.75 18 19 25.02231129460199 0.5479100659093128
2.5 2.75 19 20 36.4366846915301 0.5084411319498118
2.5 2.75 20 21 45.05955319706379 0.4728619172727654
2.5 2.75 21 22 51.49293945234433 0.4406670421863478
2.5 2.75 22 23 56.20188653761852 0.411432701503184
2.5 2.75 23 24 59.54835298303817 0.3848010829611013
2.5 2.75 24 25 61.81597516256284 0.3604681856300304
2.5 2.75 25 26 63.22835946342491 0.3381742125838873
2.5 2.75 26 27 63.96273372528447 0.3176959310632396
2.5 2.75 27 28 64.16023178413286 0.2988405488402113
2.5 2.75 28 29 63.93370931073127 0.2814407710378179
2.5 2.75 29 30 63.37373147381732 0.265350780613009
2.5 2.75 30 31 62.55319437920355 0.2504429499029747
2.5 2.75 31 32 61.53091670737405 0.2366051327861785
2.5 2.75 32 33 60.35444892501965 0.2237384226563666
2.5 2.75 33 34 59.06228360358494 0.2117552854018927
2.5 2.75 34 35 57.68560413334507 0.2005779968847922
2.5 2.75 35 36 56.2496753359228 0.1901373288780047
2.5 2.75 36 37 54.77495456247141 0.1803714388690706
2.5 2.75 37 38 53.27798340845413 0.1712249276215425
2.5 2.75 38 39 51.77210629250521 0.1626480362238701
2.5 2.75 39 40 50.26805169349566 0.1545959593783773
2.5 2.75 40 41 48.77440403350525 0.1470282551484691
2.5 2.75 41 42 47.29798792139951 0.1399083367203403
2.5 2.75 42 43 45.84418206344944 0.1332030326773977
2.5 2.75 43 44 44.41717638583165 0.1268822054165092
2.5 2.75 44 45 43.02018317238469 0.1209184195236717
2.5 2.75 45 46 41.6546412650807 0.1155082028521616
2.5 2.75 46 47 40.32412110807758 0.1114652943950764
2.5 2.75 47 48 39.0288523495914 0.1089048804456911
2.5 2.75 48 49 37.76960077023256 0.1077691609961629
2.5 2.75 49 50 36.54658284076561 0.1072465817659541
2.75 3 0 1 2264.678483460224 1.590929016587674
2.75 3 1 2 -4341.968636887626 4.511436320956354
2.75 3 2 3 -5006.026763809041 5.949604900784816
2.75 3 3 4 -3580.769041247295 5.062987820151582
2.75 3 4 5 -2471.547885782958 4.201973013693992
2.75 3 5 6 -1711.762160549701 3.520154537231041
2.75 3 6 7 -1196.738522502786 2.989353238953681
2.75 3 7 8 -843.1384586589088 2.571424280771341
2.75 3 8 9 -595.9937656875754 2.236644489033025
2.75 3 9 10 -420.1373961827958 1.964307467319892
2.75 3 10 11 -293.0438231368482 1.739342650381227
2.75 3 11 12 -199.9475029092582 1.551097533527226
2.75 3 12 13 -131.0042330135159 1.391762603868455
2.75 3 13 14 -79.51014746592182 1.255531624971391
2.75 3 14 15 -40.81050017987945 1.138013711741688
2.75 3 15 16 -11.61494372406969 1.035835612172374
2.75 3 16 17 10.44053591709053 0.9463682969392861
2.75 3 17 18 27.07946850068697 0.8675357796324769
2.75 3 18 19 39.57503686930158 0.7976791805581916
2.75 3 19 20 48.87886665852579 0.7354585197239619
2.75 3 20 21 55.70974985840746 0.679780701281941
2.75 3 21 22 60.61572914805845 0.6297459682360446
2.75 3 22 23 64.0181707431575 0.5846075761258909
2.75 3 23 24 66.24346721101836 0.543741059991836
2.75 3 24 25 67.54612084222265 0.5066205537689175
2.75 3 25 26 68.12573964726187 0.4728003574457604
2.75 3 26 27 68.13968051583049 0.4419004525171151
2.75 3 27 28 67.71254370207032 0.4135950200831933
2.75 3 28 29 66.94336530837984 0.3876032638972056
2.75 3 29 30 65.91110990606074 0.3636820200602525
2.75 3 30 31 64.67889640688139 0.3416197622085411
2.75 3 31 32 63.29727178334588 0.321231706594922
2.75 3 32 33 61.80676336927928 0.3023557897713243
2.75 3 33 34 60.2398804989071 0.2848493441010547
2.75 3 34 35 58.62269288828429 0.2685863341521273
2.75 3 35 36 56.97608157820883 0.2534550481684909
2.75 3 36 37 55.31673500527302 0.2393561590772755
2.75 3 37 38 53.65794559206915 0.2262010891972577
2.75 3 38 39 52.01024935305159 0.2139106244620556
2.75 3 39 40 50.38194132239769 0.202413734888277
2.75 3 40 41 48.77949239893462 0.1916465675447711
2.75 3 41 42 47.20788741071613 0.1815515823098282
2.75 3 42 43 45.67090014444784 0.1720768084238048
2.75 3 43 44 44.17131763736086 0.1631752023556179
2.75 3 44 45 42.71112350628803 0.1548040913175909
2.75 3 45 46 41.29072910702905 0.1470817798788576
2.75 3 46 47 39.91265500809175 0.1405712712254832
2.75 3 47 48 38.57634823393224 0.1353547344933433
2.75 3 48 49 37.28184008608983 0.1314049747002076
2.75 3 49 50 36.02869453337823 0.1281445381490594
3 3.25 0 1 1583.785523867101 1.192421497291671
3 3.25 1 2 -4676.735080105351 9.04177629288348
3 3.25 2 3 -4748.227391869366 9.485552663650772
3 3.25 3 4 -3296.612643392583 7.717779532294567
3 3.25 4 5 -2230.134499800549 6.263154133022951
3 3.25 5 6 -1517.020335879916 5.170366705183462
3 3.25 6 7 -1041.333497649984 4.343114417446531
3 3.25 7 8 -718.9462465542074 3.703529740479235
3 3.25 8 9 -496.2056604466934 3.198150371652974
3 3.25 9 10 -339.4399512828379 2.791238454014116
3 3.25 10 11 -227.3702451798843 2.458020472549779
3 3.25 11 12 -146.1933619998679 2.181220598605723
3 3.25 12 13 -86.78722854993885 1.948410604180537
3 3.25 13 14 -42.98724412959655 1.750469948188745
3 3.25 14 15 -10.54278816217811 1.580573965108266
3 3.25 15 16 13.53137447321456 1.433525944986309
3 3.25 16 17 31.36680453944655 1.305306372990648
3 3.25 17 18 44.50823880693918 1.192762292492521
3 3.25 18 19 54.09003722718546 1.093389037033224
3 3.25 19 20 60.95505733102323 1.005174104166041
3 3.25 20 21 65.73614014152622 0.9264836400899872
3 3.25 21 22 68.91286337458735 0.8559786627758009
3 3.25 22 23 70.85164998953678 0.7925523805292569
3 3.25 23 24 71.83449503266945 0.7352827015492179
3 3.25 24 25 72.07979422557923 0.683395834807013
3 3.25 25 26 71.75761641548627 0.6362380933343034
3 3.25 26 27 71.00101813675724 0.59325383524777
3 3.25 27 28 69.91450578252096 0.5539680487469046
3 3.25 28 29 68.58041996270254 0.517972486013464
3 3.25 29 30 67.06379104459529 0.4849145357840866
3 3.25 30 31 65.41605945880792 0.4544882273707173
3 3.25 31 32 63.67794572364278 0.426426907903852
3 3.25 32 33 61.88167851323288 0.4004972428126213
3 3.25 33 34 60.05273445134833 0.3764942708042971
3 3.25 34 35 58.21120393899946 0.3542373044825487
3 3.25 35 36 56.37286871062537 0.3335665140038019
3 3.25 36 37 54.55005581934768 0.3143400651714426
3 3.25 37 38 52.75231728192517 0.2964317110069517
3 3.25 38 39 50.98697303328939 0.2797287551131251
3 3.25 39 40 49.25954616660533 0.2641303225585289
3 3.25 40 41 47.57411299172378 0.249545885641137
3 3.25 41 42 45.93358529280098 0.2358940020994503
3 3.25 42 43 44.33993855072279 0.2231012311086641
3 3.25 43 44 42.79439686313339 0.2111011989135642
3 3.25 44 45 41.29758304738752 0.1998337906608143
3 3.25 45 46 39.84878896184134 0.1893530727048116
3 3.25 46 47 38.44935967091081 0.1800241642927853
3 3.25 47 48 37.09790461192605 0.1718856816697342
3 3.25 48 49 35.79366255052231 0.1649083729448481
3 3.25 49 50 34.53549625584978 0.1586828951257362
3.25 3.5 0 1 876.3294847670362 0.4362732082102393
3.25 3.5 1 2 -4828.592107497687 18.00022221240625
3.25 3.5 2 3 -4324.947313277917 14.43642442899123
3.25 3.5 3 4 -2898.380333979585 10.93572326195587
3.25 3.5 4 5 -1911.684443214155 8.54124588175992
3.25 3.5 5 6 -1270.157119779913 6.870935314492873
3.25 3.5 6 7 -850.5007805853493 5.659317437993297
3.25 3.5 7 8 -570.6562341679605 4.749251204833736
3.25 3.5 8 9 -380.138711279302 4.045578390952952
3.25 3.5 9 10 -247.94970743717 3.488566187143264
3.25 3.5 10 11 -154.8064093186099 3.038858568370181
3.25 3.5 11 12 -88.3576742887758 2.669780722325966
3.25 3.5 12 13 -40.52802258505358 2.362623551511986
3.25 3.5 13 14 -5.911645475918476 2.103922799448447
3.25 3.5 14 15 19.18662765978252 1.883764302104541
3.25 3.5 15 16 37.34079168253402 1.694700767366479
3.25 3.5 16 17 50.37434616600058 1.531039073500047
3.25 3.5 17 18 59.59860407252654 1.388359157064121
3.25 3.5 18 19 65.96912681510707 1.263181735781808
3.25 3.5 19 20 70.19042031420327 1.152734095382153
3.25 3.5 20 21 72.78726078621651 1.054781950551104
3.25 3.5 21 22 74.15408263884387 0.9675067330191934
3.25 3.5 22 23 74.58968695278895 0.8894146861752227
3.25 3.5 23 24 74.32196589631764 0.8192686019389596
3.25 3.5 24 25 73.52573402672596 0.7560359210611974
3.25 3.5 25 26 72.335734270594 0.6988488237134485
3.25 3.5 26 27 70.85622293243432 0.6469732182035979
3.25 3.5 27 28 69.1681007225211 0.5997844106865099
3.25 3.5 28 29 67.33426438056978 0.5567478453774134
3.25 3.5 29 30 65.40365499109225 0.517403732175131
3.25 3.5 30 31 63.41434289849536 0.4813546820362146
3.25 3.5 31 32 61.39589431129491 0.4482556899712211
3.25 3.5 32 33 59.37119805672532 0.4178059653136204
3.25 3.5 33 34 57.35788360798921 0.3897422264542895
3.25 3.5 34 35 55.36942752581757 0.3638331651527192
3.25 3.5 35 36 53.41602084703285 0.3398748505371867
3.25 3.5 36 37 51.50525196514599 0.3176868938313421
3.25 3.5 37 38 49.64264633776483 0.2971092315728278
3.25 3.5 38 39 47.83209450606239 0.2779994150372323
3.25 3.5 39 40 46.0761925537673 0.2602303165100598
3.25 3.5 40 41 44.37651369659818 0.2436881793830079
3.25 3.5 41 42 42.73382535336955 0.2282709547341954
3.25 3.5 42 43 41.14826301392051 0.2138868763199597
3.25 3.5 43 44 39.61946969843714 0.2004532356926781
3.25 3.5 44 45 38.14670791545663 0.1878953258482647
3.25 3.5 45 46 36.7281916503353 0.1762454271171164
3.25 3.5 46 47 35.36406184251415 0.1658291701142661
3.25 3.5 47 48 34.05215317267475 0.1566806103516971
3.25 3.5 48 49 32.79095439375648 0.1487733602300151
3.25 3.5 49 50 31.57867469698978 0.1417260943559366
3.5 3.75 0 1 213.1034366484749 1.609038608656764
3.5 3.75 1 2 -4638.482078185183 24.31276684532236
3.5 3.75 2 3 -3673.406308523374 16.1370681534309
3.5 3.75 3 4 -2361.967813568529 11.4335346864363
3.5 3.75 4 5 -1509.319913795249 8.587560345998348
3.5 3.75 5 6 -972.2276737598088 6.719403423356344
3.5 3.75 6 7 -628.9424120364163 5.415436951597086
3.5 3.75 7 8 -404.5431054771316 4.462661574028689
3.5 3.75 8 9 -254.6068214106886 3.741552566740521
3.5 3.75 9 10 -152.4984475224728 3.180584539377259
3.5 3.75 10 11 -81.9429851631287 2.734311649710751
3.5 3.75 11 12 -32.66776196802221 2.372721475462359
3.5 3.75 12 13 1.958690246430933 2.075211497961247
3.5 3.75 13 14 26.32478917404887 1.827213247883701
3.5 3.75 14 15 43.39826052047249 1.618157974177156
3.5 3.75 15 16 55.22525110291997 1.440208129192348
3.5 3.75 16 17 63.24082078163087 1.287439591848178
3.5 3.75 17 18 68.46666117026257 1.155299037464322
3.5 3.75 18 19 71.63976917817661 1.040234675761806
3.5 3.75 19 20 73.29787741502321 0.939439308913568
3.5 3.75 20 21 73.83721801274277 0.8506679720157732
3.5 3.75 21 22 73.5522324389724 0.7721061965925454
3.5 3.75 22 23 72.66328399129583 0.70227331672238
3.5 3.75 23 24 71.33626372883543 0.6399504671148253
3.5 3.75 24 25 69.69663459372822 0.5841262610894641
3.5 3.75 25 26 67.83960580842415 0.5339553150050411
3.5 3.75 26 27 65.83758009539571 0.4887262318952442
3.5 3.75 27 28 63.74565607468401 0.4478366373967356
3.5 3.75 28 29 61.6057286696734 0.4107735319479906
3.5 3.75 29 30 59.44956861740857 0.3770976943746842
3.5 3.75 30 31 57.30115175333154 0.3464312012463316
3.5 3.75 31 32 55.17843223418487 0.3184473658532681
3.5 3.75 32 33 53.09470035336966 0.2928625709227228
3.5 3.75 33 34 51.05962776463556 0.2694295956516788
3.5 3.75 34 35 49.08007589680318 0.2479321308645609
3.5 3.75 35 36 47.16072384496167 0.2281802448629799
3.5 3.75 36 37 45.30455784856105 0.21000661594635
3.5 3.75 37 38 43.5132540985081 0.1932633857067975
3.5 3.75 38 39 41.78747891695755 0.1778195199449119
3.5 3.75 39 40 40.12712463608001 0.1635585850254327
3.5 3.75 40 41 38.53149529580001 0.1503768680291401
3.5 3.75 41 42 36.99945293206039 0.138181781594744
3.5 3.75 42 43 35.52953290040969 0.1268905074806507
3.5 3.75 43 44 34.12003476758713 0.1164288398775375
3.5 3.75 44 45 32.76909385078956 0.1067301989022342
3.5 3.75 45 46 31.47410826711011 0.09787597030026378
3.5 3.75 46 47 30.23416495442488 0.09037810628936109
3.5 3.75 47 48 29.04657147105281 0.08435350641030852
3.5 3.75 48 49 27.90926992342253 0.07981670618155978
3.5 3.75 49 50 26.8200151835817 0.07625142822007221
3.75 4 0 1 -300.2398808994008 1.825054282985275
3.75 4 1 2 -3976.556887731146 28.12967947250817
3.75 4 2 3 -2778.865622804596 13.10377676690475
3.75 4 3 4 -1696.816727029883 7.673360468029385
3.75 4 4 5 -1038.528570467804 5.00888581833668
3.75 4 5 6 -639.5282543470196 3.484466822115672
3.75 4 6 7 -391.9769862725511 2.526076296172784
3.75 4 7 8 -234.3951612889073 1.883832675527264
3.75 4 8 9 -131.7904751010926 1.433333622071627
3.75 4 9 10 -63.76050509310016 1.106356664704786
3.75 4 10 11 -18.10535610631996 0.8629919292610642
3.75 4 11 12 12.73377654307842 0.6784617176675379
3.75 4 12 13 33.55766520909378 0.5367829131908383
3.75 4 13 14 47.4958970979452 0.4273373265635393
3.75 4 14 15 56.63491933341527 0.3429280076686014
3.75 4 15 16 62.39338470707924 0.2819353736216472
3.75 4 16 17 65.75254093351469 0.259575812175605
3.75 4 17 18 67.40118952762947 0.2395660079776632
3.75 4 18 19 67.82898850896419 0.2215851108011582
3.75 4 19 20 67.38776090694034 0.2053657793175141
3.75 4 20 21 66.33254072618058 0.1906838498090898
3.75 4 21 22 64.84952098838863 0.1773502220933517
3.75 4 22 23 63.07537538281048 0.1652044500847798
3.75 4 23 24 61.11080082750894 0.1610720173730573
3.75 4 24 25 59.03012785909934 0.1647127239845268
3.75 4 25 26 56.88821731668196 0.1683727929897907
3.75 4 26 27 54.72545986810684 0.1717631112338073
3.75 4 27 28 52.57143341848436 0.1747352932821989
3.75 4 28 29 50.44760076254457 0.1772256636108891
3.75 4 29 30 48.36931402103477 0.179220121980652
3.75 4 30 31 46.3473138476626 0.1807326113158291
3.75 4 31 32 44.38885731060685 0.1817920843799042
3.75 4 32 33 42.49857077169055 0.182434688911002
3.75 4 33 34 40.67909767241406 0.1826991380712721
3.75 4 34 35 38.93159238589895 0.1826240239966276
3.75 4 35 36 37.25609785177319 0.1822463147178498
3.75 4 36 37 35.65183500280212 0.1816005718511023
3.75 4 37 38 34.11742493296184 0.1807186034113441
3.75 4 38 39 32.65105954995116 0.1796293760133816
3.75 4 39 40 31.25063261277111 0.1783590777856508
3.75 4 40 41 29.91384024949761 0.1769312646542912
3.75 4 41 42 28.63825782802148 0.1753670483948546
3.75 4 42 43 27.42139851711891 0.1736853012001238
3.75 4 43 44 26.26075763657422 0.1719028615856245
3.75 4 44 45 25.15384593798124 0.1700347329308954
3.75 4 45 46 24.09774861117617 0.1681506948912266
3.75 4 46 47 23.0908693831858 0.16645975562187
3.75 4 47 48 22.1304298429534 0.1649765995972653
3.75 4 48 49 21.21420304658631 0.1636815314225937
3.75 4 49 50 20.33985088840988 0.1624053468322277
4 5 0 1 -983.0131235443389 2.911216959735961
4 5 1 2 -4381.874692653168 7.006491361621863
4 5 2 3 -2523.449838748975 5.147014433620009
4 5 3 4 -1380.622130392088 3.82275502041849
4 5 4 5 -758.0829742043504 2.8294419108664
4 5 5 6 -408.4365615141339 2.126168967008673
4 5 6 7 -205.6401418609037 1.668198595528306
4 5 7 8 -84.86148919832158 1.363741662653615
4 5 8 9 -11.57538594403945 1.148483378291864
4 5 9 10 33.266668150192 0.9866779490663923
4 5 10 11 60.52642679175301 0.8617954316962733
4 5 11 12 76.70955093439363 0.7641405677382267
4 5 12 13 85.79276407500186 0.6843243084329456
4 5 13 14 90.25624974934703 0.6170557715441917
4 5 14 15 91.68870140483386 0.560361497484375
4 5 15 16 91.13720464576494 0.5125842772032985
4 5 16 17 89.3021224144004 0.4715472560533024
4 5 17 18 86.65374450653798 0.4354254086586961
4 5 18 19 83.50930112302279 0.4032194399947172
4 5 19 20 80.0846709865138 0.3744536995462048
4 5 20 21 76.52786695549807 0.3487553471405738
4 5 21 22 72.94033442383875 0.3257034027991972
4 5 22 23 69.39088683528374 0.3048764075749493
4 5 23 24 65.92528865724006 0.285924491269315
4 5 24 25 62.5730607904778 0.2685892884675131
4 5 25 26 59.3523340587933 0.2526823248227561
4 5 26 27 56.27327764473861 0.238054610752547
4 5 27 28 53.34050260091678 0.2245763866308685
4 5 28 29 50.5547496994747 0.2121292659981037
4 5 29 30 47.91408619419502 0.2006055673733924
4 5 30 31 45.41476450024415 0.189909589644665
4 5 31 32 43.05184351417817 0.1799581217159502
4 5 32 33 40.81963921437931 0.1706796381512358
4 5 33 34 38.71205019466973 0.1620126506747119
4 5 34 35 36.72279077267503 0.1539038447608866
4 5 35 36 34.84555575865579 0.1463064216270675
4 5 36 37 33.07413490915251 0.1391788115852975
4 5 37 38 31.40249056561301 0.1324837492375543
4 5 38 39 29.82480850174631 0.1261876280974981
4 5 39 40 28.33552936918013 0.1202600398538746
4 5 40 41 26.92936619743733 0.1146734233779672
4 5 41 42 25.60131188102062 0.1094027755938059
4 5 42 43 24.34663956532415 0.1044253960428838
4 5 43 44 23.16089807909781 0.09972065565979149
4 5 44 45 22.03990394199601 0.09526978306934789
4 5 45 46 20.97927797578927 0.09145032294656975
4 5 46 47 19.97587373806079 0.08967559602069179
4 5 47 48 19.02583367874884 0.08993054986618404
4 5 48 49 18.12597685132054 0.09178862708509693
4 5 49 50 17.27289866219904 0.09402392388945069
-5 5 0 50 -527700.6495395451 91.65293239374444
