#ylo yhi qTlo qThi PDF0  uncertainty
-5 -4 0 1 -1003.863733596323 2.891470722496937
-5 -4 1 2 -4438.30006221097 7.211194860857094
-5 -4 2 3 -2560.825958775954 5.406957458305913
-5 -4 3 4 -1407.181652300998 4.062229271432088
-5 -4 4 5 -776.7108739106566 3.032187404659451
-5 -4 5 6 -421.2713641099745 2.287209335282101
-5 -4 6 7 -214.4208504976309 1.784754806634099
-5 -4 7 8 -90.83531416007486 1.443238511480493
-5 -4 8 9 -15.59004275955363 1.202943871160778
-5 -4 9 10 30.6374423675926 1.025603323799551
-5 -4 10 11 58.88793447045236 0.8901486531806012
-5 -4 11 12 75.78801512059351 0.7849916130982004
-5 -4 12 13 85.39458019583162 0.700648791345274
-5 -4 13 14 90.24248611602309 0.6307511327722513
-5 -4 14 15 91.95827744432609 0.5724287665003869
-5 -4 15 16 91.61583508003326 0.5236214996770722
-5 -4 16 17 89.93472666281735 0.4820136171940747
-5 -4 17 18 87.39909891440948 0.4456621941183033
-5 -4 18 19 84.33627087260754 0.4134389206654939
-5 -4 19 20 80.96956230916572 0.3847682557487256
-5 -4 20 21 77.45254661095302 0.3592188296801291
-5 -4 21 22 73.8908666960757 0.3363388334718189
-5 -4 22 23 70.35652756335338 0.315688689108939
-5 -4 23 24 66.89773510894167 0.2969059566681946
-5 -4 24 25 63.54588953386306 0.279723449107724
-5 -4 25 26 60.32057784789657 0.263947245500872
-5 -4 26 27 57.23310485395967 0.249425690201863
-5 -4 27 28 54.28897228648182 0.2360282904567461
-5 -4 28 29 51.48962276917659 0.223637093376209
-5 -4 29 30 48.83367866411913 0.2121454973052448
-5 -4 30 31 46.31783270969574 0.201459230588699
-5 -4 31 32 43.93749386190663 0.1914967011738653
-5 -4 32 33 41.6872568589329 0.1821880979562404
-5 -4 33 34 39.56124249734745 0.1734736750847558
-5 -4 34 35 37.55334225383524 0.1653018356565249
-5 -4 35 36 35.65739207962903 0.1576274342390561
-5 -4 36 37 33.8672939598501 0.1504104623426413
-5 -4 37 38 32.17709917422095 0.1436151075018093
-5 -4 38 39 30.58106361246221 0.1372091017624661
-5 -4 39 40 29.07368279119418 0.1311632599645637
-5 -4 40 41 27.64971221947278 0.1254511333734521
-5 -4 41 42 26.30417719835715 0.1200487261977371
-5 -4 42 43 25.03237507751875 0.114934247921976
-5 -4 43 44 23.82987220929482 0.1100878888659731
-5 -4 44 45 22.69249719599256 0.1054916142971398
-5 -4 45 46 21.61587356119373 0.1015273654787271
-5 -4 46 47 20.59685851058191 0.09962255068544884
-5 -4 47 48 19.63159187593614 0.09976201935823083
-5 -4 48 49 18.7168925948132 0.1015156320354304
-5 -4 49 50 17.8493430378988 0.1036488675586505
-4 -3.75 0 1 -314.898386665054 1.831081699467543
-4 -3.75 1 2 -4021.907936717226 27.96703708632367
-4 -3.75 2 3 -2809.981419064231 12.95716841274346
-4 -3.75 3 4 -1717.628579785577 7.558300810673678
-4 -3.75 4 5 -1051.791971364478 4.917472013093471
-4 -3.75 5 6 -647.6174977488588 3.410337016250081
-4 -3.75 6 7 -396.6751678004598 2.46490549457934
-4 -3.75 7 8 -236.8949797021792 1.83273174866097
-4 -3.75 8 9 -132.8625570648544 1.390075235710251
-4 -3.75 9 10 -63.90244597367689 1.069675228672748
-4 -3.75 10 11 -17.64117642498411 0.8317824101616774
-4 -3.75 11 12 13.59061508756679 0.6519906395570015
-4 -3.75 12 13 34.66476826634027 0.514552729867478
-4 -3.75 13 14 48.75723279640147 0.4090444410547604
-4 -3.75 14 15 57.9851707353605 0.3284307769387905
-4 -3.75 15 16 63.7878871285933 0.283824252264954
-4 -3.75 16 17 67.16070204067415 0.261341072862163
-4 -3.75 17 18 68.80211581746136 0.2412173340863405
-4 -3.75 18 19 69.20853408671945 0.2231313475930598
-4 -3.75 19 20 68.73650899187413 0.20681499119603
-4 -3.75 20 21 67.64440669514744 0.1920433825862452
-4 -3.75 21 22 66.12077563225705 0.1786267662304368
-4 -3.75 22 23 64.30395596056809 0.1664041010949572
-4 -3.75 23 24 62.29582150838326 0.1683656842082833
-4 -3.75 24 25 60.17152971407663 0.1720455951807124
-4 -3.75 25 26 57.98651686417199 0.1755801948504169
-4 -3.75 26 27 55.78156777421628 0.1787475501082046
-4 -3.75 27 28 53.58652348870837 0.1814423963751159
-4 -3.75 28 29 51.42301520274142 0.1836282838317298
-4 -3.75 29 30 49.30649499342229 0.1853081328104804
-4 -3.75 30 31 47.24775417449843 0.1865064181732447
-4 -3.75 31 32 45.25406517104562 0.1872585013396091
-4 -3.75 32 33 43.33004465237894 0.1876043112508172
-4 -3.75 33 34 41.4783088458119 0.1875846631101415
-4 -3.75 34 35 39.69997291953963 0.1872391764864923
-4 -3.75 35 36 37.9950326793096 0.1866051613870028
-4 -3.75 36 37 36.36265697402511 0.1857170881169312
-4 -3.75 37 38 34.80141203990821 0.1846064045476956
-4 -3.75 38 39 33.30943373446374 0.1833015564554279
-4 -3.75 39 40 31.88455971372471 0.1818281213366313
-4 -3.75 40 41 30.52443076040996 0.1802090012912223
-4 -3.75 41 42 29.22656822082122 0.1784646415463166
-4 -3.75 42 43 27.98843295031154 0.1766132546323916
-4 -3.75 43 44 26.80746991272522 0.1746710386033194
-4 -3.75 44 45 25.68114161126276 0.1726523830369071
-4 -3.75 45 46 24.60648230288845 0.170626718950337
-4 -3.75 46 47 23.58185775020935 0.1688035876952708
-4 -3.75 47 48 22.60444331914928 0.1671976942008377
-4 -3.75 48 49 21.67197288314971 0.1657891424572207
-4 -3.75 49 50 20.7820657226326 0.1644074220687965
-3.75 -3.5 0 1 198.8035463023713 1.616405481003054
-3.75 -3.5 1 2 -4692.038709088851 24.59969110409125
-3.75 -3.5 2 3 -3710.383558076266 16.26315405583983
-3.75 -3.5 3 4 -2387.383785377489 11.50386002091067
-3.75 -3.5 4 5 -1526.257512661863 8.631287881683566
-3.75 -3.5 5 6 -983.1822242203739 6.748274432862717
-3.75 -3.5 6 7 -635.8503340701507 5.435171794854597
-3.75 -3.5 7 8 -408.7416585535082 4.476401804909448
-3.75 -3.5 8 9 -256.9869336199565 3.751165006456125
-3.75 -3.5 9 10 -153.649401970192 3.187257781185448
-3.75 -3.5 10 11 -82.26021499838498 2.738831546488744
-3.75 -3.5 11 12 -32.41818571708063 2.375630466280169
-3.75 -3.5 12 13 2.592500390839632 2.076895040829736
-3.75 -3.5 13 14 27.21654763321897 1.827952215235287
-3.75 -3.5 14 15 44.45976687963901 1.618161380849467
-3.75 -3.5 15 16 56.39442961429233 1.439634314107528
-3.75 -3.5 16 17 64.47374371781007 1.286410348450214
-3.75 -3.5 17 18 69.73214957503501 1.153909289689738
-3.75 -3.5 18 19 72.91568715087328 1.038559256189981
-3.75 -3.5 19 20 74.56855663056541 0.9375378025897867
-3.75 -3.5 20 21 75.09164764633408 0.8485882398181368
-3.75 -3.5 21 22 74.78277436575638 0.7698869785230823
-3.75 -3.5 22 23 73.86475280060819 0.6999461830027366
-3.75 -3.5 23 24 72.5052628391818 0.6375412990412104
-3.75 -3.5 24 25 70.8310738886475 0.5816563882541059
-3.75 -3.5 25 26 68.93834905164061 0.5314423977814224
-3.75 -3.5 26 27 66.90018586133942 0.4861849531511676
-3.75 -3.5 27 28 64.77218654280756 0.4452792492997872
-3.75 -3.5 28 29 62.59660798584807 0.4082102922809316
-3.75 -3.5 29 30 60.40547767016847 0.3745372170738611
-3.75 -3.5 30 31 58.2229498458355 0.3438807405135592
-3.75 -3.5 31 32 56.06709871669071 0.3159130479853944
-3.75 -3.5 32 33 53.95129113312552 0.2903495848973031
-3.75 -3.5 33 34 51.88524294844731 0.2669423510491413
-3.75 -3.5 34 35 49.8758357913984 0.2454743898931791
-3.75 -3.5 35 36 47.92775125128358 0.2257552335747179
-3.75 -3.5 36 37 46.04396510529804 0.2076171188539159
-3.75 -3.5 37 38 44.22613371814072 0.1909118275656934
-3.75 -3.5 38 39 42.47489693969123 0.1755080372016832
-3.75 -3.5 39 40 40.79011604293058 0.1612890893709851
-3.75 -3.5 40 41 39.1710609793972 0.1481511044191977
-3.75 -3.5 41 42 37.61655784377655 0.1360013824296358
-3.75 -3.5 42 43 36.1251050849493 0.1247570446931523
-3.75 -3.5 43 44 34.69496506021611 0.1143438771938043
-3.75 -3.5 44 45 33.32423606954931 0.1046953454838309
-3.75 -3.5 45 46 32.01027433451233 0.09589801174609897
-3.75 -3.5 46 47 30.75213937951395 0.08848534850419509
-3.75 -3.5 47 48 29.54709887604795 0.08258198504885404
-3.75 -3.5 48 49 28.39306165155642 0.07820419843888995
-3.75 -3.5 49 50 27.28774642463334 0.074815875221734
-3.5 -3.25 0 1 865.7229340770515 0.4353382595020028
-3.5 -3.25 1 2 -4884.030341384048 18.52096606104529
-3.5 -3.25 2 3 -4364.323643382715 14.7776509881694
-3.5 -3.25 3 4 -2925.96233699614 11.17566635558986
-3.5 -3.25 4 5 -1930.604832368992 8.720294130279548
-3.5 -3.25 5 6 -1282.849422271396 7.010196649162474
-3.5 -3.25 6 7 -858.8878008186271 5.770924392886372
-3.5 -3.25 7 8 -576.095546638385 4.840731714961656
-3.5 -3.25 8 9 -383.5546291841702 4.121879698938644
-3.5 -3.25 9 10 -249.9659906404681 3.553100564663833
-3.5 -3.25 10 11 -155.8501996379464 3.094061030261786
-3.5 -3.25 11 12 -88.7225331442728 2.717444678579302
-3.5 -3.25 12 13 -40.41820236452372 2.404102717253199
-3.5 -3.25 13 14 -5.47074033455965 2.140260699992457
-3.5 -3.25 14 15 19.85672463209266 1.915779917956715
-3.5 -3.25 15 16 38.16720627977736 1.723046892574948
-3.5 -3.25 16 17 51.30462804334786 1.556243120966328
-3.5 -3.25 17 18 60.59482475763559 1.410852339580008
-3.5 -3.25 18 19 67.00377676099095 1.283320350932743
-3.5 -3.25 19 20 71.24352460335842 1.170815325132115
-3.5 -3.25 20 21 73.84433115046829 1.07105577370886
-3.5 -3.25 21 22 75.20465022266592 0.9821850334971792
-3.5 -3.25 22 23 75.62624264210467 0.9026783059120315
-3.5 -3.25 23 24 75.33918940839175 0.8312728651469468
-3.5 -3.25 24 25 74.51992935078289 0.7669150066887015
-3.5 -3.25 25 26 73.30441372406102 0.7087192594665764
-3.5 -3.25 26 27 71.79779901711112 0.6559366973369322
-3.5 -3.25 27 28 70.08165669200315 0.6079300811809815
-3.5 -3.25 28 29 68.21938263100424 0.5641541843159287
-3.5 -3.25 29 30 66.26028817291939 0.5241400914390825
-3.5 -3.25 30 31 64.2427167605972 0.4874825707991915
-3.5 -3.25 31 32 62.19643423456085 0.4538298456261526
-3.5 -3.25 32 33 60.14447335660412 0.422875252511093
-3.5 -3.25 33 34 58.10456522522782 0.3943503961166094
-3.5 -3.25 34 35 56.09025584771004 0.3680194980453985
-3.5 -3.25 35 36 54.11178122625751 0.3436747059807869
-3.5 -3.25 36 37 52.17675610598616 0.3211321792888203
-3.5 -3.25 37 38 50.29071817566168 0.3002288061228388
-3.5 -3.25 38 39 48.45755953398694 0.2808194378868875
-3.5 -3.25 39 40 46.67986980376421 0.2627745484394037
-3.5 -3.25 40 41 44.95920976999392 0.2459782450971973
-3.5 -3.25 41 42 43.29633003535477 0.2303265714575465
-3.5 -3.25 42 43 41.69134611478705 0.2157260538740196
-3.5 -3.25 43 44 40.14387884665197 0.2020924522152943
-3.5 -3.25 44 45 38.65316708640202 0.1893496821650003
-3.5 -3.25 45 46 37.21739447134119 0.1775292506287799
-3.5 -3.25 46 47 35.83668712175624 0.1669577329531485
-3.5 -3.25 47 48 34.50884885670028 0.157669140088563
-3.5 -3.25 48 49 33.23234356065528 0.1496368167768603
-3.5 -3.25 49 50 32.00535342051178 0.1424770088725271
-3.25 -3 0 1 1579.601066993842 1.193473750608934
-3.25 -3 1 2 -4724.954381832739 9.234548770040959
-3.25 -3 2 3 -4784.743293302312 9.680077085455887
-3.25 -3 3 4 -3323.002958820448 7.874659522739123
-3.25 -3 4 5 -2248.811269162641 6.389812756543136
-3.25 -3 5 6 -1529.959904719882 5.27452942890308
-3.25 -3 6 7 -1050.196676922153 4.4303482119763
-3.25 -3 7 8 -724.9514558152014 3.77773572188339
-3.25 -3 8 9 -500.2069806990617 3.262098240957331
-3.25 -3 9 10 -342.0274878856194 2.846954083743484
-3.25 -3 10 11 -228.956875553077 2.507011868228697
-3.25 -3 11 12 -147.0678878532451 2.224638879560895
-3.25 -3 12 13 -87.15371134726752 1.987150768356394
-3.25 -3 13 14 -42.99108961352181 1.78523968947801
-3.25 -3 14 15 -10.28842487036627 1.61194123371874
-3.25 -3 15 16 13.96842267130455 1.461952550807052
-3.25 -3 16 17 31.93159125960563 1.331172211740495
-3.25 -3 17 18 45.16059085671009 1.216383133164279
-3.25 -3 18 19 54.80046843693594 1.115029799125796
-3.25 -3 19 20 61.70186577416189 1.025058917305993
-3.25 -3 20 21 66.50332913204022 0.9448035693013465
-3.25 -3 21 22 69.6886414261935 0.8728977146076868
-3.25 -3 22 23 71.62734117613934 0.8082122250914182
-3.25 -3 23 24 72.60374251565406 0.7498064234445782
-3.25 -3 24 25 72.8379746693663 0.6968909408301313
-3.25 -3 25 26 72.50140708357935 0.6487989450525139
-3.25 -3 26 27 71.72807518550786 0.6049636327177106
-3.25 -3 27 28 70.62322399730198 0.56490045980113
-3.25 -3 28 29 69.26975245870676 0.5281929939773944
-3.25 -3 29 30 67.73311334470054 0.4944815615154237
-3.25 -3 30 31 66.06506657561903 0.4634540686759849
-3.25 -3 31 32 64.30657390186803 0.434838531019325
-3.25 -3 32 33 62.49004548931953 0.4083969523665366
-3.25 -3 33 34 60.64109367780196 0.3839202797588479
-3.25 -3 34 35 58.77990939116773 0.3612242214655966
-3.25 -3 35 36 56.92234774932527 0.3401457616686024
-3.25 -3 36 37 55.0807882113204 0.3205402408798428
-3.25 -3 37 38 53.26481895220357 0.3022788988462241
-3.25 -3 38 39 51.48178346633972 0.2852467972330761
-3.25 -3 39 40 49.73721863527194 0.2693410555322261
-3.25 -3 40 41 48.03520698581639 0.2544693472134711
-3.25 -3 41 42 46.37866066668929 0.2405486125821903
-3.25 -3 42 43 44.76955101770221 0.227503953236663
-3.25 -3 43 44 43.20909455037892 0.2152676786455953
-3.25 -3 44 45 41.69790388762598 0.2037784820170643
-3.25 -3 45 46 40.23525306553259 0.1930882353003754
-3.25 -3 46 47 38.82248460272726 0.1835567483358964
-3.25 -3 47 48 37.45818766779917 0.1752206997134947
-3.25 -3 48 49 36.1415858225912 0.1680497966710996
-3.25 -3 49 50 34.87152520413619 0.161637662932718
-3 -2.75 0 1 2266.145826761113 1.685140947928508
-3 -2.75 1 2 -4380.042173047887 4.404238580204113
-3 -2.75 2 3 -5037.195167326403 5.935027748375622
-3 -2.75 3 4 -3604.166162007353 5.069028651668564
-3 -2.75 4 5 -2488.651441818383 4.214252994491101
-3 -2.75 5 6 -1723.957802888244 3.534259379889477
-3 -2.75 6 7 -1205.330847205854 3.003662693903276
-3 -2.75 7 8 -849.1403343197348 2.5853035283985
-3 -2.75 8 9 -600.1421897343848 2.249835873377702
-3 -2.75 9 10 -422.9556820144091 1.976739492016615
-3 -2.75 10 11 -294.9066280632132 1.751009846988038
-3 -2.75 11 12 -201.1214880334753 1.562030812458867
-3 -2.75 12 13 -131.6804762052054 1.402007056793368
-3 -2.75 13 14 -79.82632862835339 1.265136869293476
-3 -2.75 14 15 -40.86638125949389 1.147029185506602
-3 -2.75 15 16 -11.48319268534397 1.04430835150021
-3 -2.75 16 17 10.70673375940441 0.9543419850339034
-3 -2.75 17 18 27.44102164836977 0.875050451338044
-3 -2.75 18 19 40.00310645575553 0.804771260087033
-3 -2.75 19 20 49.35211118311315 0.7421610201015776
-3 -2.75 20 21 56.21233744738743 0.6861234935315254
-3 -2.75 21 22 61.13589590368849 0.6357560711003339
-3 -2.75 22 23 64.54716994755108 0.5903094413057837
-3 -2.75 23 24 66.77479978269207 0.5491568396489955
-3 -2.75 24 25 68.07496918360403 0.5117703456959245
-3 -2.75 25 26 68.64854925549389 0.4777024256740329
-3 -2.75 26 27 68.65384941492937 0.4465714245235373
-3 -2.75 27 28 68.21619088479872 0.4180500615845664
-3 -2.75 28 29 67.43515731216587 0.3918562336775002
-3 -2.75 29 30 66.39013033972827 0.3677456066101067
-3 -2.75 30 31 65.14454733727399 0.3455056045181799
-3 -2.75 31 32 63.74919885393638 0.3249505004986445
-3 -2.75 32 33 62.2447986713612 0.3059173824256208
-3 -2.75 33 34 60.66399877763183 0.2882628170190826
-3 -2.75 34 35 59.03297781430581 0.2718600771884397
-3 -2.75 35 36 57.37269964841136 0.2565968249362565
-3 -2.75 36 37 55.6999152572406 0.2423731651628459
-3 -2.75 37 38 54.02796376976136 0.2291000040636638
-3 -2.75 38 39 52.36741549902115 0.2166976575925209
-3 -2.75 39 40 50.72659002175365 0.205094667223919
-3 -2.75 40 41 49.11197508620126 0.1942267884433408
-3 -2.75 41 42 47.52856629240844 0.1840361227522359
-3 -2.75 42 43 45.98014339113791 0.1744703708302087
-3 -2.75 43 44 44.46949558037943 0.1654821875345611
-3 -2.75 44 45 42.99860563571607 0.1570286226809133
-3 -2.75 45 46 41.56787645756242 0.1492265916689215
-3 -2.75 46 47 40.17983448190336 0.1426341762245882
-3 -2.75 47 48 38.83391491726229 0.1373316815258687
-3 -2.75 48 49 37.53014143912088 0.1332910881153099
-3 -2.75 49 50 36.26806962566224 0.1299386461716797
-2.75 -2.5 0 1 2898.89853784777 2.187189691926409
-2.75 -2.5 1 2 -3959.124549573607 1.106958332661859
-2.75 -2.5 2 3 -5184.494263609853 2.751363121843527
-2.75 -2.5 3 4 -3803.759113920831 2.640802001498604
-2.75 -2.5 4 5 -2668.639297078887 2.320781344498131
-2.75 -2.5 5 6 -1874.401291071377 2.017877229851285
-2.75 -2.5 6 7 -1328.638100227285 1.761503653286218
-2.75 -2.5 7 8 -949.9149597290507 1.548928646595237
-2.75 -2.5 8 9 -682.7521997071253 1.371987866572059
-2.75 -2.5 9 10 -491.0231989933136 1.223962183461716
-2.75 -2.5 10 11 -351.3104578011262 1.098744590933704
-2.75 -2.5 11 12 -248.120748947016 0.9918803569433884
-2.75 -2.5 12 13 -171.0463443141452 0.89988086832827
-2.75 -2.5 13 14 -112.9533293044069 0.8200428829820788
-2.75 -2.5 14 15 -68.85961368078119 0.7502540791877759
-2.75 -2.5 15 16 -35.22482144233527 0.6888474231990127
-2.75 -2.5 16 17 -9.492764994522986 0.6344937724667817
-2.75 -2.5 17 18 10.2089032038707 0.5861227595976832
-2.75 -2.5 18 19 25.2695274390685 0.5428641941611297
-2.75 -2.5 19 20 36.73212817790306 0.5040042989825992
-2.75 -2.5 20 21 45.38796516831496 0.4689527135250502
-2.75 -2.5 21 22 51.84296984429182 0.4372173694632776
-2.75 -2.5 22 23 56.56507883995062 0.4083851728594949
-2.75 -2.5 23 24 59.91840066194982 0.3821070096983019
-2.75 -2.5 24 25 62.18817530077138 0.3580860028397934
-2.75 -2.5 25 26 63.59920998110658 0.3360682347373186
-2.75 -2.5 26 27 64.32963542397692 0.3158353599194021
-2.75 -2.5 27 28 64.52126713293899 0.2971986755751077
-2.75 -2.5 28 29 64.2874775765859 0.2799943294867661
-2.75 -2.5 29 30 63.71922533761881 0.2640794197970687
-2.75 -2.5 30 31 62.889707195499 0.249328799999425
-2.75 -2.5 31 32 61.857972467477 0.2356324464188494
-2.75 -2.5 32 33 60.67174910050653 0.2228932763881338
-2.75 -2.5 33 34 59.36966658828686 0.2110253300682141
-2.75 -2.5 34 35 57.98301412368096 0.1999522477481382
-2.75 -2.5 35 36 56.53713831642392 0.1896059878285718
-2.75 -2.5 36 37 55.05255966233398 0.1799257441504799
-2.75 -2.5 37 38 53.54586834270873 0.1708570250665591
-2.75 -2.5 38 39 52.03044592555028 0.1623508693934136
-2.75 -2.5 39 40 50.51704900429019 0.1543631750030949
-2.75 -2.5 40 41 49.01428294046096 0.1468541215040723
-2.75 -2.5 41 42 47.52898755705866 0.1397876730887222
-2.75 -2.5 42 43 46.06655218690364 0.1331311478716936
-2.75 -2.5 43 44 44.63117369519421 0.1268548445688125
-2.75 -2.5 44 45 43.22606833499708 0.1209317169823903
-2.75 -2.5 45 46 41.85267165180659 0.1155598879384827
-2.75 -2.5 46 47 40.51456438712162 0.1115572854803624
-2.75 -2.5 47 48 39.21196931183221 0.1090379364676482
-2.75 -2.5 48 49 37.94564897990554 0.1079416312533772
-2.75 -2.5 49 50 36.7158164086751 0.1074520948623383
-2.5 -2.25 0 1 3475.080753940224 1.642291788118447
-2.5 -2.25 1 2 -3529.979824788225 0.958628718184952
-2.5 -2.25 2 3 -5276.386923501217 1.695019159601131
-2.5 -2.25 3 4 -3951.615454122438 1.561933166160454
-2.5 -2.25 4 5 -2806.378814102387 1.380593720653668
-2.5 -2.25 5 6 -1991.671114100837 1.24250510511888
-2.5 -2.25 6 7 -1426.151283103121 1.113311730113306
-2.5 -2.25 7 8 -1030.622796995749 0.9994906770246622
-2.5 -2.25 8 9 -749.6865474897436 0.9002388902972462
-2.5 -2.25 9 10 -546.7871624310174 0.814502217558792
-2.5 -2.25 10 11 -398.0143070688 0.7399268750093578
-2.5 -2.25 11 12 -287.4473571618832 0.6748365804224583
-2.5 -2.25 12 13 -204.3321753224125 0.6177292493065505
-2.5 -2.25 13 14 -141.262244166008 0.5673597595874428
-2.5 -2.25 14 15 -93.04279109487425 0.522704296655142
-2.5 -2.25 15 16 -55.96753232547758 0.4829215154815846
-2.5 -2.25 16 17 -27.35035782713976 0.4473179409069744
-2.5 -2.25 17 18 -5.216588236529333 0.4153192681461529
-2.5 -2.25 18 19 11.90425401091784 0.3864472518341794
-2.5 -2.25 19 20 25.11995575733363 0.360301318366592
-2.5 -2.25 20 21 35.27382775859871 0.3365439890208573
-2.5 -2.25 21 22 43.01390664741962 0.3148893135352872
-2.5 -2.25 22 23 48.84240073021351 0.2950936651036055
-2.5 -2.25 23 24 53.1514781194594 0.2769483804825967
-2.5 -2.25 24 25 56.24947963865668 0.2602738450678613
-2.5 -2.25 25 26 58.38033003134956 0.244914714253104
-2.5 -2.25 26 27 59.73805863654752 0.2307360289970931
-2.5 -2.25 27 28 60.47776365896493 0.2176200425049719
-2.5 -2.25 28 29 60.72396301354615 0.205463612053798
-2.5 -2.25 29 30 60.57700573282779 0.1941760446030188
-2.5 -2.25 30 31 60.11803106774681 0.1836773075385806
-2.5 -2.25 31 32 59.41283075272207 0.1738965355951547
-2.5 -2.25 32 33 58.51487632863723 0.1647707784632032
-2.5 -2.25 33 34 57.46770618438933 0.1562439460107709
-2.5 -2.25 34 35 56.30681818705591 0.1482659159549845
-2.5 -2.25 35 36 55.06117806764723 0.1407917747680832
-2.5 -2.25 36 37 53.75442734008931 0.1337811713600103
-2.5 -2.25 37 38 52.40585496940037 0.1271977629149868
-2.5 -2.25 38 39 51.03118225260522 0.1210087386766539
-2.5 -2.25 39 40 49.64319925570391 0.115184409056697
-2.5 -2.25 40 41 48.25228283598778 0.1096978512026063
-2.5 -2.25 41 42 46.86681958582139 0.1045245993826417
-2.5 -2.25 42 43 45.49355232366872 0.09964237761876847
-2.5 -2.25 43 44 44.13786473140863 0.09503086436104231
-2.5 -2.25 44 45 42.80401580581969 0.09067148766467541
-2.5 -2.25 45 46 41.49431716226508 0.08687213346231053
-2.5 -2.25 46 47 40.21324097929929 0.08483317750871704
-2.5 -2.25 47 48 38.96168282704056 0.08468830244071411
-2.5 -2.25 48 49 37.7410373546187 0.08627598478645204
-2.5 -2.25 49 50 36.55207926525537 0.09209728397326561
-2.25 -2 0 1 3996.395684464156 1.041960533686069
-2.25 -2 1 2 -3140.00676791049 0.8510830364312618
-2.25 -2 2 3 -5370.499794261791 1.654256672352753
-2.25 -2 3 4 -4093.599926953892 1.532437409415704
-2.25 -2 4 5 -2934.03438528556 1.352396433541543
-2.25 -2 5 6 -2096.824479422865 1.192944158634967
-2.25 -2 6 7 -1510.904132761971 1.05906997875247
-2.25 -2 7 8 -1098.727881840308 0.9464173430903525
-2.25 -2 8 9 -804.5948430359967 0.8514422156478971
-2.25 -2 9 10 -591.2924219807087 0.7698922026269447
-2.25 -2 10 11 -434.2885583794771 0.6996235550395262
-2.25 -2 11 12 -317.1666619839061 0.6385055779535342
-2.25 -2 12 13 -228.7920654772672 0.5849605201737478
-2.25 -2 13 14 -161.4706668787981 0.5377436796999148
-2.25 -2 14 15 -109.7903571205727 0.4958619823783307
-2.25 -2 15 16 -69.87966771369247 0.4585147091154267
-2.25 -2 16 17 -38.92592215944092 0.4250498938745846
-2.25 -2 17 18 -14.85659599666747 0.3949318784117004
-2.25 -2 18 19 3.875111055741399 0.3677168822425705
-2.25 -2 19 20 18.43703684453817 0.343034401662422
-2.25 -2 20 21 29.72012655024309 0.3205728935515809
-2.25 -2 21 22 38.41048930971897 0.300068653890823
-2.25 -2 22 23 45.04097749000869 0.2812970917832733
-2.25 -2 23 24 50.02858430745846 0.2640658284830146
-2.25 -2 24 25 53.70188210199717 0.2482091936986393
-2.25 -2 25 26 56.32137467732025 0.2335838035905041
-2.25 -2 26 27 58.09474681427616 0.2200649813466183
-2.25 -2 27 28 59.18839738002976 0.2075438411870438
-2.25 -2 28 29 59.73623737656794 0.1959248970123976
-2.25 -2 29 30 59.84645531859087 0.1851240896628371
-2.25 -2 30 31 59.60675828691171 0.1750671499704423
-2.25 -2 31 32 59.08846011173091 0.1656882335213389
-2.25 -2 32 33 58.34969071460034 0.1569287753155025
-2.25 -2 33 34 57.43793055994598 0.1487365259835567
-2.25 -2 34 35 56.39202324265119 0.1410647347024953
-2.25 -2 35 36 55.24378193736635 0.1338714551502489
-2.25 -2 36 37 54.0192778257952 0.1271189537617718
-2.25 -2 37 38 52.73987812625921 0.1207732015140253
-2.25 -2 38 39 51.42308588515709 0.1148034375976585
-2.25 -2 39 40 50.08322201152242 0.1091817927110935
-2.25 -2 40 41 48.73198129843178 0.1038829622439306
-2.25 -2 41 42 47.37888712727897 0.09888392360295008
-2.25 -2 42 43 46.03166460014538 0.09416368822484616
-2.25 -2 43 44 44.69654757872789 0.08970308620597173
-2.25 -2 44 45 43.37853203473296 0.08548457709327908
-2.25 -2 45 46 42.08052545577164 0.08214659815821447
-2.25 -2 46 47 40.80764000760348 0.08207453012292801
-2.25 -2 47 48 39.56121110387767 0.08533259780651202
-2.25 -2 48 49 38.34305459169769 0.09130339245018881
-2.25 -2 49 50 37.15431143303627 0.09762153683220851
-2 -1.75 0 1 4493.274343660938 1.07802741034443
-2 -1.75 1 2 -2748.418423446913 2.912085357315502
-2 -1.75 2 3 -5432.733285597926 2.831330090157097
-2 -1.75 3 4 -4213.823285885808 2.295669717899517
-2 -1.75 4 5 -3051.84356762709 1.878405892745157
-2 -1.75 5 6 -2200.547300429108 1.570293145841577
-2 -1.75 6 7 -1599.463447938152 1.338152223833458
-2 -1.75 7 8 -1173.666169248142 1.158226276354399
-2 -1.75 8 9 -867.9517731902401 1.015330866414434
-2 -1.75 9 10 -644.9879210593504 0.8990897777773293
-2 -1.75 10 11 -479.9691177046361 0.8030679946994195
-2 -1.75 11 12 -356.1964246113541 0.7223316045074085
-2 -1.75 12 13 -262.2858708333856 0.6536064702046852
-2 -1.75 13 14 -190.3365515163782 0.5944563478948163
-2 -1.75 14 15 -134.7687561897915 0.5430629391021241
-2 -1.75 15 16 -91.57643615315715 0.4980415380837143
-2 -1.75 16 17 -57.83906367195573 0.4583187095730191
-2 -1.75 17 18 -31.39752968901439 0.4230491430099638
-2 -1.75 18 19 -10.63526247231835 0.391557852395524
-2 -1.75 19 20 5.672064633383116 0.3632991579978961
-2 -1.75 20 21 18.46136771962915 0.3378270237471451
-2 -1.75 21 22 28.45636510274335 0.3147732362109249
-2 -1.75 22 23 36.22083867305673 0.293831101977637
-2 -1.75 23 24 42.19734737893873 0.2747430946478622
-2 -1.75 24 25 46.73569918111968 0.2572913746988079
-2 -1.75 25 26 50.11411936773118 0.2412904288978838
-2 -1.75 26 27 52.5551475647618 0.2265812944563365
-2 -1.75 27 28 54.23768739327227 0.2130269817337935
-2 -1.75 28 29 55.30621878738441 0.2005088148101998
-2 -1.75 29 30 55.87789733791863 0.188923480720367
-2 -1.75 30 31 56.04806592411751 0.1781806326619218
-2 -1.75 31 32 55.89456317790581 0.1682009282103586
-2 -1.75 32 33 55.48111298776166 0.1589144134235185
-2 -1.75 33 34 54.8600069507097 0.1502591838395952
-2 -1.75 34 35 54.07423905473019 0.1421802676663665
-2 -1.75 35 36 53.15921325785223 0.1346286901388798
-2 -1.75 36 37 52.14411600105456 0.1275606844678467
-2 -1.75 37 38 51.05302441261568 0.1209370247456636
-2 -1.75 38 39 49.90580486958521 0.114722458075857
-2 -1.75 39 40 48.71884441579834 0.1088852193576239
-2 -1.75 40 41 47.50564842116881 0.1033966159270088
-2 -1.75 41 42 46.27733049062778 0.09823066955038662
-2 -1.75 42 43 45.04301546434272 0.09336380647893382
-2 -1.75 43 44 43.81017185969591 0.0887745907204421
-2 -1.75 44 45 42.58488689301612 0.08451344362582272
-2 -1.75 45 46 41.3710049239221 0.08130964421598781
-2 -1.75 46 47 40.1745499384283 0.08152728748674679
-2 -1.75 47 48 38.99759016507059 0.08524196969116529
-2 -1.75 48 49 37.84261958879816 0.09181078164210192
-2 -1.75 49 50 36.71137816277698 0.0987409819947356
-1.75 -1.5 0 1 4953.458033445051 0.9942500703771179
-1.75 -1.5 1 2 -2365.483549090225 0.8534174938316862
-1.75 -1.5 2 3 -5464.437172942514 1.764939835191232
-1.75 -1.5 3 4 -4288.451600724205 1.703428094229881
-1.75 -1.5 4 5 -3119.208458429536 1.517743849083556
-1.75 -1.5 5 6 -2254.667251159022 1.331266653927868
-1.75 -1.5 6 7 -1641.792364720198 1.167989718061015
-1.75 -1.5 7 8 -1206.628929172794 1.029850728535575
-1.75 -1.5 8 9 -893.7347581650106 0.9138814197503011
-1.75 -1.5 9 10 -665.2405412791509 0.8174393677518647
-1.75 -1.5 10 11 -495.9362480187824 0.7342387400709246
-1.75 -1.5 11 12 -368.8336466415806 0.6636157472054982
-1.75 -1.5 12 13 -272.309002741933 0.6027322509636153
-1.75 -1.5 13 14 -198.2926206843085 0.5498285361321786
-1.75 -1.5 14 15 -141.0800876843532 0.5035227530155173
-1.75 -1.5 15 16 -96.57225635597297 0.4627223707211123
-1.75 -1.5 16 17 -61.77829539569825 0.4265560134217184
-1.75 -1.5 17 18 -34.48540636573648 0.3943221641703515
-1.75 -1.5 18 19 -13.03558287342935 0.3654507789173321
-1.75 -1.5 19 20 3.827786909837869 0.3394744928772842
-1.75 -1.5 20 21 17.0669930810277 0.3160068805662678
-1.75 -1.5 21 22 27.42585053243909 0.2947259128463731
-1.75 -1.5 22 23 35.48416756930942 0.2753612476947439
-1.75 -1.5 23 24 41.69736203548462 0.257684381110559
-1.75 -1.5 24 25 46.42561557304509 0.2415009453712353
-1.75 -1.5 25 26 49.95556290290119 0.2266446314776969
-1.75 -1.5 26 27 52.51659028376628 0.2129723568345551
-1.75 -1.5 27 28 54.29319712199447 0.2003603902836215
-1.75 -1.5 28 29 55.43445254910671 0.1887012222230953
-1.75 -1.5 29 30 56.06128734713718 0.1779010203513554
-1.75 -1.5 30 31 56.27215838094469 0.167877545231616
-1.75 -1.5 31 32 56.14747899516726 0.1585584340413409
-1.75 -1.5 32 33 55.75310633157716 0.1498797783935098
-1.75 -1.5 33 34 55.14310262554284 0.1417849392144667
-1.75 -1.5 34 35 54.36193372375084 0.1342235541078786
-1.75 -1.5 35 36 53.44622855819375 0.1271507021271153
-1.75 -1.5 36 37 52.42619400515747 0.1205261971149368
-1.75 -1.5 37 38 51.32675776636404 0.1143139882616315
-1.75 -1.5 38 39 50.16849541822808 0.1084816481073571
-1.75 -1.5 39 40 48.96838530428369 0.102999934765046
-1.75 -1.5 40 41 47.74042559356786 0.097842414662081
-1.75 -1.5 41 42 46.49614025914343 0.09298513909347482
-1.75 -1.5 42 43 45.24499543021437 0.08840636199801571
-1.75 -1.5 43 44 43.99474294662321 0.08408629673514716
-1.75 -1.5 44 45 42.75170465158624 0.08000690290717224
-1.75 -1.5 45 46 41.51987764309231 0.07686773750304389
-1.75 -1.5 46 47 40.30552473334083 0.07728452558777396
-1.75 -1.5 47 48 39.1108032765699 0.08134551917264922
-1.75 -1.5 48 49 37.93831311444691 0.0883953109347194
-1.75 -1.5 49 50 36.78988727129456 0.09584363037756512
-1.5 -1.25 0 1 5390.805085611382 3.10350263457387
-1.5 -1.25 1 2 -1986.631032765367 3.69949096610204
-1.5 -1.25 2 3 -5490.171082129774 1.695584634212612
-1.5 -1.25 3 4 -4369.656061198892 1.629529681354411
-1.5 -1.25 4 5 -3201.45379645549 1.454813891597755
-1.5 -1.25 5 6 -2327.37222062416 1.284404838455953
-1.5 -1.25 6 7 -1703.755089047737 1.136018721085994
-1.5 -1.25 7 8 -1258.909388732729 1.010202196570361
-1.5 -1.25 8 9 -937.7931853565219 0.9028322298861721
-1.5 -1.25 9 10 -702.5499487076904 0.8130331753958808
-1.5 -1.25 10 11 -527.6008802376914 0.7349754149725601
-1.5 -1.25 11 12 -395.8554802270573 0.6679344812453293
-1.5 -1.25 12 13 -295.4793913490669 0.6096433821326069
-1.5 -1.25 13 14 -218.2529318994834 0.5586013839902667
-1.5 -1.25 14 15 -158.3512893140123 0.513615530507636
-1.5 -1.25 15 16 -111.5793071790577 0.473731116966898
-1.5 -1.25 16 17 -74.86960164552738 0.438177868955985
-1.5 -1.25 17 18 -45.94814446509849 0.4063289907697237
-1.5 -1.25 18 19 -23.10772593960564 0.3776701185963512
-1.5 -1.25 19 20 -5.051983289778263 0.351775720491639
-1.5 -1.25 20 21 9.213666975053911 0.3282910441990775
-1.5 -1.25 21 22 20.45941979276745 0.3069182113648056
-1.5 -1.25 22 23 29.28674854679002 0.2874054104607441
-1.5 -1.25 23 24 36.16895522119285 0.2695384334463335
-1.5 -1.25 24 25 41.4810565198926 0.253561416468373
-1.5 -1.25 25 26 45.52204985978767 0.2406658254357085
-1.5 -1.25 26 27 48.53166892804154 0.2286604081699436
-1.5 -1.25 27 28 50.70310966055411 0.2174655147596946
-1.5 -1.25 28 29 52.19277888668591 0.2070101879275674
-1.5 -1.25 29 30 53.12782161799043 0.1972310757127594
-1.5 -1.25 30 31 53.61197611094883 0.1880714905573999
-1.5 -1.25 31 32 53.73015941578058 0.1794805948492074
-1.5 -1.25 32 33 53.5520815458961 0.1714126962491382
-1.5 -1.25 33 34 53.13511094348644 0.1638266378255032
-1.5 -1.25 34 35 52.52655889095411 0.1566852684941298
-1.5 -1.25 35 36 51.7655100904397 0.1499549833461213
-1.5 -1.25 36 37 50.88429660590737 0.1436053237393758
-1.5 -1.25 37 38 49.90969001087899 0.1376086280575579
-1.5 -1.25 38 39 48.86386966218379 0.1319397271610746
-1.5 -1.25 39 40 47.76521219730563 0.1265756771859973
-1.5 -1.25 40 41 46.62893773454846 0.1214955255900957
-1.5 -1.25 41 42 45.46764046264968 0.1166801051015353
-1.5 -1.25 42 43 44.29172584372895 0.1121118521970718
-1.5 -1.25 43 44 43.1097718739253 0.1077746467586753
-1.5 -1.25 44 45 41.92882846152838 0.1036536705558861
-1.5 -1.25 45 46 40.75350733277116 0.1000813624129412
-1.5 -1.25 46 47 39.59068536344461 0.09834049226906683
-1.5 -1.25 47 48 38.44299635826351 0.09861014890643863
-1.5 -1.25 48 49 37.313487760577 0.1007911763611083
-1.5 -1.25 49 50 36.20437813702634 0.1036286219931571
-1.25 -1 0 1 5760.878355567221 1.536339391845349
-1.25 -1 1 2 -1683.593196291059 0.7966777807849933
-1.25 -1 2 3 -5528.90590128804 2.119777991195332
-1.25 -1 3 4 -4448.449312254058 2.00522221518321
-1.25 -1 4 5 -3275.326853863177 1.76226826209695
-1.25 -1 5 6 -2389.197263395835 1.538403167808803
-1.25 -1 6 7 -1753.960348776214 1.350376759031656
-1.25 -1 7 8 -1299.388326211775 1.194708780815923
-1.25 -1 8 9 -970.4477189288227 1.064663387667541
-1.25 -1 9 10 -728.9767615922265 0.9562323434897321
-1.25 -1 10 11 -549.0727208783478 0.8635162819727832
-1.25 -1 11 12 -413.3622182826848 0.7841768452002287
-1.25 -1 12 13 -309.7956480408188 0.7155086171493282
-1.25 -1 13 14 -229.9861416164244 0.6555881410071678
-1.25 -1 14 15 -167.980897913131 0.6029173480232483
-1.25 -1 15 16 -119.4864885287868 0.5563155125259313
-1.25 -1 16 17 -81.35959975773221 0.5148410667585538
-1.25 -1 17 18 -51.26708851417061 0.4777347948113773
-1.25 -1 18 19 -27.45535434298063 0.4443781826181
-1.25 -1 19 20 -8.591344058550476 0.4142625400296415
-1.25 -1 20 21 6.348760036333488 0.386965837198299
-1.25 -1 21 22 18.15860790118199 0.3621351255262905
-1.25 -1 22 23 27.45861217590937 0.3394730466515711
-1.25 -1 23 24 34.73745831357132 0.3187273698392393
-1.25 -1 24 25 40.38272636422084 0.2996827961804744
-1.25 -1 25 26 44.70372538515244 0.2821544810086797
-1.25 -1 26 27 47.94869164347756 0.2659828677665925
-1.25 -1 27 28 50.31786184061298 0.2510295363482027
-1.25 -1 28 29 51.97349604433043 0.2371738408027841
-1.25 -1 29 30 53.04762302374661 0.2243101664283041
-1.25 -1 30 31 53.64806968813161 0.2123456790533935
-1.25 -1 31 32 53.86318685751758 0.2011984647867781
-1.25 -1 32 33 53.76557677424069 0.1907959845649796
-1.25 -1 33 34 53.41505062378945 0.1810737831201883
-1.25 -1 34 35 52.86098804727635 0.1719744047530142
-1.25 -1 35 36 52.14422924992647 0.1634464780613616
-1.25 -1 36 37 51.29859954846205 0.1554439403695237
-1.25 -1 37 38 50.35214329789915 0.1479253765723562
-1.25 -1 38 39 49.32812677516915 0.1408534551780666
-1.25 -1 39 40 48.24585644257365 0.1341944425375711
-1.25 -1 40 41 47.12134913450257 0.1279177856542281
-1.25 -1 41 42 45.96788270320826 0.1219957509176792
-1.25 -1 42 43 44.79645004352898 0.116403110482344
-1.25 -1 43 44 43.61613449786023 0.111116869936536
-1.25 -1 44 45 42.43442115867776 0.1061160301352081
-1.25 -1 45 46 41.25626842258168 0.1017612402237589
-1.25 -1 46 47 40.08893464309102 0.09947639804685558
-1.25 -1 47 48 38.93530434053713 0.09948191986177579
-1.25 -1 48 49 37.79866576916129 0.1016628566957111
-1.25 -1 49 50 36.68144834212939 0.1089588444981669
-1 -0.75 0 1 6083.760014915313 2.276924763895836
-1 -0.75 1 2 -1392.952833521994 2.033617581069205
-1 -0.75 2 3 -5530.681952397887 1.567741899165118
-1 -0.75 3 4 -4489.090147204235 1.522320727095384
-1 -0.75 4 5 -3316.58030619264 1.364957950853394
-1 -0.75 5 6 -2424.378969541931 1.213385891632464
-1 -0.75 6 7 -1782.693220298303 1.082705802429266
-1 -0.75 7 8 -1322.601545568831 0.9719360140483214
-1 -0.75 8 9 -989.1908797865813 0.8775330323742434
-1 -0.75 9 10 -744.1572745845651 0.7961954385098845
-1 -0.75 10 11 -561.4222394482317 0.7262948429284768
-1 -0.75 11 12 -423.4487586597152 0.6651283044557901
-1 -0.75 12 13 -318.0651079021743 0.6113840014682562
-1 -0.75 13 14 -236.7883565867182 0.5638532410428011
-1 -0.75 14 15 -173.5920168152149 0.5215708472075209
-1 -0.75 15 16 -124.1259974074462 0.4837580944085205
-1 -0.75 16 17 -85.2031441409224 0.4497804413766816
-1 -0.75 17 18 -54.4561374896175 0.419116038797496
-1 -0.75 18 19 -30.10452486738131 0.3913320324184451
-1 -0.75 19 20 -10.79399472962518 0.3660665442046053
-1 -0.75 20 21 4.516220806253841 0.3430148190602811
-1 -0.75 21 22 16.63337578919186 0.3219184748343605
-1 -0.75 22 23 26.18886702557336 0.3025570713848627
-1 -0.75 23 24 33.68029722703648 0.2847414462519774
-1 -0.75 24 25 39.50252164740539 0.2683083988901034
-1 -0.75 25 26 43.97081162867516 0.2531164185439011
-1 -0.75 26 27 47.33830978724166 0.2390422256069299
-1 -0.75 27 28 49.80930535104869 0.2259779510679114
-1 -0.75 28 29 51.54941711758704 0.2138288224944846
-1 -0.75 29 30 52.69346627576761 0.2025112527015726
-1 -0.75 30 31 53.35160798259756 0.191951252821799
-1 -0.75 31 32 53.61413939412375 0.1820831067318374
-1 -0.75 32 33 53.55529374294053 0.1728482577811726
-1 -0.75 33 34 53.23625196627131 0.1641943713402804
-1 -0.75 34 35 52.70754637783563 0.1560745379891209
-1 -0.75 35 36 52.01098895644526 0.1484465971252079
-1 -0.75 36 37 51.18122563772317 0.1412725578872232
-1 -0.75 37 38 50.2469947799251 0.1345181025498484
-1 -0.75 38 39 49.232150352171 0.1281521587545844
-1 -0.75 39 40 48.15649704810681 0.1221465300148314
-1 -0.75 40 41 47.03647449803287 0.1164755744006962
-1 -0.75 41 42 45.88571961448827 0.111115926296547
-1 -0.75 42 43 44.71553040539919 0.1060462523061623
-1 -0.75 43 44 43.53524958591299 0.1012470390118504
-1 -0.75 44 45 42.35258277564901 0.09670040474866617
-1 -0.75 45 46 41.17265093783755 0.09319255706207798
-1 -0.75 46 47 40.00291771941608 0.09366265955423662
-1 -0.75 47 48 38.84637797937441 0.09822001397722271
-1 -0.75 48 49 37.70643462168934 0.1061345581679266
-1 -0.75 49 50 36.58560765774169 0.1145078163155728
-0.75 -0.5 0 1 6337.6543881742 3.292297935779263
-0.75 -0.5 1 2 -1167.264757529023 2.767007392916171
-0.75 -0.5 2 3 -5538.629771337083 1.574926993482972
-0.75 -0.5 3 4 -4529.661767181666 1.539094213984933
-0.75 -0.5 4 5 -3358.249450194321 1.382103414736289
-0.75 -0.5 5 6 -2461.058804796868 1.228050696033175
-0.75 -0.5 6 7 -1813.717597213225 1.09430116169732
-0.75 -0.5 7 8 -1348.573106226685 0.9805383523491598
-0.75 -0.5 8 9 -1010.925804073557 0.9015122503340292
-0.75 -0.5 9 10 -762.4060639221261 0.8308973934259521
-0.75 -0.5 10 11 -576.8208114683803 0.7673616403611833
-0.75 -0.5 11 12 -436.5071545595911 0.70982676504589
-0.75 -0.5 12 13 -329.1950246220035 0.6579847516577112
-0.75 -0.5 13 14 -246.3207248613242 0.6112495366837118
-0.75 -0.5 14 15 -181.793812600127 0.5690456662747174
-0.75 -0.5 15 16 -131.2137329759896 0.5308447358284323
-0.75 -0.5 16 17 -91.35342624250711 0.4961763923174154
-0.75 -0.5 17 18 -59.81386467937591 0.4646282888127036
-0.75 -0.5 18 19 -34.78925180660553 0.4358415430319079
-0.75 -0.5 19 20 -14.90489233342578 0.4095047035201977
-0.75 -0.5 20 21 0.896477674523112 0.3853475804621723
-0.75 -0.5 21 22 13.43554163484305 0.3631355167477949
-0.75 -0.5 22 23 23.35469071372108 0.3426643046294867
-0.75 -0.5 23 24 31.1605760140983 0.3237557843234172
-0.75 -0.5 24 25 37.25553640139856 0.306254080527407
-0.75 -0.5 25 26 41.96106120022318 0.2900224081477516
-0.75 -0.5 26 27 45.53548171808097 0.2749403689474799
-0.75 -0.5 27 28 48.18743448683051 0.2609016669336003
-0.75 -0.5 28 29 50.08619451924471 0.2478121753366153
-0.75 -0.5 29 30 51.3696690287959 0.2355882999588279
-0.75 -0.5 30 31 52.15062677297772 0.2241555894611144
-0.75 -0.5 31 32 52.52158553591528 0.2134475535158863
-0.75 -0.5 32 33 52.55867107408176 0.2034046537583278
-0.75 -0.5 33 34 52.32468193693069 0.1939734409604366
-0.75 -0.5 34 35 51.87153693405645 0.1851058145541381
-0.75 -0.5 35 36 51.24223962297481 0.1767583847693935
-0.75 -0.5 36 37 50.47246262928809 0.1688919228703946
-0.75 -0.5 37 38 49.59183110771369 0.1614708843775388
-0.75 -0.5 38 39 48.62496680562577 0.1544629961173251
-0.75 -0.5 39 40 47.59234066321369 0.1478388956638567
-0.75 -0.5 40 41 46.5109717223396 0.1415718174210951
-0.75 -0.5 41 42 45.39500185143169 0.135637317487403
-0.75 -0.5 42 43 44.25617002448951 0.130013032507419
-0.75 -0.5 43 44 43.10420479581967 0.1246784671615641
-0.75 -0.5 44 45 41.94715002846016 0.119614807377125
-0.75 -0.5 45 46 40.79040672012519 0.1151833221853022
-0.75 -0.5 46 47 39.64172912511674 0.1127981536178082
-0.75 -0.5 47 48 38.50432591422754 0.1126741423004755
-0.75 -0.5 48 49 37.38180365162361 0.1147082073544844
-0.75 -0.5 49 50 36.27686078519037 0.117519153263938
-0.5 -0.25 0 1 6508.668760263832 3.390244763836977
-0.5 -0.25 1 2 -1019.150161693706 2.383201614704991
-0.5 -0.25 2 3 -5548.065908266983 1.554233762429388
-0.5 -0.25 3 4 -4560.084756963534 1.536792094648099
-0.5 -0.25 4 5 -3388.431607121406 1.449294608026066
-0.5 -0.25 5 6 -2487.090246434158 1.361577541268886
-0.5 -0.25 6 7 -1835.34614770419 1.252742971417903
-0.5 -0.25 7 8 -1366.364691196975 1.145748475302761
-0.5 -0.25 8 9 -1025.548998790678 1.047462508455459
-0.5 -0.25 9 10 -774.4577890605269 0.9594523196014453
-0.5 -0.25 10 11 -586.7911584906783 0.8806246512460036
-0.5 -0.25 11 12 -444.7872231633046 0.810675263204121
-0.5 -0.25 12 13 -336.0963799170722 0.7483764489149128
-0.5 -0.25 13 14 -252.0915155101995 0.6927411186438617
-0.5 -0.25 14 15 -186.632592872141 0.6428918403310314
-0.5 -0.25 15 16 -135.2803141085369 0.5980691370206344
-0.5 -0.25 16 17 -94.77724005248001 0.5576232706055859
-0.5 -0.25 17 18 -62.70038121317475 0.5210008090218533
-0.5 -0.25 18 19 -37.22491438763586 0.4877305880708305
-0.5 -0.25 19 20 -16.96093273404017 0.4574108301416344
-0.5 -0.25 20 21 -0.8389301233803508 0.4296979619662059
-0.5 -0.25 21 22 11.97169122382161 0.4042971664632867
-0.5 -0.25 22 23 22.12139868427562 0.3809545051295247
-0.5 -0.25 23 24 30.12345793780219 0.3594503920839266
-0.5 -0.25 24 25 36.38565250748036 0.3395941987840026
-0.5 -0.25 25 26 41.23397416907324 0.3212197926047941
-0.5 -0.25 26 27 44.93049351494369 0.3041818420452648
-0.5 -0.25 27 28 47.68696492877689 0.2883527469540861
-0.5 -0.25 28 29 49.67527276176327 0.27362008142283
-0.5 -0.25 29 30 51.03551555214835 0.2598844551030818
-0.5 -0.25 30 31 51.88230830124314 0.2470577186311285
-0.5 -0.25 31 32 52.30972903505494 0.2350614504087519
-0.5 -0.25 32 33 52.39522583395183 0.2238256785123626
-0.5 -0.25 33 34 52.2027209639715 0.2132877938540414
-0.5 -0.25 34 35 51.78509061478445 0.2033916252584199
-0.5 -0.25 35 36 51.186155981951 0.1940866482994183
-0.5 -0.25 36 37 50.44228958415192 0.1853273057857661
-0.5 -0.25 37 38 49.58371698064803 0.1770724233822746
-0.5 -0.25 38 39 48.63557603649087 0.1692847042476754
-0.5 -0.25 39 40 47.61878221999018 0.1619302914632535
-0.5 -0.25 40 41 46.55073814641366 0.1549783876309131
-0.5 -0.25 41 42 45.44591723782383 0.1484009227775967
-0.5 -0.25 42 43 44.31634552763211 0.1421722649049505
-0.5 -0.25 43 44 43.17200049013178 0.1362689653937401
-0.5 -0.25 44 45 42.0211421471505 0.1306695359967451
-0.5 -0.25 45 46 40.86934769476102 0.1257091287105287
-0.5 -0.25 46 47 39.7245580546662 0.122714333052804
-0.5 -0.25 47 48 38.59011279989807 0.1219020589284168
-0.5 -0.25 48 49 37.46974287772807 0.1232043495511093
-0.5 -0.25 49 50 36.36625587782177 0.1253304910614965
-0.25 0 0 1 6596.263046037226 3.615036542243537
-0.25 0 1 2 -941.2171776163782 3.066792241608101
-0.25 0 2 3 -5550.008884240823 1.572863299943002
-0.25 0 3 4 -4572.373045020533 1.54639136911349
-0.25 0 4 5 -3400.489033164212 1.392327117700664
-0.25 0 5 6 -2497.120852192684 1.239310790246644
-0.25 0 6 7 -1843.323752067186 1.126197575341626
-0.25 0 7 8 -1372.617415463303 1.042144032049166
-0.25 0 8 9 -1030.423808154187 0.9610692609853494
-0.25 0 9 10 -778.2472003434177 0.8863458660424688
-0.25 0 10 11 -589.7291431605686 0.8179953347716097
-0.25 0 11 12 -447.0532409711113 0.7564784506613639
-0.25 0 12 13 -337.8301965258738 0.7010723337781599
-0.25 0 13 14 -253.4019371169957 0.651148223838408
-0.25 0 14 15 -187.6048839909379 0.6060871188532564
-0.25 0 15 16 -135.9817711460062 0.5653200642775837
-0.25 0 16 17 -95.26134606423648 0.5283404893823801
-0.25 0 17 18 -63.00990991677736 0.4947043651237145
-0.25 0 18 19 -37.39426526568377 0.4640253809064353
-0.25 0 19 20 -17.01790347685392 0.4359684514770434
-0.25 0 20 21 -0.8060749120807031 0.410243050913364
-0.25 0 21 22 12.07601096603344 0.3865970129033864
-0.25 0 22 23 22.28219418563481 0.3648110286658788
-0.25 0 23 24 30.32846772727657 0.344693880864114
-0.25 0 24 25 36.62483080244874 0.326078371075366
-0.25 0 25 26 41.49908257222933 0.3088178642863764
-0.25 0 26 27 45.21477321211512 0.2927833660185518
-0.25 0 27 28 47.98487211122676 0.2778610534539497
-0.25 0 28 29 49.98226406160768 0.2639501879114174
-0.25 0 29 30 51.34787329642916 0.2509613486751432
-0.25 0 30 31 52.19699765208031 0.2388149340973454
-0.25 0 31 32 52.62428079677591 0.2274398870809168
-0.25 0 32 33 52.7076400207626 0.2167726087597607
-0.25 0 33 34 52.5113872272841 0.2067560290238133
-0.25 0 34 35 52.08872241876219 0.1973388097131643
-0.25 0 35 36 51.48373602559116 0.1884746588367112
-0.25 0 36 37 50.73302445737522 0.1801217395093139
-0.25 0 37 38 49.86699941889316 0.1722421578182769
-0.25 0 38 39 48.9109534496755 0.1648015189917881
-0.25 0 39 40 47.88593041171441 0.1577685409644768
-0.25 0 40 41 46.80943933927028 0.1511147173148331
-0.25 0 41 42 45.69604167706137 0.1448140223317395
-0.25 0 42 43 44.55783606532123 0.1388426521251572
-0.25 0 43 44 43.4048596557692 0.1331787976565041
-0.25 0 44 45 42.24542129796833 0.1278024439793514
-0.25 0 45 46 41.08513091784016 0.1230624354793224
-0.25 0 46 47 39.93197537734596 0.1203311909186478
-0.25 0 47 48 38.78931274907973 0.1198270317231221
-0.25 0 48 49 37.66089405619914 0.1214693471547673
-0.25 0 49 50 36.54954192928247 0.1239215847816136
0 0.25 0 1 6595.760190335841 3.615033227025757
0 0.25 1 2 -942.1554702622161 3.06676605402072
0 0.25 2 3 -5550.618912448715 1.572784765093275
0 0.25 3 4 -4572.54776512341 1.546326270719311
0 0.25 4 5 -3400.419552817577 1.392292399150186
0 0.25 5 6 -2496.9535581299 1.239308340808532
0 0.25 6 7 -1843.131501961001 1.12621926465391
0 0.25 7 8 -1372.432668494432 1.042180006262591
0 0.25 8 9 -1030.25855794912 0.9611109321618527
0 0.25 9 10 -778.1038927450368 0.8863863123433465
0 0.25 10 11 -589.6068726780891 0.8180353490780371
0 0.25 11 12 -446.9488037582173 0.7565152413737637
0 0.25 12 13 -337.740423606735 0.7011054133508491
0 0.25 13 14 -253.3239687849502 0.6511775794276176
0 0.25 14 15 -187.5363426247161 0.6061129771766303
0 0.25 15 16 -135.9207700189797 0.5653427549830038
0 0.25 16 17 -95.20643059105851 0.528360369777269
0 0.25 17 18 -62.95997862733725 0.4947217817166962
0 0.25 18 19 -37.34849232024612 0.4640406517287382
0 0.25 19 20 -16.97567152492547 0.4359818595458292
0 0.25 20 21 -0.7669206764194314 0.4102548437014102
0 0.25 21 22 12.11243894818494 0.3866074049233879
0 0.25 22 23 22.31616739252536 0.3648202045489946
0 0.25 23 24 30.36020106178569 0.3447019992703426
0 0.25 24 25 36.65449946167996 0.3260855683183632
0 0.25 25 26 41.52683398132115 0.308824257496181
0 0.25 26 27 45.24073531607303 0.2927890558690875
0 0.25 27 28 48.00915902968006 0.2778661267679099
0 0.25 28 29 50.00497986951962 0.2639547197537926
0 0.25 29 30 51.36911449607589 0.2509654039103937
0 0.25 30 31 52.21685474943547 0.2388185689936503
0 0.25 31 32 52.64283927920872 0.2274431506045302
0 0.25 32 33 52.72498094428499 0.2167755435739042
0 0.25 33 34 52.52758755932257 0.2067586723223526
0 0.25 34 35 52.10385523533296 0.1973411939499877
0 0.25 35 36 51.49787062905864 0.1884768126960694
0 0.25 36 37 50.74622645565205 0.1801236879510666
0 0.25 37 38 49.87933079449687 0.1722439228413135
0 0.25 38 39 48.92247263137386 0.1648031200729687
0 0.25 39 40 47.89669235800096 0.1577699951166703
0 0.25 40 41 46.8194956369951 0.1511160397700505
0 0.25 41 42 45.70544065283173 0.1448152264161207
0 0.25 42 43 44.56662291177571 0.1388437496946468
0 0.25 43 44 43.41307656669693 0.133179799257306
0 0.25 44 45 42.25310761222892 0.1278033590323649
0 0.25 45 46 41.09232322765178 0.1230632843210312
0 0.25 46 47 39.93870778727165 0.1203320361198183
0 0.25 47 48 38.79561690889233 0.1198279345177232
0 0.25 48 49 37.66679936230287 0.1214703564488772
0 0.25 49 50 36.55507563725089 0.1239227039563945
0.25 0.5 0 1 6507.235417474923 3.390236687902679
0.25 0.5 1 2 -1021.819836864223 2.383128981846818
0.25 0.5 2 3 -5549.794300526137 1.554079789287399
0.25 0.5 3 4 -4560.574738892668 1.536681940791568
0.25 0.5 4 5 -3388.232328273409 1.449250329827456
0.25 0.5 5 6 -2486.617967421766 1.361587044673951
0.25 0.5 6 7 -1834.806132448744 1.252786399309522
0.25 0.5 7 8 -1365.847483209362 1.14581196671067
0.25 0.5 8 9 -1025.087464951835 1.047532833788028
0.25 0.5 9 10 -774.0581148441984 0.9595171138982491
0.25 0.5 10 11 -586.4503630010213 0.8806901068383204
0.25 0.5 11 12 -444.4959936654632 0.8107355585529344
0.25 0.5 12 13 -335.8456602868587 0.7484309687026824
0.25 0.5 13 14 -251.873220965681 0.6927898903640636
0.25 0.5 14 15 -186.4400618948468 0.6429352158076512
0.25 0.5 15 16 -135.1083068855683 0.5981076067964891
0.25 0.5 16 17 -94.621753989941 0.5576573613597977
0.25 0.5 17 18 -62.5584152808658 0.5210310307070974
0.25 0.5 18 19 -37.09424234795392 0.4877574096636461
0.25 0.5 19 20 -16.83990884584 0.4574346705877115
0.25 0.5 20 21 -0.7263330575174223 0.4297191898914295
0.25 0.5 21 22 12.07677860813328 0.4043161031841383
0.25 0.5 22 23 22.21967913334697 0.3809714296090653
0.25 0.5 23 24 30.21548522372836 0.3594655461937512
0.25 0.5 24 25 36.47187806120053 0.3396077922016029
0.25 0.5 25 26 41.31477963462851 0.3212320075442582
0.25 0.5 26 27 45.00621299565648 0.3041928367200648
0.25 0.5 27 28 47.75789983457264 0.2883626595413115
0.25 0.5 28 29 49.74170145394453 0.2736290325443387
0.25 0.5 29 30 51.09769940080071 0.2598925505073391
0.25 0.5 30 31 51.9404953287027 0.247065050905086
0.25 0.5 31 32 52.36415598010524 0.2350681013191217
0.25 0.5 32 33 52.44611921879869 0.2238317198979279
0.25 0.5 33 34 52.25029756684216 0.2132932891035819
0.25 0.5 34 35 51.82955761459465 0.2033966306902679
0.25 0.5 35 36 51.22771095118918 0.1940912135492613
0.25 0.5 36 37 50.48112043756277 0.1853314750741551
0.25 0.5 37 38 49.62000194608373 0.1770762357650945
0.25 0.5 38 39 48.66948367941779 0.1692881947070786
0.25 0.5 39 40 47.65047153836167 0.1619334910851944
0.25 0.5 40 41 46.58035873708275 0.1549813240554538
0.25 0.5 41 42 45.47360952764603 0.148403620797121
0.25 0.5 42 43 44.34224106289963 0.1421747466045624
0.25 0.5 43 44 43.19622227107385 0.1362712506353235
0.25 0.5 44 45 42.04380499755609 0.1306716424425183
0.25 0.5 45 46 40.89055856252276 0.1257111044495698
0.25 0.5 46 47 39.74441666849907 0.1227163399062834
0.25 0.5 47 48 38.60871181038061 0.1219042603108879
0.25 0.5 48 49 37.48716840258177 0.1232068810352814
0.25 0.5 49 50 36.38258781554865 0.1253333651902362
0.5 0.75 0 1 6335.378292818128 3.292296781101773
0.5 0.75 1 2 -1171.489121114722 2.76698100068473
0.5 0.75 2 3 -5541.336391557654 1.574804980477406
0.5 0.75 3 4 -4530.397696877021 1.538971860381945
0.5 0.75 4 5 -3357.903537181239 1.382035876669982
0.5 0.75 5 6 -2460.29544546227 1.228040783107891
0.5 0.75 6 7 -1812.859373633491 1.094328888913875
0.5 0.75 7 8 -1347.759221808371 0.9805892539967612
0.5 0.75 8 9 -1010.20388495349 0.9011612222904699
0.5 0.75 9 10 -761.7856533544887 0.8313599295424279
0.5 0.75 10 11 -576.2932945814418 0.7674120700501779
0.5 0.75 11 12 -436.0576246361534 0.7098727666852924
0.5 0.75 12 13 -328.8086756513881 0.6580259888221555
0.5 0.75 13 14 -245.9845646372373 0.6112861514763692
0.5 0.75 14 15 -181.4972613220532 0.569078024498235
0.5 0.75 15 16 -130.9485475734534 0.5308732889469948
0.5 0.75 16 17 -91.11336427712013 0.4962016040310077
0.5 0.75 17 18 -59.59428568799126 0.4646505977451478
0.5 0.75 18 19 -34.58674398474227 0.4358613453267555
0.5 0.75 19 20 -14.7169573641379 0.4095223471473188
0.5 0.75 20 21 1.071675352436159 0.3853633657995282
0.5 0.75 21 22 13.59936652764986 0.363149699873817
0.5 0.75 22 23 23.50817853955164 0.3426771025101767
0.5 0.75 23 24 31.3045367217693 0.3237673800355625
0.5 0.75 24 25 37.39062712666032 0.3062646283076034
0.5 0.75 25 26 42.08783681658895 0.2900320379268049
0.5 0.75 26 27 45.65442905989187 0.2749491905219682
0.5 0.75 27 28 48.29899491319316 0.260909773400187
0.5 0.75 28 29 50.19077832027244 0.2478196458046737
0.5 0.75 29 30 51.46766424654345 0.2355952020750767
0.5 0.75 30 31 52.24240429226461 0.2241619813062855
0.5 0.75 31 32 52.60750176209126 0.2134534853725498
0.5 0.75 32 33 52.6390691144187 0.2034101690893711
0.5 0.75 33 34 52.39989191116035 0.1939785780382973
0.5 0.75 34 35 51.94187583027548 0.1851106066813539
0.5 0.75 35 36 51.3080109674346 0.1767628615634197
0.5 0.75 36 37 50.5339561357473 0.1688961104795601
0.5 0.75 37 38 49.64932240059539 0.1614748062099561
0.5 0.75 38 39 48.67871726509395 0.1544666730234814
0.5 0.75 39 40 47.64259741141052 0.147842346454026
0.5 0.75 40 41 46.55796774596547 0.1415750589274821
0.5 0.75 41 42 45.43895625229078 0.1356403651912768
0.5 0.75 42 43 44.29728837688026 0.1300159002992141
0.5 0.75 43 44 43.14267959349974 0.1246811676182688
0.5 0.75 44 45 41.98316119776342 0.1196173520355099
0.5 0.75 45 46 40.82412206934697 0.1151857703086118
0.5 0.75 46 47 39.67330523368531 0.1128007405814506
0.5 0.75 47 48 38.53390841621098 0.1126771129764372
0.5 0.75 48 49 37.40952802868776 0.1147117690407963
0.5 0.75 49 50 36.30285283069719 0.1175233222311045
0.75 1 0 1 6080.700370923309 2.276846937386684
0.75 1 1 2 -1398.627124726241 2.033107034470104
0.75 1 2 3 -5534.310221878966 1.567119122597999
0.75 1 3 4 -4490.068921957836 1.522285662410563
0.75 1 4 5 -3316.107377166483 1.365388923250107
0.75 1 5 6 -2423.347056840384 1.214025494416098
0.75 1 6 7 -1781.535059350468 1.08337899823839
0.75 1 7 8 -1321.50373349189 0.9725529516297819
0.75 1 8 9 -988.2182909540493 0.8780685958282822
0.75 1 9 10 -743.3196089522066 0.796659348000309
0.75 1 10 11 -560.7109736706393 0.726669738237306
0.75 1 11 12 -422.8428618287094 0.6654348197302116
0.75 1 12 13 -317.5446834689124 0.6116330128355544
0.75 1 13 14 -236.3359268047343 0.5640546852107075
0.75 1 14 15 -173.1933282183886 0.5217333464014298
0.75 1 15 16 -123.7699233690896 0.4838889328857152
0.75 1 16 17 -84.88123830129962 0.4498856756734669
0.75 1 17 18 -54.16210271737714 0.4192006510735002
0.75 1 18 19 -29.83371535310403 0.3914000888315671
0.75 1 19 20 -10.54299517887466 0.3661213427928161
0.75 1 20 21 4.749930339606408 0.3430590216295622
0.75 1 21 22 16.85167652185464 0.3219542208805853
0.75 1 22 23 26.39319223081611 0.3025860749216456
0.75 1 23 24 33.87177069644565 0.2847650763679526
0.75 1 24 25 39.68205603644003 0.2683277467464386
0.75 1 25 26 44.13917686054333 0.2531323524451156
0.75 1 26 27 47.49617960073579 0.2390554350443948
0.75 1 27 28 49.95728821079774 0.2259889832970732
0.75 1 28 29 51.68807615243963 0.2138381113369134
0.75 1 29 30 52.82333167650313 0.2025191418666644
0.75 1 30 31 53.47318434128772 0.1919580147260432
0.75 1 31 32 53.72790974626969 0.1820889569674641
0.75 1 32 33 53.66172154409946 0.1728533675058347
0.75 1 33 34 53.33578184471378 0.1641988760439404
0.75 1 34 35 52.80060422693475 0.1560785454405395
0.75 1 35 36 52.09798173184407 0.1484501928976627
0.75 1 36 37 51.26254108677085 0.1412758100685998
0.75 1 37 38 50.32300123550715 0.1345210657930448
0.75 1 38 39 49.30319666058034 0.1281548765789036
0.75 1 39 40 48.22291265933859 0.1221490374588831
0.75 1 40 41 47.09856972040893 0.1164778997335131
0.75 1 41 42 45.943786019453 0.1111180924217304
0.75 1 42 43 44.76984136450966 0.1060482781475142
0.75 1 43 44 43.58606091176756 0.1012489396325564
0.75 1 44 45 42.40013344577545 0.0967021930054584
0.75 1 45 46 41.21716371105185 0.09319430312276239
0.75 1 46 47 40.04460037514201 0.09366464372310368
0.75 1 47 48 38.88542368480495 0.09822250274997496
0.75 1 48 49 37.74302301381903 0.1061377444231182
0.75 1 49 50 36.61990547214921 0.1145116773855657
1 1.25 0 1 5757.126402397789 1.536602567575265
1 1.25 1 2 -1690.571912395038 0.7987795260618016
1 1.25 2 3 -5533.406536898949 2.120126722411948
1 1.25 3 4 -4449.704543695237 2.004902398015715
1 1.25 4 5 -3274.781580989091 1.761653965432003
1 1.25 5 6 -2387.942114703166 1.537776694880366
1 1.25 6 7 -1752.531867108142 1.349846482247183
1 1.25 7 8 -1298.02275732376 1.194287686498305
1 1.25 8 9 -969.2305192069339 1.064361797908406
1 1.25 9 10 -727.9239058759003 0.9559842636158715
1 1.25 10 11 -548.175913830778 0.8633398710011645
1 1.25 11 12 -412.5969309743114 0.7840472996654757
1 1.25 12 13 -309.1379813887984 0.7154153070690091
1 1.25 13 14 -229.4147511362382 0.6555230432379874
1 1.25 14 15 -167.4781682925498 0.602874289259002
1 1.25 15 16 -119.0385282053055 0.5562896472067156
1 1.25 16 17 -80.95576032451504 0.5148285363177931
1 1.25 17 18 -50.89935142672357 0.477732502344986
1 1.25 18 19 -27.11774069748753 0.4443836373713033
1 1.25 19 20 -8.279408516094236 0.4142737427980915
1 1.25 20 21 6.638336351684302 0.3869811912053802
1 1.25 21 22 18.42833161206818 0.3621533641765119
1 1.25 22 23 27.71041299138085 0.3394931739474135
1 1.25 23 24 34.97286113813334 0.3187486104565383
1 1.25 24 25 40.60297458972536 0.2997045539638161
1 1.25 25 26 44.9098675302248 0.2821763039244543
1 1.25 26 27 48.14164107553211 0.2660044192881134
1 1.25 27 28 50.49843711528274 0.2510505718538635
1 1.25 28 29 52.1424475422607 0.2371941876182581
1 1.25 29 30 53.20565008520578 0.2243297086926629
1 1.25 30 31 53.79583129471257 0.2123643444427819
1 1.25 31 32 54.00130803998502 0.2012162143954468
1 1.25 32 33 53.89465227836024 0.1908128047000201
1 1.25 33 34 53.5356468894384 0.1810896789056174
1 1.25 34 35 52.97364421533803 0.1719893949645828
1 1.25 35 36 52.24945766667798 0.1634605909854129
1 1.25 36 37 51.39688606513124 0.1554572107484909
1 1.25 37 38 50.44394754712903 0.1479378435317714
1 1.25 38 39 49.41388252278205 0.1408651598482457
1 1.25 39 40 48.32597206554232 0.1342054271114621
1 1.25 40 41 47.19620823663973 0.1279280923388884
1 1.25 41 42 46.03784486476411 0.122005421053664
1 1.25 42 43 44.86185168596683 0.1164121841281286
1 1.25 43 44 43.67728984289721 0.1111253855649777
1 1.25 44 45 42.49162325534763 0.1061240241048604
1 1.25 45 46 41.30978996409823 0.1017688483641177
1 1.25 46 47 40.13902975305962 0.09948411571705915
1 1.25 47 48 38.98220892247463 0.09949023639143816
1 1.25 48 49 37.84259895533719 0.101672148690014
1 1.25 49 50 36.72261331488789 0.1089686953182499
1.25 1.5 0 1 5386.742531620844 3.103699680378715
1.25 1.5 1 2 -1994.146114928067 3.70034190780433
1.25 1.5 2 3 -5494.950914493091 1.697265496520783
1.25 1.5 3 4 -4370.931815761003 1.629960634632162
1.25 1.5 4 5 -3200.82681262987 1.454263646100074
1.25 1.5 5 6 -2326.018440119566 1.283348852473324
1.25 1.5 6 7 -1702.239117727107 1.134805208001056
1.25 1.5 7 8 -1257.472934318256 1.008710470920606
1.25 1.5 8 9 -936.5203934619003 0.9027888294456817
1.25 1.5 9 10 -701.4548569767489 0.8114425897431945
1.25 1.5 10 11 -526.6690603576862 0.7342347484859427
1.25 1.5 11 12 -395.0604493038204 0.667331936894373
1.25 1.5 12 13 -294.7951151640923 0.60915952021481
1.25 1.5 13 14 -217.6566244248052 0.5582167863696292
1.25 1.5 14 15 -157.8244353932898 0.5133125992999105
1.25 1.5 15 16 -111.1075100306443 0.4734946564948946
1.25 1.5 16 17 -74.44197946703366 0.4379951051890172
1.25 1.5 17 18 -45.55662211109825 0.4061893558233395
1.25 1.5 18 19 -22.74637481884406 0.3775649577654023
1.25 1.5 19 20 -4.716466023317025 0.3516979940641276
1.25 1.5 20 21 9.526536975484305 0.3282350540353201
1.25 1.5 21 22 20.75201401355775 0.3068793626174856
1.25 1.5 22 23 29.5608716918041 0.2873800096672388
1.25 1.5 23 24 36.42602438637368 0.2695235198542156
1.25 1.5 24 25 41.72222757604288 0.2535546344591396
1.25 1.5 25 26 45.74830461403394 0.2406652705026403
1.25 1.5 26 27 48.74387380027724 0.2286644953227402
1.25 1.5 27 28 50.90205409844293 0.217473004718437
1.25 1.5 28 29 52.37919966677566 0.2070201148083919
1.25 1.5 29 30 53.30241753165569 0.1972426900625088
1.25 1.5 30 31 53.77541627504979 0.1880842133674188
1.25 1.5 31 32 53.88308749321811 0.1794939815598963
1.25 1.5 32 33 53.69511746224202 0.1714264082357213
1.25 1.5 33 34 53.26885117609447 0.1638404194432976
1.25 1.5 34 35 52.65157604135851 0.1566989292852735
1.25 1.5 35 36 51.88235219413275 0.1499683835715621
1.25 1.5 36 37 50.99348645544842 0.1436183632755577
1.25 1.5 37 38 50.01172464748703 0.137621237508268
1.25 1.5 38 39 48.95922011012084 0.1319518605947603
1.25 1.5 39 40 47.85432346341048 0.1265873071330443
1.25 1.5 40 41 46.71222906559854 0.1215066381695229
1.25 1.5 41 42 45.54550583340136 0.1166906967877435
1.25 1.5 42 43 44.36453464010253 0.1121219271915579
1.25 1.5 43 44 43.17786973489245 0.1077842151107219
1.25 1.5 44 45 41.99253823981638 0.103662746067208
1.25 1.5 45 46 40.81312994433972 0.1000900783421805
1.25 1.5 46 47 39.64650138487775 0.0983494014264289
1.25 1.5 47 48 38.49526660042795 0.09861980657512263
1.25 1.5 48 49 37.36245470623197 0.1008020138790594
1.25 1.5 49 50 36.2502667919606 0.1036406281847221
1.5 1.75 0 1 4949.102993862375 0.9959041347770184
1.5 1.75 1 2 -2373.528015558401 0.8629874671796056
1.5 1.75 2 3 -5469.528893239394 1.768824991346322
1.5 1.75 3 4 -4289.777847361804 1.70411733167849
1.5 1.75 4 5 -3118.499478273815 1.516293786519681
1.5 1.75 5 6 -2253.188931462649 1.328949222644977
1.5 1.75 6 7 -1640.149647608823 1.165549971097515
1.5 1.75 7 8 -1205.075996249457 1.027716421374491
1.5 1.75 8 9 -892.3459499314827 0.9130496944656937
1.5 1.75 9 10 -664.0872221090335 0.8146668336170829
1.5 1.75 10 11 -494.9382427106216 0.7329528836736332
1.5 1.75 11 12 -367.9839590433248 0.6625838258909303
1.5 1.75 12 13 -271.5792493180909 0.6019108007339856
1.5 1.75 13 14 -197.6580578608621 0.5491786782068236
1.5 1.75 14 15 -140.5206424954565 0.5030114436591637
1.5 1.75 15 16 -96.0723244233252 0.4623222561574897
1.5 1.75 16 17 -61.32607309009791 0.4262447770100787
1.5 1.75 17 18 -34.0721207637273 0.3940817521183575
1.5 1.75 18 19 -12.65477892925537 0.3652666609544444
1.5 1.75 19 20 4.180844185481419 0.3393350132786999
1.5 1.75 20 21 17.39579209141516 0.3159027109975595
1.5 1.75 21 22 27.7329939073403 0.2946496002508777
1.5 1.75 22 23 35.77163927459981 0.275306845509942
1.5 1.75 23 24 41.96672042794694 0.2576471510198834
1.5 1.75 24 25 46.67812993843563 0.2414771158369971
1.5 1.75 25 26 50.19230798887213 0.2266312047406152
1.5 1.75 26 27 52.73851029294713 0.2129669529794081
1.5 1.75 27 28 54.50114794089063 0.2003611227930774
1.5 1.75 28 29 55.62922877351787 0.1887065984806551
1.5 1.75 29 30 56.24363891132771 0.1779098615838591
1.5 1.75 30 31 56.4428002512077 0.1678889229529755
1.5 1.75 31 32 56.30709637814982 0.1585716188846162
1.5 1.75 32 33 55.90235710039434 0.1498941997240888
1.5 1.75 33 34 55.28261812491388 0.141800152210672
1.5 1.75 34 35 54.49231872242439 0.1342392142226842
1.5 1.75 35 36 53.56806084753748 0.1271665439432281
1.5 1.75 36 37 52.54002394732117 0.1205420184871075
1.5 1.75 37 38 51.43310796749358 0.1143296364986429
1.5 1.75 38 39 50.26786061546034 0.1084970097288399
1.5 1.75 39 40 49.06123249731417 0.1030149272083028
1.5 1.75 40 41 47.82719441988945 0.09785697969456694
1.5 1.75 41 42 46.57724359003998 0.09299923717231265
1.5 1.75 42 43 45.32082015487282 0.08841996847575269
1.5 1.75 43 44 44.06565090669397 0.08409939809670094
1.5 1.75 44 45 42.81803369129454 0.080019494558003
1.5 1.75 45 46 41.58194253139794 0.07687991488996306
1.5 1.75 46 47 40.3636188614461 0.07729671790110042
1.5 1.75 47 48 39.16519928388541 0.08135814066706118
1.5 1.75 48 49 37.98926441354348 0.08840865966287732
1.5 1.75 49 50 36.83762893896571 0.09585767220573393
1.75 2 0 1 4488.909773203297 1.078254435826674
1.75 2 1 2 -2756.4983481595 2.912407178209614
1.75 2 2 3 -5437.895471009635 2.831409150312326
1.75 2 3 4 -4215.240213849253 2.295405769818511
1.75 2 4 5 -3051.214285431749 1.877997032755142
1.75 2 5 6 -2199.119406319902 1.569906737778369
1.75 2 6 7 -1597.841617315381 1.337845089795154
1.75 2 7 8 -1172.114073370384 1.157825227489625
1.75 2 8 9 -866.5668403301661 1.015455897300609
1.75 2 9 10 -643.7924310924118 0.8988834182938142
1.75 2 10 11 -478.9459306041149 0.8029957346963489
1.75 2 11 12 -355.3207435924978 0.7222864888958329
1.75 2 12 13 -261.530687340181 0.6535819306566474
1.75 2 13 14 -189.6778437051178 0.5944476293044125
1.75 2 14 15 -134.1867930236981 0.5430664450971914
1.75 2 15 16 -91.05574055941975 0.498054438720161
1.75 2 16 17 -57.3678405438684 0.4583387191128247
1.75 2 17 18 -30.96695028644422 0.4230743931314433
1.75 2 18 19 -10.23878228666217 0.391586814069375
1.75 2 19 20 6.039286343904905 0.3633305875625433
1.75 2 20 21 18.80293147868201 0.3378599200595672
1.75 2 21 22 28.77498627200259 0.314806804625345
1.75 2 22 23 36.51861117973715 0.2938647218944934
1.75 2 23 24 42.47593478060242 0.2747762911155451
1.75 2 24 25 46.99647006037719 0.2573237928558826
1.75 2 25 26 50.3582412578221 0.2413218121844918
1.75 2 26 27 52.78365068643927 0.2266114652288944
1.75 2 27 28 54.45150686488557 0.2130558253764404
1.75 2 28 29 55.50622179352229 0.2005362661167799
1.75 2 29 30 56.06490001059274 0.1889495128892201
1.75 2 30 31 56.22284336100552 0.1782052478759389
1.75 2 31 32 56.05785502058262 0.1682241502753311
1.75 2 32 33 55.63362624142798 0.1589362819587638
1.75 2 33 34 55.00241719099603 0.1502797493914715
1.75 2 34 35 54.20719078090883 0.142199588009688
1.75 2 35 36 53.28331988010837 0.1346468273173353
1.75 2 36 37 52.25995976103269 0.1275777028265551
1.75 2 37 38 51.16115640928882 0.1209529890040983
1.75 2 38 39 50.00674527475121 0.1147374320936369
1.75 2 39 40 48.81308291184126 0.1088992655149062
1.75 2 40 41 47.59364485768918 0.1034097940458424
1.75 2 41 42 46.35951573741772 0.09824303681467031
1.75 2 42 43 45.11979242929408 0.09337541731864198
1.75 2 43 44 43.88191663706209 0.0887854961396084
1.75 2 44 45 42.65195000426323 0.0845236831746824
1.75 2 45 46 41.43371235506604 0.08131933835428545
1.75 2 46 47 40.23320516414856 0.08153689135737853
1.75 2 47 48 39.05247473695741 0.08525191650162139
1.75 2 48 49 37.89399484796314 0.09182139148007694
1.75 2 49 50 36.75948624187706 0.09875225103322244
2 2.25 0 1 3991.988803392518 1.041904192040859
2 2.25 1 2 -3148.130088847158 0.8505436760737659
2 2.25 2 3 -5375.610838684046 1.653873371361032
2 2.25 3 4 -4094.894981927638 1.532271860481219
2 2.25 4 5 -2933.275701234978 1.352514780260079
2 2.25 5 6 -2095.293349874243 1.193241006729291
2 2.25 6 7 -1509.211416274031 1.059433716366637
2 2.25 7 8 -1097.132598436394 0.9467877698199026
2 2.25 8 9 -803.1870016367484 0.8517746852294189
2 2.25 9 10 -590.0865056720427 0.7701860619877203
2 2.25 10 11 -433.2654429248744 0.6998746028877599
2 2.25 11 12 -316.2975514192949 0.6387172355249071
2 2.25 12 13 -228.0479037903856 0.5851377924815292
2 2.25 13 14 -160.8260373037738 0.5378917882693057
2 2.25 14 15 -109.2245498111488 0.4959857679617766
2 2.25 15 16 -69.37649380544394 0.4586184111701703
2 2.25 16 17 -38.473051718335 0.4251371083819589
2 2.25 17 18 -14.44478873325693 0.3950055964745451
2 2.25 18 19 4.252720405892433 0.3677795605351123
2 2.25 19 20 18.78553951723075 0.3430880413665894
2 2.25 20 21 30.04331718631965 0.3206191160034582
2 2.25 21 22 38.71123116865351 0.3001087687041247
2 2.25 22 23 45.32147414923793 0.2813321550574854
2 2.25 23 24 50.29057730821057 0.2640966918150005
2 2.25 24 25 53.94679193644868 0.2482365446327058
2 2.25 25 26 56.55039952307072 0.2336081983584104
2 2.25 26 27 58.30893041118236 0.2200868711571544
2 2.25 27 28 59.3886747886728 0.2075635935613351
2 2.25 28 29 59.92346515895542 0.1959428127038963
2 2.25 29 30 60.02143095418319 0.1851404160131921
2 2.25 30 31 59.77023229890364 0.1750820914171803
2 2.25 31 32 59.24114337835647 0.165701960270334
2 2.25 32 33 58.49225869758169 0.156941430047336
2 2.25 33 34 57.57102563963736 0.1487482287374695
2 2.25 34 35 56.51625596419939 0.1410755874723948
2 2.25 35 36 55.35973169222115 0.1338815451639919
2 2.25 36 37 54.12749330155475 0.1271283559354278
2 2.25 37 38 52.84087772688275 0.120781980738851
2 2.25 38 39 51.51735823147857 0.1148116505017688
2 2.25 39 40 50.17122657479331 0.1091894887355051
2 2.25 40 41 48.81414918306717 0.1038901851065289
2 2.25 41 42 47.45562199429799 0.09889071188276159
2 2.25 42 43 46.10334371383917 0.09417007642421601
2 2.25 43 44 44.76352294940833 0.08970910511539509
2 2.25 44 45 43.44113163159315 0.08549025428431457
2 2.25 45 46 42.13905422028282 0.08215204832244213
2 2.25 46 47 40.86238174857309 0.08208018330342526
2 2.25 47 48 39.61242909380573 0.08533886146426398
2 2.25 48 49 38.39099317859097 0.09131056137188777
2 2.25 49 50 37.19919697332267 0.09762958444653122
2.25 2.5 0 1 3471.169310906405 1.642280914506941
2.25 2.5 1 2 -3537.103016989292 0.9584663295653488
2.25 2.5 2 3 -5280.737095358191 1.694862190989113
2.25 2.5 3 4 -3952.615151674825 1.561824668216391
2.25 2.5 4 5 -2805.656631437699 1.380583296334772
2.25 2.5 5 6 -1990.339976378914 1.242562998086163
2.25 2.5 6 7 -1424.714939321003 1.113398674452599
2.25 2.5 7 8 -1029.28520497748 0.9995775325177489
2.25 2.5 8 9 -748.5135729112203 0.9003260983151673
2.25 2.5 9 10 -545.785224987852 0.814577308032716
2.25 2.5 10 11 -397.16410356245 0.7399924162921485
2.25 2.5 11 12 -286.7231758816881 0.674893562421492
2.25 2.5 12 13 -203.7090890632073 0.6177789577957612
2.25 2.5 13 14 -140.7189570555215 0.567403428707114
2.25 2.5 14 15 -92.56226899793091 0.5227429943134014
2.25 2.5 15 16 -55.53668329431866 0.4829561229466986
2.25 2.5 16 17 -26.95937734240488 0.4473491676641355
2.25 2.5 17 18 -4.858255190740238 0.4153476773190893
2.25 2.5 18 19 12.23520950989609 0.3864732867447263
2.25 2.5 19 20 25.42737272530189 0.3603253269505446
2.25 2.5 20 21 35.56052063316645 0.3365662440392032
2.25 2.5 21 22 43.28197112425141 0.3149100300938372
2.25 2.5 22 23 49.09343752054701 0.2951130138798541
2.25 2.5 23 24 53.38675271880868 0.2769664986550904
2.25 2.5 24 25 56.47003382860589 0.260290844546439
2.25 2.5 25 26 58.58705790318731 0.2449306879219726
2.25 2.5 26 27 59.93175710649859 0.2307510554690478
2.25 2.5 27 28 60.65916502532104 0.217634189761613
2.25 2.5 28 29 60.89375513743596 0.205476939794713
2.25 2.5 29 30 60.73584389637637 0.1941886062075008
2.25 2.5 30 31 60.2665443927653 0.1836891515243939
2.25 2.5 31 32 59.55162520074049 0.1739077064335614
2.25 2.5 32 33 58.64453566598706 0.1647813172603597
2.25 2.5 33 34 57.58879184128261 0.1562538912457018
2.25 2.5 34 35 56.41986861234045 0.1482753032969559
2.25 2.5 35 36 55.16670795725821 0.1408006379808722
2.25 2.5 36 37 53.85292696193233 0.1337895419670573
2.25 2.5 37 38 52.49778970055036 0.1272056706627439
2.25 2.5 38 39 51.11699237982162 0.1210162113905414
2.25 2.5 39 40 49.72330004546427 0.1151914732057728
2.25 2.5 40 41 48.32706485682411 0.1097045311801784
2.25 2.5 41 42 46.93664924922149 0.1045309185129875
2.25 2.5 42 43 45.55877260783538 0.09964835749807828
2.25 2.5 43 44 44.19879604730201 0.0950365254124305
2.25 2.5 44 45 42.86095697052684 0.09067684884942458
2.25 2.5 45 46 41.54754629956506 0.08687730975763261
2.25 2.5 46 47 40.26301692205942 0.08483863350648009
2.25 2.5 47 48 39.00824587003174 0.08469451191069251
2.25 2.5 48 49 37.78461059337599 0.08628333370895593
2.25 2.5 49 50 36.59286941041896 0.09210544757509156
2.5 2.75 0 1 2895.399256078797 2.187194048758463
2.5 2.75 1 2 -3965.470864437474 1.106964863388045
2.5 2.75 2 3 -5188.324601572354 2.751304567378744
2.5 2.75 3 4 -3804.591421526709 2.640706436576962
2.5 2.75 4 5 -2667.950924904792 2.320706718578561
2.5 2.75 5 6 -1873.186203822936 2.017840405635897
2.5 2.75 6 7 -1327.340554073614 1.761495774548356
2.5 2.75 7 8 -948.7127297732254 1.548934515513935
2.5 2.75 8 9 -681.7014045066512 1.372005890349674
2.5 2.75 9 10 -490.1280085879544 1.223982115770052
2.5 2.75 10 11 -350.55270255957 1.098765673750332
2.5 2.75 11 12 -247.4769239649472 0.991901422336259
2.5 2.75 12 13 -170.4938575195208 0.8999014005183907
2.5 2.75 13 14 -112.4729456588307 0.8200626798563057
2.5 2.75 14 15 -68.43596287550895 0.7502730797546727
2.5 2.75 15 16 -34.84608317825655 0.6888656241981931
2.5 2.75 16 17 -9.150070038728245 0.6345111906651268
2.5 2.75 17 18 10.52210760449111 0.586139416064193
2.5 2.75 18 19 25.55804378297705 0.5428801086521158
2.5 2.75 19 20 36.99947320709055 0.5040194889678743
2.5 2.75 20 21 45.63673198106164 0.4689671948727783
2.5 2.75 21 22 52.0751003765705 0.437231157500969
2.5 2.75 22 23 56.78206338155246 0.4083982832944624
2.5 2.75 23 24 60.12142060536371 0.3821194594978214
2.5 2.75 24 25 62.37820311613689 0.3580978104079549
2.5 2.75 25 26 63.77707775025556 0.3360794202446613
2.5 2.75 26 27 64.49608075219282 0.315845944964132
2.5 2.75 27 28 64.67696310123654 0.2972086831544028
2.5 2.75 28 29 64.43305166178698 0.2800037837894963
2.5 2.75 29 30 63.85527087469319 0.2640883455722819
2.5 2.75 30 31 63.01678992831171 0.2493372224786271
2.5 2.75 31 32 61.97663397537684 0.2356403909125619
2.5 2.75 32 33 60.78250832810966 0.2229007680896123
2.5 2.75 33 34 59.47302030377671 0.2110323937323287
2.5 2.75 34 35 58.07943684846674 0.1999589073554103
2.5 2.75 35 36 56.62708206559591 0.1896122668770284
2.5 2.75 36 37 55.13645370260309 0.1799316650775459
2.5 2.75 37 38 53.62411907897354 0.1708626092487593
2.5 2.75 38 39 52.10343696800885 0.1623561373968369
2.5 2.75 39 40 50.58514142982818 0.1543681461898431
2.5 2.75 40 41 49.07781573838838 0.1468588141908168
2.5 2.75 41 42 47.58827823695589 0.139792104579705
2.5 2.75 42 43 46.1218975205025 0.1331353344230953
2.5 2.75 43 44 44.68285056249485 0.1268588013108821
2.5 2.75 44 45 43.27433464478878 0.1209354582818364
2.5 2.75 45 46 41.89776718236735 0.1155634972760225
2.5 2.75 46 47 40.5567120629091 0.1115611032583107
2.5 2.75 47 48 39.25137589037752 0.1090423256869969
2.5 2.75 48 49 37.9825062524491 0.1079469162932247
2.5 2.75 49 50 36.75030192687251 0.1074583337507535
2.75 3 0 1 2263.141855511195 1.685150632391107
2.75 3 1 2 -4385.435761620116 4.404260151688534
2.75 3 2 3 -5040.3573173307 5.935020228983479
2.75 3 3 4 -3604.757699653207 5.068984984761091
2.75 3 4 5 -2487.984783793433 4.214203028859238
2.75 3 5 6 -1722.88163389689 3.534220613701435
2.75 3 6 7 -1204.210487905811 3.003636592100436
2.75 3 7 8 -848.1161121473278 2.585285161898462
2.75 3 8 9 -599.254816977535 2.249826059010498
2.75 3 9 10 -422.2046852619446 1.976733114401815
2.75 3 10 11 -294.2743068171239 1.751006595267844
2.75 3 11 12 -200.5866971827229 1.562029880858856
2.75 3 12 13 -131.2234394259663 1.402007901131321
2.75 3 13 14 -79.43043374974832 1.265139094547456
2.75 3 14 15 -40.51845367617807 1.147032486420983
2.75 3 15 16 -11.17314363458831 1.0443124821039
2.75 3 16 17 10.98645846114755 0.9543467427423212
2.75 3 17 18 27.69600026300282 0.8750556677612357
2.75 3 18 19 40.23743002123638 0.8047767952740809
2.75 3 19 20 49.568780045381 0.74216675819683
2.75 3 20 21 56.41356835801821 0.6861293393711979
2.75 3 21 22 61.32335219742242 0.6357619473946214
2.75 3 22 23 64.7221297364207 0.5903152859497611
2.75 3 23 24 66.93827624072367 0.5491626035736572
2.75 3 24 25 68.2277948780079 0.5117759909143459
2.75 3 25 26 68.79143411863549 0.4777079234469661
2.75 3 26 27 68.78741977129897 0.4465767538573122
2.75 3 27 28 68.34101511400792 0.4180552078496696
2.75 3 28 29 67.5517622606647 0.3918611874860427
2.75 3 29 30 66.49901146008057 0.3677503628262377
2.75 3 30 31 65.24617467767712 0.3455101613309197
2.75 3 31 32 63.84402038493374 0.3249548588005473
2.75 3 32 33 62.3332419726986 0.305921545106153
2.75 3 33 34 60.74647177835567 0.2882667885902925
2.75 3 34 35 59.10986903838148 0.2718638632369043
2.75 3 35 36 57.44437825574289 0.2566004318618069
2.75 3 36 37 55.76673105565607 0.2423765999761021
2.75 3 37 38 54.09024729618886 0.2291032740271817
2.75 3 38 39 52.4254782173023 0.2167007701255328
2.75 3 39 40 50.78072465394652 0.2050976298396841
2.75 3 40 41 49.16245607282164 0.1942296083721485
2.75 3 41 42 47.57565036702746 0.1840388073216945
2.75 3 42 43 46.02407024919023 0.1744729269780853
2.75 3 43 44 44.51048862077195 0.1654846219849412
2.75 3 44 45 43.03687275279685 0.1570309418543015
2.75 3 45 46 41.6036107668601 0.1492288478498818
2.75 3 46 47 40.21321535517492 0.1426365929131531
2.75 3 47 48 38.86510859728656 0.1373345067653085
2.75 3 48 49 37.55930202417176 0.133294559222151
2.75 3 49 50 36.29533966612109 0.1299428298094789
3 3.25 0 1 1577.110547792378 1.1934775367439
3 3.25 1 2 -4729.361670479223 9.2345540771695
3 3.25 2 3 -4787.215244482846 9.680071272599349
3 3.25 3 4 -3323.346001459865 7.874634891121114
3 3.25 4 5 -2248.166106707726 6.389786050562622
3 3.25 5 6 -1529.025549396483 5.274510448703746
3 3.25 6 7 -1049.257603636841 4.430337169787069
3 3.25 7 8 -724.1097278375323 3.777729157543464
3 3.25 8 9 -499.4875602322975 3.262096436734516
3 3.25 9 10 -341.4251157638207 2.846953822085249
3 3.25 10 11 -228.4542740076756 2.507012957211226
3 3.25 11 12 -146.6462568216164 2.224640855770559
3 3.25 12 13 -86.79608512776099 1.987153343386721
3 3.25 13 14 -42.68347462236784 1.785242672107991
3 3.25 14 15 -10.01983672807842 1.611944489253483
3 3.25 15 16 14.20634734276769 1.461955980126376
3 3.25 16 17 32.14509725882237 1.331175739928227
3 3.25 17 18 45.35428611914722 1.21638670291067
3 3.25 18 19 54.97773457896915 1.115033366449638
3 3.25 19 20 61.8651864140752 1.025062448522935
3 3.25 20 21 66.65454202423825 0.944807038868002
3 3.25 21 22 69.82912657292047 0.8729011033703215
3 3.25 22 23 71.75815804427589 0.8082155190742085
3 3.25 23 24 72.72572823613314 0.7498096127748993
3 3.25 24 25 72.95181309889028 0.6968940188637662
3 3.25 25 26 72.60767655675238 0.6488019078746418
3 3.25 26 27 71.82728095400716 0.6049664784804448
3 3.25 27 28 70.71581985016945 0.5649031882862682
3 3.25 28 29 69.35615482341717 0.5281956063639636
3 3.25 29 30 67.81371025789201 0.4944840598305232
3 3.25 30 31 66.14022322254408 0.4634564558703915
3 3.25 31 32 64.37663592277852 0.4348408105079195
3 3.25 32 33 62.55534087599239 0.4083991279757118
3 3.25 33 34 60.70193382272578 0.3839223555708821
3 3.25 34 35 58.83658966126501 0.3612262017413344
3 3.25 35 36 56.9751478242801 0.3401476506739604
3 3.25 36 37 55.12997233763932 0.3205420429160934
3 3.25 37 38 53.31063619848535 0.3022806181838896
3 3.25 38 39 51.52446802773258 0.2852484379779841
3 3.25 39 40 49.77699020615182 0.2693426216882784
3 3.25 40 41 48.07227120513937 0.2544708426371672
3 3.25 41 42 46.41320962920827 0.2405500410325499
3 3.25 42 43 44.80176383958553 0.2275053181628319
3 3.25 43 44 43.23913797717751 0.2152689834634598
3 3.25 44 45 41.72593292933772 0.2037797298715573
3 3.25 45 46 40.26141158230055 0.1930894561090553
3 3.25 46 47 38.84690607415456 0.183558072973554
3 3.25 47 48 37.48099571039836 0.1752222769709469
3 3.25 48 49 36.16289493572486 0.1680517755042948
3 3.25 49 50 34.89144122217236 0.1616400963268363
3.25 3.5 0 1 863.6997810497661 0.4353267659710379
3.25 3.5 1 2 -4887.537804675821 18.52096804908502
3.25 3.5 2 3 -4366.161866140153 14.77764988310476
3.25 3.5 3 4 -2926.072527383544 11.17565380434175
3.25 3.5 4 5 -1929.973710647208 8.720278801267145
3.25 3.5 5 6 -1282.040494133152 7.010184769169046
3.25 3.5 6 7 -858.1117787300254 5.770916333407162
3.25 3.5 7 8 -575.4192593745149 4.840725544745563
3.25 3.5 8 9 -382.9883283887161 4.121875979318821
3.25 3.5 9 10 -249.499779075205 3.553097465503503
3.25 3.5 10 11 -155.4669788906267 3.094058665598692
3.25 3.5 11 12 -88.40548885644762 2.717442903809513
3.25 3.5 12 13 -40.15281626589694 2.404101444687149
3.25 3.5 13 14 -5.245318057580562 2.140259863112436
3.25 3.5 14 15 20.05123828661817 1.915779458121445
3.25 3.5 15 16 38.33765288110283 1.723046755551199
3.25 3.5 16 17 51.45609636554002 1.5562432567206
3.25 3.5 17 18 60.73106473598216 1.410852702816052
3.25 3.5 18 19 67.12754085354482 1.283320901425111
3.25 3.5 19 20 71.35683574962206 1.170816027681427
3.25 3.5 20 21 73.94868638700609 1.071056597909003
3.25 3.5 21 22 75.30117180592777 0.98218595330811
3.25 3.5 22 23 75.71578815809153 0.9026792992064629
3.25 3.5 23 24 75.42243076124987 0.831273913279987
3.25 3.5 24 25 74.5974086417325 0.7669160940137979
3.25 3.5 25 26 73.37658225771759 0.7087203729724914
3.25 3.5 26 27 71.86504417218083 0.6559378262760862
3.25 3.5 27 28 70.14432018009325 0.6079312166895958
3.25 3.5 28 29 68.27777272454279 0.5641553192383475
3.25 3.5 29 30 66.31468777143436 0.5241412200094814
3.25 3.5 30 31 64.2933886285042 0.4874836884048558
3.25 3.5 31 32 62.24362435258479 0.4538309486581453
3.25 3.5 32 33 60.1884130424497 0.4228763382308715
3.25 3.5 33 34 58.14547247490844 0.3943514624288497
3.25 3.5 34 35 56.1283362018975 0.3680205434432591
3.25 3.5 35 36 54.14722836234063 0.3436757294461906
3.25 3.5 36 37 52.20975228711555 0.3211331801702333
3.25 3.5 37 38 50.32143463597447 0.3002297841165931
3.25 3.5 38 39 48.4861568478504 0.2808203928828367
3.25 3.5 39 40 46.70649826446956 0.2627754805884813
3.25 3.5 40 41 44.98400978912758 0.2459791546550624
3.25 3.5 41 42 43.31943256506167 0.2303274588617817
3.25 3.5 42 43 41.71287309074455 0.2157269196221017
3.25 3.5 43 44 40.16394364637239 0.2020932968874829
3.25 3.5 44 45 38.67187499696364 0.1893505063962974
3.25 3.5 45 46 37.23484312380749 0.177530074661754
3.25 3.5 46 47 35.85296700025798 0.1669586521075491
3.25 3.5 47 48 34.52404370484207 0.1576702665167238
3.25 3.5 48 49 33.24653089271111 0.1496382665178727
3.25 3.5 49 50 32.01860483113545 0.1424788291871494
3.5 3.75 0 1 197.1953968427486 1.616398940126436
3.5 3.75 1 2 -4694.755345352753 24.59969128195698
3.5 3.75 2 3 -3711.679465325998 16.26315340312909
3.5 3.75 3 4 -2387.309911276407 11.50385319240322
3.5 3.75 4 5 -1525.656065324315 8.631279741175602
3.5 3.75 5 6 -982.4953387119619 6.748268573535179
3.5 3.75 6 7 -635.2247594436762 5.43516813765198
3.5 3.75 7 8 -408.2146206769896 4.476398773737428
3.5 3.75 8 9 -256.5568769712679 3.751163311974834
3.5 3.75 9 10 -153.3031195968076 3.187256009558967
3.5 3.75 10 11 -81.98126349779022 2.738829953537818
3.5 3.75 11 12 -32.19180167543232 2.375629036656042
3.5 3.75 12 13 2.778495853864115 2.076893779900601
3.5 3.75 13 14 27.37170842468822 1.827951127288688
3.5 3.75 14 15 44.59137170005386 1.618160463855383
3.5 3.75 15 16 56.5079231991009 1.439633560591965
3.5 3.75 16 17 64.57315193287423 1.286409747665058
3.5 3.75 17 18 69.82042918130765 1.153908829459363
3.5 3.75 18 19 72.99500416372007 1.038558924097145
3.5 3.75 19 20 74.64050023629147 0.9375375866033403
3.5 3.75 20 21 75.15739071904449 0.8485881285932718
3.5 3.75 21 22 74.84319181136379 0.7698869615206804
3.5 3.75 22 23 73.9205076043246 0.6999462504863162
3.5 3.75 23 24 72.55686790553995 0.637541442083836
3.5 3.75 24 25 70.87893602778541 0.5816565986817552
3.5 3.75 25 26 68.98279996776353 0.5314426681591706
3.5 3.75 26 27 66.9415037833212 0.4861852767255943
3.5 3.75 27 28 64.81061118559916 0.4452796199707873
3.5 3.75 28 29 62.63235080621095 0.4082107046062454
3.5 3.75 29 30 60.43872883574571 0.374537666143761
3.5 3.75 30 31 58.25388293455205 0.3438812220226805
3.5 3.75 31 32 56.09587386667116 0.315913558096255
3.5 3.75 32 33 53.97805715126498 0.2903501202430075
3.5 3.75 33 34 51.91013872976839 0.266942908778614
3.5 3.75 34 35 49.89899129198045 0.2454749674501736
3.5 3.75 35 36 47.94928817871002 0.2257558288499086
3.5 3.75 36 37 46.06399743721934 0.2076177300321139
3.5 3.75 37 38 44.24476811933806 0.1909124532090335
3.5 3.75 38 39 42.49223312324341 0.1755086760632733
3.5 3.75 39 40 40.80624710319961 0.1612897405943784
3.5 3.75 40 41 39.18607371191014 0.1481517672770711
3.5 3.75 41 42 37.63053306133608 0.1360020565040409
3.5 3.75 42 43 36.13811793149679 0.1247577297552093
3.5 3.75 43 44 34.70708532412121 0.1143445732251932
3.5 3.75 44 45 33.3355284950937 0.1046960527296307
3.5 3.75 45 46 32.02079891896386 0.09589875042661869
3.5 3.75 46 47 30.76195165748111 0.0884862174191452
3.5 3.75 47 48 29.55625022275383 0.08258310345832645
3.5 3.75 48 49 28.40159959311087 0.07820568688861036
3.5 3.75 49 50 27.29571482869925 0.07481777680148875
3.75 4 0 1 -316.1230544000544 1.831077619273415
3.75 4 1 2 -4023.914896588094 27.96703677658785
3.75 4 2 3 -2810.827866310976 12.9571682092062
3.75 4 3 4 -1717.440615317274 7.55829902752302
3.75 4 4 5 -1051.259130907866 4.917470938291878
3.75 4 5 6 -647.0680844242195 3.410337588119563
3.75 4 6 7 -396.2010529565744 2.464906647674987
3.75 4 7 8 -236.5102134942533 1.832730976866157
3.75 4 8 9 -132.55767591986 1.390075405648251
3.75 4 9 10 -63.66312107525403 1.069672743869537
3.75 4 10 11 -17.45278593870194 0.8317790879796469
3.75 4 11 12 13.74019702067528 0.6519864417414055
3.75 4 12 13 34.78509886702898 0.5145478352113569
3.75 4 13 14 48.85559342276622 0.40903899602971
3.75 4 14 15 58.06699960841263 0.3284249158186227
3.75 4 15 16 63.85719576912265 0.2838184729261609
3.75 4 16 17 67.22042664246862 0.2613357754495456
3.75 4 17 18 68.85439624170903 0.2412125250976842
3.75 4 18 19 69.25492788334009 0.2231270184631305
3.75 4 19 20 68.77815195362848 0.2068111242414794
3.75 4 20 21 67.68213140859888 0.1920399547119944
3.75 4 21 22 66.15519796546204 0.1786237510156906
3.75 4 22 23 64.33553755023593 0.1664014702272824
3.75 4 23 24 62.3249145352784 0.1683635859935526
3.75 4 24 25 60.19840875162348 0.1720439519780041
3.75 4 25 26 58.01140137665075 0.175578918760001
3.75 4 26 27 55.80463790645786 0.178746568227618
3.75 4 27 28 53.60793107556898 0.1814416496600123
3.75 4 28 29 51.44289139897225 0.1836277247939712
3.75 4 29 30 49.32495553102487 0.1853077235741998
3.75 4 30 31 47.26490296759698 0.1865061284103567
3.75 4 31 32 45.26999678031424 0.1872583067909191
3.75 4 32 33 43.34484597007742 0.1876041924312307
3.75 4 33 34 41.49206025383413 0.1875846043432915
3.75 4 34 35 39.71274909615104 0.1872391651597115
3.75 4 35 36 38.00690317498686 0.1866051873005315
3.75 4 36 37 36.37368663828546 0.1857171430207982
3.75 4 37 38 34.81166135327882 0.184606481776511
3.75 4 38 39 33.31895908253689 0.1833016505936812
3.75 4 39 40 31.89341362539074 0.1818282280033471
3.75 4 40 41 30.53266212475909 0.1802091169646569
3.75 4 41 42 29.23422249162671 0.1784647633592958
3.75 4 42 43 27.99555234218075 0.1766133802726009
3.75 4 43 44 26.81409359143242 0.1746711662209643
3.75 4 44 45 25.68730587930239 0.1726525111388292
3.75 4 45 46 24.61222078829056 0.1706268516065999
3.75 4 46 47 23.58720152705067 0.1688037478902647
3.75 4 47 48 22.60942112843453 0.1671979069598506
3.75 4 48 49 21.67661129596888 0.1657894319102576
3.75 4 49 50 20.78638924776592 0.164407794843267
4 5 0 1 -1005.409963226302 2.88499530813914
4 5 1 2 -4440.730964345668 7.199551202150869
4 5 2 3 -2561.65445149283 5.40133429298048
4 5 3 4 -1406.716710629613 4.073414028699871
4 5 4 5 -775.9219752208107 3.04523253809302
4 5 5 6 -420.5626043457864 2.292851182313539
4 5 6 7 -213.8617278835129 1.785836678380376
4 5 7 8 -90.40689000254997 1.443170009618371
4 5 8 9 -15.26296112261116 1.202976014676188
4 5 9 10 30.88954796721146 1.025595678523101
4 5 10 11 59.08275408265035 0.890135849760215
4 5 11 12 75.94092586572503 0.7848083727282383
4 5 12 13 85.51601065569992 0.7003871845751897
4 5 13 14 90.34035766329691 0.6304506802577028
4 5 14 15 92.03843167191786 0.5721175444049555
4 5 15 16 91.68256074254003 0.5233177334914846
4 5 16 17 89.99116619867652 0.4817302556104806
4 5 17 18 87.4475557760457 0.4454074711947811
4 5 18 19 84.37843751798488 0.4132164236631171
4 5 19 20 81.00668772804283 0.3845781361102377
4 5 20 21 77.48555886129006 0.3590592972662406
4 5 21 22 73.92046207164489 0.336207181758472
4 5 22 23 70.38323504160786 0.3155818300056618
4 5 23 24 66.92196264402534 0.2968207025063228
4 5 24 25 63.5679571821569 0.279656697316146
4 5 25 26 60.34074144163196 0.2638961094189434
4 5 26 27 57.25157292366512 0.249387577803733
4 5 27 28 54.30591816400937 0.2360009350559907
4 5 28 29 51.5051932485499 0.223618549055944
4 5 29 30 48.8480002041933 0.2121341143880608
4 5 30 31 46.33101588567676 0.2014536225287536
4 5 31 32 43.94963657362746 0.1914957102896369
4 5 32 33 41.69844666006104 0.1821907631565091
4 5 33 34 39.57155830595704 0.1734792023832894
4 5 34 35 37.56285562765474 0.1653095728388921
4 5 35 36 35.66616818560094 0.1576368478364613
4 5 36 37 33.87539232919294 0.150421118488208
4 5 37 38 32.18457430520785 0.1436266550846179
4 5 38 39 30.58796546519428 0.1372212579647367
4 5 39 40 29.08005720421709 0.1311757984837234
4 5 40 41 27.65560126958099 0.1254638742216199
4 5 41 42 26.30961951654099 0.1200615271564381
4 5 42 43 25.03740613255818 0.1149469976217171
4 5 43 44 23.83452456400295 0.1101005011601984
4 5 44 45 22.69680074171279 0.1055040233177073
4 5 45 46 21.61985569198807 0.1015395668624837
4 5 46 47 20.60054442346574 0.0996345874397209
4 5 47 48 19.6350046508529 0.09977395050465594
4 5 48 49 18.7200534150337 0.1015274852622973
4 5 49 50 17.85227130886106 0.1036606044853755
-5 5 0 50 -533252.2902551148 92.47925004310365
