#ylo yhi qTlo qThi PDF0  uncertainty
-5 -4 0 1 -999.8590544943169 2.886360853485497
-5 -4 1 2 -4417.718909815402 7.223549631210675
-5 -4 2 3 -2545.113994468662 5.395703916696333
-5 -4 3 4 -1397.160140499968 4.04404818291963
-5 -4 4 5 -770.5761492662139 3.017329144381965
-5 -4 5 6 -417.5938600404074 2.277808982038926
-5 -4 6 7 -212.2857384110357 1.779864032144599
-5 -4 7 8 -89.67622090388454 1.441324847840335
-5 -4 8 9 -15.05644678413023 1.202531887604805
-5 -4 9 10 30.76589611130316 1.025779642647964
-5 -4 10 11 58.75335009400135 0.8903686711121698
-5 -4 11 12 75.48232836695945 0.7851343425882036
-5 -4 12 13 84.97880031893646 0.7004982892848544
-5 -4 13 14 89.7577891375314 0.6302759766797806
-5 -4 14 15 91.43286870079015 0.5716327019267389
-5 -4 15 16 91.06912493593512 0.5225146233910741
-5 -4 16 17 89.38006933894786 0.4806218512038086
-5 -4 17 18 86.8456801771776 0.4440273363206561
-5 -4 18 19 83.79039656982741 0.411605468296669
-5 -4 19 20 80.43551898125583 0.3827737875279467
-5 -4 20 21 76.93318060276437 0.3570933388240303
-5 -4 21 22 73.38798758071121 0.3341078674549032
-5 -4 22 23 69.87119853159459 0.3133755059185777
-5 -4 23 24 66.43048464487768 0.2945317913570824
-5 -4 24 25 63.09686526211999 0.2773069841334496
-5 -4 25 26 59.88965772256063 0.2615042806874761
-5 -4 26 27 56.81997750908724 0.2469692829309243
-5 -4 27 28 53.89319546550763 0.2335691879682246
-5 -4 28 29 51.11066618825706 0.2211842101452202
-5 -4 29 30 48.47095566315782 0.2097062979665293
-5 -4 30 31 45.97072366465943 0.1990399920534663
-5 -4 31 32 43.60536344186134 0.1891026852052873
-5 -4 32 33 41.36946664086273 0.1798236747094229
-5 -4 33 34 39.2571600767326 0.1711424266779857
-5 -4 34 35 37.26234771507828 0.1630066529014053
-5 -4 35 36 35.37888248626851 0.1553706093138842
-5 -4 36 37 33.60068636781163 0.1481937759680125
-5 -4 37 38 31.9218325434928 0.1414399081006188
-5 -4 38 39 30.33659990442644 0.1350763741392955
-5 -4 39 40 28.83950746226432 0.1290736850766539
-5 -4 40 41 27.4253342724126 0.1234051376090754
-5 -4 41 42 26.08912891089482 0.1180465227941884
-5 -4 42 43 24.82621150003799 0.1129758719290999
-5 -4 43 44 23.6321704993846 0.1081732259193203
-5 -4 44 45 22.50285584339036 0.103620425033045
-5 -4 45 46 21.43391427742741 0.09969625368946791
-5 -4 46 47 20.42221928889867 0.09781736058015199
-5 -4 47 48 19.46393188166172 0.09796943544437842
-5 -4 48 49 18.5558885296736 0.09972603330813611
-5 -4 49 50 17.69469049900659 0.1018611772832883
-4 -3.75 0 1 -315.7367362835173 1.835616391209296
-4 -3.75 1 2 -4011.007554132035 28.12242366585448
-4 -3.75 2 3 -2800.359831189232 13.04084904168144
-4 -3.75 3 4 -1711.150259366679 7.611142602871574
-4 -3.75 4 5 -1047.645165807365 4.953621174356329
-4 -3.75 5 6 -645.0281727948736 3.436257720967804
-4 -3.75 6 7 -395.0956849531815 2.484047561731322
-4 -3.75 7 8 -235.9693824359895 1.847124615702898
-4 -3.75 8 9 -132.3635751940519 1.401002898679071
-4 -3.75 9 10 -63.68425822682218 1.077985412092605
-4 -3.75 10 11 -17.60875390471097 0.8380610349083941
-4 -3.75 11 12 13.50009117379921 0.6566529750017613
-4 -3.75 12 13 34.49347768006555 0.5179007126075941
-4 -3.75 13 14 48.53387984025619 0.4113038740863943
-4 -3.75 14 15 57.72950374340883 0.3297788369326192
-4 -3.75 15 16 63.51360165397136 0.2829355238272158
-4 -3.75 16 17 66.87734067005943 0.2604912422042306
-4 -3.75 17 18 68.5163337824888 0.2404057471133105
-4 -3.75 18 19 68.92495645390369 0.2223568868896323
-4 -3.75 19 20 68.45832000975236 0.2060762707706895
-4 -3.75 20 21 67.37376046907036 0.1913388741210111
-4 -3.75 21 22 65.85908572338775 0.1779548813350869
-4 -3.75 22 23 64.05210175681725 0.165763244345779
-4 -3.75 23 24 62.05429663348781 0.1681268310005417
-4 -3.75 24 25 59.94054959510032 0.1719814390641134
-4 -3.75 25 26 57.76609721215033 0.1756763793902479
-4 -3.75 26 27 55.57158215278741 0.178987337030655
-4 -3.75 27 28 53.38674571627104 0.1818090014952491
-4 -3.75 28 29 51.23315067284651 0.1841059431201724
-4 -3.75 29 30 49.12620384267305 0.1858825151512361
-4 -3.75 30 31 47.07666841631652 0.1871647156253478
-4 -3.75 31 32 45.09180134195537 0.1879893700243549
-4 -3.75 32 33 43.1762131060613 0.1883977494755333
-4 -3.75 33 34 41.33252053453519 0.1884318701870159
-4 -3.75 34 35 39.56184428730204 0.1881324123274055
-4 -3.75 35 36 37.86418913468647 0.187537616347677
-4 -3.75 36 37 36.23873529237483 0.1866827660773988
-4 -3.75 37 38 34.68406196085849 0.1856000200779255
-4 -3.75 38 39 33.19831895445846 0.1843184450020622
-4 -3.75 39 40 31.77935842654287 0.1828641613972391
-4 -3.75 40 41 30.42483586053663 0.1812605470740109
-4 -3.75 41 42 29.13228725942791 0.1795284646342127
-4 -3.75 42 43 27.89918790995414 0.177686493629357
-4 -3.75 43 44 26.72299685299809 0.1757511553707853
-4 -3.75 44 45 25.60119022474186 0.1737371248386139
-4 -3.75 45 46 24.53081720276106 0.1717132584063118
-4 -3.75 46 47 23.51025240425623 0.169886408976172
-4 -3.75 47 48 22.53668505347444 0.1682714650262102
-4 -3.75 48 49 21.60786048995647 0.16684929334199
-4 -3.75 49 50 20.72140895075813 0.1654522952423464
-3.75 -3.5 0 1 197.8129780849696 1.620980646701435
-3.75 -3.5 1 2 -4676.581699924447 24.76061754329232
-3.75 -3.5 2 3 -3697.334935936109 16.34142904198584
-3.75 -3.5 3 4 -2378.560685203609 11.55034886974469
-3.75 -3.5 4 5 -1520.516672438596 8.66160276532991
-3.75 -3.5 5 6 -979.5189493386711 6.769123509866906
-3.75 -3.5 6 7 -633.5480733122067 5.449981892932598
-3.75 -3.5 7 8 -407.3305859741276 4.487123850858275
-3.75 -3.5 8 9 -256.1646303301413 3.759000749626894
-3.75 -3.5 9 10 -153.220443395772 3.192986283304139
-3.75 -3.5 10 11 -82.0959426641914 2.742983406018466
-3.75 -3.5 11 12 -32.43282023817392 2.378578568823775
-3.75 -3.5 12 13 2.457103021798503 2.078909173281501
-3.75 -3.5 13 14 27.00035911309828 1.829232212153082
-3.75 -3.5 14 15 44.19059675556628 1.618858219900864
-3.75 -3.5 15 16 56.09180996883163 1.439864001053808
-3.75 -3.5 16 17 64.15148619728291 1.286263322113572
-3.75 -3.5 17 18 69.4000585460177 1.153456951860763
-3.75 -3.5 18 19 72.58072656128002 1.037858604292194
-3.75 -3.5 19 20 74.23565681202166 0.9366347793057196
-3.75 -3.5 20 21 74.76427075701315 0.847520196248706
-3.75 -3.5 21 22 74.46331549868904 0.7686845130791621
-3.75 -3.5 22 23 73.55482759560647 0.6986345328620235
-3.75 -3.5 23 24 72.2059156834539 0.6361414061816083
-3.75 -3.5 24 25 70.54292989669642 0.5801857252269009
-3.75 -3.5 25 26 68.66172581338105 0.5299156140241099
-3.75 -3.5 26 27 66.63517611795885 0.4846143855348594
-3.75 -3.5 27 28 64.51871967100942 0.4436753291024115
-3.75 -3.5 28 29 62.35449590922923 0.4065818720746914
-3.75 -3.5 29 30 60.1744492463186 0.372891835379974
-3.75 -3.5 30 31 58.00267667020194 0.3422248378112055
-3.75 -3.5 31 32 55.85721449721683 0.3142521438965857
-3.75 -3.5 32 33 53.75140622505469 0.2886884249848529
-3.75 -3.5 33 34 51.69495523121745 0.265285029119716
-3.75 -3.5 34 35 49.69473876988692 0.2438244504841869
-3.75 -3.5 35 36 47.75544004530857 0.2241157589456736
-3.75 -3.5 36 37 45.88004083044009 0.2059908032917309
-3.75 -3.5 37 38 44.07020663725174 0.1893010415076461
-3.75 -3.5 38 39 42.32658867683782 0.1739148834268789
-3.75 -3.5 39 40 40.64906108169257 0.1597154531337087
-3.75 -3.5 40 41 39.03690761578098 0.1465986987975995
-3.75 -3.5 41 42 37.48896872657681 0.1344717907898102
-3.75 -3.5 42 43 36.0037574426407 0.1232517612613682
-3.75 -3.5 43 44 34.57955069489456 0.1128643472800734
-3.75 -3.5 44 45 33.2144611772105 0.103243007255871
-3.75 -3.5 45 46 31.90586151487044 0.09447561625679282
-3.75 -3.5 46 47 30.65281992965362 0.0871018788318297
-3.75 -3.5 47 48 29.45261972998522 0.08125044916419798
-3.75 -3.5 48 49 28.30318251183277 0.07694016006745669
-3.75 -3.5 49 50 27.20223917378516 0.07363031467022597
-3.5 -3.25 0 1 866.1152953255048 0.4353215488793816
-3.5 -3.25 1 2 -4861.146176670725 18.52086375061706
-3.5 -3.25 2 3 -4346.877362634606 14.75611702743763
-3.5 -3.25 3 4 -2914.451866138037 11.15426805676264
-3.5 -3.25 4 5 -1923.153337612206 8.701318059980876
-3.5 -3.25 5 6 -1278.07882799286 6.993650511043605
-3.5 -3.25 6 7 -855.8601272204405 5.756468210859404
-3.5 -3.25 7 8 -574.2068603457406 4.828016945291043
-3.5 -3.25 8 9 -382.4194491981666 4.110615087756816
-3.5 -3.25 9 10 -249.3362943955819 3.543048142175966
-3.5 -3.25 10 11 -155.5627293637237 3.085032129618436
-3.5 -3.25 11 12 -88.66839040387686 2.709287507513037
-3.5 -3.25 12 13 -40.52343230761221 2.396694473835183
-3.5 -3.25 13 14 -5.684356439974863 2.133501104095112
-3.5 -3.25 14 15 19.57033023997337 1.909586295736292
-3.5 -3.25 15 16 37.83316380964823 1.717350454183156
-3.5 -3.25 16 17 50.9408153483098 1.550986129865109
-3.5 -3.25 17 18 60.21402888573903 1.405985943407331
-3.5 -3.25 18 19 66.61516723951502 1.278802904266252
-3.5 -3.25 19 20 70.8536731215446 1.166611080367178
-3.5 -3.25 20 21 73.4579270972522 1.067133849647018
-3.5 -3.25 21 22 74.82500903551272 0.9785185954006113
-3.5 -3.25 22 23 75.25567096195806 0.8992439080119519
-3.5 -3.25 23 24 74.97924995937603 0.8280499191683384
-3.5 -3.25 24 25 74.17163475742376 0.7638853487772309
-3.5 -3.25 25 26 72.96836941557791 0.7058667948647842
-3.5 -3.25 26 27 71.47430929560278 0.6532471068183907
-3.5 -3.25 27 28 69.77080390656425 0.6053905768603803
-3.5 -3.25 28 29 67.92108655750519 0.5617533056040233
-3.5 -3.25 29 30 65.97435071526934 0.5218675330572815
-3.5 -3.25 30 31 63.96885569711725 0.4853290376106366
-3.5 -3.25 31 32 61.93430873695087 0.4517869290441034
-3.5 -3.25 32 33 59.89370329841572 0.4209353251690061
-3.5 -3.25 33 34 57.86474578075371 0.3925065211579811
-3.5 -3.25 34 35 55.86096850444378 0.3662653513751506
-3.5 -3.25 35 36 53.89260205584102 0.3420045087454162
-3.5 -3.25 36 37 51.9672619382784 0.3195406393190243
-3.5 -3.25 37 38 50.09049115831303 0.2987110670702298
-3.5 -3.25 38 39 48.26619045586344 0.2793710344045369
-3.5 -3.25 39 40 46.49696046381226 0.2613913672509402
-3.5 -3.25 40 41 44.78437461538826 0.2446564905068662
-3.5 -3.25 41 42 43.12919723664621 0.2290627350412207
-3.5 -3.25 42 43 41.53155821192226 0.2145168875792723
-3.5 -3.25 43 44 39.99109306655836 0.2009349444948928
-3.5 -3.25 44 45 38.50705541303211 0.1882410368650355
-3.5 -3.25 45 46 37.07764635506012 0.1764670018154325
-3.5 -3.25 46 47 35.70300014461598 0.1659402494816627
-3.5 -3.25 47 48 34.38093760080686 0.1566954983025179
-3.5 -3.25 48 49 33.10993627908452 0.1487068302771425
-3.5 -3.25 49 50 31.88819132205428 0.1415905725896971
-3.25 -3 0 1 1582.123524519729 1.193916158869123
-3.25 -3 1 2 -4694.232941969687 9.173247716691687
-3.25 -3 2 3 -4763.208814473485 9.604194546397961
-3.25 -3 3 4 -3309.192456178273 7.810993194513002
-3.25 -3 4 5 -2239.970733491608 6.337450305491331
-3.25 -3 5 6 -1524.31645760899 5.230973521423608
-3.25 -3 6 7 -1046.60488767009 4.393576899752277
-3.25 -3 7 8 -722.6912284360037 3.746262795459604
-3.25 -3 8 9 -498.8246542127349 3.234840840612022
-3.25 -3 9 10 -341.2335438360567 2.823105806629106
-3.25 -3 10 11 -228.5615939860272 2.485965225879074
-3.25 -3 11 12 -146.9451200752605 2.205925784836164
-3.25 -3 12 13 -87.21794514119711 1.970404615237966
-3.25 -3 13 14 -43.18342659647442 1.77016887375419
-3.25 -3 14 15 -10.56773986241774 1.598310577142408
-3.25 -3 15 16 13.63116886648254 1.449570024250212
-3.25 -3 16 17 31.55708394209967 1.319879275008931
-3.25 -3 17 18 44.76365706270713 1.206047588881158
-3.25 -3 18 19 54.39177490205964 1.10554042503636
-3.25 -3 19 20 61.28909241418876 1.016321377621076
-3.25 -3 20 21 66.09199152061728 0.9367372605070601
-3.25 -3 21 22 69.28267454579691 0.8654333030627713
-3.25 -3 22 23 71.22951840779581 0.8012897044254568
-3.25 -3 23 24 72.21597938864261 0.7433735663925221
-3.25 -3 24 25 72.46155103225999 0.690902054303083
-3.25 -3 25 26 72.13713088358031 0.6432138607220603
-3.25 -3 26 27 71.37640403514905 0.599746881779083
-3.25 -3 27 28 70.2843559453683 0.5600205939297992
-3.25 -3 28 29 68.94369410809378 0.5236220221983975
-3.25 -3 29 30 67.41973118194625 0.4901944808010634
-3.25 -3 30 31 65.76412577231827 0.4594284701088782
-3.25 -3 31 32 64.01776771240355 0.4310542674459914
-3.25 -3 32 33 62.21301754860508 0.404835856680527
-3.25 -3 33 34 60.37545491426221 0.3805659249456999
-3.25 -3 34 35 58.52525083808865 0.3580617149968329
-3.25 -3 35 36 56.67825021906867 0.3371615689064873
-3.25 -3 36 37 54.84682956671486 0.3177220326768568
-3.25 -3 37 38 53.04057952752825 0.2996154193688269
-3.25 -3 38 39 51.2668500670118 0.2827277490763548
-3.25 -3 39 40 49.53118743955116 0.2669569994272357
-3.25 -3 40 41 47.83768560272529 0.2522116142843779
-3.25 -3 41 42 46.18926954168455 0.238409227224934
-3.25 -3 42 43 44.58792433908687 0.2254755650613804
-3.25 -3 43 44 43.03488077254201 0.2133435027328475
-3.25 -3 44 45 41.53076596147679 0.2019522454297683
-3.25 -3 45 46 40.07487165520308 0.1913547828069746
-3.25 -3 46 47 38.66854744454685 0.1819139130951078
-3.25 -3 47 48 37.31039996858527 0.1736674282758027
-3.25 -3 48 49 35.99966658042061 0.1665857142480725
-3.25 -3 49 50 34.73520626114478 0.1602607556859084
-3 -2.75 0 1 2271.339653819097 1.644061139320414
-3 -2.75 1 2 -4342.642423059619 4.376461335175099
-3 -2.75 2 3 -5013.191441841297 5.869545163202995
-3 -2.75 3 4 -3589.431818986986 5.009327354696289
-3 -2.75 4 5 -2479.477399257967 4.163316017797492
-3 -2.75 5 6 -1718.219045991398 3.490941976344369
-3 -2.75 6 7 -1201.740560573101 2.966521053957921
-3 -2.75 7 8 -846.9182893867992 2.553132489313064
-3 -2.75 8 9 -598.8083972217364 2.22170177634918
-3 -2.75 9 10 -422.2092225272345 1.951919665402316
-3 -2.75 10 11 -294.5530026237961 1.728946180628721
-3 -2.75 11 12 -201.0329235213026 1.542285047552836
-3 -2.75 12 13 -131.7712948810058 1.384230936783996
-3 -2.75 13 14 -80.03812483601246 1.249050141477502
-3 -2.75 14 15 -41.15878817871044 1.132403640490404
-3 -2.75 15 16 -11.82800170159908 1.03095612646454
-3 -2.75 16 17 10.32939853784728 0.9421068861096313
-3 -2.75 17 18 27.04524129578294 0.8638014332900482
-3 -2.75 18 19 39.59888118231311 0.7943974653615201
-3 -2.75 19 20 48.94653643640254 0.7325679589604487
-3 -2.75 20 21 55.8104224618636 0.6772300697282622
-3 -2.75 21 22 60.74114060656882 0.6274922414646416
-3 -2.75 22 23 64.16197610363338 0.5826143559621904
-3 -2.75 23 24 66.40076690052456 0.5419773509935577
-3 -2.75 24 25 67.71310932665722 0.5050598024469749
-3 -2.75 25 26 68.29944416232706 0.4714196901267769
-3 -2.75 26 27 68.31776616640809 0.4406800655833704
-3 -2.75 27 28 67.89316752102366 0.4125176876547242
-3 -2.75 28 29 67.12506648801264 0.3866539377566401
-3 -2.75 29 30 66.09272681196694 0.3628475016803575
-3 -2.75 30 31 64.85950347351746 0.3408884325648167
-3 -2.75 31 32 63.47613121319631 0.3205933017198348
-3 -2.75 32 33 61.98328789744659 0.301801213706828
-3 -2.75 33 34 60.41360446101777 0.2843705117513283
-3 -2.75 34 35 58.79324955410902 0.2681760388845958
-3 -2.75 35 36 57.14318523699228 0.253106849424811
-3 -2.75 36 37 55.48016667880103 0.2390642869319384
-3 -2.75 37 38 53.81754153852188 0.2259603625821212
-3 -2.75 38 39 52.16589173296873 0.2137163808740716
-3 -2.75 39 40 50.5335505552975 0.2022617702310447
-3 -2.75 40 41 48.92702085286865 0.1915330835378296
-3 -2.75 41 42 47.35131415498483 0.1814731413194692
-3 -2.75 42 43 45.81022655468757 0.1720302938649156
-3 -2.75 43 44 44.30656369471691 0.1631577842570822
-3 -2.75 44 45 42.84232466449734 0.1548131960047496
-3 -2.75 45 46 41.41793174886462 0.1471159432326813
-3 -2.75 46 47 40.03591915999914 0.14063232311076
-3 -2.75 47 48 38.69574079576248 0.135444639461436
-3 -2.75 48 49 37.39743496015157 0.1315250623094696
-3 -2.75 49 50 36.14057045078806 0.1282930860387332
-2.75 -2.5 0 1 2907.825488562241 2.117419583504415
-2.75 -2.5 1 2 -3915.570042390138 1.101708920979169
-2.75 -2.5 2 3 -5159.634976065416 2.743607127416027
-2.75 -2.5 3 4 -3789.639797546275 2.621767875729898
-2.75 -2.5 4 5 -2660.402535096896 2.300250938633177
-2.75 -2.5 5 6 -1869.567390097076 1.998276865525756
-2.75 -2.5 6 7 -1325.825746351087 1.743434833492414
-2.75 -2.5 7 8 -948.3329631047554 1.5324496571929
-2.75 -2.5 8 9 -681.9347802637881 1.356995877920149
-2.75 -2.5 9 10 -490.6891280443324 1.210303877085485
-2.75 -2.5 10 11 -351.2839403503535 1.086269459977142
-2.75 -2.5 11 12 -248.2899904161779 0.980449953489098
-2.75 -2.5 12 13 -171.3387761878305 0.8893732969446413
-2.75 -2.5 13 14 -113.321135457222 0.8103524803012656
-2.75 -2.5 14 15 -69.27094163223796 0.7412897665535924
-2.75 -2.5 15 16 -35.65831131058485 0.6805307510647923
-2.75 -2.5 16 17 -9.934065557614758 0.6267570479203562
-2.75 -2.5 17 18 9.76939880533314 0.5789073894359198
-2.75 -2.5 18 19 24.83818008707271 0.5361192696772556
-2.75 -2.5 19 20 36.31306000971927 0.4976854075308297
-2.75 -2.5 20 21 44.98374587304193 0.4630209481825676
-2.75 -2.5 21 22 51.45508971497952 0.4316385056069893
-2.75 -2.5 22 23 56.19427802848566 0.4031289831172727
-2.75 -2.5 23 24 59.56490019151795 0.3771466938270304
-2.75 -2.5 24 25 61.8518401858978 0.3533977105008845
-2.75 -2.5 25 26 63.27966495116561 0.3316306656391285
-2.75 -2.5 26 27 64.02634726638269 0.3116294267656837
-2.75 -2.5 27 28 64.23360334775145 0.2932072196322991
-2.75 -2.5 28 29 64.01474810941812 0.2762018785428313
-2.75 -2.5 29 30 63.46071216235396 0.2604719822392329
-2.75 -2.5 30 31 62.64468513197033 0.2458936883695737
-2.75 -2.5 31 32 61.62572366029303 0.2323581261088995
-2.75 -2.5 32 33 60.45157290301358 0.2197692349992177
-2.75 -2.5 33 34 59.16088611462993 0.2080419641977747
-2.75 -2.5 34 35 57.78498038920151 0.197100764914124
-2.75 -2.5 35 36 56.34923263431517 0.1868783212244959
-2.75 -2.5 36 37 54.87419479279458 0.1773144772570968
-2.75 -2.5 37 38 53.37648874973434 0.1683553265284252
-2.75 -2.5 38 39 51.86952741138833 0.1599524353585006
-2.75 -2.5 39 40 50.36409791257512 0.1520621778779929
-2.75 -2.5 40 41 48.86883507416536 0.1446451653049977
-2.75 -2.5 41 42 47.39060691379248 0.1376657532422449
-2.75 -2.5 42 43 45.93482958982071 0.1310916159105401
-2.75 -2.5 43 44 44.50572537357024 0.1248933764041398
-2.75 -2.5 44 45 43.10653449399123 0.1190442846646491
-2.75 -2.5 45 46 41.73871841811396 0.1137462985443332
-2.75 -2.5 46 47 40.40587114373309 0.1098311950416461
-2.75 -2.5 47 48 39.10823892117082 0.1074151763434597
-2.75 -2.5 48 49 37.84660300163193 0.106436260047187
-2.75 -2.5 49 50 36.62119286175277 0.1060650688341003
-2.5 -2.25 0 1 3489.327637195687 1.579450920934658
-2.5 -2.25 1 2 -3479.072616334964 0.9541891635811933
-2.5 -2.25 2 3 -5251.186023176771 1.691076981118176
-2.5 -2.25 3 4 -3938.941754525279 1.558653531554454
-2.5 -2.25 4 5 -2799.899934632401 1.386566409634278
-2.5 -2.25 5 6 -1988.461388766353 1.244771488184085
-2.5 -2.25 6 7 -1424.722157890979 1.113629825709399
-2.5 -2.25 7 8 -1030.183008990576 0.9987268777161211
-2.5 -2.25 8 9 -749.8006839166314 0.8988685331803712
-2.5 -2.25 9 10 -547.2091132242776 0.8127833978571749
-2.5 -2.25 10 11 -398.6001975475961 0.7380182562198918
-2.5 -2.25 11 12 -288.1121388701845 0.6728336837351369
-2.5 -2.25 12 13 -205.0250293709414 0.6156915316825656
-2.5 -2.25 13 14 -141.9528487309506 0.5653246624130337
-2.5 -2.25 14 15 -93.7133356032673 0.5206954453702324
-2.5 -2.25 15 16 -56.60795109353921 0.4809536729675462
-2.5 -2.25 16 17 -27.9554206082787 0.445400087811075
-2.5 -2.25 17 18 -5.784090334922439 0.413456565312146
-2.5 -2.25 18 19 11.37463494708004 0.3846423164446138
-2.5 -2.25 19 20 24.62739022196411 0.3585550683414966
-2.5 -2.25 20 21 34.81680475772509 0.3348562091933238
-2.5 -2.25 21 22 42.59053764970974 0.3132590405719202
-2.5 -2.25 22 23 48.45061583294114 0.2935194506062982
-2.5 -2.25 23 24 52.78915173601376 0.2754284727327214
-2.5 -2.25 24 25 55.91450978271155 0.2588063147191892
-2.5 -2.25 25 26 58.07068692552423 0.243497541210517
-2.5 -2.25 26 27 59.45181302223818 0.2293671626816783
-2.5 -2.25 27 28 60.21310171303719 0.2162974428425695
-2.5 -2.25 28 29 60.47919249051506 0.2041852773811479
-2.5 -2.25 29 30 60.35055644305999 0.1929400298671511
-2.5 -2.25 30 31 59.90845178167365 0.1824817363162179
-2.5 -2.25 31 32 59.21878394228003 0.1727396065913323
-2.5 -2.25 32 33 58.33513169225341 0.163650769273787
-2.5 -2.25 33 34 57.30113358525364 0.1551592140964986
-2.5 -2.25 34 35 56.15238041962385 0.1472148982884398
-2.5 -2.25 35 36 54.91792372018068 0.1397729860951486
-2.5 -2.25 36 37 53.62148392038984 0.132793202007459
-2.5 -2.25 37 38 52.28242239246924 0.1262392756540099
-2.5 -2.25 38 39 50.9165267412975 0.120078465543512
-2.5 -2.25 39 40 49.53664767797039 0.1142811486143913
-2.5 -2.25 40 41 48.15321747838817 0.1088204642129053
-2.5 -2.25 41 42 46.77467335087377 0.1036720065404622
-2.5 -2.25 42 43 45.40780433362355 0.09881355557106712
-2.5 -2.25 43 44 44.0580363111543 0.09422484283009575
-2.5 -2.25 44 45 42.7296668210958 0.08988734632333044
-2.5 -2.25 45 46 41.42504598661506 0.08611238011718259
-2.5 -2.25 46 47 40.14867027499497 0.0841132443029204
-2.5 -2.25 47 48 38.90146824740378 0.08402479478440843
-2.5 -2.25 48 49 37.68486153927518 0.08624504847437048
-2.5 -2.25 49 50 36.49964841612072 0.09212057862521886
-2.25 -2 0 1 4017.610569199777 1.046168784085238
-2.25 -2 1 2 -3079.176800056882 0.8475616477207473
-2.25 -2 2 3 -5343.88692275806 1.651865206299161
-2.25 -2 3 4 -4081.915949825127 1.530616892501226
-2.25 -2 4 5 -2929.195378941683 1.350843694720989
-2.25 -2 5 6 -2095.302955078852 1.19158086248355
-2.25 -2 6 7 -1511.014700728477 1.057865601511023
-2.25 -2 7 8 -1099.629428424379 0.9453583144641168
-2.25 -2 8 9 -805.8551882826991 0.8505045813218968
-2.25 -2 9 10 -592.6860386271637 0.7690684176696412
-2.25 -2 10 11 -435.6959209898612 0.6988981789021624
-2.25 -2 11 12 -318.5257511341217 0.6378664337573167
-2.25 -2 12 13 -230.0722252451794 0.5843968064797472
-2.25 -2 13 14 -162.6586551477719 0.5372459445055286
-2.25 -2 14 15 -110.8826247757277 0.4954220172746356
-2.25 -2 15 16 -70.8779924507196 0.458125411602342
-2.25 -2 16 17 -39.8349002322293 0.4247051257437216
-2.25 -2 17 18 -15.68218825077952 0.3946263321232614
-2.25 -2 18 19 3.126422529297542 0.3674459617280195
-2.25 -2 19 20 17.75873260920071 0.3427941184918862
-2.25 -2 20 21 29.105919686015 0.3203597779817171
-2.25 -2 21 22 37.85446705439654 0.2998796793209071
-2.25 -2 22 23 44.53766610727075 0.281129610730929
-2.25 -2 23 24 49.57296840613799 0.2639175187002032
-2.25 -2 24 25 53.28939751219866 0.2480780128768978
-2.25 -2 25 26 55.94788662151848 0.2334679505891392
-2.25 -2 26 27 57.75652057716752 0.2199628636576826
-2.25 -2 27 28 58.88206586572994 0.2074540474633128
-2.25 -2 28 29 59.45876817950386 0.1958461734122375
-2.25 -2 29 30 59.59511883460971 0.1850553196984021
-2.25 -2 30 31 59.37909769876427 0.1750073375633539
-2.25 -2 31 32 58.88226365376323 0.1656364879176278
-2.25 -2 32 33 58.16296636000061 0.1568842989761722
-2.25 -2 33 34 57.26888311173883 0.1486986029024223
-2.25 -2 34 35 56.23903372434575 0.1410327211832581
-2.25 -2 35 36 55.10538912572235 0.1338447720305667
-2.25 -2 36 37 53.89416174860969 0.1270970785449274
-2.25 -2 37 38 52.6268453435477 0.1207556626543809
-2.25 -2 38 39 51.32105637433165 0.1147898084555528
-2.25 -2 39 40 49.99121748873387 0.109171687427086
-2.25 -2 40 41 48.64911482066424 0.1038760310010094
-2.25 -2 41 42 47.30435383169271 0.0988798490020534
-2.25 -2 42 43 45.9647334554376 0.09416218229890347
-2.25 -2 43 44 44.63655403161403 0.08970388708381473
-2.25 -2 44 45 43.32487144938699 0.08548744661373547
-2.25 -2 45 46 42.03265066091794 0.08215272341896619
-2.25 -2 46 47 40.76504456485787 0.08209053128790005
-2.25 -2 47 48 39.52343642531616 0.08536594417025879
-2.25 -2 48 49 38.30968211378516 0.09136085526524861
-2.25 -2 49 50 37.12495770151284 0.09770542332581393
-2 -1.75 0 1 4522.036876776337 1.081447269981339
-2 -1.75 1 2 -2676.228141179323 2.909041622012487
-2 -1.75 2 3 -5403.852462331137 2.843491898636458
-2 -1.75 3 4 -4202.401634183841 2.308472018108084
-2 -1.75 4 5 -3048.010285590175 1.889970785749577
-2 -1.75 5 6 -2200.175834014582 1.580448404895677
-2 -1.75 6 7 -1600.663548442369 1.347042741729448
-2 -1.75 7 8 -1175.534384094545 1.166043362756787
-2 -1.75 8 9 -870.0464114086735 1.022245845741079
-2 -1.75 9 10 -647.0928784070779 0.9052507865752046
-2 -1.75 10 11 -481.9798000865781 0.8085886343025044
-2 -1.75 11 12 -358.066202108708 0.7273095784905077
-2 -1.75 12 13 -263.9981182476888 0.6581197197830919
-2 -1.75 13 14 -191.890193426352 0.59856860561825
-2 -1.75 14 15 -136.1705597243899 0.546826690450223
-2 -1.75 15 16 -92.83683922454316 0.5015003382444111
-2 -1.75 16 17 -58.96990542463436 0.4615089829586443
-2 -1.75 17 18 -32.41082602183565 0.4260015802584398
-2 -1.75 18 19 -11.54256464972968 0.3942984992527257
-2 -1.75 19 20 4.859983145176557 0.3658502687378515
-2 -1.75 20 21 17.73463958247658 0.3402077349125789
-2 -1.75 21 22 27.80605452449663 0.3170001020044839
-2 -1.75 22 23 35.63891121134952 0.2959185230775526
-2 -1.75 23 24 41.67661155812925 0.2767036636551865
-2 -1.75 24 25 46.26973578748209 0.2591361572925448
-2 -1.75 25 26 49.69720747744645 0.2430291934634801
-2 -1.75 26 27 52.1821923275852 0.228222700853611
-2 -1.75 27 28 53.9041521993737 0.2145787380829541
-2 -1.75 28 29 55.00806303598324 0.2019778077963707
-2 -1.75 29 30 55.6115201960115 0.1903158849981425
-2 -1.75 30 31 55.81025600505745 0.1795020027158771
-2 -1.75 31 32 55.68245381119863 0.1694562761753117
-2 -1.75 32 33 55.2921426339982 0.1601082757152678
-2 -1.75 33 34 54.69188426869761 0.151395677444346
-2 -1.75 34 35 53.92491212663259 0.1432631386863624
-2 -1.75 35 36 53.02684250249803 0.1356613559206
-2 -1.75 36 37 52.02705034171356 0.1285462697592099
-2 -1.75 37 38 50.94978030381736 0.1218783927848667
-2 -1.75 38 39 49.81504783416074 0.1156222386014348
-2 -1.75 39 40 48.63937277875885 0.1097458319625651
-2 -1.75 40 41 47.43637896629781 0.1042202915470221
-2 -1.75 41 42 46.2172858003143 0.0990194684880351
-2 -1.75 42 43 44.99131273207564 0.09411963540454257
-2 -1.75 43 44 43.76601299213121 0.08949921619660325
-2 -1.75 44 45 42.54754974141065 0.08513855140266754
-2 -1.75 45 46 41.33983896514087 0.08141868071298031
-2 -1.75 46 47 40.14895771617964 0.0816445475912984
-2 -1.75 47 48 38.97703311789482 0.08537767971208125
-2 -1.75 48 49 37.82660885756448 0.09197413369154946
-2 -1.75 49 50 36.69946864972118 0.09893494685521383
-1.75 -1.5 0 1 4989.834500260549 0.9963200353242964
-1.75 -1.5 1 2 -2281.240740786232 0.8443637243904701
-1.75 -1.5 2 3 -5432.778245795431 1.759252306072488
-1.75 -1.5 3 4 -4277.144611523567 1.69905388878883
-1.75 -1.5 4 5 -3116.458903746246 1.514542280599402
-1.75 -1.5 5 6 -2255.637019011111 1.329044463280749
-1.75 -1.5 6 7 -1644.32220913382 1.166510718959128
-1.75 -1.5 7 8 -1209.717387006842 1.028961511995595
-1.75 -1.5 8 9 -896.9091549439527 0.9132063890105653
-1.75 -1.5 9 10 -668.3042143424159 0.81727164714122
-1.75 -1.5 10 11 -498.7745113262049 0.7341911038484072
-1.75 -1.5 11 12 -371.4215489378082 0.6637207023688507
-1.75 -1.5 12 13 -274.6440580224601 0.6029494386129944
-1.75 -1.5 13 14 -200.3866842824636 0.5501283205900603
-1.75 -1.5 14 15 -142.9513024483772 0.5038831114538089
-1.75 -1.5 15 16 -98.24088213343339 0.4631267569008352
-1.75 -1.5 16 17 -63.26457611121805 0.4269918745729716
-1.75 -1.5 17 18 -35.80852309490388 0.394779898678297
-1.75 -1.5 18 19 -14.21319019152179 0.3659229924793918
-1.75 -1.5 19 20 2.779712317616486 0.3399554609024039
-1.75 -1.5 20 21 16.13413991016864 0.3164921542845779
-1.75 -1.5 21 22 26.59547843334497 0.2952120268220889
-1.75 -1.5 22 23 34.7449761891653 0.2758455009612684
-1.75 -1.5 23 24 41.03934842279489 0.2581646709885619
-1.75 -1.5 24 25 45.83993326545033 0.2419756400293163
-1.75 -1.5 25 26 49.43438944292541 0.2271124723690564
-1.75 -1.5 26 27 52.05300618650824 0.2134323820289825
-1.75 -1.5 27 28 53.8810772424024 0.2008118745097257
-1.75 -1.5 28 29 55.06836966575077 0.189143630384614
-1.75 -1.5 29 30 55.73642720592568 0.1783339694280312
-1.75 -1.5 30 31 55.98424517869205 0.1683007748306506
-1.75 -1.5 31 32 55.89271020520312 0.1589717825463425
-1.75 -1.5 32 33 55.528095790431 0.1502831633548432
-1.75 -1.5 33 34 54.9448308685229 0.142178342423701
-1.75 -1.5 34 35 54.18770464964939 0.1346070082005851
-1.75 -1.5 35 36 53.2936316007515 0.1275242809124451
-1.75 -1.5 36 37 52.29307108910984 0.1208900071991132
-1.75 -1.5 37 38 51.21117441280575 0.1146681619865343
-1.75 -1.5 38 39 50.06871545065394 0.1088263378119411
-1.75 -1.5 39 40 48.88284867621496 0.1033353086574635
-1.75 -1.5 40 41 47.66772892715744 0.09816865273498576
-1.75 -1.5 41 42 46.43501973764518 0.09330243011704395
-1.75 -1.5 42 43 45.19431173758818 0.08871490092397873
-1.75 -1.5 43 44 43.9534679882147 0.08438628252820277
-1.75 -1.5 44 45 42.71890982845764 0.08029853707072857
-1.75 -1.5 45 46 41.49472722785904 0.07715370860675999
-1.75 -1.5 46 47 40.28725413154888 0.07757701624897262
-1.75 -1.5 47 48 39.09872377992428 0.08165783682449808
-1.75 -1.5 48 49 37.93180061016463 0.08873909385939804
-1.75 -1.5 49 50 36.78837466391366 0.09622215740526774
-1.5 -1.25 0 1 5434.162277872554 3.139846500365792
-1.5 -1.25 1 2 -1890.571125807905 3.741979654432259
-1.5 -1.25 2 3 -5455.065530945358 1.690707584648135
-1.5 -1.25 3 4 -4357.557624261835 1.626302596188938
-1.5 -1.25 4 5 -3198.885007708141 1.452540699181971
-1.5 -1.25 5 6 -2328.871137318104 1.282826287239764
-1.5 -1.25 6 7 -1706.912260288162 1.134961041613052
-1.5 -1.25 7 8 -1262.622219900514 1.009216056094709
-1.5 -1.25 8 9 -941.5522898072941 0.9034738644507704
-1.5 -1.25 9 10 -706.1267585041392 0.8121758159503134
-1.5 -1.25 10 11 -530.900710586086 0.7349867478272085
-1.5 -1.25 11 12 -398.8492548246513 0.6680708548041988
-1.5 -1.25 12 13 -298.1699017821543 0.6098742746986185
-1.5 -1.25 13 14 -220.6576999463246 0.5589036390408314
-1.5 -1.25 14 15 -160.4938910129517 0.5139714272565056
-1.5 -1.25 15 16 -113.4849536880004 0.4741269831573168
-1.5 -1.25 16 17 -76.56293378675832 0.4386030778234419
-1.5 -1.25 17 18 -47.45219422074683 0.4067752294238732
-1.5 -1.25 18 19 -24.4434958083184 0.3781308488482074
-1.5 -1.25 19 20 -6.23834992793536 0.3522457778569784
-1.5 -1.25 20 21 8.15988394379383 0.3287663355404156
-1.5 -1.25 21 22 19.52331062994267 0.3073954861228924
-1.5 -1.25 22 23 28.45513518501718 0.2878820846848315
-1.5 -1.25 23 24 35.43020731863737 0.2700124542332104
-1.5 -1.25 24 25 40.82491485705305 0.2551646189530095
-1.5 -1.25 25 26 44.93946329206346 0.2422182878956805
-1.5 -1.25 26 27 48.01464729261045 0.2301637183872629
-1.5 -1.25 27 28 50.2445929679667 0.2189212992244548
-1.5 -1.25 28 29 51.78652204751165 0.208420082469658
-1.5 -1.25 29 30 52.76829344195573 0.1985967046842009
-1.5 -1.25 30 31 53.29427112943051 0.1893944514005293
-1.5 -1.25 31 32 53.44992105462916 0.1807624479458145
-1.5 -1.25 32 33 53.30543525724011 0.1726549578594168
-1.5 -1.25 33 34 52.91860601881422 0.1650307753287339
-1.5 -1.25 34 35 52.33711781547919 0.1578526979464605
-1.5 -1.25 35 36 51.60038443008364 0.1510870677082003
-1.5 -1.25 36 37 50.74102854783985 0.1447033729165822
-1.5 -1.25 37 38 49.78607879442637 0.1386738991064218
-1.5 -1.25 38 39 48.75794223842405 0.1329734250905399
-1.5 -1.25 39 40 47.6751975482801 0.127578956603623
-1.5 -1.25 40 41 46.55324436286941 0.1224694918665788
-1.5 -1.25 41 42 45.40483662849567 0.1176258162186668
-1.5 -1.25 42 43 44.24052218662695 0.1130303205233505
-1.5 -1.25 43 44 43.06900610834003 0.1086668411574903
-1.5 -1.25 44 45 41.89745187563028 0.1045205178487783
-1.5 -1.25 45 46 40.73057684821799 0.1009236276739753
-1.5 -1.25 46 47 39.57533980007838 0.09915883302699814
-1.5 -1.25 47 48 38.43446061849377 0.09940647446191643
-1.5 -1.25 48 49 37.31106020118088 0.101569364579724
-1.5 -1.25 49 50 36.20742219489387 0.1043937083848534
-1.25 -1 0 1 5810.419877323661 1.593347141847223
-1.25 -1 1 2 -1576.532264378592 0.7139408054625118
-1.25 -1 2 3 -5490.294948406088 2.082316754661722
-1.25 -1 3 4 -4435.364193781177 1.985860685326223
-1.25 -1 4 5 -3272.755723699632 1.751157600201935
-1.25 -1 5 6 -2391.083752840058 1.531728749281905
-1.25 -1 6 7 -1757.643935925636 1.346342470318109
-1.25 -1 7 8 -1303.656931639311 1.192350457335009
-1.25 -1 8 9 -974.7434823050498 1.063434994077819
-1.25 -1 9 10 -733.049674050505 0.9557547722445776
-1.25 -1 10 11 -552.8247120006736 0.8635855288435674
-1.25 -1 11 12 -416.7628136527514 0.7846317544646375
-1.25 -1 12 13 -312.8501603098098 0.7162418916514133
-1.25 -1 13 14 -232.7157019868207 0.6565233035497982
-1.25 -1 14 15 -170.4129748544151 0.6039988256672235
-1.25 -1 15 16 -121.6500849998545 0.557502272835746
-1.25 -1 16 17 -83.28287687858074 0.5161024108416726
-1.25 -1 17 18 -52.97626389785341 0.4790475038662784
-1.25 -1 18 19 -28.97427212649791 0.4457245403009656
-1.25 -1 19 20 -9.941395053152974 0.4156289342674337
-1.25 -1 20 21 5.14854181399528 0.388341755003963
-1.25 -1 21 22 17.0913667309635 0.3635124193887782
-1.25 -1 22 23 26.50946127322788 0.3408453915611337
-1.25 -1 23 24 33.89326676919586 0.3200898564991642
-1.25 -1 24 25 39.63191620890927 0.3010316234891192
-1.25 -1 25 26 44.03608518335102 0.2834867200863453
-1.25 -1 26 27 47.35520892102898 0.2672962806461189
-1.25 -1 27 28 49.79057444752232 0.2523224345061859
-1.25 -1 28 29 51.50536142438807 0.238444974235188
-1.25 -1 29 30 52.63240384570486 0.2255586368269501
-1.25 -1 30 31 53.28023411435584 0.2135708697182943
-1.25 -1 31 32 53.53782173636716 0.2023999859605555
-1.25 -1 32 33 53.47831214200687 0.1919736287009792
-1.25 -1 33 34 53.16199405118385 0.1822274893789704
-1.25 -1 34 35 52.63866752359468 0.1731042298784579
-1.25 -1 35 36 51.94954345625678 0.164552573141418
-1.25 -1 36 37 51.12877451892967 0.156526531513
-1.25 -1 37 38 50.20469460184415 0.1489847495976772
-1.25 -1 38 39 49.20082647133512 0.1418899426679782
-1.25 -1 39 40 48.13670416053532 0.1352084134546183
-1.25 -1 40 41 47.02854672943511 0.1289096368404175
-1.25 -1 41 42 45.8898120059759 0.1229658997634803
-1.25 -1 42 43 44.73165329881095 0.1173519896258731
-1.25 -1 43 44 43.56329713609733 0.1120449221524911
-1.25 -1 44 45 42.39235659918779 0.1070237041779339
-1.25 -1 45 46 41.2239089290801 0.1026485380172327
-1.25 -1 46 47 40.06530528889897 0.1003418085425137
-1.25 -1 47 48 38.91952701774642 0.1003250243293014
-1.25 -1 48 49 37.78994519285754 0.102486010695873
-1.25 -1 49 50 36.67906271553991 0.109375529835722
-1 -0.75 0 1 6138.217294960387 2.335814729405151
-1 -0.75 1 2 -1276.892337424847 2.132084662024085
-1 -0.75 2 3 -5489.296462542407 1.561565823501062
-1 -0.75 3 4 -4475.320488557737 1.518962025995184
-1 -0.75 4 5 -3314.116940879981 1.362820260797675
-1 -0.75 5 6 -2426.670025257977 1.211934553521099
-1 -0.75 6 7 -1786.874075255685 1.081708512878111
-1 -0.75 7 8 -1327.373868793273 0.9712633113998634
-1 -0.75 8 9 -993.9612690352292 0.8771086329757932
-1 -0.75 9 10 -748.6626141627003 0.7959742194681398
-1 -0.75 10 11 -565.5617977018601 0.7262154881516334
-1 -0.75 11 12 -427.1935996150814 0.6651665288440629
-1 -0.75 12 13 -321.4239649350768 0.61151485272491
-1 -0.75 13 14 -239.7863510069942 0.5640571213406684
-1 -0.75 14 15 -176.2606007803683 0.5218322346197884
-1 -0.75 15 16 -126.4978979637754 0.4840646087622421
-1 -0.75 16 17 -87.30989112945917 0.4501221484857114
-1 -0.75 17 18 -56.32694226058152 0.4194849242125888
-1 -0.75 18 19 -31.76586620162198 0.3917216009312498
-1 -0.75 19 20 -12.26956992774103 0.3664715102187315
-1 -0.75 20 21 3.205363655925566 0.3434308670905538
-1 -0.75 21 22 15.46862377684283 0.3223420716789405
-1 -0.75 22 23 25.15380001616074 0.3029853184360091
-1 -0.75 23 24 32.76044513445959 0.2851719624185964
-1 -0.75 24 25 38.6851354004134 0.2687392264674524
-1 -0.75 25 26 43.24465406880677 0.2535459489834606
-1 -0.75 26 27 46.69346849857845 0.239469138005788
-1 -0.75 27 28 49.23702716360708 0.226401163437636
-1 -0.75 28 29 51.04196290454706 0.2142474514064433
-1 -0.75 29 30 52.24398416482575 0.2029245803001373
-1 -0.75 30 31 52.95402296780196 0.1923586998206253
-1 -0.75 31 32 53.26305737185578 0.1824842098342238
-1 -0.75 32 33 53.24591814074529 0.1732426513959107
-1 -0.75 33 34 52.96431130572796 0.1645817717708992
-1 -0.75 34 35 52.46923130562476 0.1564547305017427
-1 -0.75 35 36 51.8028974559744 0.1488194252920091
-1 -0.75 36 37 51.00031530763607 0.1416379142997596
-1 -0.75 37 38 50.09054120987156 0.1348759213460234
-1 -0.75 38 39 49.09771076735802 0.128502408834511
-1 -0.75 39 40 48.04187850638505 0.1224892095419845
-1 -0.75 40 41 46.93970602560319 0.116810706534252
-1 -0.75 41 42 45.80502775147613 0.1114435547962985
-1 -0.75 42 43 44.64931771193562 0.1063664384027081
-1 -0.75 43 44 43.48207571615342 0.1015598581512256
-1 -0.75 44 45 42.31114778757956 0.09700594462498374
-1 -0.75 45 46 41.14178510656956 0.09349411915772142
-1 -0.75 46 47 39.98155351530824 0.09397584174099781
-1 -0.75 47 48 38.83355389050612 0.09856215103542462
-1 -0.75 48 49 37.70127994520567 0.1065212189825293
-1 -0.75 49 50 36.58733241972371 0.1149435227449622
-0.75 -0.5 0 1 6395.863913044019 3.350180177763181
-0.75 -0.5 1 2 -1044.069293485068 2.876859777867449
-0.75 -0.5 2 3 -5494.87481715114 1.566796804841594
-0.75 -0.5 3 4 -4515.147907812092 1.534445515320214
-0.75 -0.5 4 5 -3355.675712866261 1.379074006613477
-0.75 -0.5 5 6 -2463.493685160819 1.225965384092219
-0.75 -0.5 6 7 -1818.137452679661 1.092848605897111
-0.75 -0.5 7 8 -1353.61015751889 0.9795452518650346
-0.75 -0.5 8 9 -1015.955312074404 0.8952459865715057
-0.75 -0.5 9 10 -767.1543282112875 0.8268173705282509
-0.75 -0.5 10 11 -581.1803673503778 0.7639068430312143
-0.75 -0.5 11 12 -440.4490048362863 0.7071701935720554
-0.75 -0.5 12 13 -332.7288977068556 0.6559534457839883
-0.75 -0.5 13 14 -249.4734720322733 0.6097146268892946
-0.75 -0.5 14 15 -184.5988519687482 0.5679092820975706
-0.75 -0.5 15 16 -133.7057517016272 0.5300313217052434
-0.75 -0.5 16 17 -93.56579664525293 0.4956267860728387
-0.75 -0.5 17 18 -61.77747748616207 0.4642955867142499
-0.75 -0.5 18 19 -36.53209025192677 0.4356881519111794
-0.75 -0.5 19 20 -16.45198803322637 0.4095002003544108
-0.75 -0.5 20 21 -0.4770999671036407 0.3854671325625115
-0.75 -0.5 21 22 12.21583491127399 0.363358698589614
-0.75 -0.5 22 23 22.27152707409368 0.3429742001037344
-0.75 -0.5 23 24 30.19868908944716 0.3241382972831927
-0.75 -0.5 24 25 36.40147840177235 0.3066973993145084
-0.75 -0.5 25 26 41.20298141716728 0.2905165859650651
-0.75 -0.5 26 27 44.86292841727538 0.275476992037601
-0.75 -0.5 27 28 47.59117984702584 0.2614735891664201
-0.75 -0.5 28 29 49.55808110805469 0.2484133057227664
-0.75 -0.5 29 30 50.90247580038931 0.2362134295920214
-0.75 -0.5 30 31 51.73795243302095 0.2248002514810701
-0.75 -0.5 31 32 52.1577471742047 0.2141079071768958
-0.75 -0.5 32 33 52.23861611748293 0.2040773897870019
-0.75 -0.5 33 34 52.04391166382356 0.1946557025443525
-0.75 -0.5 34 35 51.62603999752406 0.1857951312100823
-0.75 -0.5 35 36 51.02843421889213 0.1774526178692978
-0.75 -0.5 36 37 50.2871461291125 0.1695892188501194
-0.75 -0.5 37 38 49.43213613320052 0.162169635952484
-0.75 -0.5 38 39 48.48832286718147 0.1551618088452389
-0.75 -0.5 39 40 47.47644060537453 0.1485365597870374
-0.75 -0.5 40 41 46.41374232761501 0.1422672839018183
-0.75 -0.5 41 42 45.31457804448496 0.1363296772202687
-0.75 -0.5 42 43 44.19087220007771 0.1307014986681411
-0.75 -0.5 43 44 43.05251885830353 0.1253623597431784
-0.75 -0.5 44 45 41.90770978979208 0.1202935399658889
-0.75 -0.5 45 46 40.76198310848184 0.1158571448996195
-0.75 -0.5 46 47 39.62320084030853 0.113470351545448
-0.75 -0.5 47 48 38.49468324558154 0.1133492503838389
-0.75 -0.5 48 49 37.38013249448423 0.1153919813121017
-0.75 -0.5 49 50 36.28233202954655 0.1182155405015869
-0.5 -0.25 0 1 6569.42287288826 3.454480152460525
-0.5 -0.25 1 2 -891.0120386840845 2.512523219191252
-0.5 -0.25 2 3 -5502.639930251064 1.544799042025659
-0.5 -0.25 3 4 -4545.034868045168 1.531137699953779
-0.5 -0.25 4 5 -3385.771100730159 1.421942108884175
-0.5 -0.25 5 6 -2489.622370438235 1.341813409894127
-0.5 -0.25 6 7 -1839.934759628517 1.237955704610226
-0.5 -0.25 7 8 -1371.592047859169 1.134414447355436
-0.5 -0.25 8 9 -1030.76863922935 1.038621184797756
-0.5 -0.25 9 10 -779.3838395224725 0.9524612563288921
-0.5 -0.25 10 11 -591.3147414340224 0.8750573528667356
-0.5 -0.25 11 12 -448.8775669711777 0.8062132470109581
-0.5 -0.25 12 13 -339.7636054629347 0.7447897229871472
-0.5 -0.25 13 14 -255.3634726758844 0.689857104064967
-0.5 -0.25 14 15 -189.543928951294 0.6405785560096094
-0.5 -0.25 15 16 -137.8669879658346 0.5962239896509233
-0.5 -0.25 16 17 -97.07384664752749 0.5561653735125995
-0.5 -0.25 17 18 -64.73894354213257 0.5198655935043786
-0.5 -0.25 18 19 -39.03444254844089 0.4868659440926742
-0.5 -0.25 19 20 -18.56737830081101 0.4567742912789133
-0.5 -0.25 20 21 -2.265336039411068 0.4292546188845253
-0.5 -0.25 21 22 10.70495305107715 0.4040180976144869
-0.5 -0.25 22 23 20.99635989623494 0.380815580746322
-0.5 -0.25 23 24 29.12428664278673 0.3594313520112615
-0.5 -0.25 24 25 35.49840167979994 0.3396779336968431
-0.5 -0.25 25 26 40.44635219068186 0.3213917782209881
-0.5 -0.25 26 27 44.23165893570103 0.3044296894781539
-0.5 -0.25 27 28 47.06734509131354 0.2886658426811049
-0.5 -0.25 28 29 49.12640472966916 0.2739892967751511
-0.5 -0.25 29 30 50.54990725464381 0.2603019100083215
-0.5 -0.25 30 31 51.45331766691038 0.2475165880455563
-0.5 -0.25 31 32 51.93145893906217 0.2355558054104773
-0.5 -0.25 32 33 52.06243284307436 0.2243503541732064
-0.5 -0.25 33 34 51.9107360594071 0.2138382796928179
-0.5 -0.25 34 35 51.52975028356468 0.2039639732989599
-0.5 -0.25 35 36 50.96374226507072 0.1946773957121209
-0.5 -0.25 36 37 50.24947785979714 0.1859334098500317
-0.5 -0.25 37 38 49.4175304231868 0.1776912060286936
-0.5 -0.25 38 39 48.49334583992413 0.1699138050530354
-0.5 -0.25 39 40 47.49811280363497 0.1625676273966001
-0.5 -0.25 40 41 46.44947667214223 0.1556221182903766
-0.5 -0.25 41 42 45.36212685672109 0.1490494210885222
-0.5 -0.25 42 43 44.24828186637944 0.1428240910316278
-0.5 -0.25 43 44 43.1180909474549 0.1369228450540677
-0.5 -0.25 44 45 41.97996763698251 0.1313243405796752
-0.5 -0.25 45 46 40.83963142331453 0.126364926265495
-0.5 -0.25 46 47 39.70513516827867 0.1233753847065993
-0.5 -0.25 47 48 38.57993425249686 0.1225738079253106
-0.5 -0.25 48 49 37.46785887685951 0.1238929572089979
-0.5 -0.25 49 50 36.37180487877816 0.1260391625731486
-0.25 0 0 1 6658.269772638764 3.67909323507842
-0.25 0 1 2 -810.6283855478059 3.19750951042603
-0.25 0 2 3 -5503.792902416662 1.56280022123663
-0.25 0 3 4 -4557.109647457851 1.54037718761445
-0.25 0 4 5 -3397.839227264594 1.388256296003437
-0.25 0 5 6 -2499.751555957961 1.236404884278398
-0.25 0 6 7 -1848.041488715658 1.111171902019847
-0.25 0 7 8 -1377.979492119709 1.030587300532611
-0.25 0 8 9 -1035.772954547441 0.9520256010244582
-0.25 0 9 10 -783.2931646386901 0.8791722167652459
-0.25 0 10 11 -594.3617232638626 0.8122640150750443
-0.25 0 11 12 -451.2416460617619 0.7518687119951709
-0.25 0 12 13 -341.5851644954537 0.6973522269205077
-0.25 0 13 14 -256.7521779538997 0.6481434237587287
-0.25 0 14 15 -190.5859673157113 0.6036641291281551
-0.25 0 15 16 -138.6305539666801 0.5633749903376556
-0.25 0 16 17 -97.61325858511373 0.5267913303884718
-0.25 0 17 18 -65.0977329794232 0.4934855974103818
-0.25 0 18 19 -39.24768708307124 0.4630840733335331
-0.25 0 19 20 -18.66347757743119 0.4352614288604414
-0.25 0 20 21 -2.267376208671294 0.409734789266063
-0.25 0 21 22 10.77814151525331 0.3862580554857352
-0.25 0 22 23 21.12937501482656 0.364616777250438
-0.25 0 23 24 29.30450292481146 0.3446236636000642
-0.25 0 24 25 35.7154524529368 0.3261147153322541
-0.25 0 25 26 40.69171589796645 0.3089459236874804
-0.25 0 26 27 44.4983265737751 0.2929904651724945
-0.25 0 27 28 47.34955147038931 0.2781363229822628
-0.25 0 28 29 49.41941028413135 0.2642842698775238
-0.25 0 29 30 50.84982014970581 0.2513461568643115
-0.25 0 30 31 51.75694820719673 0.2392434575921856
-0.25 0 31 32 52.23620000883989 0.2279060287508892
-0.25 0 32 33 52.36616141858769 0.2172710511976257
-0.25 0 33 34 52.2117318540096 0.2072821230502089
-0.25 0 34 35 51.82662837238576 0.1978884807394211
-0.25 0 35 36 51.25539715980494 0.189044328622084
-0.25 0 36 37 50.53503698816769 0.1807082593816993
-0.25 0 37 38 49.69631535855939 0.1728427525360589
-0.25 0 38 39 48.76483993221251 0.1654137387165922
-0.25 0 39 40 47.76193411391944 0.1583902202918261
-0.25 0 40 41 46.70535530743842 0.1517439398613861
-0.25 0 41 42 45.60988596824262 0.1454490905143464
-0.25 0 42 43 44.48782169979808 0.1394820610336694
-0.25 0 43 44 43.34937544350453 0.1338212124339342
-0.25 0 44 45 42.20301316451929 0.1284466798658228
-0.25 0 45 46 41.05449040750597 0.1237085413935248
-0.25 0 46 47 39.91190868400133 0.1209835326674763
-0.25 0 47 48 38.77874459043858 0.120491188933785
-0.25 0 48 49 37.65885076224805 0.1221516433840526
-0.25 0 49 50 36.5551402095715 0.1246252935550999
0 0.25 0 1 6657.763548855043 3.679090043503062
0 0.25 1 2 -811.5731312594698 3.197484818037037
0 0.25 2 3 -5504.407415570046 1.562722194182567
0 0.25 3 4 -4557.285930756103 1.540312451630783
0 0.25 4 5 -3397.769507927887 1.388221683838098
0 0.25 5 6 -2499.583207744771 1.236402348049607
0 0.25 6 7 -1847.847917841833 1.111193654786621
0 0.25 7 8 -1377.793427039296 1.030623408983283
0 0.25 8 9 -1035.60650189509 0.952067412398208
0 0.25 9 10 -783.1488039655351 0.8792127671953439
0 0.25 10 11 -594.2385501364311 0.812304130676514
0 0.25 11 12 -451.1364376403717 0.7519055858887279
0 0.25 12 13 -341.4947301826492 0.6973853741208785
0 0.25 13 14 -256.6736373577144 0.6481728344773507
0 0.25 14 15 -190.5169250332322 0.6036900327733783
0 0.25 15 16 -138.5691088500316 0.5633977187664421
0 0.25 16 17 -97.55794476423421 0.526811242725408
0 0.25 17 18 -65.04744035435033 0.4935030415214261
0 0.25 18 19 -39.20158331054949 0.4630993681258832
0 0.25 19 20 -18.62094044394985 0.4352748580996294
0 0.25 20 21 -2.227938806072416 0.4097466010731363
0 0.25 21 22 10.81483337358054 0.3862684645760622
0 0.25 22 23 21.16359487553586 0.3646259686586733
0 0.25 23 24 29.33646729085456 0.3446317962465979
0 0.25 24 25 35.74533779206365 0.3261219256376889
0 0.25 25 26 40.71967067524724 0.3089523288822407
0 0.25 26 27 44.52447961401299 0.2929961660824129
0 0.25 27 28 47.3740176616036 0.2781414065395936
0 0.25 28 29 49.44229439140963 0.2642888112000431
0 0.25 29 30 50.87121930919409 0.251350220857417
0 0.25 30 31 51.77695351718398 0.2392471005708706
0 0.25 31 32 52.25489751567466 0.2279092997899052
0 0.25 32 33 52.38363271027822 0.2172739929699456
0 0.25 33 34 52.22805440526747 0.2072847727922529
0 0.25 34 35 51.8418757443909 0.1978908710355181
0 0.25 35 36 51.26963911777506 0.1890464879930265
0 0.25 36 37 50.5483395820479 0.1807102129876023
0 0.25 37 38 49.70874099072017 0.1728445223705065
0 0.25 38 39 48.77644743072648 0.1654153442662705
0 0.25 39 40 47.77277881552686 0.1583916785860071
0 0.25 40 41 46.71548915626738 0.1517452661171515
0 0.25 41 42 45.61935762795531 0.1454502981786038
0 0.25 42 43 44.4966766803696 0.1394831619361676
0 0.25 43 44 43.35765623650286 0.1338222171770709
0 0.25 44 45 42.21075938835196 0.1284475978011291
0 0.25 45 46 41.06173891554056 0.1237093929906604
0 0.25 46 47 39.91869382577056 0.1209843807981672
0 0.25 47 48 38.7850982440566 0.1204920951608376
0 0.25 48 49 37.66480253720903 0.1221526569067512
0 0.25 49 50 36.56071755993608 0.1246264178123929
0.25 0.5 0 1 6567.979259214917 3.454472258191657
0.25 0.5 1 2 -893.7013702564041 2.512454617480201
0.25 0.5 2 3 -5504.381943367473 1.544645066629702
0.25 0.5 3 4 -4545.52955365585 1.531028247151056
0.25 0.5 4 5 -3385.571044097628 1.421897930033025
0.25 0.5 5 6 -2489.146844830329 1.341823698773686
0.25 0.5 6 7 -1839.390696915008 1.238000054312486
0.25 0.5 7 8 -1371.070807802979 1.134478820489841
0.25 0.5 8 9 -1030.303430118867 1.038692265226625
0.25 0.5 9 10 -778.9809479387413 0.9525266184552751
0.25 0.5 10 11 -590.9711890557533 0.8751233037271982
0.25 0.5 11 12 -448.5839829011866 0.8062739438271713
0.25 0.5 12 13 -339.5108676213476 0.7448445685698416
0.25 0.5 13 14 -255.1434332182937 0.6899061413350818
0.25 0.5 14 15 -189.3498721219753 0.6406221493586435
0.25 0.5 15 16 -137.6936299109459 0.5962626395367721
0.25 0.5 16 17 -96.91715024759878 0.5561996144459525
0.25 0.5 17 18 -64.59588130356224 0.5198959415569288
0.25 0.5 18 19 -38.90276823322006 0.4868928729108223
0.25 0.5 19 20 -18.44543116242994 0.4567982236096196
0.25 0.5 20 21 -2.151883504018542 0.4292759262091
0.25 0.5 21 22 10.81083659456522 0.404037103472623
0.25 0.5 22 23 21.09538364929108 0.3808325658504342
0.25 0.5 23 24 29.21700938955598 0.3594465597228094
0.25 0.5 24 25 35.58527883941554 0.3396915747676596
0.25 0.5 25 26 40.52776867572061 0.3214040356490506
0.25 0.5 26 27 44.30795161223512 0.3044407223486127
0.25 0.5 27 28 47.13881777782331 0.2886757896609214
0.25 0.5 28 29 49.19333794335978 0.2739982790557218
0.25 0.5 29 30 50.61256433858864 0.2603100336622924
0.25 0.5 30 31 51.51194847872159 0.24752394605572
0.25 0.5 31 32 51.98630194355758 0.2355624797560071
0.25 0.5 32 33 52.11371619812519 0.2243564169373279
0.25 0.5 33 34 51.95867809855451 0.213843794608819
0.25 0.5 34 35 51.57455966718743 0.2039689966677047
0.25 0.5 35 36 51.00561797669383 0.1946819774710049
0.25 0.5 36 37 50.28860915696089 0.1859375942734786
0.25 0.5 37 38 49.45409680848547 0.1776950323880976
0.25 0.5 38 39 48.52751708784672 0.1699173084210262
0.25 0.5 39 40 47.53004905592661 0.1625708388297179
0.25 0.5 40 41 46.47932860443223 0.1556250656162656
0.25 0.5 41 42 45.39003591264969 0.1490521291868397
0.25 0.5 42 43 44.27438054791395 0.1428265820948182
0.25 0.5 43 44 43.14250315191964 0.1369251388662381
0.25 0.5 44 45 42.00280902818048 0.1313264550260746
0.25 0.5 45 46 40.86100973455405 0.1263669095253826
0.25 0.5 46 47 39.72515086391786 0.1233773995324225
0.25 0.5 47 48 38.59868066856114 0.1225760186619119
0.25 0.5 48 49 37.48542277035318 0.1238955002977967
0.25 0.5 49 50 36.38826674335883 0.1260420507450931
0.5 0.75 0 1 6393.570570187744 3.350178899697632
0.5 0.75 1 2 -1048.32661676249 2.876833811072101
0.5 0.75 2 3 -5497.60419500008 1.566674106339516
0.5 0.75 3 4 -4515.891621684051 1.534323644428051
0.5 0.75 4 5 -3355.32842545802 1.379007291413529
0.5 0.75 5 6 -2462.724849098348 1.225956264999327
0.5 0.75 6 7 -1817.272433269664 1.092877035398236
0.5 0.75 7 8 -1352.789514484639 0.9795967858329218
0.5 0.75 8 9 -1015.228011062817 0.8953038121588739
0.5 0.75 9 10 -766.5277540725237 0.8268642185112819
0.5 0.75 10 11 -580.6482323489199 0.7639579075168355
0.5 0.75 11 12 -439.9955297071938 0.7072167366531632
0.5 0.75 12 13 -332.339166158652 0.6559951454104594
0.5 0.75 13 14 -249.1343866181792 0.609751638616131
0.5 0.75 14 15 -184.299742448314 0.5679419832241251
0.5 0.75 15 16 -133.4383015819787 0.530060173320146
0.5 0.75 16 17 -93.32370591375297 0.4956522596494699
0.5 0.75 17 18 -61.55606151882762 0.4643181270654221
0.5 0.75 18 19 -36.32790382902976 0.4357081601291142
0.5 0.75 19 20 -16.26250772510093 0.4095180283224209
0.5 0.75 20 21 -0.3004713511334103 0.3854830838082636
0.5 0.75 21 22 12.38099058774333 0.3633730316015586
0.5 0.75 22 23 22.42625642275425 0.3429871339780342
0.5 0.75 23 24 30.34381054574169 0.3241500166128193
0.5 0.75 24 25 36.53765587818452 0.3067080596764275
0.5 0.75 25 26 41.33077535675204 0.2905263185967533
0.5 0.75 26 27 44.98283037341309 0.2754859075759466
0.5 0.75 27 28 47.70363529665838 0.2614817816705011
0.5 0.75 28 29 49.66350402927048 0.2484208548635341
0.5 0.75 29 30 51.00125760752655 0.2362204038415407
0.5 0.75 30 31 51.83046714400245 0.2248067093647947
0.5 0.75 31 32 52.24435413707101 0.2141138995685189
0.5 0.75 32 33 52.31966122199015 0.2040829606889694
0.5 0.75 33 34 52.11972767128862 0.1946608904465296
0.5 0.75 34 35 51.69694640737708 0.1857999700374896
0.5 0.75 35 36 51.09473694496154 0.1774571374696261
0.5 0.75 36 37 50.34913715291452 0.1695934457304579
0.5 0.75 37 38 49.49009322983937 0.16217359373017
0.5 0.75 38 39 48.54250945270417 0.1551655187005738
0.5 0.75 39 40 47.52710572499456 0.1485400407844991
0.5 0.75 40 41 46.46112078098093 0.1422705531848531
0.5 0.75 41 42 45.3588906387613 0.1363327503974168
0.5 0.75 42 43 44.23232611172324 0.1307043897060112
0.5 0.75 43 44 43.09130808255713 0.125365081540646
0.5 0.75 44 45 41.94401565916706 0.1202961041934184
0.5 0.75 45 46 40.79597474314647 0.1158596112468964
0.5 0.75 46 47 39.65503604862107 0.1134729570106594
0.5 0.75 47 48 38.52450880552624 0.1133522415280274
0.5 0.75 48 49 37.40808495390789 0.1153955669762957
0.5 0.75 49 50 36.30853817371695 0.1182197372782036
0.75 1 0 1 6135.133979122435 2.335739289371669
0.75 1 1 2 -1282.611762816268 2.131600445132183
0.75 1 2 3 -5492.955734163381 1.56094332421442
0.75 1 3 4 -4476.309740016611 1.518925695292124
0.75 1 4 5 -3313.642038182771 1.363248689820629
0.75 1 5 6 -2425.630614266589 1.212571637702795
0.75 1 6 7 -1785.706667009142 1.082379781270858
0.75 1 7 8 -1326.266474104702 0.9716701143750952
0.75 1 8 9 -992.9807503931515 0.8778639999245141
0.75 1 9 10 -747.8176518179203 0.7964377941179756
0.75 1 10 11 -564.844278718861 0.7265902433870604
0.75 1 11 12 -426.5823573234479 0.6654730619058589
0.75 1 12 13 -320.8989519999134 0.6117639804737121
0.75 1 13 14 -239.3299468389046 0.56425874183145
0.75 1 14 15 -175.8584297863656 0.5219949449783291
0.75 1 15 16 -126.1387347979899 0.4841956770501201
0.75 1 16 17 -86.98521233036672 0.4502276205012358
0.75 1 17 18 -56.03039178345853 0.4195697753182829
0.75 1 18 19 -31.49275382115229 0.3917898924726188
0.75 1 19 20 -12.01644708200683 0.3665265373138664
0.75 1 20 21 3.441041827924664 0.3434752895490075
0.75 1 21 22 15.68875727305249 0.3223780278362278
0.75 1 22 23 25.35983645778379 0.3030145216390789
0.75 1 23 24 32.95351949995143 0.2851957813480336
0.75 1 24 25 38.86616930032596 0.2687587524974678
0.75 1 25 26 43.41442481715831 0.2535620503859753
0.75 1 26 27 46.8526561312425 0.2394825046376564
0.75 1 27 28 49.38624567507702 0.2264123429138614
0.75 1 28 29 51.1817804064583 0.2142568779306758
0.75 1 29 30 52.37493543236292 0.202932598196873
0.75 1 30 31 53.07661687348195 0.1923655818684545
0.75 1 31 32 53.37778098886645 0.1824901722254137
0.75 1 32 33 53.3532387555872 0.173247865786212
0.75 1 33 34 53.06467719282864 0.1645863740840802
0.75 1 34 35 52.56307183176693 0.1564588289384308
0.75 1 35 36 51.89062288416017 0.1488231060195772
0.75 1 36 37 51.0823165295696 0.1416412457862401
0.75 1 37 38 50.16718954259778 0.1348789584863183
0.75 1 38 39 49.16935788341078 0.1285051956288539
0.75 1 39 40 48.10885652597614 0.1224917814255593
0.75 1 40 41 47.00232777417716 0.1168130920993637
0.75 1 41 42 45.86358716941925 0.1114457772032072
0.75 1 42 43 44.70409039464295 0.1063685168000385
0.75 1 43 44 43.53331956107553 0.101561807981687
0.75 1 44 45 42.3591037235247 0.09700777893424163
0.75 1 45 46 41.18667771325374 0.09349590879874015
0.75 1 46 47 40.02359227649276 0.09397786913238129
0.75 1 47 48 38.87293355966708 0.09856468475240322
0.75 1 48 49 37.73818163736405 0.1065244534840234
0.75 1 49 50 36.62192424507185 0.1149474353701191
1 1.25 0 1 5806.638187863149 1.593597184949775
1 1.25 1 2 -1583.567549346147 0.7162539830275035
1 1.25 2 3 -5494.834222514681 2.082667155426397
1 1.25 3 4 -4436.632281173399 1.985540027413389
1 1.25 4 5 -3272.207794818878 1.750543931870001
1 1.25 5 6 -2389.819136397435 1.531103884370629
1 1.25 6 7 -1756.203873046893 1.345814086768291
1 1.25 7 8 -1302.279920130242 1.191931156703838
1 1.25 8 9 -973.5150995821277 1.063498327059258
1 1.25 9 10 -731.9885408523396 0.9551288262866453
1 1.25 10 11 -551.9201326802036 0.8634103092528194
1 1.25 11 12 -415.9908825163125 0.7845032175497022
1 1.25 12 13 -312.1867884586802 0.7161494328945611
1 1.25 13 14 -232.1393664685386 0.6564589226492286
1 1.25 14 15 -169.9059084998305 0.6039563692126648
1 1.25 15 16 -121.1982739430994 0.5574769126130568
1 1.25 16 17 -82.87557748093377 0.5160903030637563
1 1.25 17 18 -52.60538504165152 0.4790455645150569
1 1.25 18 19 -28.63378031881257 0.445730289643488
1 1.25 19 20 -9.626804144441394 0.4156403824213891
1 1.25 20 21 5.440581223257595 0.3883573132038731
1 1.25 21 22 17.36338425786948 0.3635308277457084
1 1.25 22 23 26.76340420037877 0.3408656597322304
1 1.25 23 24 34.13067372159981 0.3201112139738398
1 1.25 24 25 39.85404158937911 0.3010534779557528
1 1.25 25 26 44.24398662937131 0.2835086228777671
1 1.25 26 27 47.54980760034698 0.2673178980392008
1 1.25 27 28 49.97269579286001 0.2523435240128572
1 1.25 28 29 51.67576203730903 0.2384653653526809
1 1.25 29 30 52.79178880752397 0.2255782149868312
1 1.25 30 31 53.42926778173387 0.2135895641287996
1 1.25 31 32 53.6771342188938 0.2024177586950127
1 1.25 32 33 53.60850301153732 0.1919904670427332
1 1.25 33 34 53.2836343445897 0.1822433991968324
1 1.25 34 35 52.75230076318633 0.1731192305921772
1 1.25 35 36 52.05568616094888 0.1645666935035054
1 1.25 36 37 51.22791650752202 0.1565398068398893
1 1.25 37 38 50.29729927146479 0.1489972192993686
1 1.25 38 39 49.28733115227192 0.1419016482371802
1 1.25 39 40 48.21752059602812 0.1352193973873573
1 1.25 40 41 47.104061696266 0.1289199414028022
1 1.25 41 42 45.96038806812248 0.1229755666868663
1 1.25 42 43 44.79762967843459 0.1173610589885737
1 1.25 43 44 43.6249906787877 0.1120534326237
1 1.25 44 45 42.45006280855495 0.1070316923150292
1 1.25 45 46 41.2779027882512 0.1026561400346021
1 1.25 46 47 40.1158430633057 0.1003495220056798
1 1.25 47 48 38.96684660365116 0.1003333412447687
1 1.25 48 49 37.83426757840638 0.1024953106514318
1 1.25 49 50 36.7205928083151 0.1093854350490949
1.25 1.5 0 1 5430.064705962606 3.140038061188811
1.25 1.5 1 2 -1898.152657680243 3.74280842002658
1.25 1.5 2 3 -5459.890502339134 1.692373489864404
1.25 1.5 3 4 -4358.848225685841 1.626733000755956
1.25 1.5 4 5 -3198.254810554176 1.451997568909418
1.25 1.5 5 6 -2327.506283771705 1.281779164811208
1.25 1.5 6 7 -1705.382806486555 1.133755653850275
1.25 1.5 7 8 -1261.17299987638 1.008055042431119
1.25 1.5 8 9 -940.2670880744668 0.9018199008978965
1.25 1.5 9 10 -705.0209315947604 0.8119006063586565
1.25 1.5 10 11 -529.959847784874 0.7342493123935417
1.25 1.5 11 12 -398.0464809834807 0.667470842146898
1.25 1.5 12 13 -297.4789625495837 0.6093924137462883
1.25 1.5 13 14 -220.0556034037816 0.5585206393146549
1.25 1.5 14 15 -159.961947504429 0.5136697864701967
1.25 1.5 15 16 -113.008626374813 0.4738915769705516
1.25 1.5 16 17 -76.131232154175 0.4384211856268186
1.25 1.5 17 18 -47.05696051107611 0.4066363234456195
1.25 1.5 18 19 -24.07873943843606 0.3780263047668853
1.25 1.5 19 20 -5.899687252794138 0.3521685788172392
1.25 1.5 20 21 8.475674092572717 0.3287108011232424
1.25 1.5 21 22 19.81862580857114 0.3073570348774142
1.25 1.5 22 23 28.73180007063252 0.2878570337702417
1.25 1.5 23 24 35.68965467106295 0.2699978509146383
1.25 1.5 24 25 41.06831319740729 0.255158142424961
1.25 1.5 25 26 45.16780498374931 0.2422179807470325
1.25 1.5 26 27 48.22880785947689 0.2301680067597787
1.25 1.5 27 28 50.44536994754503 0.2189289527990432
1.25 1.5 28 29 51.97465958436158 0.2084301427156103
1.25 1.5 29 30 52.94449716576526 0.1986084277122145
1.25 1.5 30 31 53.45921658556836 0.1894072628544489
1.25 1.5 31 32 53.60425799928805 0.1807759070762485
1.25 1.5 32 33 53.44978941616102 0.1726687289378633
1.25 1.5 33 34 53.05357940108252 0.1650446052800164
1.25 1.5 34 35 52.46328829705487 0.1578663980319277
1.25 1.5 35 36 51.71830506991 0.151100499986781
1.25 1.5 36 37 50.8512269136142 0.1447164385032231
1.25 1.5 37 38 49.88905645603876 0.1386865295698411
1.25 1.5 38 39 48.85417450440934 0.1329855755562437
1.25 1.5 39 40 47.7651334695293 0.127590600057458
1.25 1.5 40 41 46.63730699386417 0.122480615114465
1.25 1.5 41 42 45.48342352173955 0.117636416327656
1.25 1.5 42 43 44.31400608312123 0.1130404020196463
1.25 1.5 43 44 43.13773578755257 0.1086764143273874
1.25 1.5 44 45 41.96175312556312 0.1045295970166829
1.25 1.5 45 46 40.79075332085569 0.1009323465549825
1.25 1.5 46 47 39.63167462831896 0.09916774701224919
1.25 1.5 47 48 38.48721698982257 0.09941614180994686
1.25 1.5 48 49 37.36048280989257 0.1015802198555903
1.25 1.5 49 50 36.25373810096093 0.1044057416264696
1.5 1.75 0 1 4985.440225714389 0.9979436006356256
1.5 1.75 1 2 -2289.359338454263 0.8538918649968416
1.5 1.75 2 3 -5437.919801437194 1.763103853117787
1.5 1.75 3 4 -4278.486809505763 1.699744162091373
1.5 1.75 4 5 -3115.745998410954 1.513108020196456
1.5 1.75 5 6 -2254.146296537265 1.326744303338196
1.5 1.75 6 7 -1642.664587025283 1.164085365787349
1.5 1.75 7 8 -1208.151683241065 1.026796005437164
1.5 1.75 8 9 -895.5088074256973 0.9114458902134055
1.5 1.75 9 10 -667.1358456436778 0.8154935483570892
1.5 1.75 10 11 -497.7666191061821 0.7329096295447637
1.5 1.75 11 12 -370.5633876158649 0.6626920523752277
1.5 1.75 12 13 -273.9069988327758 0.6021304645370165
1.5 1.75 13 14 -199.7457574701025 0.5494803649764595
1.5 1.75 14 15 -142.3862451884872 0.5033732861916301
1.5 1.75 15 16 -97.73593887330753 0.4627278183048825
1.5 1.75 16 17 -62.80782672604118 0.4266815847572029
1.5 1.75 17 18 -35.39110673800201 0.3945402607244242
1.5 1.75 18 19 -13.8285862643163 0.3657395175194125
1.5 1.75 19 20 3.136287444030131 0.3398165236254288
1.5 1.75 20 21 16.46621081972512 0.3163884487208798
1.5 1.75 21 22 26.90567494930929 0.2951361167448374
1.5 1.75 22 23 35.03530309881967 0.2757914523160271
1.5 1.75 23 24 41.31138045222451 0.2581277548515883
1.5 1.75 24 25 46.09495299579396 0.2419520921948336
1.5 1.75 25 26 49.67348281139141 0.2270993003517721
1.5 1.75 26 27 52.27712714584095 0.2134272102972889
1.5 1.75 27 28 54.09109043774993 0.2008128199762961
1.5 1.75 28 29 55.26507775408663 0.1891492029114774
1.5 1.75 29 30 55.92058767098968 0.178342992451315
1.5 1.75 30 31 56.15658013870279 0.1683123215032904
1.5 1.75 31 32 56.05391168642041 0.1589851249235065
1.5 1.75 32 33 55.6788281891466 0.1502977319768236
1.5 1.75 33 34 55.08573177156006 0.1421936933900751
1.5 1.75 34 35 54.31938479343597 0.1346227978268544
1.5 1.75 35 36 53.41667447059751 0.1275402446469381
1.5 1.75 36 37 52.40803246598341 0.1209059433710604
1.5 1.75 37 38 51.3185820466195 0.1146839183731643
1.5 1.75 38 39 50.1690689462605 0.1088418017017354
1.5 1.75 39 40 48.9766196292087 0.103350397807136
1.5 1.75 40 41 47.75536130232916 0.0981833092826899
1.5 1.75 41 42 46.51693047136399 0.09331661492058366
1.5 1.75 42 43 45.27089152998076 0.08872858960498005
1.5 1.75 43 44 44.02508224667037 0.08439946196546662
1.5 1.75 44 45 42.78589972900016 0.0803112030194508
1.5 1.75 45 46 41.55741064343331 0.07716595719176984
1.5 1.75 46 47 40.34592735120427 0.07758927981746123
1.5 1.75 47 48 39.15366213626231 0.08167053262779121
1.5 1.75 48 49 37.98326002043265 0.08875252231910637
1.5 1.75 49 50 36.83659253008491 0.09623628446649074
1.75 2 0 1 4517.630782173642 1.081672754203918
1.75 2 1 2 -2684.386575112064 2.909362468688252
1.75 2 2 3 -5409.067576820673 2.843569643142432
1.75 2 3 4 -4203.835748811507 2.308209088133603
1.75 2 4 5 -3047.377180253218 1.889564306542056
1.75 2 5 6 -2198.735095846644 1.580064576505899
1.75 2 6 7 -1599.026123194224 1.346708046760666
1.75 2 7 8 -1173.96698355264 1.165682698497726
1.75 2 8 9 -868.6475689374643 1.022363023938329
1.75 2 9 10 -645.8851990555399 0.9050491402942199
1.75 2 10 11 -480.946134902948 0.8085174367764464
1.75 2 11 12 -357.1815107583236 0.7272653375566445
1.75 2 12 13 -263.2351399551251 0.6580958988775886
1.75 2 13 14 -191.2246729214505 0.5985604750947288
1.75 2 14 15 -135.5825699058114 0.5468306751932271
1.75 2 15 16 -92.31074699845362 0.5015136267251838
1.75 2 16 17 -58.49379559255635 0.4615293053009832
1.75 2 17 18 -31.97577931484284 0.4260270816318091
1.75 2 18 19 -11.14196911913223 0.3943276621303564
1.75 2 19 20 5.23101828288236 0.365881859113627
1.75 2 20 21 18.07975212808435 0.3402407596969615
1.75 2 21 22 28.12798795072626 0.3170337730430555
1.75 2 22 23 35.93978108954911 0.2959522250467542
1.75 2 23 24 41.95809859566396 0.2767369259102294
1.75 2 24 25 46.53322262943959 0.2591686284387428
1.75 2 25 26 49.94387361428358 0.2430606195491047
1.75 2 26 27 52.41307850141072 0.2282529064172432
1.75 2 27 28 54.12020306135719 0.2146076102772554
1.75 2 28 29 55.21015460222975 0.2020052827021523
1.75 2 29 30 55.80047690976392 0.1903419368523944
1.75 2 30 31 55.98686086171938 0.1795266344000144
1.75 2 31 32 55.84745399671164 0.1694795123613963
1.75 2 32 33 55.44625237464084 0.1601301563122725
1.75 2 33 34 54.83578605068175 0.1514162533747767
1.75 2 34 35 54.0592570523587 0.1432824681204786
1.75 2 35 36 53.15225027699449 0.1356795011195304
1.75 2 36 37 52.14410919086134 0.1285632950901311
1.75 2 37 38 51.05904699987713 0.1218943633294909
1.75 2 38 39 49.91704791167518 0.1156372181270564
1.75 2 39 40 48.73460097577623 0.109759883006781
1.75 2 40 41 47.52529988643965 0.104233473987292
1.75 2 41 42 46.30033477351805 0.09903183966050075
1.75 2 42 43 45.06889684237586 0.09413124950829566
1.75 2 43 44 43.83851223590898 0.08951012459714756
1.75 2 44 45 42.61531828168023 0.08514880200434982
1.75 2 45 46 41.40320617689551 0.08142844471267598
1.75 2 46 47 40.20823023375866 0.08165422188335622
1.75 2 47 48 39.03249542636081 0.08538770143065844
1.75 2 48 49 37.87852502324606 0.09198482582894116
1.75 2 49 50 36.74808333253461 0.09894630544243185
2 2.25 0 1 4013.160746836598 1.046110865623757
2 2.25 1 2 -3087.381188511009 0.8470104175737778
2 2.25 2 3 -5349.052403244961 1.651477793733284
2 2.25 3 4 -4083.228475852711 1.5304501000547
2 2.25 4 5 -2928.432582730718 1.350962610568643
2 2.25 5 6 -2093.758536629661 1.191879217553135
2 2.25 6 7 -1509.305975347332 1.058231224947776
2 2.25 7 8 -1098.018411924947 0.9457307358915585
2 2.25 8 9 -804.4330866417149 0.8508388986673662
2 2.25 9 10 -591.4676645753152 0.7693639798983029
2 2.25 10 11 -434.6620678647369 0.6991507395227551
2 2.25 11 12 -317.6473946657425 0.6380794185932057
2 2.25 12 13 -229.3200505230827 0.5845752375177615
2 2.25 13 14 -162.0070076660284 0.5373950643379546
2 2.25 14 15 -110.3105961139927 0.4955466879594729
2 2.25 15 16 -70.36923645096795 0.4582298920400194
2 2.25 16 17 -39.37696636569626 0.4247930286370627
2 2.25 17 18 -15.26574562253131 0.3947006626871135
2 2.25 18 19 3.508306510766033 0.3675091882633599
2 2.25 19 20 18.11119906624663 0.342848251632272
2 2.25 20 21 29.43280042619381 0.3204064469167658
2 2.25 21 22 38.15865342400105 0.2999201998112444
2 2.25 22 23 44.82138340518986 0.2811650441109069
2 2.25 23 24 49.83797549916608 0.2639487209462127
2 2.25 24 25 53.53712921743841 0.248105674980678
2 2.25 25 26 56.17955340672927 0.2334926317266063
2 2.25 26 27 57.97317709082677 0.2199850175901314
2 2.25 27 28 59.08465712448151 0.2074740439452278
2 2.25 28 29 59.64816002342457 0.1958643149337922
2 2.25 29 30 59.77211751040124 0.1850718553060298
2 2.25 30 31 59.54446208340408 0.1750224732374263
2 2.25 31 32 59.03671261784143 0.1656503951628477
2 2.25 32 33 58.30718301946234 0.1568971213297339
2 2.25 33 34 57.403517172693 0.1487104617028193
2 2.25 34 35 56.36470272839892 0.141043719382237
2 2.25 35 36 55.22267912878738 0.1338549975259531
2 2.25 36 37 54.00362776849977 0.1271066071626967
2 2.25 37 38 52.72901177832699 0.1207645598718221
2 2.25 38 39 51.41641750440488 0.1147981315797602
2 2.25 39 40 50.08023811437556 0.1091794865559992
2 2.25 40 41 48.73223105113084 0.1038833502997671
2 2.25 41 42 47.3819740180366 0.09888672768746191
2 2.25 42 43 46.03723924764941 0.09416865508442596
2 2.25 43 44 44.70430153320484 0.08970998536156502
2 2.25 44 45 43.38819244476034 0.08549319821816202
2 2.25 45 46 42.09185363868704 0.08215824434548859
2 2.25 46 47 40.8204166364053 0.082096255869608
2 2.25 47 48 39.57524392639948 0.0853722839898412
2 2.25 48 49 38.35817223522002 0.09136810818923166
2 2.25 49 50 37.17035943333988 0.09771356263396387
2.25 2.5 0 1 3485.37546771406 1.579439171193486
2.25 2.5 1 2 -3486.272541235842 0.9540216928670116
2.25 2.5 2 3 -5255.587600052789 1.690917311383096
2.25 2.5 3 4 -3939.95808484004 1.558544277289008
2.25 2.5 4 5 -2799.174260992068 1.386556853662515
2.25 2.5 5 6 -1987.118227731903 1.24483067053878
2.25 2.5 6 7 -1423.27121958863 1.113718293324389
2.25 2.5 7 8 -1028.83061904404 0.9986003723638623
2.25 2.5 8 9 -748.6149719167838 0.8991809064872909
2.25 2.5 9 10 -546.1956484221378 0.812859891645894
2.25 2.5 10 11 -397.7399959581328 0.7380850710637938
2.25 2.5 11 12 -287.3792876803814 0.6728918099136884
2.25 2.5 12 13 -204.3943720285529 0.615742264652388
2.25 2.5 13 14 -141.4028790097216 0.5653692495481
2.25 2.5 14 15 -93.22684434868688 0.5207349682471705
2.25 2.5 15 16 -56.1717084774034 0.4809890256210529
2.25 2.5 16 17 -27.55951707979762 0.4454319909325498
2.25 2.5 17 18 -5.421226412727492 0.4134855915595287
2.25 2.5 18 19 11.70978701591753 0.3846689172253063
2.25 2.5 19 20 24.93871210984958 0.358579598006414
2.25 2.5 20 21 35.10714261203793 0.334878946061887
2.25 2.5 21 22 42.86201118222777 0.3132802040684438
2.25 2.5 22 23 48.70484447663773 0.2935392151888794
2.25 2.5 23 24 53.02741613040416 0.2754469785825321
2.25 2.5 24 25 56.13786447252096 0.2588236764093094
2.25 2.5 25 26 58.28003719457024 0.2435138538344132
2.25 2.5 26 27 59.64796594257552 0.2293825067708549
2.25 2.5 27 28 60.39679903894967 0.2163118879739414
2.25 2.5 28 29 60.65113104449108 0.2041988848764974
2.25 2.5 29 30 60.51140008812638 0.192952854493443
2.25 2.5 30 31 60.05883789843966 0.1824938276478324
2.25 2.5 31 32 59.35932645191713 0.1727510102683472
2.25 2.5 32 33 58.46642202446913 0.1636615274001083
2.25 2.5 33 34 57.42374052937032 0.1551693660573797
2.25 2.5 34 35 56.26684946924706 0.1472244806237486
2.25 2.5 35 36 55.02477629134603 0.1397820334217786
2.25 2.5 36 37 53.72121666746494 0.1328017464813191
2.25 2.5 37 38 52.37550674129932 0.1262473477382497
2.25 2.5 38 39 51.00340868899798 0.1200860937700273
2.25 2.5 39 40 49.61774786470374 0.1142883598209945
2.25 2.5 40 41 48.22893151682831 0.1088272836552064
2.25 2.5 41 42 46.84537237525674 0.1036784577894267
2.25 2.5 42 43 45.47383573415431 0.09881966079077967
2.25 2.5 43 44 44.11972461355714 0.09423062281731702
2.25 2.5 44 45 42.78731467318195 0.08989282055187228
2.25 2.5 45 46 41.47893507110155 0.08611766544069699
2.25 2.5 46 47 40.19906273358725 0.08411881300861281
2.25 2.5 47 48 38.9486074414169 0.08403112770780521
2.25 2.5 48 49 37.72897340720755 0.08625248718354085
2.25 2.5 49 50 36.54094229967603 0.0921288371133982
2.5 2.75 0 1 2904.289590355806 2.117423946474752
2.5 2.75 1 2 -3921.985695227664 1.101713197718049
2.5 2.75 2 3 -5163.512407091436 2.743547187806121
2.5 2.75 3 4 -3790.488048910905 2.621671098737394
2.5 2.75 4 5 -2659.71179740934 2.300175804967454
2.5 2.75 5 6 -1868.341993526542 1.998240216620044
2.5 2.75 6 7 -1324.515357762336 1.743427570626798
2.5 2.75 7 8 -947.1178963229418 1.532456310113136
2.5 2.75 8 9 -680.872195370152 1.357014823826235
2.5 2.75 9 10 -489.7835082407009 1.210324701328648
2.5 2.75 10 11 -350.5170790512798 1.086291396298179
2.5 2.75 11 12 -247.6382182758271 0.9804718194628451
2.5 2.75 12 13 -170.7793066265797 0.8893945735944035
2.5 2.75 13 14 -112.8345530110569 0.8103729676562383
2.5 2.75 14 15 -68.84172531363038 0.7413094078519317
2.5 2.75 15 16 -35.27452206117096 0.6805495477980389
2.5 2.75 16 17 -9.58674377130319 0.6267750213913021
2.5 2.75 17 18 10.08687322502988 0.5789245646346155
2.5 2.75 18 19 25.13065932149391 0.5361356697410969
2.5 2.75 19 20 36.58409746811992 0.497701052880662
2.5 2.75 20 21 45.23596202116266 0.4630358570613573
2.5 2.75 21 22 51.69044738220487 0.4316526953327293
2.5 2.75 22 23 56.41428399218933 0.4031424713062187
2.5 2.75 23 24 59.77074939390911 0.3771594989428046
2.5 2.75 24 25 62.0445167182512 0.3534098523592482
2.5 2.75 25 26 63.46001126204874 0.3316421656535257
2.5 2.75 26 27 64.19511050738583 0.311640307840572
2.5 2.75 27 28 64.3914655926211 0.2932175057581604
2.5 2.75 28 29 64.16234542867915 0.2762115950122393
2.5 2.75 29 30 63.59864616595513 0.2604811547240434
2.5 2.75 30 31 62.7735295550209 0.2459023431350538
2.5 2.75 31 32 61.74602779724972 0.2323662893478237
2.5 2.75 32 33 60.56386313001633 0.219776932646113
2.5 2.75 33 34 59.26566633572395 0.2080492218772561
2.5 2.75 34 35 57.882731950422 0.1971076074244885
2.5 2.75 35 36 56.44041405425725 0.1868847726169722
2.5 2.75 36 37 54.95924151025758 0.1773205607146046
2.5 2.75 37 38 53.45581300672978 0.1683610641717812
2.5 2.75 38 39 51.94351831958573 0.1599578482174326
2.5 2.75 39 40 50.43312171869601 0.1520672859196089
2.5 2.75 40 41 48.93323561186651 0.1446499873031306
2.5 2.75 41 42 47.45070622145582 0.1376703070805861
2.5 2.75 42 43 45.99092866388014 0.1310959182443568
2.5 2.75 43 44 44.55810502732538 0.1248974427847286
2.5 2.75 44 45 43.15545629360267 0.1190481297735989
2.5 2.75 45 46 41.78442553427809 0.1137500081123753
2.5 2.75 46 47 40.44858965065669 0.1098351176988227
2.5 2.75 47 48 39.14817849167591 0.1074196833764357
2.5 2.75 48 49 37.88395812621556 0.1064416820634627
2.5 2.75 49 50 36.65614358698829 0.1060714632364802
2.75 3 0 1 2268.305029900626 1.644071198243529
2.75 3 1 2 -4348.094479760603 4.376482896380065
2.75 3 2 3 -5016.394072321409 5.869537123813027
2.75 3 3 4 -3590.037887226192 5.009282808093322
2.75 3 4 5 -2478.809671305438 4.163265347841728
2.75 3 5 6 -1717.134821802189 3.490902841038302
2.75 3 6 7 -1200.609757382374 2.966494852663218
2.75 3 7 8 -845.8834380782428 2.553114163882503
2.75 3 8 9 -597.9111433836492 2.221692138748224
2.75 3 9 10 -421.4493975552155 1.951913501369405
2.75 3 10 11 -293.9129042819366 1.728943170760439
2.75 3 11 12 -200.4912887851478 1.542284371554332
2.75 3 12 13 -131.3081983316649 1.384232042120686
2.75 3 13 14 -79.63681312343829 1.249052628245169
2.75 3 14 15 -40.805967837548 1.132407200397429
2.75 3 15 16 -11.51349001214498 1.030960511577495
2.75 3 16 17 10.61322730748566 0.9421118924539187
2.75 3 17 18 27.3040187313178 0.8638068914958633
2.75 3 18 19 39.8367377048578 0.7944032347377926
2.75 3 19 20 49.1665015599981 0.7325739231171636
2.75 3 20 21 56.01473487099565 0.6772361331154617
2.75 3 21 22 60.93148058750057 0.6274983264887944
2.75 3 22 23 64.33963537761008 0.5826204004091736
2.75 3 23 24 66.56677005674385 0.5419833057691552
2.75 3 24 25 67.86829893354991 0.5050656295948667
2.75 3 25 26 68.44453924810205 0.4714253610398125
2.75 3 26 27 68.45340156542051 0.4406855594235185
2.75 3 27 28 68.01991972421871 0.4125229900722824
2.75 3 28 29 67.24347015587136 0.3866590396534128
2.75 3 29 30 66.20328495932512 0.3628523981960194
2.75 3 30 31 64.96269347208005 0.3408931222311179
2.75 3 31 32 63.57240811170993 0.3205977857428013
2.75 3 32 33 62.07308609465315 0.3018054953609234
2.75 3 33 34 60.49733842872706 0.2843745958771324
2.75 3 34 35 58.87131406733994 0.2681799313877282
2.75 3 35 36 57.21595540285125 0.2531105571269517
2.75 3 36 37 55.54799794088825 0.2390678170990572
2.75 3 37 38 53.8807697538316 0.2259637227827951
2.75 3 38 39 52.22483337108238 0.2137195788694608
2.75 3 39 40 50.5885030335229 0.202264813758963
2.75 3 40 41 48.97826300402693 0.1915359802079699
2.75 3 41 42 47.39910681123496 0.1814758986305603
2.75 3 42 43 45.85481322874296 0.1720329190343788
2.75 3 43 44 44.34817133373542 0.1631602841831697
2.75 3 44 45 42.8811644567669 0.1548155774011597
2.75 3 45 46 41.45419986071599 0.1471182596983446
2.75 3 46 47 40.06979779124291 0.1406348037923958
2.75 3 47 48 38.72739880312909 0.1354475384609148
2.75 3 48 49 37.42702885886865 0.1315286222898963
2.75 3 49 50 36.1682450221663 0.1282973744638873
3 3.25 0 1 1579.609465033942 1.193920534612915
3 3.25 1 2 -4698.685680630084 9.173253148616094
3 3.25 2 3 -4765.713194437348 9.604188456522724
3 3.25 3 4 -3309.548102996498 7.810968113338115
3 3.25 4 5 -2239.325794862737 6.337423278551106
3 3.25 5 6 -1523.37651684941 5.230954401366273
3 3.25 6 7 -1045.658062600135 4.393565849434594
3 3.25 7 8 -721.8413874569001 3.746256287840828
3 3.25 8 9 -498.0975582309015 3.234839152534104
3 3.25 9 10 -340.6242209127829 2.82310567584457
3 3.25 10 11 -228.0527989937079 2.485966456306072
3 3.25 11 12 -146.5179837043472 2.205927906455877
3 3.25 12 13 -86.85540088557673 1.970407335778385
3 3.25 13 14 -42.87138155197681 1.77017199971971
3 3.25 14 15 -10.29512463043147 1.598313972454283
3 3.25 15 16 13.872785399647 1.449573588922413
3 3.25 16 17 31.77399837121084 1.319882933632825
3 3.25 17 18 44.96051605200944 1.206051283838999
3 3.25 18 19 54.57198880040517 1.105544112174404
3 3.25 19 20 61.45516628414873 1.016325023224732
3 3.25 20 21 66.24577944417661 0.9367408389931006
3 3.25 21 22 69.42556937429038 0.8654367954043566
3 3.25 22 23 71.36259015922428 0.8012930967065455
3 3.25 23 24 72.3400742651628 0.7433768488717054
3 3.25 24 25 72.57736102684032 0.6909052205596447
3 3.25 25 26 72.24524187801939 0.6432169069655519
3 3.25 26 27 71.47732844867454 0.5997498063952722
3 3.25 27 28 70.3785544696849 0.5600233968719031
3 3.25 28 29 69.03158986376803 0.5236247048624165
3 3.25 29 30 67.50171870575201 0.4901970454606678
3 3.25 30 31 65.84057655407429 0.4594309198892389
3 3.25 31 32 64.08903348655952 0.4310566059898205
3 3.25 32 33 62.27943217309542 0.4048380880079046
3 3.25 33 34 60.43733540220285 0.3805680533354539
3 3.25 34 35 58.58289791712178 0.3580637448843613
3 3.25 35 36 56.73194865965772 0.3371635047871699
3 3.25 36 37 54.89684842893934 0.3177238789866802
3 3.25 37 38 53.08717241540742 0.2996171805289605
3 3.25 38 39 51.31025543356017 0.2827294293650698
3 3.25 39 40 49.57162896552404 0.2669586030064856
3 3.25 40 41 47.87537264835021 0.2522131451441946
3 3.25 41 42 46.22439766787485 0.2384106892046301
3 3.25 42 43 44.62067588426331 0.2254769618261607
3 3.25 43 44 43.06542547202042 0.2133448376993247
3 3.25 44 45 41.55926159583476 0.2019535219102765
3 3.25 45 46 40.1014646466173 0.191356031388218
3 3.25 46 47 38.69337364372777 0.1819152675048729
3 3.25 47 48 37.33358518031343 0.1736690405167808
3 3.25 48 49 36.02132732445085 0.1665877364236291
3 3.25 49 50 34.75545023402742 0.1602632417884649
3.25 3.5 0 1 864.0755459867671 0.435313710013972
3.25 3.5 1 2 -4864.686203243498 18.52086593456801
3.25 3.5 2 3 -4348.739701584686 14.75611583313731
3.25 3.5 3 4 -2914.572256512152 11.15425528701328
3.25 3.5 4 5 -1922.52328232961 8.701302575939311
3.25 3.5 5 6 -1277.26644597748 6.993638559899487
3.25 3.5 6 7 -855.0788207109144 5.7564601359654
3.25 3.5 7 8 -573.5248428400075 4.828010786752656
3.25 3.5 8 9 -381.8476131970713 4.110611401845859
3.25 3.5 9 10 -248.8649936966167 3.543045084058535
3.25 3.5 10 11 -155.1749184476009 3.085029811716773
3.25 3.5 11 12 -88.34722401167755 2.709285783075828
3.25 3.5 12 13 -40.25433203172543 2.39669325382463
3.25 3.5 13 14 -5.455564732244966 2.133500321045369
3.25 3.5 14 15 19.76792410845246 1.909585890311493
3.25 3.5 15 16 38.00644625731218 1.717350371575118
3.25 3.5 16 17 51.09490974591074 1.550986319596319
3.25 3.5 17 18 60.35271123759594 1.405986359827335
3.25 3.5 18 19 66.74120952599856 1.278803506850443
3.25 3.5 19 20 70.96911304476919 1.166611833701065
3.25 3.5 20 21 73.56427313951178 1.067134723137278
3.25 3.5 21 22 74.92339266895829 0.9785195628943326
3.25 3.5 22 23 75.34695753566319 0.8992449473111046
3.25 3.5 23 24 75.06411822029264 0.8280510115640325
3.25 3.5 24 25 74.25063307585759 0.7638864786066878
3.25 3.5 25 26 73.04195500660461 0.7058679491239064
3.25 3.5 26 27 71.54287521256765 0.6532482747470563
3.25 3.5 27 28 69.83469736170701 0.605391749689968
3.25 3.5 28 29 67.98062117392413 0.5617544761920099
3.25 3.5 29 30 66.02981459467964 0.5218686956661394
3.25 3.5 30 31 64.02051664641527 0.4853301877181409
3.25 3.5 31 32 61.98241760404136 0.4517880631488619
3.25 3.5 32 33 59.93849607693659 0.4209364405170533
3.25 3.5 33 34 57.90644493643015 0.3925076157761032
3.25 3.5 34 35 55.89978383054554 0.3662664238242717
3.25 3.5 35 36 53.92873125804846 0.3420055580738744
3.25 3.5 36 37 52.00089107939206 0.319541664951157
3.25 3.5 37 38 50.12179504383255 0.2987120687170342
3.25 3.5 38 39 48.29533300517375 0.2793720120824888
3.25 3.5 39 40 46.52409509484838 0.2613923211410787
3.25 3.5 40 41 44.80964465038454 0.2446574209547504
3.25 3.5 41 42 43.1527363332151 0.229063642514748
3.25 3.5 42 43 41.55349081585405 0.2145177726066254
3.25 3.5 43 44 40.01153488012585 0.2009358077595771
3.25 3.5 44 45 38.52611387364693 0.188241879008285
3.25 3.5 45 46 37.09542107885352 0.1764678435314678
3.25 3.5 46 47 35.71958344982136 0.1659411880107062
3.25 3.5 47 48 34.39641492101819 0.1566966480720319
3.25 3.5 48 49 33.12438668659641 0.1487083096909169
3.25 3.5 49 50 31.90168784535426 0.141592429881793
3.5 3.75 0 1 196.1942631553186 1.620974990567094
3.5 3.75 1 2 -4679.319516051193 24.76061785036286
3.5 3.75 2 3 -3698.647276118177 16.34142835133004
3.5 3.75 3 4 -2378.494427909359 11.55034195898978
3.5 3.75 4 5 -1519.916665789456 8.66159458518162
3.5 3.75 5 6 -978.8302527185349 6.769117636633455
3.5 3.75 6 7 -632.9192594660751 5.44997823045042
3.5 3.75 7 8 -406.7998637794101 4.487120817506875
3.5 3.75 8 9 -255.7309216073443 3.758999054535058
3.5 3.75 9 10 -152.8707433665575 3.19298451426446
3.5 3.75 10 11 -81.81386690239356 2.742981819188959
3.5 3.75 11 12 -32.20360023754961 2.378577149057781
3.5 3.75 12 13 2.645675970793604 2.078907925791876
3.5 3.75 13 14 27.157874160029 1.829231140843151
3.5 3.75 14 15 44.32436495720992 1.618857322256001
3.5 3.75 15 16 56.2073027859949 1.439863269091073
3.5 3.75 16 17 64.25275041872294 1.286262744600228
3.5 3.75 17 18 69.49006690457577 1.153456516205769
3.5 3.75 18 19 72.66165721139498 1.037858297685461
3.5 3.75 19 20 74.30910829411459 0.9366345894094829
3.5 3.75 20 21 74.83142337072792 0.8475201114651804
3.5 3.75 21 22 74.52505029321026 0.7686845226536947
3.5 3.75 22 23 73.61181287579268 0.6986346269051464
3.5 3.75 23 24 72.25866915930914 0.6361415756465697
3.5 3.75 24 25 70.59186286664243 0.5801859618275508
3.5 3.75 25 26 68.70717426959612 0.5299159102749588
3.5 3.75 26 27 66.6774224398909 0.48461473463376
3.5 3.75 27 28 64.55800761348752 0.4436757249522243
3.5 3.75 28 29 62.39104086396529 0.40658230916891
3.5 3.75 29 30 60.20844520495899 0.3728923088841383
3.5 3.75 30 31 58.03430091120643 0.3422253433870004
3.5 3.75 31 32 55.88663072267903 0.3142526777250628
3.5 3.75 32 33 53.77876665674202 0.2886889838057854
3.5 3.75 33 34 51.72040201944679 0.2652856100216481
3.5 3.75 34 35 49.71840495916504 0.2438250510039893
3.5 3.75 35 36 47.77745026071256 0.2241163770477681
3.5 3.75 36 37 45.90051179425814 0.2059914371704746
3.5 3.75 37 38 44.08924758711626 0.1893016898120714
3.5 3.75 38 39 42.34430172990267 0.1739155449734213
3.5 3.75 39 40 40.66554157238075 0.1597161270863583
3.5 3.75 40 41 39.05224442194101 0.1465993845874793
3.5 3.75 41 42 37.50324459221169 0.1344724879905891
3.5 3.75 42 43 36.01704929984346 0.1232524697987874
3.5 3.75 43 44 34.5919299850121 0.1128650672090726
3.5 3.75 44 45 33.22599417047631 0.1032437388877674
3.5 3.75 45 46 31.9166096147776 0.09447638053656687
3.5 3.75 46 47 30.66283996796525 0.08710277764024209
3.5 3.75 47 48 29.46196427517101 0.08125160549265376
3.5 3.75 48 49 28.31190018837778 0.07694169797006944
3.5 3.75 49 50 27.21037485860711 0.07363227797411578
3.75 4 0 1 -316.9672924037503 1.835612637749436
3.75 4 1 2 -4013.02663477886 28.12242339697885
3.75 4 2 3 -2801.216217199772 13.04084882156408
3.75 4 3 4 -1710.967387025286 7.611140841933657
3.75 4 4 5 -1047.113742065213 4.953620172143552
3.75 4 5 6 -644.4780980657051 3.436258353055917
3.75 4 6 7 -394.6199127341699 2.484048738179653
3.75 4 7 8 -235.5823172744595 1.847070175769637
3.75 4 8 9 -132.0568563925515 1.401069161445703
3.75 4 9 10 -63.44291622789672 1.077982900221139
3.75 4 10 11 -17.41848270852961 0.8380576851002876
3.75 4 11 12 13.65140738523894 0.6566487556135306
3.75 4 12 13 34.6154046990282 0.5178958040173165
3.75 4 13 14 48.63371352229478 0.4112984223136509
3.75 4 14 15 57.81269697570588 0.3297729740072063
3.75 4 15 16 63.58417860887857 0.2829297133036456
3.75 4 16 17 66.93824770429484 0.2604859264607271
3.75 4 17 18 68.56971868094769 0.2404009303675785
3.75 4 18 19 68.97238293251087 0.2223525585906317
3.75 4 19 20 68.50092875844012 0.2060724115126471
3.75 4 20 21 67.41238811167233 0.1913354594371545
3.75 4 21 22 65.8943516138109 0.1779518835091395
3.75 4 22 23 64.08447068062912 0.1657606342244366
3.75 4 23 24 62.0841237230658 0.1681247594213427
3.75 4 24 25 59.96811226126027 0.1719798228490838
3.75 4 25 26 57.79161768652912 0.1756751294683459
3.75 4 26 27 55.59524329486308 0.1789863797963727
3.75 4 27 28 53.40870202488185 0.181808277483451
3.75 4 28 29 51.2535359090104 0.1841054048131855
3.75 4 29 30 49.14513627517675 0.1858821246533408
3.75 4 30 31 47.09425441448332 0.1871644427187487
3.75 4 31 32 45.10813782865426 0.187989190555157
3.75 4 32 33 43.19138923277711 0.1883976441267808
3.75 4 33 34 41.34661883247325 0.1884318234526557
3.75 4 34 35 39.57494146909455 0.1881324117134632
3.75 4 35 36 37.87635666768068 0.1875376517863419
3.75 4 36 37 36.25003982487398 0.1866828294746488
3.75 4 37 38 34.69456565559557 0.1856001048533474
3.75 4 38 39 33.20807976503501 0.1843185458697086
3.75 4 39 40 31.7884303393071 0.1828642740637922
3.75 4 40 41 30.43326911638461 0.1812606680636234
3.75 4 41 42 29.14012856307514 0.1795285911940126
3.75 4 42 43 27.90648063163269 0.177686623487512
3.75 4 43 44 26.7297812248725 0.1757512867549832
3.75 4 44 45 25.60750353148499 0.1737372562930922
3.75 4 45 46 24.5366939759965 0.1717133941173239
3.75 4 46 47 23.51572454989111 0.1698865722584022
3.75 4 47 48 22.54178207637365 0.1682716812444141
3.75 4 48 49 21.61260966316199 0.1668495869498862
3.75 4 49 50 20.72583542690817 0.1654526729757878
4 5 0 1 -1001.410032299216 2.879853552911565
4 5 1 2 -4420.16058072009 7.211897653910485
4 5 2 3 -2545.952139250473 5.390014203403895
4 5 3 4 -1396.699984123342 4.055194084972968
4 5 4 5 -769.7882919095539 3.030338258168752
4 5 5 6 -416.8844444150948 2.283388133155827
4 5 6 7 -211.7252865552193 1.78091253873239
4 5 7 8 -89.24615248443865 1.441255560078842
4 5 8 9 -14.72764685073662 1.202557742273512
4 5 9 10 31.01949892580251 1.02576729946728
4 5 10 11 58.95031008269052 0.8903618409729079
4 5 11 12 75.63691186008805 0.7849453411735245
4 5 12 13 85.10179683948013 0.7002307221371226
4 5 13 14 89.85711728846763 0.6299699078416388
4 5 14 15 91.51437388856283 0.5713163835893873
4 5 15 16 91.13710221004908 0.5222062950343911
4 5 16 17 89.43766797483079 0.4803344387544899
4 5 17 18 86.89521021303835 0.4437690505807059
4 5 18 19 83.83355654000809 0.4113798687898372
4 5 19 20 80.47356341713191 0.3825809905773653
4 5 20 21 76.96704263510441 0.3569315159227196
4 5 21 22 73.41836819258191 0.3339742744946857
4 5 22 23 69.89863108040518 0.3132670191254803
4 5 23 24 66.45538120795766 0.2944451887013091
4 5 24 25 63.11954979574369 0.2772391298759599
4 5 25 26 59.91038975518515 0.2614522566117372
4 5 26 27 56.8389690742039 0.2469304678715959
4 5 27 28 53.91062321066664 0.2335412888488231
4 5 28 29 51.12668003857601 0.2211652575039769
4 5 29 30 48.48568502617191 0.2096946213578422
4 5 30 31 45.98428188389349 0.1990341868328722
4 5 31 32 43.61785100795473 0.1891015779319081
4 5 32 33 41.38097352459165 0.179826290638449
4 5 33 34 39.26776744435303 0.1711479601828487
4 5 34 35 37.27212920951864 0.1630144415773387
4 5 35 36 35.38790520382018 0.1553801112470893
4 5 36 37 33.60901162033234 0.1482045500028717
4 5 37 38 31.92951646951589 0.1414515968846421
4 5 38 39 30.34369397220232 0.1350886898268991
4 5 39 40 28.84605889481157 0.1290863970193284
4 5 40 41 27.43138641575399 0.1234180620849249
4 5 41 42 26.09472155839347 0.1180595147720974
4 5 42 43 24.83138118374199 0.1129888175085114
4 5 43 44 23.63695075427163 0.1081860368728342
4 5 44 45 22.50727744883459 0.1036330337947675
4 5 45 46 21.43800543643907 0.09970865597565214
4 5 46 47 20.42600594047817 0.09782960163804245
4 5 47 48 19.46743778095862 0.09798157647679454
4 5 48 49 18.55913547644359 0.09973810273945069
4 5 49 50 17.69769846043403 0.1018731350475692
-5 5 0 50 -529352.5213910291 92.64558198050922
