#ylo yhi qTlo qThi PDF0  uncertainty
-5 -4 0 1 -1002.167629922864 2.852332861087278
-5 -4 1 2 -4431.164005671408 7.410773091136798
-5 -4 2 3 -2553.801519601372 5.487570849910571
-5 -4 3 4 -1401.787376443891 4.098358271180379
-5 -4 4 5 -772.9686834161218 3.054188986764661
-5 -4 5 6 -418.8018755327867 2.305829231902148
-5 -4 6 7 -212.8442881589012 1.802528835067116
-5 -4 7 8 -89.86716967428401 1.460140204959111
-5 -4 8 9 -15.03435584240697 1.218311591032617
-5 -4 9 10 30.91234034381694 1.039062159812054
-5 -4 10 11 58.97153621008704 0.9016665818723925
-5 -4 11 12 75.74023070795931 0.7947988065633274
-5 -4 12 13 85.2568844816833 0.7087772757467122
-5 -4 13 14 90.04364675920294 0.6373592878353738
-5 -4 14 15 91.71854354156477 0.5777006968175352
-5 -4 15 16 91.34957459296288 0.5277270528101061
-5 -4 16 17 89.65219547425488 0.4851059500722727
-5 -4 17 18 87.10765710004932 0.4478825756358458
-5 -4 18 19 84.04122033363217 0.4149144310592305
-5 -4 19 20 80.67472341764005 0.3856089494878494
-5 -4 20 21 77.16066023856058 0.3595186939898725
-5 -4 21 22 73.60388054196491 0.3361786986208886
-5 -4 22 23 70.07580379316306 0.3151386767405059
-5 -4 23 24 66.62420237861596 0.2960269157418757
-5 -4 24 25 63.28015475463945 0.2785678902945371
-5 -4 25 26 60.06300865671349 0.2625602435497872
-5 -4 26 27 56.98389082116785 0.247845865004829
-5 -4 27 28 54.04817068126377 0.234288776460454
-5 -4 28 29 51.2571930328269 0.2217663964014414
-5 -4 29 30 48.60950852710806 0.2101682014372949
-5 -4 30 31 46.10175805068225 0.1993965677430335
-5 -4 31 32 43.72931383436845 0.1893670161769631
-5 -4 32 33 41.48674541494967 0.1800072385175888
-5 -4 33 34 39.36815716113816 0.1712553267436482
-5 -4 34 35 37.36743078712384 0.1630578126521112
-5 -4 35 36 35.47839753121876 0.1553679321251433
-5 -4 36 37 33.69495847273261 0.1481442769480825
-5 -4 37 38 32.01116683484998 0.1413498238856246
-5 -4 38 39 30.42128256192511 0.1349512560452952
-5 -4 39 40 28.91980676413944 0.1289184784001794
-5 -4 40 41 27.50150164183097 0.1232242517884539
-5 -4 41 42 26.16139994149167 0.1178438923125342
-5 -4 42 43 24.89480694972418 0.1127550098746373
-5 -4 43 44 23.69729724164605 0.10793727192926
-5 -4 44 45 22.56470777313285 0.1033721866159661
-5 -4 45 46 21.49267181907752 0.09943925523041794
-5 -4 46 47 20.47805447648182 0.09755833953341402
-5 -4 47 48 19.51700476677859 0.09771403846417923
-5 -4 48 49 18.60634928420746 0.09947745611092561
-5 -4 49 50 17.7426800341636 0.1016185230508663
-4 -3.75 0 1 -311.4680279453826 1.821792801712816
-4 -3.75 1 2 -4005.91776373829 28.10117088352198
-4 -3.75 2 3 -2799.050304971283 13.11252087290465
-4 -3.75 3 4 -1710.949793483647 7.687127134584004
-4 -3.75 4 5 -1047.87602956727 5.022550943018151
-4 -3.75 5 6 -645.4234426724452 3.496982604619918
-4 -3.75 6 7 -395.5444699091527 2.537299088891875
-4 -3.75 7 8 -236.4221523331857 1.893895832031159
-4 -3.75 8 9 -132.7979662308799 1.442189718527954
-4 -3.75 9 10 -64.09074318327521 1.114305906623983
-4 -3.75 10 11 -17.98440889672565 0.8700662113564772
-4 -3.75 11 12 13.15511298711544 0.6847333380885402
-4 -3.75 12 13 34.17756477675778 0.5422982767463482
-4 -3.75 13 14 48.24481574549782 0.4321158619668874
-4 -3.75 14 15 57.4649016645393 0.3469611667065964
-4 -3.75 15 16 63.27112103792729 0.2819078252235568
-4 -3.75 16 17 66.65478887511426 0.259592577136367
-4 -3.75 17 18 68.31170709983462 0.2396170990899481
-4 -3.75 18 19 68.73644949672342 0.2216626523048212
-4 -3.75 19 20 68.28431916321176 0.2054635278309235
-4 -3.75 20 21 67.21282991124929 0.1907968331432894
-4 -3.75 21 22 65.70995059959887 0.1774744655800286
-4 -3.75 22 23 63.91363092251157 0.1653367665414715
-4 -3.75 23 24 61.92548618507269 0.1593763573611083
-4 -3.75 24 25 59.82050774542935 0.1629172714198518
-4 -3.75 25 26 57.6540307093448 0.1665360825067302
-4 -3.75 26 27 55.46678424934049 0.1699238162944318
-4 -3.75 27 28 53.28858560039873 0.1729184923815307
-4 -3.75 28 29 51.1410642311169 0.1754473086461359
-4 -3.75 29 30 49.03968560931114 0.1774900738216798
-4 -3.75 30 31 46.99526456678478 0.1790566648356561
-4 -3.75 31 32 45.01510359753203 0.1801733146893086
-4 -3.75 32 33 43.10385342934077 0.180874349624032
-4 -3.75 33 34 41.26416650945222 0.1811972651016491
-4 -3.75 34 35 39.49719509036726 0.1811798445233944
-4 -3.75 35 36 37.80297201673578 0.1808585265906075
-4 -3.75 36 37 36.18070250136512 0.1802675355371647
-4 -3.75 37 38 34.62898804560756 0.1794384747578982
-4 -3.75 38 39 33.14599839741975 0.178400198168308
-4 -3.75 39 40 31.7296035622963 0.1771788449487758
-4 -3.75 40 41 30.37747504173576 0.1757979660269294
-4 -3.75 41 42 29.08716323726209 0.1742786982854747
-4 -3.75 42 43 27.85615640167019 0.1726399592970611
-4 -3.75 43 44 26.6819252730938 0.1708986463170577
-4 -3.75 44 45 25.56195655752745 0.1690698296811557
-4 -3.75 45 46 24.49330926421127 0.1672240383817298
-4 -3.75 46 47 23.47436764677461 0.165572661885502
-4 -3.75 47 48 22.50232891055546 0.1641303513993656
-4 -3.75 48 49 21.57494542240705 0.1628769499878853
-4 -3.75 49 50 20.68985543498261 0.1616410702010992
-3.75 -3.5 0 1 203.6898304522994 1.614426903502311
-3.75 -3.5 1 2 -4663.300115610647 24.32414833677974
-3.75 -3.5 2 3 -3690.417412030304 16.1231084812575
-3.75 -3.5 3 4 -2375.142706247977 11.41713541809072
-3.75 -3.5 4 5 -1518.956513698954 8.572083237537118
-3.75 -3.5 5 6 -978.9393759425286 6.705435228777664
-3.75 -3.5 6 7 -633.5019438404988 5.402957030289364
-3.75 -3.5 7 8 -407.5776165300538 4.451510645131227
-3.75 -3.5 8 9 -256.5702950940927 3.731548293617351
-3.75 -3.5 9 10 -153.70696471054 3.17156834509722
-3.75 -3.5 10 11 -82.61819697400506 2.726144226031885
-3.75 -3.5 11 12 -32.96411404074297 2.365287157290274
-3.75 -3.5 12 13 1.932494325362541 2.06841404843064
-3.75 -3.5 13 14 26.49154476109163 1.82097247681605
-3.75 -3.5 14 15 43.70263337789629 1.612406757260999
-3.75 -3.5 15 16 55.62724654912131 1.434889946805636
-3.75 -3.5 16 17 63.71131439706335 1.28250654950477
-3.75 -3.5 17 18 68.98430693582338 1.150710288505203
-3.75 -3.5 18 19 72.18883701018092 1.035955166659168
-3.75 -3.5 19 20 73.86672513331263 0.9354387782396804
-3.75 -3.5 20 21 74.41720141199437 0.8469201484197808
-3.75 -3.5 21 22 74.13692114681959 0.7685881522640394
-3.75 -3.5 22 23 73.24789284741661 0.6989649431339851
-3.75 -3.5 23 24 71.91723741794419 0.6368340470813947
-3.75 -3.5 24 25 70.27134213880157 0.5811861175423194
-3.75 -3.5 25 26 68.40611440850444 0.5311775206957043
-3.75 -3.5 26 27 66.39448666640294 0.4860983683083187
-3.75 -3.5 27 28 64.2919610300068 0.4453475933363159
-3.75 -3.5 28 29 62.14074081095021 0.4084133344905728
-3.75 -3.5 29 30 59.97283307462914 0.3748573660876194
-3.75 -3.5 30 31 57.81239509989891 0.3443026394740586
-3.75 -3.5 31 32 55.67752046931506 0.3164232398442883
-3.75 -3.5 32 33 53.58160657716718 0.2909362341051806
-3.75 -3.5 33 34 51.53440719415818 0.2675950105369063
-3.75 -3.5 34 35 49.54284646996047 0.2461838045997675
-3.75 -3.5 35 36 47.6116511003116 0.2265131740542942
-3.75 -3.5 36 37 45.74384309498339 0.2084162388395483
-3.75 -3.5 37 38 43.94112512717331 0.1917455417873486
-3.75 -3.5 38 39 42.20418268926721 0.1763704149679751
-3.75 -3.5 39 40 40.53292151504667 0.1621747614082898
-3.75 -3.5 40 41 38.92665448683884 0.1490551803306153
-3.75 -3.5 41 42 37.38424887955529 0.1369193760818812
-3.75 -3.5 42 43 35.90424243871657 0.1256848061786009
-3.75 -3.5 43 44 34.48493487354003 0.1152775286564121
-3.75 -3.5 44 45 33.12445987585741 0.1056312197796141
-3.75 -3.5 45 46 31.82021067352905 0.09682962542521238
-3.75 -3.5 46 47 30.571272786712 0.0893935833645102
-3.75 -3.5 47 48 29.37494708342237 0.08344262017214875
-3.75 -3.5 48 49 28.22917023371798 0.07899112117769298
-3.75 -3.5 49 50 27.13168916910814 0.0755141599766808
-3.5 -3.25 0 1 869.760863827201 0.4339841975320832
-3.5 -3.25 1 2 -4847.145105932773 18.1662638510448
-3.5 -3.25 2 3 -4336.830230405114 14.51536856949649
-3.5 -3.25 3 4 -2908.594694390159 10.98233976029526
-3.5 -3.25 4 5 -1919.92460154432 8.571763797090057
-3.5 -3.25 5 6 -1276.384563038182 6.89216384907194
-3.5 -3.25 6 7 -855.0783613785375 5.674671307966727
-3.5 -3.25 7 8 -573.9765799146612 4.760649789427097
-3.5 -3.25 8 9 -382.5249810716405 4.054182856313437
-3.5 -3.25 9 10 -249.6450329292745 3.495131716509542
-3.5 -3.25 10 11 -155.9925971357873 3.043891672075986
-3.5 -3.25 11 12 -89.16721695023648 2.673637145152864
-3.5 -3.25 12 13 -41.05770995931016 2.365560214666416
-3.5 -3.25 13 14 -6.232394070075998 2.106129936762237
-3.5 -3.25 14 15 19.02259683426928 1.885385751781827
-3.5 -3.25 15 16 37.29479615550872 1.695847243536993
-3.5 -3.25 16 17 50.41755077242067 1.531797111108949
-3.5 -3.25 17 18 59.70937401379797 1.388797299010365
-3.5 -3.25 18 19 66.13112197618432 1.263354910014676
-3.5 -3.25 19 20 70.39121674179842 1.152686773565619
-3.5 -3.25 20 21 73.01734854022709 1.054550467582273
-3.5 -3.25 21 22 74.406133568153 0.9671210171663732
-3.5 -3.25 22 23 74.85801694359884 0.8888995677407225
-3.5 -3.25 23 24 74.60213787495985 0.8186448157792113
-3.5 -3.25 24 25 73.81426330026511 0.7553208832191405
-3.5 -3.25 25 26 72.62986861149085 0.6980572396250511
-3.5 -3.25 26 27 71.15377750298342 0.6461175634166271
-3.5 -3.25 27 28 69.46733342153823 0.5988753140218411
-3.5 -3.25 28 29 67.63378112445923 0.5557943972406619
-3.5 -3.25 29 30 65.70233727101248 0.5164137339007427
-3.5 -3.25 30 31 63.71129199709191 0.4803348495149063
-3.5 -3.25 31 32 61.69038804485126 0.4472118205500891
-3.5 -3.25 32 33 59.66265698568063 0.4167430757344665
-3.5 -3.25 33 34 57.64584444552864 0.388664667352543
-3.5 -3.25 34 35 55.65352205513025 0.3627447165105212
-3.5 -3.25 35 36 53.69595907711252 0.3387788019056502
-3.5 -3.25 36 37 51.78080857353612 0.3165861118532101
-3.5 -3.25 37 38 49.91364967867193 0.29600621701166
-3.5 -3.25 38 39 48.09841763466878 0.2768963514985696
-3.5 -3.25 39 40 46.33774584845051 0.2591291116768968
-3.5 -3.25 40 41 44.63323875629001 0.2425905006610352
-3.5 -3.25 41 42 42.9856899193488 0.2271782595648562
-3.5 -3.25 42 43 41.39525672336228 0.2128004385878241
-3.5 -3.25 43 44 39.86160051487818 0.1993741684835169
-3.5 -3.25 44 45 38.38399911673686 0.1868246010503337
-3.5 -3.25 45 46 36.96067834314748 0.175184775316938
-3.5 -3.25 46 47 35.59179196778915 0.1647836896995984
-3.5 -3.25 47 48 34.27518248785432 0.1556560249407329
-3.5 -3.25 48 49 33.00934581711374 0.147775147499042
-3.5 -3.25 49 50 31.79249689407627 0.1407562080382222
-3.25 -3 0 1 1581.584857128826 1.195693458069268
-3.25 -3 1 2 -4685.989432308675 9.074586124547769
-3.25 -3 2 3 -4753.22781607206 9.502061809624005
-3.25 -3 3 4 -3302.383772462656 7.728043849672125
-3.25 -3 4 5 -2235.737372297617 6.270266358231029
-3.25 -3 5 6 -1521.765696329922 5.175630759910373
-3.25 -3 6 7 -1045.138634282759 4.347185469524523
-3.25 -3 7 8 -721.9275401670061 3.706780134295952
-3.25 -3 8 9 -498.5192074474846 3.200799425879286
-3.25 -3 9 10 -341.2275358470642 2.793438354995244
-3.25 -3 10 11 -228.7518999176561 2.459870066309214
-3.25 -3 11 12 -147.2630585446011 2.182791480907995
-3.25 -3 12 13 -87.61724643172624 1.949755482600084
-3.25 -3 13 14 -43.63254574376856 1.751628680868452
-3.25 -3 14 15 -11.04497745649564 1.58157737279354
-3.25 -3 15 16 13.14082297104073 1.434398310966069
-3.25 -3 16 17 31.06403027027625 1.306067137669526
-3.25 -3 17 18 44.27508042593263 1.193427234635026
-3.25 -3 18 19 53.91259351200881 1.093971117763535
-3.25 -3 19 20 60.8226134791131 1.005684082852285
-3.25 -3 20 21 65.64036999165796 0.9269305320469595
-3.25 -3 21 22 68.84723783372203 0.8563700851323288
-3.25 -3 22 23 70.81099855556693 0.7928948172708828
-3.25 -3 23 24 71.8146805273683 0.7355817094629158
-3.25 -3 24 25 72.07747104493581 0.6836562052065525
-3.25 -3 25 26 71.77005033341158 0.63646398052325
-3.25 -3 26 27 71.02595146768562 0.5934488596552855
-3.25 -3 27 28 69.9500559975354 0.5541353801777179
-3.25 -3 28 29 68.62500301309257 0.5181149117386237
-3.25 -3 29 30 67.11606297589987 0.4850345164324883
-3.25 -3 30 31 65.47487160039049 0.4545879432170156
-3.25 -3 31 32 63.74230999416409 0.4265082972946863
-3.25 -3 32 33 61.9507402962455 0.4005620346542824
-3.25 -3 33 34 60.12575116493895 0.3765440116093162
-3.25 -3 34 35 58.28752791787645 0.3542733814629369
-3.25 -3 35 36 56.45193337667379 0.3335901747145069
-3.25 -3 36 37 54.63136437971249 0.3143524342848495
-3.25 -3 37 38 52.83543339113155 0.2964338046162052
-3.25 -3 38 39 51.07151299339333 0.2797214932304161
-3.25 -3 39 40 49.34517234818591 0.2641145398816047
-3.25 -3 40 41 47.66052823338902 0.2495223407995386
-3.25 -3 41 42 46.02052809448477 0.2358633858244491
-3.25 -3 42 43 44.42717891858132 0.2230641733172617
-3.25 -3 43 44 42.88173269661672 0.2110582749825173
-3.25 -3 44 45 41.3848369794114 0.1997855268243558
-3.25 -3 45 46 39.93580548646727 0.1893000965168268
-3.25 -3 46 47 38.53600466719664 0.179967432320858
-3.25 -3 47 48 37.18406112747917 0.1718255744261736
-3.25 -3 48 49 35.87922895981885 0.1648443188291353
-3.25 -3 49 50 34.62038630686968 0.158613230286763
-3 -2.75 0 1 2266.958902201413 1.597190492452042
-3 -2.75 1 2 -4341.65568305452 4.462176857856194
-3 -2.75 2 3 -5004.292703518946 5.90590541756245
-3 -2.75 3 4 -3582.058039347621 5.029053904665651
-3 -2.75 4 5 -2474.312323455182 4.175276493664746
-3 -2.75 5 6 -1714.748986905901 3.498648134237173
-3 -2.75 6 7 -1199.472514807994 2.971653251521385
-3 -2.75 7 8 -845.4864904814676 2.556600134314985
-3 -2.75 8 9 -597.9569144530938 2.224034388884414
-3 -2.75 9 10 -421.7607806103483 1.953454673384491
-3 -2.75 10 11 -294.3865539285623 1.729902257720641
-3 -2.75 11 12 -201.0642310194885 1.542812350851453
-3 -2.75 12 13 -131.9412197589104 1.384435345650585
-3 -2.75 13 14 -80.30466261174115 1.249008249613085
-3 -2.75 14 15 -41.4917868879611 1.132172050656791
-3 -2.75 15 16 -12.20562109298635 1.030577427464146
-3 -2.75 16 17 9.9230926526659 0.941613616893377
-3 -2.75 17 18 26.62193460840865 0.8632187831504327
-3 -2.75 18 19 39.16716902823532 0.7937451558869298
-3 -2.75 19 20 48.51274388053082 0.7318615825681322
-3 -2.75 20 21 55.37919233498656 0.6764820588104626
-3 -2.75 21 22 60.31586005979125 0.6267125814263294
-3 -2.75 22 23 63.74508930435445 0.5818111170803313
-3 -2.75 23 24 65.99400645529659 0.5411570906048219
-3 -2.75 24 25 67.31766902294908 0.5042278721060623
-3 -2.75 25 26 67.91610889116146 0.4705804734403093
-3 -2.75 26 27 67.94701029935817 0.4398371631624121
-3 -2.75 27 28 67.53522983792828 0.411674063151063
-3 -2.75 28 29 66.78000753414136 0.3858120334612322
-3 -2.75 29 30 65.76047299166333 0.3620093308778937
-3 -2.75 30 31 64.53988106629038 0.3400556540567449
-3 -2.75 31 32 63.1688926832706 0.3197672799970439
-3 -2.75 32 33 61.68813228134707 0.3009830680783029
-3 -2.75 33 34 60.13019318087856 0.2835611564641483
-3 -2.75 34 35 58.52121868054769 0.2673762162220281
-3 -2.75 35 36 56.88215498935426 0.2523171570831653
-3 -2.75 36 37 55.22974876579713 0.2382852007767891
-3 -2.75 37 38 53.57734480705449 0.2251922554066437
-3 -2.75 38 39 51.9355264892186 0.2129595385866743
-3 -2.75 39 40 50.31263184063184 0.201516404850685
-3 -2.75 40 41 48.71517089848007 0.190799344572079
-3 -2.75 41 42 47.1481641870584 0.1807511253297229
-3 -2.75 42 43 45.61541809185405 0.1713200522919281
-3 -2.75 43 44 44.11974944223081 0.1624593304599371
-3 -2.75 44 45 42.66316909539796 0.1541265110042884
-3 -2.75 45 46 41.2461138333438 0.1464407299077593
-3 -2.75 46 47 39.87112867287689 0.1399671888803417
-3 -2.75 47 48 38.53768183178533 0.1347873975743654
-3 -2.75 48 49 37.2458234728193 0.1308725107585799
-3 -2.75 49 50 35.99513795082029 0.1276420726169132
-2.75 -2.5 0 1 2900.464428706979 2.110619610148468
-2.75 -2.5 1 2 -3920.240987502763 1.10167034893816
-2.75 -2.5 2 3 -5150.931305293776 2.809558648128268
-2.75 -2.5 3 4 -3780.978341752207 2.672446918256028
-2.75 -2.5 4 5 -2653.703259824014 2.3399833922991
-2.75 -2.5 5 6 -1864.68677726285 2.030257577415672
-2.75 -2.5 6 7 -1322.359396760164 1.769763413655495
-2.75 -2.5 7 8 -945.913560395496 1.554528769670918
-2.75 -2.5 8 9 -680.2792332402964 1.375788847006987
-2.75 -2.5 9 10 -489.5891378796773 1.226501082928248
-2.75 -2.5 10 11 -350.5906063559578 1.100374014860615
-2.75 -2.5 11 12 -247.8958104378496 0.9928402765299779
-2.75 -2.5 12 13 -171.1657467452435 0.9003396861474087
-2.75 -2.5 13 14 -113.3121056600869 0.8201217728184848
-2.75 -2.5 14 15 -69.38361489814838 0.7500420760294629
-2.75 -2.5 15 16 -35.86108386510637 0.6884111165573519
-2.75 -2.5 16 17 -10.20311862931226 0.6338837239855412
-2.75 -2.5 17 18 9.452151684443606 0.5853778634630016
-2.75 -2.5 18 19 24.48655892447778 0.5420147069776199
-2.75 -2.5 19 20 35.93767756155546 0.5030739876617359
-2.75 -2.5 20 21 44.59278191476108 0.4679604046103831
-2.75 -2.5 21 22 51.05486327157121 0.4361780843738157
-2.75 -2.5 22 23 55.78967464040113 0.4073109713503272
-2.75 -2.5 23 24 59.15969397603499 0.3810076248414496
-2.75 -2.5 24 25 61.44893871683325 0.3569693239716449
-2.75 -2.5 25 26 62.88129693848236 0.3349406793297315
-2.75 -2.5 26 27 63.63420744181587 0.3147021619257127
-2.75 -2.5 27 28 63.84896505260474 0.2960641115505581
-2.75 -2.5 28 29 63.63855130835083 0.2788618971660425
-2.75 -2.5 29 30 63.09363261812746 0.2629519798119841
-2.75 -2.5 30 31 62.28718903883021 0.2482086895839779
-2.75 -2.5 31 32 61.27811097851918 0.2345215711542206
-2.75 -2.5 32 33 60.11401186671424 0.2217931843496415
-2.75 -2.5 33 34 58.83344080055792 0.209937272258529
-2.75 -2.5 34 35 57.46763280779129 0.1988772275386912
-2.75 -2.5 35 36 56.04190047497383 0.1885448021537948
-2.75 -2.5 36 37 54.57674570464928 0.1788790166088881
-2.75 -2.5 37 38 53.08875185409602 0.1698252342752089
-2.75 -2.5 38 39 51.59130258921994 0.1613343721940937
-2.75 -2.5 39 40 50.09516330262585 0.1533622256319018
-2.75 -2.5 40 41 48.6089531241127 0.1458688881901838
-2.75 -2.5 41 42 47.13952926036936 0.1388182516561031
-2.75 -2.5 42 43 45.69230098863991 0.1321775732069277
-2.75 -2.5 43 44 44.2714868559533 0.1259171003396815
-2.75 -2.5 44 45 42.88032589392728 0.1200097441821619
-2.75 -2.5 45 46 41.52028271794751 0.1146537152738527
-2.75 -2.5 46 47 40.19495276359481 0.1106674653044419
-2.75 -2.5 47 48 38.9045879128669 0.1081648608698066
-2.75 -2.5 48 49 37.64997377931704 0.1070848359644818
-2.75 -2.5 49 50 36.4313493265644 0.1066099533795805
-2.5 -2.25 0 1 3478.903213304484 1.614899010690667
-2.5 -2.25 1 2 -3488.192054537245 0.9520686338992961
-2.5 -2.25 2 3 -5241.665688815187 1.689885284278949
-2.5 -2.25 3 4 -3928.18634555117 1.558065509198315
-2.5 -2.25 4 5 -2791.015853838075 1.414159986861224
-2.5 -2.25 5 6 -1981.646278233946 1.268160483489827
-2.5 -2.25 6 7 -1419.635046818059 1.133548516554848
-2.5 -2.25 7 8 -1026.433869849926 1.015850240338035
-2.5 -2.25 8 9 -747.062280535547 0.9137314543848986
-2.5 -2.25 9 10 -545.2288920929691 0.8258066102468611
-2.5 -2.25 10 11 -397.1911120797533 0.7495240484543165
-2.5 -2.25 11 12 -287.1354824758894 0.6830743851482576
-2.5 -2.25 12 13 -204.377781221446 0.6248662752421802
-2.5 -2.25 13 14 -141.557913440445 0.5735924625580134
-2.5 -2.25 14 15 -93.51250091773318 0.5281847511986807
-2.5 -2.25 15 16 -56.55686095261171 0.4877693776918936
-2.5 -2.25 16 17 -28.01998297588875 0.4516287185223071
-2.5 -2.25 17 18 -5.937893360820226 0.4191701667818188
-2.5 -2.25 18 19 11.15219859023114 0.3899013915473342
-2.5 -2.25 19 20 24.35249892599063 0.3634108286528646
-2.5 -2.25 20 21 34.50222741346442 0.3393523168486891
-2.5 -2.25 21 22 42.24639688717093 0.3174329703178831
-2.5 -2.25 22 23 48.08496502620187 0.2974035648401338
-2.5 -2.25 23 24 52.40841520704907 0.2790508783712878
-2.5 -2.25 24 25 55.52382149632297 0.2621915515265655
-2.5 -2.25 25 26 57.67415313596121 0.2466671394274641
-2.5 -2.25 26 27 59.05271742736306 0.2323400980186493
-2.5 -2.25 27 28 59.81406677426958 0.2190905107752544
-2.5 -2.25 28 29 60.08230706803045 0.2068134022115901
-2.5 -2.25 29 30 59.95747735233255 0.1954165226688153
-2.5 -2.25 30 31 59.52048502131618 0.1848185100607522
-2.5 -2.25 31 32 58.83694997582222 0.1749473580613033
-2.5 -2.25 32 33 57.9602181417298 0.1657391326269146
-2.5 -2.25 33 34 56.93373793915754 0.1571368911866383
-2.5 -2.25 34 35 55.79294477169537 0.149089770397541
-2.5 -2.25 35 36 54.56676312275988 0.1415522096528153
-2.5 -2.25 36 37 53.27880959547872 0.1344832909141636
-2.5 -2.25 37 38 51.94836078390756 0.1278461726367594
-2.5 -2.25 38 39 50.5911351935664 0.1216076042245332
-2.5 -2.25 39 40 49.21992736373664 0.1157375069058613
-2.5 -2.25 40 41 47.84512407885774 0.1102086121408907
-2.5 -2.25 41 42 46.47512589230013 0.1049961468640159
-2.5 -2.25 42 43 45.11669250822555 0.100077560577308
-2.5 -2.25 43 44 43.77522654687897 0.09543228632869429
-2.5 -2.25 44 45 42.45500731713011 0.09104153175801111
-2.5 -2.25 45 46 41.15837319615216 0.08720938920232656
-2.5 -2.25 46 47 39.88980933922244 0.08512299562088708
-2.5 -2.25 47 48 38.65023850660018 0.08491568206729055
-2.5 -2.25 48 49 37.44107674202326 0.08642956264654635
-2.5 -2.25 49 50 36.26312332910484 0.09185899094502689
-2.25 -2 0 1 4002.917542083832 1.033366036100266
-2.25 -2 1 2 -3093.605465996256 0.8434720936918155
-2.25 -2 2 3 -5333.77796402672 1.648652236312181
-2.25 -2 3 4 -4069.123763419784 1.528356236003786
-2.25 -2 4 5 -2918.07061710837 1.349237044621324
-2.25 -2 5 6 -2086.431749161459 1.190368682342527
-2.25 -2 6 7 -1504.15301233121 1.056892794150064
-2.25 -2 7 8 -1094.384766708767 0.9445286918035517
-2.25 -2 8 9 -801.8674712676584 0.8497778379372576
-2.25 -2 9 10 -589.6643658686271 0.7684048153749803
-2.25 -2 10 11 -433.4179163806468 0.6982824479452069
-2.25 -2 11 12 -316.8226141421278 0.6372875401161634
-2.25 -2 12 13 -228.8161100948359 0.583847772929881
-2.25 -2 13 14 -161.7522387955369 0.5367221936742524
-2.25 -2 14 15 -110.2512662228473 0.4949204240740754
-2.25 -2 15 16 -70.46397557746127 0.4576437499580563
-2.25 -2 16 17 -39.59323062756721 0.4242417390006776
-2.25 -2 17 18 -15.57751688105532 0.3941799330363554
-2.25 -2 18 19 3.122065671873088 0.3670155088310124
-2.25 -2 19 20 17.66762227068648 0.3423787385288584
-2.25 -2 20 21 28.94589779854539 0.3199587162721794
-2.25 -2 21 22 37.63989808617669 0.2994922673015838
-2.25 -2 22 23 44.28016655469435 0.2807552447698469
-2.25 -2 23 24 49.28196862069581 0.2635556457250752
-2.25 -2 24 25 52.97257790659057 0.2477281203720903
-2.25 -2 25 26 55.61151891042846 0.233129559772408
-2.25 -2 26 27 57.40573661193844 0.219635524615704
-2.25 -2 27 28 58.52107081868769 0.2071373352315914
-2.25 -2 28 29 59.09101062722664 0.1955396855646235
-2.25 -2 29 30 59.22342722471512 0.1847586738672291
-2.25 -2 30 31 59.00579041807345 0.1747201699038902
-2.25 -2 31 32 58.50923824173168 0.1653584517555446
-2.25 -2 32 33 57.79177214278991 0.1566150632996312
-2.25 -2 33 34 56.90078059233372 0.1484378517958013
-2.25 -2 34 35 55.87504333018109 0.140780152520194
-2.25 -2 35 36 54.74633136856494 0.1336000967627859
-2.25 -2 36 37 53.54069042116026 0.1268600201302585
-2.25 -2 37 38 52.27947504555954 0.1205259560306511
-2.25 -2 38 39 50.98018540357009 0.1145671998995093
-2.25 -2 39 40 49.65714692783524 0.1089559335150315
-2.25 -2 40 41 48.32206449114852 0.1036668983305393
-2.25 -2 41 42 46.98447565981678 0.09867711360267081
-2.25 -2 42 43 45.65212269153298 0.09396562896110912
-2.25 -2 43 44 44.33125868641108 0.08951330952057245
-2.25 -2 44 45 43.02690024297752 0.08530264628962313
-2.25 -2 45 46 41.74198198159178 0.08196979101988372
-2.25 -2 46 47 40.48162930741 0.0818916170444372
-2.25 -2 47 48 39.24720518211208 0.0851319896326726
-2.25 -2 48 49 38.04054714242361 0.09107558273124519
-2.25 -2 49 50 36.86282105530947 0.09736485281023083
-2 -1.75 0 1 4501.808360765207 1.067622398256484
-2 -1.75 1 2 -2697.576383651005 2.839188789838063
-2 -1.75 2 3 -5393.834749526349 2.811854503350372
-2 -1.75 3 4 -4188.075530804457 2.290307575666892
-2 -1.75 4 5 -3035.050045067158 1.878299465824931
-2 -1.75 5 6 -2189.573944504435 1.572413805259392
-2 -1.75 6 7 -1592.287980705178 1.34124167146533
-2 -1.75 7 8 -1169.003852449264 1.161569564470735
-2 -1.75 8 9 -864.9782150411429 1.018962505246553
-2 -1.75 9 10 -643.1666370249536 0.902717943684063
-2 -1.75 10 11 -478.9446674715682 0.8064890387130512
-2 -1.75 11 12 -355.7281308246927 0.7256052962383052
-2 -1.75 12 13 -262.2083104345784 0.6567196513748422
-2 -1.75 13 14 -190.5341003157446 0.5974069263087514
-2 -1.75 14 15 -135.1594622611285 0.5458547536834746
-2 -1.75 15 16 -92.10152181472745 0.5006814808767598
-2 -1.75 16 17 -58.45595961194886 0.4608150934367093
-2 -1.75 17 18 -32.07516822872049 0.4254107736948
-2 -1.75 18 19 -11.35084323264641 0.3937935062911632
-2 -1.75 19 20 4.935331928675851 0.3654172962866556
-2 -1.75 20 21 17.71586085738022 0.3398356460570223
-2 -1.75 21 22 27.71119466471737 0.3166798158437109
-2 -1.75 22 23 35.48267855605536 0.2956425688951323
-2 -1.75 23 24 41.47104332158392 0.2764658459240019
-2 -1.75 24 25 46.02471878638801 0.2589312994016213
-2 -1.75 25 26 49.42088767676012 0.242852941188532
-2 -1.75 26 27 51.88129913643763 0.2280713688259244
-2 -1.75 27 28 53.58425689963144 0.2144491891374292
-2 -1.75 28 29 54.67378594488821 0.2018673572561671
-2 -1.75 29 30 55.26669765515987 0.1902222243643858
-2 -1.75 30 31 55.45807568148666 0.17942313769239
-2 -1.75 31 32 55.32556485500095 0.1693904769643459
-2 -1.75 32 33 54.93274576830572 0.1600540355395464
-2 -1.75 33 34 54.33180577864732 0.1513516795689833
-2 -1.75 34 35 53.56566486550884 0.1432282281738343
-2 -1.75 35 36 52.66967637665294 0.1356345163448091
-2 -1.75 36 37 51.67299423422526 0.1285266041543727
-2 -1.75 37 38 50.59967700077027 0.1218651074816864
-2 -1.75 38 39 49.46958320797955 0.1156146287867226
-2 -1.75 39 40 48.29910024299204 0.1097432710004458
-2 -1.75 40 41 47.1017400203591 0.1042222202054829
-2 -1.75 41 42 45.88862733262641 0.09902538688238988
-2 -1.75 42 43 44.66890162474721 0.09412909583035578
-2 -1.75 43 44 43.45004847588098 0.08951181643009302
-2 -1.75 44 45 42.23817386428203 0.08515392990977326
-2 -1.75 45 46 41.03714776721228 0.0814298604411062
-2 -1.75 46 47 39.853005844042 0.08134832263458788
-2 -1.75 47 48 38.68784276486522 0.08504315849105107
-2 -1.75 48 49 37.54417316966175 0.09158194270110902
-2 -1.75 49 50 36.42376098950905 0.09848030701506755
-1.75 -1.5 0 1 4962.920930999772 0.9826774105428387
-1.75 -1.5 1 2 -2311.543584443171 0.8469505494237148
-1.75 -1.5 2 3 -5423.746676441233 1.75851611474989
-1.75 -1.5 3 4 -4261.638744816253 1.69841279166289
-1.75 -1.5 4 5 -3101.740026489592 1.513777988406811
-1.75 -1.5 5 6 -2243.241587486921 1.328076489661081
-1.75 -1.5 6 7 -1634.300867053846 1.165372119387897
-1.75 -1.5 7 8 -1201.742211054346 1.027604375645198
-1.75 -1.5 8 9 -890.5930274691177 0.9131062780210808
-1.75 -1.5 9 10 -663.286585275584 0.8147801128324579
-1.75 -1.5 10 11 -494.8126552191675 0.7328237313213217
-1.75 -1.5 11 12 -368.2872045999102 0.6623624272959022
-1.75 -1.5 12 13 -272.1687348337741 0.6016122089174216
-1.75 -1.5 13 14 -198.4389677349502 0.5488200764449064
-1.75 -1.5 14 15 -141.4282577715558 0.502608972716018
-1.75 -1.5 15 16 -97.06139023305059 0.4618898606776226
-1.75 -1.5 16 17 -62.36427832383401 0.4257939637527564
-1.75 -1.5 17 18 -35.13601100587289 0.3936217362251967
-1.75 -1.5 18 19 -13.72713104665741 0.36480465455651
-1.75 -1.5 19 20 3.112754596432296 0.3388765457503759
-1.75 -1.5 20 21 16.34136726775796 0.3154519313144342
-1.75 -1.5 21 22 26.69913651019453 0.2942095443721167
-1.75 -1.5 22 23 34.7633438927511 0.2748796629227216
-1.75 -1.5 23 24 40.98750999401739 0.2572342932887161
-1.75 -1.5 24 25 45.73038499101585 0.2410794905371547
-1.75 -1.5 25 26 49.27751970201678 0.226249300177481
-1.75 -1.5 26 27 51.85747774428387 0.2126009379478482
-1.75 -1.5 27 28 53.65413355554608 0.2000109261229958
-1.75 -1.5 28 29 54.81608171542507 0.1883719720045568
-1.75 -1.5 29 30 55.46389347623358 0.1775904291246571
-1.75 -1.5 30 31 55.69575449427452 0.1675842191394647
-1.75 -1.5 31 32 55.59187495549816 0.1582811189238301
-1.75 -1.5 32 33 55.21796141037248 0.1496173421512745
-1.75 -1.5 33 34 54.62796618632109 0.1415363565503343
-1.75 -1.5 34 35 53.86627673589737 0.1339878938250587
-1.75 -1.5 35 36 52.96946801007988 0.126927116060044
-1.75 -1.5 36 37 51.96771179638966 0.1203139109568758
-1.75 -1.5 37 38 50.88591529442601 0.1141122932999104
-1.75 -1.5 38 39 49.74464479781398 0.1082898939026893
-1.75 -1.5 39 40 48.56087794850311 0.1028175235045087
-1.75 -1.5 40 41 47.34861872480536 0.09766879554389386
-1.75 -1.5 41 42 46.1194017926714 0.09281980359103101
-1.75 -1.5 42 43 44.88270757988778 0.0882488398358436
-1.75 -1.5 43 44 43.64630482530765 0.08393615217360692
-1.75 -1.5 44 45 42.41653408406148 0.07986373168732257
-1.75 -1.5 45 46 41.19741826614171 0.07672855604558342
-1.75 -1.5 46 47 39.99523155911601 0.07713674247518937
-1.75 -1.5 47 48 38.81215806959278 0.08117601719181793
-1.75 -1.5 48 49 37.65081847238426 0.0881931549340704
-1.75 -1.5 49 50 36.51306982774955 0.0956066987349822
-1.5 -1.25 0 1 5400.125514613932 3.131854080755113
-1.5 -1.25 1 2 -1931.238187534106 3.757016799301039
-1.5 -1.25 2 3 -5448.077530875078 1.68929950744486
-1.5 -1.25 3 4 -4341.751391791708 1.62475926747621
-1.5 -1.25 4 5 -3183.137589086987 1.45104614625025
-1.5 -1.25 5 6 -2315.280845061235 1.281327444311911
-1.5 -1.25 6 7 -1695.734742039142 1.133439833176411
-1.5 -1.25 7 8 -1253.593349157908 1.007999682826284
-1.5 -1.25 8 9 -934.306370761642 0.901691215220372
-1.5 -1.25 9 10 -700.3164349061649 0.8105468972014346
-1.5 -1.25 10 11 -526.2419041265516 0.7334713582443877
-1.5 -1.25 11 12 -395.111836205866 0.6665835636817253
-1.5 -1.25 12 13 -295.1724188477508 0.6084212058066503
-1.5 -1.25 13 14 -218.2571609660611 0.5574889464239208
-1.5 -1.25 14 15 -158.5773337965375 0.5125977357652601
-1.5 -1.25 15 16 -111.9627014926712 0.4727957634984696
-1.5 -1.25 16 17 -75.36337405101926 0.4373149461484619
-1.5 -1.25 17 18 -46.51778504805065 0.4055301774605209
-1.5 -1.25 18 19 -23.72771871903296 0.3769284191783118
-1.5 -1.25 19 20 -5.703378676151942 0.3510851946851652
-1.5 -1.25 20 21 8.544975817344948 0.3276466034454718
-1.5 -1.25 21 22 19.7839366717651 0.3063154623852321
-1.5 -1.25 22 23 28.61227636116837 0.2868405340307161
-1.5 -1.25 23 24 35.5012593300936 0.2690080881355957
-1.5 -1.25 24 25 40.82435716537839 0.2531511244158626
-1.5 -1.25 25 26 44.879390791265 0.2403035151707674
-1.5 -1.25 26 27 47.90519543542598 0.2283413254697434
-1.5 -1.25 27 28 50.09427968703358 0.2171854793312199
-1.5 -1.25 28 29 51.60252427387445 0.2067655094102866
-1.5 -1.25 29 30 52.55667189763187 0.1970184831721359
-1.5 -1.25 30 31 53.06015396472196 0.1878880744244985
-1.5 -1.25 31 32 53.19765455886522 0.1793237582033628
-1.5 -1.25 32 33 53.03870808553665 0.1712801141243307
-1.5 -1.25 33 34 52.6405520083519 0.1637162221990771
-1.5 -1.25 34 35 52.05040141186436 0.1565951392624235
-1.5 -1.25 35 36 51.30727192417214 0.1498834429700954
-1.5 -1.25 36 37 50.44344768593936 0.1435508359507773
-1.5 -1.25 37 38 49.48566882103978 0.1375697990875988
-1.5 -1.25 38 39 48.45609603898032 0.1319152898391695
-1.5 -1.25 39 40 47.37309724086231 0.1265644772435311
-1.5 -1.25 40 41 46.25189144198578 0.1214965093404848
-1.5 -1.25 41 42 45.10507756020201 0.1166923088381697
-1.5 -1.25 42 43 43.94307019669895 0.112134392922021
-1.5 -1.25 43 44 42.77445977241734 0.1078067145106698
-1.5 -1.25 44 45 41.60631101540406 0.1036945205843703
-1.5 -1.25 45 46 40.44325818654278 0.1001276499246486
-1.5 -1.25 46 47 39.29218630181535 0.0983786824505571
-1.5 -1.25 47 48 38.15575343693087 0.0986248326867533
-1.5 -1.25 48 49 37.03702558947046 0.1007677641783906
-1.5 -1.25 49 50 35.93824326561869 0.1035621379035262
-1.25 -1 0 1 5769.402548527819 1.560245759521926
-1.25 -1 1 2 -1628.046529999236 0.7417723786796169
-1.25 -1 2 3 -5485.924411947102 2.082506563443828
-1.25 -1 3 4 -4419.695001770616 1.980005089143033
-1.25 -1 4 5 -3256.293078749193 1.743976970193626
-1.25 -1 5 6 -2376.518875041723 1.524481598636168
-1.25 -1 6 7 -1745.463541794187 1.339401853677042
-1.25 -1 7 8 -1293.685454991848 1.185624271878854
-1.25 -1 8 9 -966.6426553308584 1.057521854393771
-1.25 -1 9 10 -726.4840612521525 0.9500639635676439
-1.25 -1 10 11 -547.4976882909 0.858256937228967
-1.25 -1 11 12 -412.4379910317689 0.7796464089306647
-1.25 -1 12 13 -309.3366036589746 0.7115696071732979
-1.25 -1 13 14 -229.8613786074363 0.6521362874787072
-1.25 -1 14 15 -168.0967637557899 0.5998719785693987
-1.25 -1 15 16 -119.7751415756918 0.5536131253019994
-1.25 -1 16 17 -81.77137686907099 0.5124309170041171
-1.25 -1 17 18 -51.76531892288926 0.475575790809473
-1.25 -1 18 19 -28.01277561509346 0.4424366568925647
-1.25 -1 19 20 -9.187586352054495 0.4125106176899127
-1.25 -1 20 21 5.728965138488547 0.3853802221455017
-1.25 -1 21 22 17.52671925593086 0.3606961831256906
-1.25 -1 22 23 26.82322177667209 0.3381641016331409
-1.25 -1 23 24 34.10498648425607 0.3175341610123155
-1.25 -1 24 25 39.75793931548128 0.2985930500751215
-1.25 -1 25 26 44.09012381932314 0.2811575727285721
-1.25 -1 26 27 47.34880476870012 0.265069550610847
-1.25 -1 27 28 49.73347133411335 0.2501917234239125
-1.25 -1 28 29 51.40580768738027 0.2364044269828329
-1.25 -1 29 30 52.49739893151605 0.2236028832560213
-1.25 -1 30 31 53.11573065318555 0.2116949740515973
-1.25 -1 31 32 53.34889187342355 0.2005994017993565
-1.25 -1 32 33 53.26928503220324 0.1902441605831832
-1.25 -1 33 34 52.93656997097656 0.1805652578144737
-1.25 -1 34 35 52.40001293817232 0.1715056416707713
-1.25 -1 35 36 51.70037050626718 0.1630142937801868
-1.25 -1 36 37 50.87140770680162 0.155045462060701
-1.25 -1 37 38 49.94112692077704 0.1475580052663202
-1.25 -1 38 39 48.9327667937431 0.1405148338267627
-1.25 -1 39 40 47.8656173641445 0.1338824289999607
-1.25 -1 40 41 46.75568776773997 0.1276304287605486
-1.25 -1 41 42 45.6162549146739 0.1217312701845844
-1.25 -1 42 43 44.45831595037447 0.1161598778539953
-1.25 -1 43 44 43.29096241843996 0.1108933943092407
-1.25 -1 44 45 42.12169057483169 0.1059109430927198
-1.25 -1 45 46 40.95547827037882 0.1015711192621315
-1.25 -1 46 47 39.79958895617244 0.09928934282680521
-1.25 -1 47 48 38.65692911795753 0.09928396873931344
-1.25 -1 48 49 37.53080347489745 0.1014402136072568
-1.25 -1 49 50 36.42366141020713 0.1086353740785827
-1 -0.75 0 1 6091.057597629901 2.278831371405573
-1 -0.75 1 2 -1338.394801262388 2.048310697964582
-1 -0.75 2 3 -5487.414068988746 1.561647627781208
-1 -0.75 3 4 -4459.83137769763 1.517779852660828
-1 -0.75 4 5 -3297.038886661483 1.361425115328417
-1 -0.75 5 6 -2411.245499356182 1.210499614122749
-1 -0.75 6 7 -1773.804043717314 1.080256502543612
-1 -0.75 7 8 -1316.564501435635 0.9698028919263559
-1 -0.75 8 9 -985.1033121532173 0.8756370980176768
-1 -0.75 9 10 -741.4242569239764 0.7944793121042119
-1 -0.75 10 11 -559.6422435166742 0.7247384539214333
-1 -0.75 11 12 -422.3488359773032 0.6637017601854183
-1 -0.75 12 13 -317.4546185001909 0.6100690190041846
-1 -0.75 13 14 -236.5323078547078 0.5626355719439061
-1 -0.75 14 15 -173.5934263401566 0.5204390615351312
-1 -0.75 15 16 -124.3143087573076 0.4827028095151567
-1 -0.75 16 17 -85.52647350815096 0.4487938118532189
-1 -0.75 17 18 -54.87599017445473 0.4181914064440216
-1 -0.75 18 19 -30.5921337651273 0.3904636778700166
-1 -0.75 19 20 -11.32774317272469 0.365249505218881
-1 -0.75 20 21 3.952638941526857 0.342244753943906
-1 -0.75 21 22 16.0522867132122 0.3211915577403043
-1 -0.75 22 23 25.59959069788215 0.3018699105099632
-1 -0.75 23 24 33.08986739120951 0.2840910180020469
-1 -0.75 24 25 38.91622340810738 0.2676919954276811
-1 -0.75 25 26 43.39258626267315 0.2525316047130823
-1 -0.75 26 27 46.77106193380666 0.238486802786443
-1 -0.75 27 28 49.25513773367663 0.2254499275984134
-1 -0.75 28 29 51.00981099764419 0.2133263884945737
-1 -0.75 29 30 52.1694209389799 0.2020327585663387
-1 -0.75 30 31 52.84374907614028 0.1914951911206497
-1 -0.75 31 32 53.12280341785095 0.1816480964416916
-1 -0.75 32 33 53.08059417724189 0.1724330308584137
-1 -0.75 33 34 52.77813117681637 0.1637977607909314
-1 -0.75 34 35 52.2658164528055 0.1556954676647611
-1 -0.75 35 36 51.58536388706545 0.1480840726717557
-1 -0.75 36 37 50.77134670686598 0.1409256589756265
-1 -0.75 37 38 49.8524505943987 0.1341859757828737
-1 -0.75 38 39 48.85249264455155 0.1278340115375143
-1 -0.75 39 40 47.79125312201364 0.1218416248647547
-1 -0.75 40 41 46.68515700903765 0.1161832244008362
-1 -0.75 41 42 45.54783422556193 0.1108354904886281
-1 -0.75 42 43 44.39058175124029 0.1057771320501806
-1 -0.75 43 44 43.22274588414984 0.1009886739027632
-1 -0.75 44 45 42.05203935785198 0.09645227025559519
-1 -0.75 45 46 40.88359907175175 0.09295080140347441
-1 -0.75 46 47 39.72489049763817 0.09341105219697025
-1 -0.75 47 48 38.57892773473463 0.09794172876418475
-1 -0.75 48 49 37.44912771012585 0.1058157072877929
-1 -0.75 49 50 36.33802815278338 0.1141457387942975
-0.75 -0.5 0 1 6343.744026520681 3.281193739489346
-0.75 -0.5 1 2 -1113.966307386613 2.760598741436517
-0.75 -0.5 2 3 -5495.265346199091 1.568830575237464
-0.75 -0.5 3 4 -4500.009848907682 1.534426693875262
-0.75 -0.5 4 5 -3338.265630373286 1.378417024220161
-0.75 -0.5 5 6 -2447.508813843009 1.2250252057148
-0.75 -0.5 6 7 -1804.458850083531 1.091737210700588
-0.75 -0.5 7 8 -1342.21561034874 0.9783079497890412
-0.75 -0.5 8 9 -1006.562716388595 0.8981403085673867
-0.75 -0.5 9 10 -759.4365055534827 0.8277912484619629
-0.75 -0.5 10 11 -574.8373980072947 0.7645079453350434
-0.75 -0.5 11 12 -435.2317255261441 0.7071906123498289
-0.75 -0.5 12 13 -328.4324966508143 0.6555414042104525
-0.75 -0.5 13 14 -245.9323906447687 0.6089779640968922
-0.75 -0.5 14 15 -181.6796078527402 0.5669278986682633
-0.75 -0.5 15 16 -131.3005495036127 0.52886532849123
-0.75 -0.5 16 17 -91.58726543962825 0.4943219920757766
-0.75 -0.5 17 18 -60.15447487991651 0.4628872845774243
-0.75 -0.5 18 19 -35.20640149262022 0.4342037833993939
-0.75 -0.5 19 20 -15.37573984281448 0.407961268042692
-0.75 -0.5 20 21 0.3892670564241598 0.3838905930601778
-0.75 -0.5 21 22 12.90516109034388 0.3617579921717955
-0.75 -0.5 22 23 22.81119371487443 0.3413600223334486
-0.75 -0.5 23 24 30.61161920991231 0.3225191829853625
-0.75 -0.5 24 25 36.70693579703163 0.3050801701289889
-0.75 -0.5 25 26 41.41721216169287 0.288906695994737
-0.75 -0.5 26 27 44.99967861735399 0.273878797491906
-0.75 -0.5 27 28 47.66211566929849 0.2598905602404554
-0.75 -0.5 28 29 49.57313121517302 0.2468481940917935
-0.75 -0.5 29 30 50.87011184764424 0.2346684021525664
-0.75 -0.5 30 31 51.66541986568257 0.2232769976099926
-0.75 -0.5 31 32 52.05125594469177 0.2126077248150515
-0.75 -0.5 32 33 52.10349892555541 0.2026012556635055
-0.75 -0.5 33 34 51.88475576046881 0.1932043289777546
-0.75 -0.5 34 35 51.4467973716927 0.1843690129561536
-0.75 -0.5 35 36 50.83251403825369 0.1760520699826661
-0.75 -0.5 36 37 50.07749255039357 0.1682144085584456
-0.75 -0.5 37 38 49.21129400722145 0.1608206085566219
-0.75 -0.5 38 39 48.25849338952025 0.1538385091834554
-0.75 -0.5 39 40 47.23952858776079 0.1472388505275434
-0.75 -0.5 40 41 46.17139646269561 0.1409949601781325
-0.75 -0.5 41 42 45.06822529268976 0.1350824793940435
-0.75 -0.5 42 43 43.94174723063429 0.1294791223917638
-0.75 -0.5 43 44 42.8016893159089 0.1241644653067638
-0.75 -0.5 44 45 41.65609802874854 0.1191197590462757
-0.75 -0.5 45 46 40.51038633093367 0.1147049163831313
-0.75 -0.5 46 47 39.37230673264264 0.1123285551980827
-0.75 -0.5 47 48 38.24508401948896 0.1122038746736516
-0.75 -0.5 48 49 37.13233600164202 0.1142270805631541
-0.75 -0.5 49 50 36.03677627739643 0.1170215634484683
-0.5 -0.25 0 1 6513.827943728207 3.371102689782213
-0.5 -0.25 1 2 -966.9429842228806 2.362016134954538
-0.5 -0.25 2 3 -5504.724370622946 1.5482731593064
-0.5 -0.25 3 4 -4530.200115466544 1.532191073212677
-0.5 -0.25 4 5 -3368.159707343628 1.446702302432629
-0.5 -0.25 5 6 -2473.260617007751 1.358566870566106
-0.5 -0.25 6 7 -1825.835967006585 1.249637251210302
-0.5 -0.25 7 8 -1359.787861052657 1.142682111270889
-0.5 -0.25 8 9 -1020.99685758772 1.044499578567569
-0.5 -0.25 9 10 -771.3259650934187 0.9566272601824571
-0.5 -0.25 10 11 -584.6683827754991 0.8779305353143614
-0.5 -0.25 11 12 -443.3918588711881 0.8081185113833155
-0.5 -0.25 12 13 -335.2303054346412 0.7459528439681737
-0.5 -0.25 13 14 -251.6134552266672 0.6904443661564008
-0.5 -0.25 14 15 -186.4403359620408 0.640714767790447
-0.5 -0.25 15 16 -135.2989659361219 0.5960043491972374
-0.5 -0.25 16 17 -94.95131608642146 0.5556635047779547
-0.5 -0.25 17 18 -62.98839208670006 0.519139121517601
-0.5 -0.25 18 19 -37.59559510998452 0.4859604443791671
-0.5 -0.25 19 20 -17.39057610567579 0.4557261392292593
-0.5 -0.25 20 21 -1.309474163053437 0.4280930791605605
-0.5 -0.25 21 22 11.47405285663308 0.4027668789829311
-0.5 -0.25 22 23 21.60723818412953 0.3794940082315545
-0.5 -0.25 23 24 29.60087227661779 0.3580552611942811
-0.5 -0.25 24 25 35.86083271561529 0.338260359935992
-0.5 -0.25 25 26 40.71163607280403 0.3199434937132554
-0.5 -0.25 26 27 44.41420620092026 0.3029596251326543
-0.5 -0.25 27 28 47.17940298067128 0.2871814223205744
-0.5 -0.25 28 29 49.17841118285401 0.2724967036561863
-0.5 -0.25 29 30 50.55078124558088 0.2588063016288663
-0.5 -0.25 30 31 51.41069838131284 0.2460222691839249
-0.5 -0.25 31 32 51.85190364040716 0.2340663696386985
-0.5 -0.25 32 33 51.95158121988777 0.2228687991373557
-0.5 -0.25 33 34 51.77344725575904 0.2123671023672877
-0.5 -0.25 34 35 51.37021756787868 0.2025052484506464
-0.5 -0.25 35 36 50.78558932260489 0.1932328412066279
-0.5 -0.25 36 37 50.05583991963312 0.1845044409156167
-0.5 -0.25 37 38 49.21112282431613 0.176278980978735
-0.5 -0.25 38 39 48.27652215780705 0.1685192634246886
-0.5 -0.25 39 40 47.27291426685099 0.1611915221884903
-0.5 -0.25 40 41 46.2176742896134 0.154265043356937
-0.5 -0.25 41 42 45.12525742727462 0.1477118342861935
-0.5 -0.25 42 43 44.0076788338074 0.1415063338440094
-0.5 -0.25 43 44 42.87491090350443 0.1356251592316207
-0.5 -0.25 44 45 41.73521313848539 0.1300468828953076
-0.5 -0.25 45 46 40.59417192426235 0.1251055666425351
-0.5 -0.25 46 47 39.45972396663416 0.1221233330329512
-0.5 -0.25 47 48 38.33522277998566 0.1213156207125461
-0.5 -0.25 48 49 37.2244086393614 0.1226135332457248
-0.5 -0.25 49 50 36.13010251664164 0.1247298241398929
-0.25 0 0 1 6600.913164213274 3.590828838581102
-0.25 0 1 2 -889.6546574928507 3.032851855053439
-0.25 0 2 3 -5506.727440560919 1.566768963737478
-0.25 0 3 4 -4542.4026572614 1.541694287574721
-0.25 0 4 5 -3380.095098198864 1.388597115065664
-0.25 0 5 6 -2483.16830873545 1.236228412765568
-0.25 0 6 7 -1833.701371068078 1.124995809715144
-0.25 0 7 8 -1365.942025724077 1.04060125637518
-0.25 0 8 9 -1025.786470333032 0.9593492135924753
-0.25 0 9 10 -775.0421806521581 0.8845507922416682
-0.25 0 10 11 -587.5435524783911 0.8161648084581483
-0.25 0 11 12 -445.6039070709994 0.7546534515773574
-0.25 0 12 13 -336.9176363650035 0.6992740642255413
-0.25 0 13 14 -252.8837105269895 0.6493896769604113
-0.25 0 14 15 -187.3777992377004 0.6043760332245933
-0.25 0 15 16 -135.9701129146249 0.5636607609601098
-0.25 0 16 17 -95.40894475189339 0.5267350444813702
-0.25 0 17 18 -63.27470421340058 0.4931533731380024
-0.25 0 18 19 -37.7445119999918 0.4625284608714245
-0.25 0 19 20 -17.4294948005379 0.434524586259644
-0.25 0 20 21 -1.260612300770617 0.4088508177082789
-0.25 0 21 22 11.59261732649793 0.3852547408067233
-0.25 0 22 23 21.78075594580628 0.3635169062755844
-0.25 0 23 24 29.81728472075099 0.3434460306632048
-0.25 0 24 25 36.11026641906358 0.3248748999840725
-0.25 0 25 26 40.98599950707705 0.3076568981974604
-0.25 0 26 27 44.70686605888898 0.29166307254629
-0.25 0 27 28 47.48492300980126 0.2767796567909736
-0.25 0 28 29 49.49234044579055 0.2629059784114151
-0.25 0 29 30 50.86948171942504 0.2499526875128616
-0.25 0 30 31 51.73120404997644 0.2378402559487413
-0.25 0 31 32 52.17180493155956 0.2264977005756944
-0.25 0 32 33 52.26892993596118 0.2158614953813538
-0.25 0 33 34 52.08667814498176 0.2058746413897433
-0.25 0 34 35 51.67808346205288 0.1964858688913303
-0.25 0 35 36 51.08710737080048 0.187648952056215
-0.25 0 36 37 50.35024692917216 0.1793221165320543
-0.25 0 37 38 49.4978380978942 0.1714675282934612
-0.25 0 38 39 48.55511651484824 0.1640508489874513
-0.25 0 39 40 47.54308418436852 0.1570408501725985
-0.25 0 40 41 46.47922028593467 0.1504090759436038
-0.25 0 41 42 45.37806597285862 0.1441295481400817
-0.25 0 42 43 44.25170719910011 0.1381785079181248
-0.25 0 43 44 43.1101744566227 0.1325341884598176
-0.25 0 44 45 41.96177468928744 0.1271766145974997
-0.25 0 45 46 40.81212579451932 0.1224535177459238
-0.25 0 46 47 39.66920933466628 0.119732849478719
-0.25 0 47 48 38.53639637763922 0.1192314900132857
-0.25 0 48 49 37.41744644328253 0.1208678880132688
-0.25 0 49 50 36.31519478199826 0.1233089250828172
0 0.25 0 1 6600.414929441851 3.590825517929741
0 0.25 1 2 -890.5848758965421 3.032825552576525
0 0.25 2 3 -5507.333167316065 1.566690829260533
0 0.25 3 4 -4542.577075135762 1.541629667949601
0 0.25 4 5 -3380.02703881555 1.388562677493506
0 0.25 5 6 -2483.002822734439 1.236225990074415
0 0.25 6 7 -1833.510830536896 1.125017315499551
0 0.25 7 8 -1365.758754089045 1.040636942365797
0 0.25 8 9 -1025.622456888109 0.9593905760684767
0 0.25 9 10 -774.8999073063956 0.88459097628797
0 0.25 10 11 -587.4221478701361 0.8162045668475363
0 0.25 11 12 -445.5002070268952 0.7546900198643507
0 0.25 12 13 -336.8285012653541 0.6993069539493049
0 0.25 13 14 -252.8063028794256 0.6494188721340339
0 0.25 14 15 -187.3097577022436 0.6044017566192461
0 0.25 15 16 -135.9095624829054 0.5636833384173651
0 0.25 16 17 -95.35443920758121 0.5267548298018847
0 0.25 17 18 -63.22514807641073 0.4931707098794934
0 0.25 18 19 -37.69908377509933 0.4625436644343907
0 0.25 19 20 -17.38758036770355 0.4345379375445294
0 0.25 20 21 -1.221750872928851 0.408862562523303
0 0.25 21 22 11.62877520707366 0.3852650920740702
0 0.25 22 23 21.81448006770643 0.3635260474887227
0 0.25 23 24 29.84878850242592 0.3434541194898554
0 0.25 24 25 36.13972371041223 0.3248820719426291
0 0.25 25 26 41.01355648173603 0.3076632696484056
0 0.25 26 27 44.73264948287726 0.2916687437098545
0 0.25 27 28 47.50904588400863 0.2767847140384506
0 0.25 28 29 49.51490578101857 0.2629104962612858
0 0.25 29 30 50.89058500626766 0.2499567306606799
0 0.25 30 31 51.75093483542776 0.2378438803734841
0 0.25 31 32 52.19024779673305 0.2265009549420199
0 0.25 32 33 52.28616508417429 0.215864422201586
0 0.25 33 34 52.10278174429209 0.2058772776190938
0 0.25 34 35 51.69312784242442 0.1964882470827707
0 0.25 35 36 51.10116114047412 0.1876511005085592
0 0.25 36 37 50.3633750528461 0.1793240602654643
0 0.25 37 38 49.51010196331276 0.1714692891308305
0 0.25 38 39 48.56657400284752 0.1640524463244342
0 0.25 39 40 47.5537897498059 0.1570423010923387
0 0.25 40 41 46.48922505307371 0.1504103954898571
0 0.25 41 42 45.38741784525877 0.1441307496260238
0 0.25 42 43 44.26045098229531 0.1381796031632176
0 0.25 43 44 43.11835199090513 0.132535188023743
0 0.25 44 45 41.96942499132575 0.1271775278227971
0 0.25 45 46 40.81928516239032 0.1224543648839833
0 0.25 46 47 39.67591160567133 0.1197336928286021
0 0.25 47 48 38.54267295809427 0.1192323905407319
0 0.25 48 49 37.42332650805577 0.1208688943951932
0 0.25 49 50 36.32070538528592 0.1233100406907914
0.25 0.5 0 1 6512.407570613073 3.371094569369209
0.25 0.5 1 2 -969.5900526930891 2.361943026552676
0.25 0.5 2 3 -5506.440806036813 1.54811963450721
0.25 0.5 3 4 -4530.689332376497 1.532081942427379
0.25 0.5 4 5 -3367.964422774708 1.446658926627433
0.25 0.5 5 6 -2472.793361409175 1.35857681546616
0.25 0.5 6 7 -1825.300672958825 1.249680777057421
0.25 0.5 7 8 -1359.274712858288 1.142745461534149
0.25 0.5 8 9 -1020.538721697258 1.044569658276236
0.25 0.5 9 10 -770.9291332076823 0.9566918489101665
0.25 0.5 10 11 -584.3299707907922 0.8779957205755731
0.25 0.5 11 12 -443.1026647169269 0.8081785489534702
0.25 0.5 12 13 -334.9813537513028 0.7460071271889207
0.25 0.5 13 14 -251.3967216657798 0.6904929252768126
0.25 0.5 14 15 -186.2492028082002 0.6407579544219137
0.25 0.5 15 16 -135.1282245420098 0.5960426522050539
0.25 0.5 16 17 -94.79698585288952 0.5556974486071123
0.25 0.5 17 18 -62.84748754654993 0.519169213946248
0.25 0.5 18 19 -37.46590120179962 0.4859871521236979
0.25 0.5 19 20 -17.2704553464232 0.4557498793147474
0.25 0.5 20 21 -1.197711583222372 0.4281142184874956
0.25 0.5 21 22 11.57836924883554 0.4027857373399603
0.25 0.5 22 23 21.70480674675764 0.3795108633502273
0.25 0.5 23 24 29.69224287118311 0.3580703537742433
0.25 0.5 24 25 35.9464531672561 0.3382738986435262
0.25 0.5 25 26 40.79188462764546 0.3199556598906744
0.25 0.5 26 27 44.48941372000661 0.3029705763916546
0.25 0.5 27 28 47.24986776529693 0.2871912960805471
0.25 0.5 28 29 49.24440861227185 0.2725056201239155
0.25 0.5 29 30 50.61256983664714 0.2588143659030734
0.25 0.5 30 31 51.46852343720786 0.2460295735631918
0.25 0.5 31 32 51.90599932042608 0.2340729954461696
0.25 0.5 32 33 52.00217161133378 0.2228748179215665
0.25 0.5 33 34 51.82074684920644 0.2123725773434382
0.25 0.5 34 35 51.41443140286901 0.202510235478033
0.25 0.5 35 36 50.82691297837948 0.193237389845394
0.25 0.5 36 37 50.09445946188379 0.1845085951076111
0.25 0.5 37 38 49.24721477004204 0.1762827797336146
0.25 0.5 38 39 48.3102534952846 0.1685227414772548
0.25 0.5 39 40 47.30444254348981 0.1611947104423114
0.25 0.5 40 41 46.24714777046688 0.1542679695669553
0.25 0.5 41 42 45.15281532008163 0.1477145229168608
0.25 0.5 42 43 44.03345156976252 0.1415088069292177
0.25 0.5 43 44 42.89902046471013 0.1356274366047309
0.25 0.5 44 45 41.75777342002704 0.1300489821381047
0.25 0.5 45 46 40.61528902736273 0.1251075355823859
0.25 0.5 46 47 39.47949685029994 0.1221253327180519
0.25 0.5 47 48 38.35374339391956 0.1213178137687801
0.25 0.5 48 49 37.24176246363723 0.1226160545961999
0.25 0.5 49 50 36.14636887030949 0.1247326863078381
0.5 0.75 0 1 6341.487829367114 3.281192504163864
0.5 0.75 1 2 -1118.156205312667 2.76057211453939
0.5 0.75 2 3 -5497.954132050476 1.568708911584574
0.5 0.75 3 4 -4500.745098449965 1.534305310530905
0.5 0.75 4 5 -3337.926120710158 1.378350272590188
0.5 0.75 5 6 -2446.753230135132 1.225015684226286
0.5 0.75 6 7 -1803.607809729575 1.091765047582104
0.5 0.75 7 8 -1341.407832267319 0.9783587581212677
0.5 0.75 8 9 -1005.846616792656 0.898183190400945
0.5 0.75 9 10 -758.8195694599444 0.8278517385724221
0.5 0.75 10 11 -574.3134131237321 0.7645583200613921
0.5 0.75 11 12 -434.785210447646 0.7072365566894372
0.5 0.75 12 13 -328.0487690342625 0.6555825840954823
0.5 0.75 13 14 -245.5985491752488 0.6090145226645229
0.5 0.75 14 15 -181.3851375999413 0.5669602021543506
0.5 0.75 15 16 -131.0372529052806 0.5288938286097591
0.5 0.75 16 17 -91.34893175388424 0.4943471527406764
0.5 0.75 17 18 -59.93648580390277 0.46290954437476
0.5 0.75 18 19 -35.00536098089128 0.4342235385879631
0.5 0.75 19 20 -15.18916115270827 0.4079788666437096
0.5 0.75 20 21 0.563210579022325 0.383906335366617
0.5 0.75 21 22 13.06782670277471 0.3617721343542861
0.5 0.75 22 23 22.96361089759966 0.3413727813454195
0.5 0.75 23 24 30.7545922844123 0.3225307417039229
0.5 0.75 24 25 36.84111664743045 0.3050906828564571
0.5 0.75 25 26 41.54315065804974 0.2889162926332917
0.5 0.75 26 27 45.11785677760906 0.2738875877769318
0.5 0.75 27 28 47.77297020196625 0.2598986370919532
0.5 0.75 28 29 49.67706792616457 0.2468556365651968
0.5 0.75 29 30 50.96751447155907 0.2346752779737005
0.5 0.75 30 31 51.75665517066477 0.2232833645333459
0.5 0.75 31 32 52.13667642345479 0.2126136332263394
0.5 0.75 32 33 52.18344398691352 0.2026067489908661
0.5 0.75 33 34 51.95955204615404 0.1932094452209535
0.5 0.75 34 35 51.51675861543242 0.1843737854754165
0.5 0.75 35 36 50.89794073404096 0.1760565283219016
0.5 0.75 36 37 50.13867159826947 0.1682185787333502
0.5 0.75 37 38 49.26849842950071 0.1608245139041573
0.5 0.75 38 39 48.31198216772231 0.1538421705654521
0.5 0.75 39 40 47.2895466384897 0.147242286609533
0.5 0.75 40 41 46.21817474959283 0.1409981879358194
0.5 0.75 41 42 45.11198106576114 0.1350855140022279
0.5 0.75 42 43 43.98268437214318 0.1294819778174171
0.5 0.75 43 44 42.83999877496018 0.1241671539719973
0.5 0.75 44 45 41.69195832434929 0.1191222926851604
0.5 0.75 45 46 40.54396398880215 0.1147073537379349
0.5 0.75 46 47 39.40375716746394 0.1123311305313341
0.5 0.75 47 48 38.27455180538681 0.1122068316475089
0.5 0.75 48 49 37.15995565676752 0.1142306254930443
0.5 0.75 49 50 36.06267272019784 0.1170257126354525
0.75 1 0 1 6088.022669150579 2.278754415700549
0.75 1 1 2 -1344.02649399414 2.047807617333783
0.75 1 2 3 -5491.020678340265 1.561025309895661
0.75 1 3 4 -4460.809785155572 1.517743650431135
0.75 1 4 5 -3296.574191398278 1.361853809385394
0.75 1 5 6 -2410.223345010585 1.211136574165496
0.75 1 6 7 -1772.654797006293 1.08092720998012
0.75 1 7 8 -1315.474214766525 0.9704177694689669
0.75 1 8 9 -984.1369460908618 0.8761709942341397
0.75 1 9 10 -740.5917593945219 0.7949417312143935
0.75 1 10 11 -558.935295516857 0.7251122745900744
0.75 1 11 12 -421.7466236398509 0.6640074323488603
0.75 1 12 13 -316.9373981868964 0.610317369102377
0.75 1 13 14 -236.0827130686366 0.5628364970225931
0.75 1 14 15 -173.1972823965259 0.5206011526051357
0.75 1 15 16 -123.9605439739109 0.4828333264059737
0.75 1 16 17 -85.2066796514473 0.4488987919276442
0.75 1 17 18 -54.58389673863235 0.4182758168595134
0.75 1 18 19 -30.32311391640565 0.3905315729954374
0.75 1 19 20 -11.07839563454968 0.3653041739331954
0.75 1 20 21 4.18482322942009 0.3422888509831197
0.75 1 21 22 16.26918001470654 0.3212272171375848
0.75 1 22 23 25.80261850395891 0.3018988418163288
0.75 1 23 24 33.28014641790151 0.2841145872748001
0.75 1 24 25 39.09465967477126 0.267711291252938
0.75 1 25 26 43.55994335411924 0.2525474933855026
0.75 1 26 27 46.92800748469199 0.2384999724919324
0.75 1 27 28 49.40227431985738 0.2254609243726939
0.75 1 28 29 51.14769607857534 0.2133356452863432
0.75 1 29 30 52.29857927173475 0.2020406185209354
0.75 1 30 31 52.96468007216015 0.1915019260258286
0.75 1 31 32 53.2359852010884 0.1816539216408754
0.75 1 32 33 53.18648557222184 0.1724381172042683
0.75 1 33 34 52.87717246835052 0.1638022435115254
0.75 1 34 35 52.35842947970275 0.1556994543539334
0.75 1 35 36 51.67195183728865 0.1480876487590647
0.75 1 36 37 50.85229383887719 0.1409288925510777
0.75 1 37 38 49.92812202285381 0.1341889211777282
0.75 1 38 39 48.92323425542622 0.1278367123550148
0.75 1 39 40 47.85739164992572 0.1218441160370341
0.75 1 40 41 46.74700027637476 0.1161855342289625
0.75 1 41 42 45.60567153369203 0.1108376418361969
0.75 1 42 43 44.44468440101264 0.1057791435647406
0.75 1 43 44 43.27336780285128 0.1009905609221869
0.75 1 44 45 42.09941780795197 0.09645404544296263
0.75 1 45 46 40.92795525256798 0.0929525345895279
0.75 1 46 47 39.76643077514376 0.09341302228121159
0.75 1 47 48 38.61784399234548 0.09794420098232344
0.75 1 48 49 37.48559842014788 0.1058188736973512
0.75 1 49 50 36.3722189952716 0.1141495770176856
1 1.25 0 1 5765.67674126811 1.560501674957253
1 1.25 1 2 -1634.980427091478 0.7440055512592467
1 1.25 2 3 -5490.402696132997 2.08286051365654
1 1.25 3 4 -4420.950376704914 1.979686941931095
1 1.25 4 5 -3255.756814453267 1.74336303756161
1 1.25 5 6 -2375.274144718221 1.523854773545751
1 1.25 6 7 -1744.044469022665 1.338870919869244
1 1.25 7 8 -1292.327311648707 1.185403944766887
1 1.25 8 9 -965.4324139858199 1.057007461916105
1 1.25 9 10 -725.4365894220346 0.9498153279859807
1 1.25 10 11 -546.6053772914411 0.8580800079498673
1 1.25 11 12 -411.6765429890474 0.7795164254875849
1 1.25 12 13 -308.6822800196128 0.7114759268446679
1 1.25 13 14 -229.29295020635 0.6520708740624924
1 1.25 14 15 -167.5966960220871 0.5998286472857576
1 1.25 15 16 -119.3295986911946 0.5535870214717683
1 1.25 16 17 -81.36974878700084 0.5124181748411457
1 1.25 17 18 -51.39961374764971 0.4755733081172275
1 1.25 18 19 -27.67703342595632 0.442441938817927
1 1.25 19 20 -8.877375915670882 0.4125216620708523
1 1.25 20 21 6.01695161021803 0.3853954299826036
1 1.25 21 22 17.79497911440853 0.3607142861580601
1 1.25 22 23 27.07367653215738 0.3381841025246138
1 1.25 23 24 34.33915347376433 0.3175552835430999
1 1.25 24 25 39.97705475303633 0.2986146971871778
1 1.25 25 26 44.2952293167076 0.2811792917748095
1 1.25 26 27 47.5408070134381 0.2650910045638686
1 1.25 27 28 49.91318242533157 0.2502126670473308
1 1.25 28 29 51.5739717889553 0.236424687379293
1 1.25 29 30 52.65470943117612 0.2236223440142146
1 1.25 30 31 53.26284086646695 0.2117135625382702
1 1.25 31 32 53.4864214718873 0.2006170788343191
1 1.25 32 33 53.39782372090542 0.1902609121802016
1 1.25 33 34 53.05667947521181 0.1805810888578664
1 1.25 34 35 52.51222801074641 0.1715205705023153
1 1.25 35 36 51.80519942706434 0.1630283486293304
1 1.25 36 37 50.96933257411354 0.1550586774390537
1 1.25 37 38 50.03260391462697 0.1475704200349418
1 1.25 38 39 49.01822651492881 0.1405264889069807
1 1.25 39 40 47.94546529426748 0.1338933664514097
1 1.25 40 41 46.83030486898252 0.1276406906845449
1 1.25 41 42 45.6859983614471 0.121740897662023
1 1.25 42 43 44.52351997700725 0.1161689108659808
1 1.25 43 44 43.35193926134656 0.1109018710675835
1 1.25 44 45 42.17873148232349 0.1059189000578551
1 1.25 45 46 41.00885430327696 0.1015786914434459
1 1.25 46 47 39.84955276352173 0.09929702313079014
1 1.25 47 48 38.70371526795208 0.09929224426255842
1 1.25 48 49 37.57462989212365 0.1014494596680749
1 1.25 49 50 36.46473018595097 0.1086451821490621
1.25 1.5 0 1 5396.087160809291 3.13204745691759
1.25 1.5 1 2 -1938.712378496468 3.757847746869373
1.25 1.5 2 3 -5452.838019527833 1.690977397631373
1.25 1.5 3 4 -4343.028506654555 1.625194108143468
1.25 1.5 4 5 -3182.51955515219 1.450503007847403
1.25 1.5 5 6 -2313.936796244233 1.280278561059216
1.25 1.5 6 7 -1694.227279730129 1.132232192656142
1.25 1.5 7 8 -1252.163873786974 1.006506286367689
1.25 1.5 8 9 -933.0379843077553 0.9008837950162719
1.25 1.5 9 10 -699.2273291936935 0.8097493857641597
1.25 1.5 10 11 -525.3140061400477 0.7327322946133725
1.25 1.5 11 12 -394.3201700476366 0.6659821054069256
1.25 1.5 12 13 -294.4910921936689 0.607938055430472
1.25 1.5 13 14 -217.6634855844809 0.5571047904078369
1.25 1.5 14 15 -158.0528604340495 0.5122950525362324
1.25 1.5 15 16 -111.4930772753337 0.4725594132971834
1.25 1.5 16 17 -74.93774646280076 0.4371321956297697
1.25 1.5 17 18 -46.12809883857221 0.4053904886331218
1.25 1.5 18 19 -23.36805937186637 0.3768231590990492
1.25 1.5 19 20 -5.369419423592717 0.3510073397558357
1.25 1.5 20 21 8.856412917259604 0.327590466985151
1.25 1.5 21 22 20.07521551165314 0.3062764580534263
1.25 1.5 22 23 28.88519458085648 0.2868149742591879
1.25 1.5 23 24 35.75722721774343 0.268993016377739
1.25 1.5 24 25 41.06452392083099 0.2531441904847784
1.25 1.5 25 26 45.10473165685778 0.2403028133424701
1.25 1.5 26 27 48.1165703905599 0.2283452709825828
1.25 1.5 27 28 50.29247190229694 0.2171928333082716
1.25 1.5 28 29 51.78826445690061 0.2067753060696858
1.25 1.5 29 30 52.73065302196187 0.1970299731316543
1.25 1.5 30 31 53.22303961397915 0.1879006785943123
1.25 1.5 31 32 53.35008317346649 0.1793370320028722
1.25 1.5 32 33 53.18129469452475 0.1712937186166031
1.25 1.5 33 34 52.77388852634181 0.1637299016534098
1.25 1.5 34 35 52.17505621154822 0.1566087029260451
1.25 1.5 35 36 51.42378914010561 0.1498967509666186
1.25 1.5 36 37 50.55234652717837 0.1435637877743652
1.25 1.5 37 38 49.5874430491898 0.1375823251544996
1.25 1.5 38 39 48.55121368560054 0.1319273441312448
1.25 1.5 39 40 47.46200059033811 0.1265760318741954
1.25 1.5 40 41 46.33499726934025 0.121507550133547
1.25 1.5 41 42 45.18277760146555 0.1167028321878175
1.25 1.5 42 43 44.01573181346453 0.1121444030123937
1.25 1.5 43 44 42.84242677530364 0.1078162208693613
1.25 1.5 44 45 41.66990460871091 0.1037035370842454
1.25 1.5 45 46 40.50277779945583 0.1001363088209676
1.25 1.5 46 47 39.34791117597584 0.09838753335443924
1.25 1.5 47 48 38.20794318082508 0.09863442809211499
1.25 1.5 48 49 37.0859216046415 0.1007785340991916
1.25 1.5 49 50 35.98406958665589 0.1035740723828651
1.5 1.75 0 1 4958.585689810232 0.9843367986778666
1.5 1.75 1 2 -2319.555565610599 0.8565228251551656
1.5 1.75 2 3 -5428.82482652024 1.762398207573193
1.5 1.75 3 4 -4262.968279079258 1.699112927196913
1.5 1.75 4 5 -3101.039601420437 1.512342618038597
1.5 1.75 5 6 -2241.771596949567 1.325771191576989
1.5 1.75 6 7 -1632.664954855949 1.162940755680785
1.5 1.75 7 8 -1200.190946440766 1.02597107594304
1.5 1.75 8 9 -889.2148513928237 0.9108242806175634
1.5 1.75 9 10 -662.1338263666098 0.8129696462162294
1.5 1.75 10 11 -493.8174390091963 0.7315387140929088
1.5 1.75 11 12 -367.4399101312681 0.6613307927726997
1.5 1.75 12 13 -271.4410919988304 0.6007907084260204
1.5 1.75 13 14 -197.8063047344274 0.5481699679868166
1.5 1.75 14 15 -140.8705458816164 0.5020972997581787
1.5 1.75 15 16 -96.56305187313797 0.4614893251273371
1.5 1.75 16 17 -61.9135260662315 0.4254822845449974
1.5 1.75 17 18 -34.72408201505664 0.3933808818854902
1.5 1.75 18 19 -13.3475770836003 0.3646201088223704
1.5 1.75 19 20 3.464663278296484 0.3387366610546317
1.5 1.75 20 21 16.66911440916442 0.3153473837108102
1.5 1.75 21 22 27.00532014294151 0.2941328825461269
1.5 1.75 22 23 35.04994322168454 0.2748249407574611
1.5 1.75 23 24 41.25607839249813 0.2571967715049521
1.5 1.75 24 25 45.98218657146492 0.2410553963045985
1.5 1.75 25 26 49.51362392383646 0.2262356338234122
1.5 1.75 26 27 52.07882349546094 0.2125953176089658
1.5 1.75 27 28 53.86157146873302 0.2000114633880465
1.5 1.75 28 29 55.0104012683189 0.1883771721221563
1.5 1.75 29 30 55.64583968133536 0.1775991116379829
1.5 1.75 30 31 55.86603763786206 0.1675954536782516
1.5 1.75 31 32 55.75117583708095 0.1582941746018938
1.5 1.75 32 33 55.36693378841699 0.1496316466989915
1.5 1.75 33 34 54.7672375905413 0.1415514638917779
1.5 1.75 34 35 53.99644842103646 0.1340034581501794
1.5 1.75 35 36 53.0911145478928 0.1269428709999819
1.5 1.75 36 37 52.08138061314844 0.1203296532926978
1.5 1.75 37 38 50.99212633025172 0.1141278694011802
1.5 1.75 38 39 49.84389037686361 0.1083051897286775
1.5 1.75 39 40 48.65362289439435 0.1028324557156309
1.5 1.75 40 41 47.4353007170954 0.09768330518674326
1.5 1.75 41 42 46.20043194546162 0.09283385081528192
1.5 1.75 42 43 44.95847120819593 0.08826239935740013
1.5 1.75 43 44 43.71716236362624 0.0839492101325308
1.5 1.75 44 45 42.48282212071473 0.07987628321273188
1.5 1.75 45 46 41.25945044829257 0.07674069563024956
1.5 1.75 46 47 40.05330028332287 0.07714889746508091
1.5 1.75 47 48 38.86653508867508 0.08118860016306909
1.5 1.75 48 49 37.70175641085473 0.08820646299116235
1.5 1.75 49 50 36.56080306302977 0.09562069800240797
1.75 2 0 1 4497.456625347538 1.067849559159236
1.75 2 1 2 -2705.636336791335 2.839516696825199
1.75 2 2 3 -5398.990709792418 2.811934997770314
1.75 2 3 4 -4189.4971499031 2.290046035999871
1.75 2 4 5 -3034.427869477816 1.877893246018959
1.75 2 5 6 -2188.152053454854 1.572029416221103
1.75 2 6 7 -1590.670563144861 1.340935830995122
1.75 2 7 8 -1167.455007731694 1.161478115239655
1.75 2 8 9 -863.5958552360289 1.01858433522207
1.75 2 9 10 -641.9725318606197 0.9026930281306642
1.75 2 10 11 -477.9229045903576 0.8064167013446533
1.75 2 11 12 -354.8536677400045 0.7255600037095742
1.75 2 12 13 -261.454210870852 0.6566948678028132
1.75 2 13 14 -189.8763809968589 0.5973979168370829
1.75 2 14 15 -134.5784110391194 0.5458579358635025
1.75 2 15 16 -91.58166976209895 0.5006940350947368
1.75 2 16 17 -57.98551445814746 0.4608347423142487
1.75 2 17 18 -31.64530191632025 0.4254356556343514
1.75 2 18 19 -10.95501150516679 0.3938220977721514
1.75 2 19 20 5.301969143461747 0.3654483581525113
1.75 2 20 21 18.05690266126169 0.3398681808042375
1.75 2 21 22 28.02935419751509 0.3167130315117693
1.75 2 22 23 35.78004682051096 0.2956758470461087
1.75 2 23 24 41.74928040837938 0.2764987128664058
1.75 2 24 25 46.28518944300549 0.2589634014691611
1.75 2 25 26 49.66475539532837 0.2428840222128878
1.75 2 26 27 52.10959003018138 0.2281012514250257
1.75 2 27 28 53.79790202537049 0.2144777587448544
1.75 2 28 29 54.87364855632859 0.2018945484162716
1.75 2 29 30 55.45359014591895 0.1902480099105834
1.75 2 30 31 55.63276964368765 0.1794475192738855
1.75 2 31 32 55.48879668201005 0.1694134779137249
1.75 2 32 33 55.08521948486543 0.1600756949388934
1.75 2 33 34 54.47419424968984 0.1513720471917918
1.75 2 34 35 53.69861014232515 0.143247361279073
1.75 2 35 36 52.79378967352977 0.1356524763992673
1.75 2 36 37 51.78885583392827 0.128543454902968
1.75 2 37 38 50.70783626411924 0.1218809129071419
1.75 2 38 39 49.5705587713789 0.1156294523900683
1.75 2 39 40 48.393380438642 0.1097571744199391
1.75 2 40 41 47.18978351513829 0.1042352628633998
1.75 2 41 42 45.97086396440375 0.09903762567553838
1.75 2 42 43 44.74573340457755 0.0941405843203825
1.75 2 43 44 43.5218507207349 0.08952260563138532
1.75 2 44 45 42.30529642562826 0.08516406724837591
1.75 2 45 46 41.0999160529162 0.0814395156048567
1.75 2 46 47 39.91172283754511 0.08135792116077756
1.75 2 47 48 38.74278959714692 0.08505309816021905
1.75 2 48 49 37.5956108247866 0.09159254321155105
1.75 2 49 50 36.47193129875282 0.09849156476413989
2 2.25 0 1 3998.514915190669 1.033308429477391
2 2.25 1 2 -3101.724732915282 0.8429221735322018
2 2.25 2 3 -5338.892901094175 1.648265222424091
2 2.25 3 4 -4070.426085031976 1.528190403169398
2 2.25 4 5 -2917.317497104111 1.349357409927799
2 2.25 5 6 -2084.903540830294 1.190668408434322
2 2.25 6 7 -1502.461324451322 1.05725953475527
2 2.25 7 8 -1092.789459911394 0.9449018769195988
2 2.25 8 9 -800.4591332798755 0.8501127925701896
2 2.25 9 10 -588.4578078190166 0.7687007894079915
2 2.25 10 11 -432.3941816932993 0.6985352776941168
2 2.25 11 12 -315.9529751699117 0.6375006824683348
2 2.25 12 13 -228.0715264720045 0.584026273888857
2 2.25 13 14 -161.1072840402305 0.5368713148010159
2 2.25 14 15 -109.6852107825214 0.495045042404459
2 2.25 15 16 -69.96060898228393 0.4577481364259471
2 2.25 16 17 -39.14020331459164 0.4243295161157609
2 2.25 17 18 -15.16557244653632 0.3942541139687926
2 2.25 18 19 3.499804787249104 0.3670785685209596
2 2.25 19 20 18.01625607308438 0.3424326930141309
2 2.25 20 21 29.26922671803266 0.3200051989854752
2 2.25 21 22 37.94078879218296 0.2995325976577628
2 2.25 22 23 44.56082422372992 0.2807904869176381
2 2.25 23 24 49.54413507406559 0.2635866579109246
2 2.25 24 25 53.21767300210229 0.2477555952628058
2 2.25 25 26 55.84073959608452 0.2331540579832682
2 2.25 26 27 57.62012504828624 0.2196575008370571
2 2.25 27 28 58.72156031673273 0.2071571599487227
2 2.25 28 29 59.27845596050543 0.1955576617272693
2 2.25 29 30 59.39862413349545 0.1847750508237493
2 2.25 30 31 59.16948779543634 0.1747351538140678
2 2.25 31 32 58.66214547892889 0.1653722139408892
2 2.25 32 33 57.93456337648973 0.1566277475706364
2 2.25 33 34 57.03409704645344 0.1484495790863234
2 2.25 34 35 55.99949455855153 0.1407910256741706
2 2.25 35 36 54.86249592952697 0.1336102035157495
2 2.25 36 37 53.64911631576291 0.1268694359341404
2 2.25 37 38 52.38068012478567 0.1205347462767021
2 2.25 38 39 51.07465785468725 0.1145754214747078
2 2.25 39 40 49.74534589419051 0.1089636362663095
2 2.25 40 41 48.40442084127625 0.1036741262340104
2 2.25 41 42 47.06139289862699 0.09868390542123831
2 2.25 42 43 45.72397799502076 0.09397201950847918
2 2.25 43 44 44.39840403376408 0.0895193295435554
2 2.25 44 45 43.08966362032345 0.08530832368247272
2 2.25 45 46 41.80066838504519 0.0819752404461758
2 2.25 46 47 40.53652263671538 0.08189726846879999
2 2.25 47 48 39.29856882423135 0.08513825047446975
2 2.25 48 49 38.08862558017864 0.09108274787560018
2 2.25 49 50 36.90784079533412 0.09737289584255875
2.25 2.5 0 1 3474.988891896973 1.614887441326656
2.25 2.5 1 2 -3495.323715287675 0.9519001280002847
2.25 2.5 2 3 -5246.026629735967 1.689726054986912
2.25 2.5 3 4 -3929.19421946953 1.557957937664569
2.25 2.5 4 5 -2790.297601834208 1.414152319382264
2.25 2.5 5 6 -1980.315840397259 1.268219755129307
2.25 2.5 6 7 -1418.197606695281 1.133636134669371
2.25 2.5 7 8 -1025.09440620029 1.015937585180776
2.25 2.5 8 9 -745.8872420656426 0.9138189052392111
2.25 2.5 9 10 -544.2249815223881 0.8258819379987484
2.25 2.5 10 11 -396.3391376548129 0.7495897846122332
2.25 2.5 11 12 -286.4097531973919 0.6831315245929673
2.25 2.5 12 13 -203.7533493002716 0.6249161067564936
2.25 2.5 13 14 -141.0134477310571 0.5736362238816456
2.25 2.5 14 15 -93.03093062090738 0.5282235142770186
2.25 2.5 15 16 -56.1250619243267 0.487804028145603
2.25 2.5 16 17 -27.62812490134365 0.451659969708159
2.25 2.5 17 18 -5.578735744666574 0.4191985854878764
2.25 2.5 18 19 11.4839394466278 0.3899274241606452
2.25 2.5 19 20 24.66067135238109 0.3634348256515308
2.25 2.5 20 21 34.78965174100961 0.3393745532781748
2.25 2.5 21 22 42.51517222042344 0.3174536629080026
2.25 2.5 22 23 48.33669376189926 0.2974228858437558
2.25 2.5 23 24 52.64436339432302 0.2790689659695529
2.25 2.5 24 25 55.74503077964778 0.2622085186560729
2.25 2.5 25 26 57.88151709691101 0.2466830796306403
2.25 2.5 26 27 59.24703232056015 0.2323550906093574
2.25 2.5 27 28 59.99606423125374 0.219104624034021
2.25 2.5 28 29 60.25267437041077 0.2068266962549711
2.25 2.5 29 30 60.11686934093092 0.1954290511658232
2.25 2.5 30 31 59.66953053996303 0.1848303216958083
2.25 2.5 31 32 58.97625487634969 0.1749584974810658
2.25 2.5 32 33 58.0903662432417 0.1657496409061228
2.25 2.5 33 34 57.05529087146925 0.1571468069418431
2.25 2.5 34 35 55.90644131332408 0.1490991293685086
2.25 2.5 35 36 54.67271840935825 0.1415610455745843
2.25 2.5 36 37 53.37771442459928 0.134491635303728
2.25 2.5 37 38 52.040681134159 0.127854055319237
2.25 2.5 38 39 50.67731200754179 0.1216150529048646
2.25 2.5 39 40 49.30037660266339 0.115744547963323
2.25 2.5 40 41 47.92023703170997 0.1102152701855064
2.25 2.5 41 42 46.54526970528855 0.1050024449513585
2.25 2.5 42 43 45.18221089847154 0.1000835203770302
2.25 2.5 43 44 43.83644066109218 0.09543792815756634
2.25 2.5 44 45 42.51221669843861 0.09104687462420741
2.25 2.5 45 46 41.21185667780884 0.08721454773703351
2.25 2.5 46 47 39.93982644737969 0.0851284335955504
2.25 2.5 47 48 38.69703020556236 0.08492187307519977
2.25 2.5 48 49 37.48486677277907 0.08643689358393561
2.25 2.5 49 50 36.3041190214856 0.09186716774283941
2.5 2.75 0 1 2896.955996937941 2.110623802809648
2.5 2.75 1 2 -3926.60716001632 1.101673007047088
2.5 2.75 2 3 -5154.779342438031 2.809500202069383
2.5 2.75 3 4 -3781.820475488718 2.672352983041107
2.5 2.75 4 5 -2653.017841386987 2.339910667909685
2.5 2.75 5 6 -1863.470518330776 2.03022238675011
2.5 2.75 6 7 -1321.058720565196 1.769756872041362
2.5 2.75 7 8 -944.7075382118123 1.554535769553723
2.5 2.75 8 9 -679.2246490818543 1.375807802883972
2.5 2.75 9 10 -488.6904514149119 1.226521815564331
2.5 2.75 10 11 -349.8297353316186 1.100395780331401
2.5 2.75 11 12 -247.2492408420994 0.9928619257009836
2.5 2.75 12 13 -170.6108384796817 0.9003607193176077
2.5 2.75 13 14 -112.8295661360296 0.8201420018686487
2.5 2.75 14 15 -68.95802021794361 0.7500614518161662
2.5 2.75 15 16 -35.48056915665211 0.6884296459207153
2.5 2.75 16 17 -9.858779983361273 0.6339014319328501
2.5 2.75 17 18 9.766892774999178 0.5853947776573497
2.5 2.75 18 19 24.77652341498015 0.5420308525429799
2.5 2.75 19 20 36.20639504178303 0.5030893863229151
2.5 2.75 20 21 44.84285421820528 0.4679750756047838
2.5 2.75 21 22 51.28823817713374 0.4361920457583485
2.5 2.75 22 23 56.00784633086869 0.4073242410290445
2.5 2.75 23 24 59.36384648617138 0.3810202214785296
2.5 2.75 24 25 61.64004640704593 0.3569812674951875
2.5 2.75 25 26 63.06019337303417 0.3349519909801239
2.5 2.75 26 27 63.80163152761804 0.3147128643446396
2.5 2.75 27 28 64.00559113381041 0.2960742286212799
2.5 2.75 28 29 63.78500816840648 0.2788714537392469
2.5 2.75 29 30 63.23051498214215 0.2629610012131516
2.5 2.75 30 31 62.41506413775403 0.2482172017113582
2.5 2.75 31 32 61.39752197243848 0.234529599777352
2.5 2.75 32 33 60.22547935921705 0.2218007549816661
2.5 2.75 33 34 58.93746327926624 0.209944410076777
2.5 2.75 34 35 57.56468655180521 0.1988839569957046
2.5 2.75 35 36 56.13243927587024 0.1885511469317408
2.5 2.75 36 37 54.66120060463675 0.1788849994742232
2.5 2.75 37 38 53.16753101571572 0.1698308769501213
2.5 2.75 38 39 51.66479134863494 0.1613396953721163
2.5 2.75 39 40 50.16372441914751 0.1533672489663511
2.5 2.75 40 41 48.67292721636557 0.1458736302599166
2.5 2.75 41 42 47.19923540795392 0.1388227298332044
2.5 2.75 42 43 45.74803746852555 0.1321818039425896
2.5 2.75 43 44 44.32353198515548 0.125921099075854
2.5 2.75 44 45 42.92893894882641 0.1200135252203189
2.5 2.75 45 46 41.56570477272595 0.1146573629536107
2.5 2.75 46 47 40.23740797122107 0.1106713226982339
2.5 2.75 47 48 38.94428418879593 0.1081692937519705
2.5 2.75 48 49 37.68710400582239 0.1070901708675419
2.5 2.75 49 50 36.46609208049094 0.1066162482297868
2.75 3 0 1 2263.942403848271 1.597200626941747
2.75 3 1 2 -4347.075245678492 4.462197565685162
2.75 3 2 3 -5007.476283618092 5.905897385970872
2.75 3 3 4 -3582.66037970374 5.029010004817349
2.75 3 4 5 -2473.648277838564 4.175226567232192
2.75 3 5 6 -1713.670868309589 3.498609592902846
2.75 3 6 7 -1198.3481521399 2.971627491728221
2.75 3 7 8 -844.4576236148137 2.55658215394176
2.75 3 8 9 -597.0649531671356 2.224024999392166
2.75 3 9 10 -421.0055444741213 1.953448704569546
2.75 3 10 11 -293.7504228298108 1.729899395824837
2.75 3 11 12 -200.5260430362014 1.542811785432782
2.75 3 12 13 -131.4811444552049 1.384436532052749
2.75 3 13 14 -79.90602628747206 1.249010794351637
2.75 3 14 15 -41.14135914739018 1.132175650685206
2.75 3 15 16 -11.89326762992437 1.030581839050746
2.75 3 16 17 10.20496095734984 0.9416186393892167
2.75 3 17 18 26.87892172385716 0.8632242497571659
2.75 3 18 19 39.40338437455318 0.7937509278936676
2.75 3 19 20 48.73120071641904 0.7318675450988665
2.75 3 20 21 55.58211643653931 0.6764881175087728
2.75 3 21 22 60.50492114325073 0.6267186595639879
2.75 3 22 23 63.92157015247244 0.5818171531496557
2.75 3 23 24 66.15892386787709 0.5411630359611524
2.75 3 24 25 67.47185860550735 0.5042336892595531
2.75 3 25 26 68.06028332668006 0.470586133996489
2.75 3 26 27 68.08179856016574 0.439842646567344
2.75 3 27 28 67.66120295359013 0.4116793551888382
2.75 3 28 29 66.89769505288439 0.3858171251115519
2.75 3 29 30 65.87037313516885 0.362014217421748
2.75 3 30 31 64.64246671147663 0.3400603340628079
2.75 3 31 32 63.26461467042014 0.319771754718804
2.75 3 32 33 61.7774210767916 0.3009873408035694
2.75 3 33 34 60.21345959032641 0.2835652320282484
2.75 3 34 35 58.59885407032061 0.267380100580712
2.75 3 35 36 56.95453130525487 0.252320857044024
2.75 3 36 37 55.29721852639443 0.2382887235566876
2.75 3 37 38 53.64024116943062 0.2251956086417071
2.75 3 38 39 51.99416343559673 0.2129627299862568
2.75 3 39 40 50.36730450146877 0.2015194420919429
2.75 3 40 41 48.76615600682373 0.190802235374988
2.75 3 41 42 47.1957206509334 0.18075387703847
2.75 3 42 43 45.65978766183775 0.1713226722184183
2.75 3 43 44 44.16115745397406 0.1624618254403029
2.75 3 44 45 42.70182526422852 0.1541288877519554
2.75 3 45 46 41.28221298154045 0.1464430417895732
2.75 3 46 47 39.90485177249312 0.1399696640812755
2.75 3 47 48 38.56919662010841 0.1347902890275634
2.75 3 48 49 37.27528544369534 0.130876059871732
2.75 3 49 50 36.02269095500034 0.1276463462832558
3 3.25 0 1 1579.081763795388 1.195697433885849
3 3.25 1 2 -4690.422914255225 9.074591389943297
3 3.25 2 3 -4755.721608466303 9.502055661750552
3 3.25 3 4 -3302.738100894133 7.728018805189603
3 3.25 4 5 -2235.09527955843 6.270239404660298
3 3.25 5 6 -1520.829775089512 5.175611733865702
3 3.25 6 7 -1044.195843104822 4.347174529694566
3 3.25 7 8 -721.0813477035385 3.7067737397239
3 3.25 8 9 -497.7952801037518 3.200797855700974
3 3.25 9 10 -340.6209214157382 2.793438331877003
3 3.25 10 11 -228.2454179034532 2.459871394723729
3 3.25 11 12 -146.8379086848131 2.182793690553444
3 3.25 12 13 -87.25642388771257 1.949758282055736
3 3.25 13 14 -43.32200817398711 1.751631877913784
3 3.25 14 15 -10.77369514991369 1.581580832613396
3 3.25 15 16 13.38125066650264 1.434401934717429
3 3.25 16 17 31.279876772786 1.306070850799168
3 3.25 17 18 44.47097473762415 1.193430980254422
3 3.25 18 19 54.09193238220644 1.093974852215971
3 3.25 19 20 60.98789131458625 1.005687772799165
3 3.25 20 21 65.79343233289671 0.9269341522123361
3 3.25 21 22 68.98947050684126 0.8563736166633986
3 3.25 22 23 70.94346564897273 0.7928982464416682
3 3.25 23 24 71.93822311597182 0.7355850266621764
3 3.25 24 25 72.19277659765021 0.683659404142134
3 3.25 25 26 71.87770067557688 0.6364670575187585
3 3.25 26 27 71.12645533814862 0.5934518131426171
3 3.25 27 28 70.04387072210943 0.5541382102556254
3 3.25 28 29 68.7125486186535 0.518117619859
3 3.25 29 30 67.19773114810408 0.4850371049960098
3 3.25 30 31 65.55103119900213 0.4545904153784674
3 3.25 31 32 63.8133103275631 0.4265106568261258
3 3.25 32 33 62.01691298628975 0.4005642856406013
3 3.25 33 34 60.18741116687033 0.3765461584286979
3 3.25 34 35 58.3449740682899 0.3542754286027994
3 3.25 35 36 56.50544871044295 0.3335921267179264
3 3.25 36 37 54.68121636803451 0.3143542957055939
3 3.25 37 38 52.88187418398519 0.296435579913996
3 3.25 38 39 51.11477971686224 0.2797231867695064
3 3.25 39 40 49.38548747227478 0.2641161558699811
3 3.25 40 41 47.69810001570718 0.2495238832937108
3 3.25 41 42 46.05555109245415 0.2358648586489254
3 3.25 42 43 44.45983455841443 0.2230655802658351
3 3.25 43 44 42.91218988480358 0.2110596194909405
3 3.25 44 45 41.41325274382572 0.1997868122445878
3 3.25 45 46 39.96232556688005 0.1893013535857472
3 3.25 46 47 38.56076429452185 0.1799687952692018
3 3.25 47 48 37.20718554475687 0.1718271956819496
3 3.25 48 49 35.9008341771659 0.1648463506741339
3 3.25 49 50 34.64057955916039 0.1586157264112989
3.25 3.5 0 1 867.7274464282801 0.4339739879574332
3.25 3.5 1 2 -4850.674694940157 18.16626588113782
3.25 3.5 2 3 -4338.68804071422 14.5153673112679
3.25 3.5 3 4 -2908.715892520536 10.98232694655876
3.25 3.5 4 5 -1919.29719432374 8.571748293928836
3.25 3.5 5 6 -1275.574987224637 6.892151933311889
3.25 3.5 6 7 -854.2995335775845 5.674663315099042
3.25 3.5 7 8 -573.2966248793923 4.760643732088966
3.25 3.5 8 9 -381.9548253097637 4.05417928519612
3.25 3.5 9 10 -249.1750921211253 3.49512876609397
3.25 3.5 10 11 -155.6058917316316 3.043889453297555
3.25 3.5 11 12 -88.84695701345095 2.673635509964426
3.25 3.5 12 13 -40.78936100488318 2.365559074425123
3.25 3.5 13 14 -6.004232270494867 2.106129225080392
3.25 3.5 14 15 19.2196567247297 1.885385410513458
3.25 3.5 15 16 37.46762139892428 1.695847218983724
3.25 3.5 16 17 50.57125031197199 1.531797353739561
3.25 3.5 17 18 59.8477129075751 1.388797763913343
3.25 3.5 18 19 66.2568638015581 1.263355557267438
3.25 3.5 19 20 70.50639265290545 1.152687568205707
3.25 3.5 20 21 73.12346182877661 1.05455137939687
3.25 3.5 21 22 74.50431151604062 0.9671220202667488
3.25 3.5 22 23 74.94912145614745 0.8889006401748777
3.25 3.5 23 24 74.68684482091703 0.8186459390264044
3.25 3.5 24 25 73.89311860782419 0.755322041798614
3.25 3.5 25 26 72.70332739710386 0.69805842065921
3.25 3.5 26 27 71.22223099752114 0.6461187562808466
3.25 3.5 27 28 69.53112724127408 0.5988765100720395
3.25 3.5 28 29 67.69322748630725 0.5557955894154689
3.25 3.5 29 30 65.75772303143373 0.5164149166085485
3.25 3.5 30 31 63.762883857085 0.4803360182895441
3.25 3.5 31 32 61.73843586778179 0.4472129719639277
3.25 3.5 32 33 59.70739588696847 0.4167442071717324
3.25 3.5 33 34 57.68749610787128 0.3886657768742801
3.25 3.5 34 35 55.6922955723106 0.3627458027610462
3.25 3.5 35 36 53.73205153058413 0.3387798639908181
3.25 3.5 36 37 51.81440546900126 0.3165871492752629
3.25 3.5 37 38 49.94492532425605 0.2960072295564741
3.25 3.5 38 39 48.12753550641992 0.2768973392051246
3.25 3.5 39 40 46.36485896862635 0.259130074782517
3.25 3.5 40 41 44.65849009466035 0.2425914395489225
3.25 3.5 41 42 43.00921281966851 0.2271791747782555
3.25 3.5 42 43 41.4171753513601 0.2128013307072779
3.25 3.5 43 44 39.88203032402774 0.1993750381550554
3.25 3.5 44 45 38.40304732248592 0.1868254489920929
3.25 3.5 45 46 36.9784443646808 0.1751856223246976
3.25 3.5 46 47 35.60836794780549 0.1647846332508472
3.25 3.5 47 48 34.29065370394278 0.1556571795591017
3.25 3.5 48 49 33.02379120272902 0.1477766314298093
3.25 3.5 49 50 31.80598935444637 0.140758069057825
3.5 3.75 0 1 202.0747372328843 1.614420623923001
3.5 3.75 1 2 -4666.03272598206 24.32414853466904
3.5 3.75 2 3 -3691.728913497598 16.12310776093655
3.5 3.75 3 4 -2375.078591849081 11.41712849269717
3.5 3.75 4 5 -1518.359029516491 8.572075058501291
3.5 3.75 5 6 -978.2526980688838 6.705429400505577
3.5 3.75 6 7 -632.8745928349508 5.402953451680427
3.5 3.75 7 8 -407.0479183669818 4.451507717412722
3.5 3.75 8 9 -256.1372926196218 3.731546711555771
3.5 3.75 9 10 -153.357744584524 3.171566686826156
3.5 3.75 10 11 -82.33644304205131 2.72614274281011
3.5 3.75 11 12 -32.73510491709408 2.365285831972953
3.5 3.75 12 13 2.120934729570649 2.068412885880585
3.5 3.75 13 14 26.64898295239209 1.820971481438941
3.5 3.75 14 15 43.83636455523731 1.61240592738763
3.5 3.75 15 16 55.74273093441468 1.434889275367144
3.5 3.75 16 17 63.81259071036595 1.282506026138368
3.5 3.75 17 18 69.07434204352205 1.150709901392684
3.5 3.75 18 19 72.2698047517041 1.035954903635096
3.5 3.75 19 20 73.94022084361586 0.9354386275334676
3.5 3.75 20 21 74.48440299146068 0.8469200988951981
3.5 3.75 21 22 74.19870783909772 0.7685881935397476
3.5 3.75 22 23 73.30493159593181 0.6989650656293909
3.5 3.75 23 24 71.97004490662783 0.6368342420232298
3.5 3.75 24 25 70.32032889628056 0.5811863768821408
3.5 3.75 25 26 68.45161585448085 0.5311778371348919
3.5 3.75 26 27 66.43678476051679 0.4860987352208734
3.5 3.75 27 28 64.33129922603689 0.4453480047706946
3.5 3.75 28 29 62.17733429196625 0.4084137850636055
3.5 3.75 29 30 60.00687569556467 0.374857851063823
3.5 3.75 30 31 57.84406405834292 0.3443031546207709
3.5 3.75 31 32 55.70697942957287 0.3164237814520976
3.5 3.75 32 33 53.60900775625555 0.2909367989268752
3.5 3.75 33 34 51.55989276287619 0.267595595762173
3.5 3.75 34 35 49.56654951192135 0.2461844078311265
3.5 3.75 35 36 47.63369629358294 0.2265137931874846
3.5 3.75 36 37 45.76434722451125 0.2084168722324267
3.5 3.75 37 38 43.96019749967616 0.1917461880004283
3.5 3.75 38 39 42.22192549541762 0.1763710728499625
3.5 3.75 39 40 40.54943016476591 0.1621754301287505
3.5 3.75 40 41 38.94201793438569 0.1490558592494119
3.5 3.75 41 42 37.39854994476084 0.136920064824266
3.5 3.75 42 43 35.91755812831168 0.1256855045178171
3.5 3.75 43 44 34.49733670148053 0.1152782366326797
3.5 3.75 44 45 33.13601418265139 0.105631937604133
3.5 3.75 45 46 31.83097893032109 0.09683037346878411
3.5 3.75 46 47 30.58131189014745 0.08939446092799563
3.5 3.75 47 48 29.38430966374651 0.08344374706310036
3.5 3.75 48 49 28.23790497410887 0.0789926187591173
3.5 3.75 49 50 27.13984100213828 0.07551607216244494
3.75 4 0 1 -312.6968293048329 1.821788879006021
3.75 4 1 2 -4007.934864620125 28.10117059649452
3.75 4 2 3 -2799.907499170265 13.11252064928571
3.75 4 3 4 -1710.769071471068 7.687125373590288
3.75 4 4 5 -1047.346433653436 5.022549957474081
3.75 4 5 6 -644.874534194269 3.496983293816552
3.75 4 6 7 -395.0693525951749 2.53730037881933
3.75 4 7 8 -236.0356709471771 1.893895287446716
3.75 4 8 9 -132.4911017509214 1.442190075391949
3.75 4 9 10 -63.84939275773661 1.114303733235607
3.75 4 10 11 -17.79405591771024 0.8700632493986518
3.75 4 11 12 13.30655310485542 0.6847295590115934
3.75 4 12 13 34.29963869657558 0.5422938549451688
3.75 4 13 14 48.34480753607147 0.4321109351560254
3.75 4 14 15 57.5482568792371 0.3469558514229277
3.75 4 15 16 63.34185924313999 0.2819022437797638
3.75 4 16 17 66.71585352118706 0.2595874587607748
3.75 4 17 18 68.36524414797634 0.2396124530718982
3.75 4 18 19 68.78402154548365 0.2216584722464124
3.75 4 19 20 68.32706625791644 0.205459797831547
3.75 4 20 21 67.25158835442062 0.1907935315409221
3.75 4 21 22 65.74533964849508 0.1774715670697687
3.75 4 22 23 63.94611542404408 0.165334243855533
3.75 4 23 24 61.95542144383705 0.1593742521861428
3.75 4 24 25 59.84817142148816 0.1629156297990389
3.75 4 25 26 57.67964533547533 0.1665348160297915
3.75 4 26 27 55.49053301942268 0.169922850200335
3.75 4 27 28 53.3106233666702 0.1729177655594131
3.75 4 28 29 51.16152511607436 0.1754467719775397
3.75 4 29 30 49.05868824358123 0.1774896880778749
3.75 4 30 31 47.01291567557246 0.179056398783153
3.75 4 31 32 45.03150044912732 0.180173143418462
3.75 4 32 33 43.11908550741367 0.1808742532220683
3.75 4 33 34 41.27831666173141 0.1811972276491986
3.75 4 34 35 39.51034032920141 0.1811798532698271
3.75 4 35 36 37.81518409162757 0.1808585712256885
3.75 4 36 37 36.19204832514622 0.1802676078643391
3.75 4 37 38 34.6395300277341 0.1794385680851157
3.75 4 38 39 33.15579472125702 0.1784003071740007
3.75 4 39 40 31.73870842734408 0.1771789652997711
3.75 4 40 41 30.38593888608185 0.1757980942481703
3.75 4 41 42 29.09503294795263 0.1742788315944788
3.75 4 42 43 27.86347551726368 0.1726400954885089
3.75 4 43 44 26.68873418063284 0.1708987835766727
3.75 4 44 45 25.56829268445724 0.1690699666110153
3.75 4 45 46 24.49920727311225 0.1672241793225302
3.75 4 46 47 23.47985956444858 0.1655728308473768
3.75 4 47 48 22.50744435269814 0.1641305743929995
3.75 4 48 49 21.57971176387879 0.1628772519742837
3.75 4 49 50 20.69429792185628 0.1616414579062412
4 5 0 1 -1003.71999756989 2.84577379676299
4 5 1 2 -4433.60871947942 7.3994373643608
4 5 2 3 -2554.642166204737 5.481966265287912
4 5 3 4 -1401.328142224508 4.109329482368215
4 5 4 5 -772.1806033426813 3.066986164843186
4 5 5 6 -418.09178202264 2.311291454134087
4 5 6 7 -212.2830653361452 1.803546824652753
4 5 7 8 -89.43636697162492 1.460075780849184
4 5 8 9 -14.7048991315628 1.218331714743139
4 5 9 10 31.16652517528917 1.039047299119353
4 5 10 11 59.16902853056592 0.901651621167141
4 5 11 12 75.89525532995856 0.7946042382756909
4 5 12 13 85.38026067799956 0.7085045402220249
4 5 13 14 90.14330206079569 0.6370488709873073
4 5 14 15 91.80033148864266 0.5773808790046641
4 5 15 16 91.41779726390178 0.5274159587493695
4 5 16 17 89.71000805547192 0.4848163657643244
4 5 17 18 87.15737452717559 0.4476225884398546
4 5 18 19 84.08454516820171 0.4146875004157627
4 5 19 20 80.71291349698714 0.3854151124101576
4 5 20 21 77.19465141461347 0.3593560603768199
4 5 21 22 73.63437605011924 0.3360444771747368
4 5 22 23 70.10333886746625 0.3150297073555635
4 5 23 24 66.64919067088718 0.2959399482485487
4 5 24 25 63.30292155138875 0.2784997665103384
4 5 25 26 60.08381461782881 0.2625080272922938
4 5 26 27 57.00294894893759 0.2478069205562312
4 5 27 28 54.06565845783871 0.2342607988552317
4 5 28 29 51.27326110669783 0.2217474065743893
4 5 29 30 48.62428693602486 0.2101565209811663
4 5 30 31 46.11536068983581 0.1993907854298188
4 5 31 32 43.74184167891285 0.1893659530680996
4 5 32 33 41.49828886326301 0.1800099153389585
4 5 33 34 39.37879775733217 0.1712609341131151
4 5 34 35 37.37724250946492 0.163065685007776
4 5 35 36 35.48744777384937 0.1553775249339527
4 5 36 37 33.70330881284325 0.1481551469540548
4 5 37 38 32.01887364756789 0.1413616120632652
4 5 38 39 30.42839752691637 0.1349636729663282
4 5 39 40 28.92637729366794 0.1289312923009378
4 5 40 41 27.50757125115415 0.123237278124761
4 5 41 42 26.16700857608068 0.1178569850669072
4 5 42 43 24.89999127794591 0.1127680547267422
4 5 43 44 23.70209092106872 0.107950180023992
4 5 44 45 22.56914169339966 0.1033848901335721
4 5 45 46 21.49677428213031 0.0994517496006822
4 5 46 47 20.48185151107552 0.09757066906924412
4 5 47 48 19.52052020867254 0.09772626368889618
4 5 48 49 18.60960500597274 0.09948960511198497
4 5 49 50 17.7456960686233 0.10163055589454
-5 5 0 50 -528902.9708730477 91.89792103606574
