#ylo yhi qTlo qThi PDF0  uncertainty
-5 -4 0 1 -995.7265505085302 2.872441880725778
-5 -4 1 2 -4418.666150792023 7.17354477216486
-5 -4 2 3 -2557.162582613731 5.384521109653009
-5 -4 3 4 -1406.999574078093 4.06327955399906
-5 -4 4 5 -777.377930549342 3.047095015465927
-5 -4 5 6 -422.1944067714373 2.306171646361259
-5 -4 6 7 -215.3814861527915 1.803529686392862
-5 -4 7 8 -91.74948077071735 1.460066942839462
-5 -4 8 9 -16.43028342650678 1.217472447127837
-5 -4 9 10 29.87634858365629 1.037634241033482
-5 -4 10 11 58.20231792841548 0.8998836753332594
-5 -4 11 12 75.17130746645262 0.7925294247097205
-5 -4 12 13 84.83994467770117 0.7063899086198369
-5 -4 13 14 89.7430020004964 0.6350468200153575
-5 -4 14 15 91.50754338284156 0.5755171472283672
-5 -4 15 16 91.20812040970793 0.5256779825138244
-5 -4 16 17 89.56498699194537 0.4832098247244443
-5 -4 17 18 87.06292243662574 0.4461648820293548
-5 -4 18 19 84.02980618075759 0.4133883475398047
-5 -4 19 20 80.68944985174824 0.3842718045484033
-5 -4 20 21 77.19585720630974 0.3583589688707995
-5 -4 21 22 73.65504570050476 0.3351827873080891
-5 -4 22 23 70.1393442784416 0.3142936626101936
-5 -4 23 24 66.69723794615945 0.2953206878324958
-5 -4 24 25 63.36036721841606 0.2779886339601051
-5 -4 25 26 60.14852632288637 0.2620962459783329
-5 -4 26 27 57.073199153394 0.2474856748517679
-5 -4 27 28 54.14004257705611 0.2340214758970532
-5 -4 28 29 51.35063386859044 0.2215818069964345
-5 -4 29 30 48.70371248285224 0.2100569724880162
-5 -4 30 31 46.19607317791056 0.1993501713669441
-5 -4 31 32 43.82321397975245 0.1893776943328925
-5 -4 32 33 41.57980756148095 0.1800679351951257
-5 -4 33 34 39.46004306793179 0.1713596229652841
-5 -4 34 35 37.45787205577487 0.1631998701852447
-5 -4 35 36 35.56718340834327 0.1555424449570167
-5 -4 36 37 33.78192585045737 0.1483464285097199
-5 -4 37 38 32.09619202154185 0.1415752475630565
-5 -4 38 39 30.5042744868945 0.1351959982079809
-5 -4 39 40 29.00070135034527 0.1291789633766722
-5 -4 40 41 27.58025713210012 0.1234972486281374
-5 -4 41 42 26.23799300902133 0.1181264837484793
-5 -4 42 43 24.96922945300295 0.1130445636187323
-5 -4 43 44 23.76955351490575 0.1082314138232406
-5 -4 44 45 22.63481235740377 0.103668776856652
-5 -4 45 46 21.56064653333836 0.09973661721924158
-5 -4 46 47 20.54392716984539 0.09785825058465905
-5 -4 47 48 19.58080806314243 0.0980252623210757
-5 -4 48 49 18.66812031883596 0.09981528088557937
-5 -4 49 50 17.80245676813325 0.1019970403450585
-4 -3.75 0 1 -304.6150392292027 1.829659815665807
-4 -3.75 1 2 -3995.523957754991 28.08428084618704
-4 -3.75 2 3 -2804.755996766969 13.08879143284853
-4 -3.75 3 4 -1718.108155832401 7.667596741812504
-4 -3.75 4 5 -1053.784734839932 5.006971688123137
-4 -3.75 5 6 -649.9221018223589 3.484490746649436
-4 -3.75 6 7 -398.8788039102567 2.527191006749922
-4 -3.75 7 8 -238.8679988271285 1.8855984200677
-4 -3.75 8 9 -134.5830516466813 1.435513727040725
-4 -3.75 9 10 -65.38698327511145 1.108738551587859
-4 -3.75 10 11 -18.91634617560692 0.8655228721322537
-4 -3.75 11 12 12.49655059472877 0.6810435434437599
-4 -3.75 12 13 33.72588556602784 0.5393514909503453
-4 -3.75 13 14 47.95087611816894 0.4298329926318455
-4 -3.75 14 15 57.29197674866236 0.3452871312669604
-4 -3.75 15 16 63.19146573032651 0.2828303157868477
-4 -3.75 16 17 66.64722681834951 0.2604873601367894
-4 -3.75 17 18 68.35992442868945 0.240484018903658
-4 -3.75 18 19 68.82777355770514 0.2225019425558851
-4 -3.75 19 20 68.40883376516524 0.2062756914335663
-4 -3.75 20 21 67.3627266348866 0.1915825541039846
-4 -3.75 21 22 65.87904766527998 0.1782345441812132
-4 -3.75 22 23 64.09701243792972 0.1660720729609126
-4 -3.75 23 24 62.11922890545105 0.1602747296880902
-4 -3.75 24 25 60.02147217173172 0.163756923577487
-4 -3.75 25 26 57.85969999120888 0.1673043794179103
-4 -3.75 26 27 55.67513896159443 0.1706163504601141
-4 -3.75 27 28 53.49800568877529 0.1735355596526638
-4 -3.75 28 29 51.35025171298619 0.1759917577552678
-4 -3.75 29 30 49.24760325486315 0.1779660371124952
-4 -3.75 30 31 47.20108697837384 0.1794688237696503
-4 -3.75 31 32 45.21817797314222 0.180526482216234
-4 -3.75 32 33 43.30366793936604 0.1811732387794687
-4 -3.75 33 34 41.4603246953054 0.1814463664622845
-4 -3.75 34 35 39.68939505351292 0.181383367232795
-4 -3.75 35 36 37.99098943646888 0.1810203763223015
-4 -3.75 36 37 36.36437673095564 0.1803913135694899
-4 -3.75 37 38 34.80821069134929 0.1795274884672172
-4 -3.75 38 39 33.32070391259481 0.1784574778916826
-4 -3.75 39 40 31.89976147924136 0.1772071633543765
-4 -3.75 40 41 30.54308354346335 0.1757998584201906
-4 -3.75 41 42 29.24824382713658 0.1742564824984152
-4 -3.75 42 43 28.01274947615105 0.1725957547186827
-4 -3.75 43 44 26.83408643926964 0.1708343915416959
-4 -3.75 44 45 25.70975356752173 0.1689872989535759
-4 -3.75 45 46 24.63681822128861 0.1671260373362711
-4 -3.75 46 47 23.61367254821111 0.1654662539914767
-4 -3.75 47 48 22.63751845833366 0.1640232262940672
-4 -3.75 48 49 21.7061126541691 0.1627767593786426
-4 -3.75 49 50 20.81709422279284 0.1615519150047936
-3.75 -3.5 0 1 215.3950203744126 1.612594578651726
-3.75 -3.5 1 2 -4645.473934392796 24.61509179193841
-3.75 -3.5 2 3 -3695.511932792145 16.33997123941884
-3.75 -3.5 3 4 -2383.219078464414 11.57803033252335
-3.75 -3.5 4 5 -1526.071266341446 8.696344536037319
-3.75 -3.5 5 6 -984.5899836187109 6.804662978327068
-3.75 -3.5 6 7 -637.8381217818398 5.484262670846201
-3.75 -3.5 7 8 -410.8631847224503 4.519478116632771
-3.75 -3.5 8 9 -259.047511883844 3.789282140911702
-3.75 -3.5 9 10 -155.5705763448282 3.221243431941452
-3.75 -3.5 10 11 -84.01395586884337 2.769344161779939
-3.75 -3.5 11 12 -34.00143145554421 2.40319301287828
-3.75 -3.5 12 13 1.171727718467537 2.101927927988249
-3.75 -3.5 13 14 25.94562665170304 1.850797093346447
-3.75 -3.5 14 15 43.32466324607958 1.639098850684951
-3.75 -3.5 15 16 55.38124108964689 1.458897146030462
-3.75 -3.5 16 17 63.56941342787286 1.304193430154609
-3.75 -3.5 17 18 68.92475438653253 1.170377187151829
-3.75 -3.5 18 19 72.19451008061458 1.053852021887785
-3.75 -3.5 19 20 73.924052299408 0.9517754846492682
-3.75 -3.5 20 21 74.51535825457847 0.8618744185086336
-3.75 -3.5 21 22 74.26722652989912 0.7823115670888693
-3.75 -3.5 22 23 73.40335105736096 0.7115876661421264
-3.75 -3.5 23 24 72.09218774085321 0.6484685373969939
-3.75 -3.5 24 25 70.46118832527389 0.5919300847004718
-3.75 -3.5 25 26 68.60711411425888 0.5411162979332999
-3.75 -3.5 26 27 66.60358633564306 0.4953068348532961
-3.75 -3.5 27 28 64.50666550452115 0.4538917438852742
-3.75 -3.5 28 29 62.3590096924612 0.4163515698978829
-3.75 -3.5 29 30 60.19299785357177 0.3822415619281385
-3.75 -3.5 30 31 58.03309251671502 0.3511790362742713
-3.75 -3.5 31 32 55.89763865036588 0.3228331890043244
-3.75 -3.5 32 33 53.80024128574948 0.2969168263284955
-3.75 -3.5 33 34 51.75082613649485 0.2731796077943619
-3.75 -3.5 34 35 49.75646005295309 0.2514024926351607
-3.75 -3.5 35 36 47.82198838120641 0.231393148735986
-3.75 -3.5 36 37 45.95053193059667 0.2129821376024342
-3.75 -3.5 37 38 44.14387573556746 0.1960197282494895
-3.75 -3.5 38 39 42.40277399505166 0.180373224813707
-3.75 -3.5 39 40 40.72718977525457 0.1659247147841194
-3.75 -3.5 40 41 39.11648379302744 0.152569165349002
-3.75 -3.5 41 42 37.56956320605508 0.1402128081187365
-3.75 -3.5 42 43 36.08499897416718 0.1287717650537486
-3.75 -3.5 43 44 34.66111841509445 0.1181708771624644
-3.75 -3.5 44 45 33.29607811145385 0.1083427047278557
-3.75 -3.5 45 46 31.98728885970007 0.09936848603648764
-3.75 -3.5 46 47 30.73385213168197 0.09176238872272197
-3.75 -3.5 47 48 29.53308045180187 0.08564275072691362
-3.75 -3.5 48 49 28.38292093642319 0.0810257987010408
-3.75 -3.5 49 50 27.28112647954347 0.07739392892423019
-3.5 -3.25 0 1 887.9011585777785 0.4412868155314675
-3.5 -3.25 1 2 -4815.233625895996 18.43795033850565
-3.5 -3.25 2 3 -4336.372059219628 14.78320620316478
-3.5 -3.25 3 4 -2914.286560120258 11.19729367405263
-3.5 -3.25 4 5 -1926.07818057223 8.744824516977229
-3.5 -3.25 5 6 -1281.770492080007 7.034223629649433
-3.5 -3.25 6 7 -859.4955108362306 5.793490045100384
-3.5 -3.25 7 8 -577.5112937978136 4.861625261666968
-3.5 -3.25 8 9 -385.3273754007637 4.141149708330892
-3.5 -3.25 9 10 -251.8614401298485 3.570866583048881
-3.5 -3.25 10 11 -157.7429690377371 3.11046748700903
-3.5 -3.25 11 12 -90.54754827226338 2.732630609811472
-3.5 -3.25 12 13 -42.1432542300422 2.418195103861336
-3.5 -3.25 13 14 -7.081988859993089 2.153372474053668
-3.5 -3.25 14 15 18.36281414333075 1.928010360941443
-3.5 -3.25 15 16 36.78845006079018 1.734482906978421
-3.5 -3.25 16 17 50.03577713982202 1.566960729451915
-3.5 -3.25 17 18 59.42911590390077 1.420918143337956
-3.5 -3.25 18 19 65.93384122432235 1.292792846172634
-3.5 -3.25 19 20 70.2619165529884 1.17974605060346
-3.5 -3.25 20 21 72.943827649377 1.079490293404584
-3.5 -3.25 21 22 74.37841309886323 0.9901637712379878
-3.5 -3.25 22 23 74.86789670338322 0.9102372514021319
-3.5 -3.25 23 24 74.64285030069288 0.8384441710058675
-3.5 -3.25 24 25 73.88020161110245 0.7737274936734292
-3.5 -3.25 25 26 72.71637177717622 0.7151988450246954
-3.5 -3.25 26 27 71.25695903319638 0.6621067599981272
-3.5 -3.25 27 28 69.58394419854147 0.6138117714158783
-3.5 -3.25 28 29 67.76109886522329 0.5697666907458799
-3.5 -3.25 29 30 65.83807695678348 0.5295008692156303
-3.5 -3.25 30 31 63.85353291737857 0.4926075386790653
-3.5 -3.25 31 32 61.83751408295103 0.4587335562253227
-3.5 -3.25 32 33 59.81330751785336 0.4275710401769033
-3.5 -3.25 33 34 57.79887379558022 0.398850505522396
-3.5 -3.25 34 35 55.80796587421318 0.3723351966214407
-3.5 -3.25 35 36 53.85100636351694 0.3478163823469505
-3.5 -3.25 36 37 51.93577829993527 0.3251094297758635
-3.5 -3.25 37 38 50.06797120462525 0.3040505110109484
-3.5 -3.25 38 39 48.25161423802302 0.284493828755346
-3.5 -3.25 39 40 46.48942083890796 0.2663092678242756
-3.5 -3.25 40 41 44.78306373323082 0.2493803996032627
-3.5 -3.25 41 42 43.13339481740371 0.2336027788567607
-3.5 -3.25 42 43 41.540621352117 0.2188824852968508
-3.5 -3.25 43 44 40.00444735341352 0.2051348697147692
-3.5 -3.25 44 45 38.52418716314483 0.1922834726198669
-3.5 -3.25 45 46 37.09809701955713 0.1803581793844384
-3.5 -3.25 46 47 35.72635651365447 0.169680388188173
-3.5 -3.25 47 48 34.40683051835462 0.1602831576584389
-3.5 -3.25 48 49 33.13803464441311 0.1521401797574601
-3.5 -3.25 49 50 31.91819801210852 0.1448726424641546
-3.25 -3 0 1 1605.427855526533 1.184661459951654
-3.25 -3 1 2 -4635.436004638731 8.837459245103817
-3.25 -3 2 3 -4742.833387353779 9.466140310673191
-3.25 -3 3 4 -3302.59194385343 7.738020602335202
-3.25 -3 4 5 -2238.790576305906 6.2944430276765
-3.25 -3 5 6 -1525.403926829763 5.204283307193267
-3.25 -3 6 7 -1048.601366000422 4.376712215674405
-3.25 -3 7 8 -724.9850620131592 3.735719099819958
-3.25 -3 8 9 -501.1370402671096 3.228562902929266
-3.25 -3 9 10 -343.4410619146067 2.819800656358574
-3.25 -3 10 11 -230.6123066881357 2.484787142716926
-3.25 -3 11 12 -148.8228790554742 2.206297646643533
-3.25 -3 12 13 -88.92374337630599 1.971921148784174
-3.25 -3 13 14 -44.72628504993736 1.772538447385119
-3.25 -3 14 15 -11.9600653624525 1.601319043182085
-3.25 -3 15 16 12.37595937022843 1.453057445867129
-3.25 -3 16 17 30.42576188795488 1.323724487895667
-3.25 -3 17 18 43.7437590001764 1.210157691199463
-3.25 -3 18 19 53.47184815592811 1.10984345940008
-3.25 -3 19 20 60.45876515233499 1.020761134275425
-3.25 -3 20 21 65.34195173731416 0.941269521697533
-3.25 -3 21 22 68.60460436521953 0.8700230868166361
-3.25 -3 22 23 70.61600923168703 0.8059092133089825
-3.25 -3 23 24 71.66044178224593 0.7480006420315041
-3.25 -3 24 25 71.95812669790701 0.6955189995638696
-3.25 -3 25 26 71.6806103774955 0.6478065330938441
-3.25 -3 26 27 70.96215179766875 0.6043039889303125
-3.25 -3 27 28 69.90824306417818 0.5645331415003768
-3.25 -3 28 29 68.60203861205383 0.5280828780993736
-3.25 -3 29 30 67.10924535700696 0.4945980283546978
-3.25 -3 30 31 65.48186985198458 0.4637703306107511
-3.25 -3 31 32 63.76110926650836 0.4353310767307503
-3.25 -3 32 33 61.97959590751151 0.409045084098066
-3.25 -3 33 34 60.16315001675775 0.3847057262504235
-3.25 -3 34 35 58.33215594532987 0.3621308119640902
-3.25 -3 35 36 56.50264800079918 0.3411591505308336
-3.25 -3 36 37 54.68717112157213 0.3216476737233871
-3.25 -3 37 38 52.89546595849066 0.3034690131077128
-3.25 -3 38 39 51.13501627720171 0.2865094513535044
-3.25 -3 39 40 49.41148786340193 0.2706671822776697
-3.25 -3 40 41 47.72908161995522 0.2558508270302038
-3.25 -3 41 42 46.09081836115237 0.241978164207771
-3.25 -3 42 43 44.49876916422872 0.2289750384261837
-3.25 -3 43 44 42.9542420865836 0.2167744195506056
-3.25 -3 44 45 41.45793379472568 0.2053155887103976
-3.25 -3 45 46 40.00920143142559 0.1946502423711099
-3.25 -3 46 47 38.6094455941344 0.1851359892270599
-3.25 -3 47 48 37.25732688045139 0.1768096426128672
-3.25 -3 48 49 35.95212880414773 0.1696417835436809
-3.25 -3 49 50 34.69275246299557 0.163229595177687
-3 -2.75 0 1 2292.241451367043 1.887425865159018
-3 -2.75 1 2 -4277.046258399962 3.807530629881946
-3 -2.75 2 3 -4984.109416425481 5.545457555224248
-3 -2.75 3 4 -3576.097762846061 4.796261276851773
-3 -2.75 4 5 -2473.443894752487 4.011581036857116
-3 -2.75 5 6 -1715.86395069947 3.377313287756815
-3 -2.75 6 7 -1201.298994016862 2.878445051985763
-3 -2.75 7 8 -847.4832931575752 2.483131769188544
-3 -2.75 8 9 -599.8956067922672 2.165007558208133
-3 -2.75 9 10 -423.5530357635266 1.905322843905312
-3 -2.75 10 11 -296.002508929967 1.690202436259214
-3 -2.75 11 12 -202.5022067954767 1.509771058762658
-3 -2.75 12 13 -133.2114764196297 1.356741107052003
-3 -2.75 13 14 -81.42207240150697 1.225668879041096
-3 -2.75 14 15 -42.47235253011081 1.11242227584203
-3 -2.75 15 16 -13.06485829106441 1.013817121262526
-3 -2.75 16 17 9.170853884312237 0.9273653344438697
-3 -2.75 17 18 25.96379411572946 0.8510978616046679
-3 -2.75 18 19 38.5916788998843 0.7834382137406972
-3 -2.75 19 20 48.0098273007095 0.7231107702444916
-3 -2.75 20 21 54.94001938416 0.6690733310937477
-3 -2.75 21 22 59.93271120396275 0.6204668347924358
-3 -2.75 22 23 63.41122177695524 0.5765774033651798
-3 -2.75 23 24 65.70353054683949 0.5368073572102406
-3 -2.75 24 25 67.0654369898283 0.5006528414647377
-3 -2.75 25 26 67.6976169703596 0.4676863815416858
-3 -2.75 26 27 67.75831321494678 0.4375431556853153
-3 -2.75 27 28 67.37286669511843 0.4099100978601186
-3 -2.75 28 29 66.64093782927944 0.3845171779939593
-3 -2.75 29 30 65.64202147027777 0.3611303710994335
-3 -2.75 30 31 64.43969024152472 0.3395459488130529
-3 -2.75 31 32 63.08488195215875 0.319585812601097
-3 -2.75 32 33 61.61846269627682 0.3010936564162532
-3 -2.75 33 34 60.07323706503428 0.2839317914238894
-3 -2.75 34 35 58.47553338568923 0.2679785046963954
-3 -2.75 35 36 56.84646019526332 0.2531258509908815
-3 -2.75 36 37 55.20290681327447 0.2392777967787713
-3 -2.75 37 38 53.55834362665604 0.2263486536403132
-3 -2.75 38 39 51.92346475807139 0.2142617498865223
-3 -2.75 39 40 50.30670605299807 0.2029482994029823
-3 -2.75 40 41 48.71466408121782 0.1923464348139458
-3 -2.75 41 42 47.15243603530698 0.1824003777893999
-3 -2.75 42 43 45.62389632763558 0.1730597245432086
-3 -2.75 43 44 44.13192223434103 0.1642788286247009
-3 -2.75 44 45 42.67857839544374 0.1560162654657838
-3 -2.75 45 46 41.26435121512142 0.1483912794478971
-3 -2.75 46 47 39.89182165980392 0.1419664373801753
-3 -2.75 47 48 38.56049828944859 0.136823100651784
-3 -2.75 48 49 37.27046559393935 0.1329336033616315
-3 -2.75 49 50 36.02133527587094 0.1297225667288277
-2.75 -2.5 0 1 2921.885948111897 2.309771733871289
-2.75 -2.5 1 2 -3853.321645073299 1.071380025181069
-2.75 -2.5 2 3 -5125.751740304789 2.37287695354866
-2.75 -2.5 3 4 -3771.031793416173 2.363502868954123
-2.75 -2.5 4 5 -2649.903415209496 2.109602349301255
-2.75 -2.5 5 6 -1863.666986885567 1.851550357768671
-2.75 -2.5 6 7 -1322.622927133508 1.62700945861846
-2.75 -2.5 7 8 -946.7557145699334 1.437907891325593
-2.75 -2.5 8 9 -681.3571737739517 1.278819641000151
-2.75 -2.5 9 10 -490.7347624244114 1.144722834085694
-2.75 -2.5 10 11 -351.7179970543339 1.030601682152509
-2.75 -2.5 11 12 -248.963360263002 0.9327339623853929
-2.75 -2.5 12 13 -172.1548703433791 0.8481376286603547
-2.75 -2.5 13 14 -114.2165408724786 0.7744697139557253
-2.75 -2.5 14 15 -70.20367368778079 0.709880303648929
-2.75 -2.5 15 16 -36.60049057534343 0.6528974889685272
-2.75 -2.5 16 17 -10.86724448048267 0.6023398806633053
-2.75 -2.5 17 18 8.857280605159985 0.5572508030280271
-2.75 -2.5 18 19 23.95481576288455 0.5168488048547597
-2.75 -2.5 19 20 35.46313673058205 0.4804902620543749
-2.75 -2.5 20 21 44.16987454162984 0.4476409144980106
-2.75 -2.5 21 22 50.67844717974594 0.4178540254381021
-2.75 -2.5 22 23 55.45505487026719 0.3907534777420901
-2.75 -2.5 23 24 58.86261529480282 0.366020580928108
-2.75 -2.5 24 25 61.18556296970496 0.3433836870101938
-2.75 -2.5 25 26 62.64817294774127 0.3226099531447003
-2.75 -2.5 26 27 63.42823803090187 0.3034987558693114
-2.75 -2.5 27 28 63.66737386848456 0.2858763880525952
-2.75 -2.5 28 29 63.47885094473611 0.2695917591371985
-2.75 -2.5 29 30 62.95359482794902 0.2545128857582085
-2.75 -2.5 30 31 62.16481738981031 0.2405240098782672
-2.75 -2.5 31 32 61.17161604599988 0.227523218412738
-2.75 -2.5 32 33 60.02178890679113 0.2154204655645746
-2.75 -2.5 33 34 58.75404976618177 0.2041359223296022
-2.75 -2.5 34 35 57.39978052605426 0.1935985905401523
-2.75 -2.5 35 36 55.98442479130802 0.1837451350137137
-2.75 -2.5 36 37 54.52860139719343 0.1745188943954794
-2.75 -2.5 37 38 53.0489981327143 0.1658690397076033
-2.75 -2.5 38 39 51.55909200289 0.1577498558351971
-2.75 -2.5 39 40 50.06973189737897 0.1501201259316934
-2.75 -2.5 40 41 48.58961170720917 0.1429426015536001
-2.75 -2.5 41 42 47.12565564304901 0.1361835450375177
-2.75 -2.5 42 43 45.68333309172294 0.1298123335188793
-2.75 -2.5 43 44 44.26691657849892 0.12380111459502
-2.75 -2.5 44 45 42.87969365467467 0.1181245061545753
-2.75 -2.5 45 46 41.52317521759088 0.1129871081336842
-2.75 -2.5 46 47 40.20098709191038 0.1092259806146801
-2.75 -2.5 47 48 38.91341972689807 0.1069564643532148
-2.75 -2.5 48 49 37.66129093585931 0.1061144885992309
-2.75 -2.5 49 50 36.44486496409445 0.1058673299983938
-2.5 -2.25 0 1 3493.401537917017 1.61849372565103
-2.5 -2.25 1 2 -3430.217718338387 0.9216743587265082
-2.5 -2.25 2 3 -5217.611236416219 1.668111180562005
-2.5 -2.25 3 4 -3917.728864078363 1.541214931081426
-2.5 -2.25 4 5 -2786.338130510802 1.359675877714686
-2.5 -2.25 5 6 -1979.724275576092 1.197408443456368
-2.5 -2.25 6 7 -1419.075335545404 1.060208946826248
-2.5 -2.25 7 8 -1026.555786445684 0.9449851044528766
-2.5 -2.25 8 9 -747.5198647154234 0.8472032872924985
-2.5 -2.25 9 10 -545.8423354424649 0.76683917720184
-2.5 -2.25 10 11 -397.8616782809336 0.6983899911855381
-2.5 -2.25 11 12 -287.8096608423784 0.6383199624892967
-2.5 -2.25 12 13 -205.026723288835 0.5853832190718455
-2.5 -2.25 13 14 -142.1667613437419 0.5385199223970204
-2.5 -2.25 14 15 -94.07445460665781 0.4968429956957082
-2.5 -2.25 15 16 -57.06978401761512 0.4596138701483526
-2.5 -2.25 16 17 -28.48441606481651 0.4262176027016776
-2.5 -2.25 17 18 -6.35587137425432 0.396140790076787
-2.5 -2.25 18 19 10.77785840482852 0.3689530501180744
-2.5 -2.25 19 20 24.01862697035608 0.3442918819422214
-2.5 -2.25 20 21 34.20556004754053 0.321850424169009
-2.5 -2.25 21 22 41.98372886019331 0.3013675949424168
-2.5 -2.25 22 23 47.85323611340129 0.2826201505765358
-2.5 -2.25 23 24 52.204755859957 0.2654162739948167
-2.5 -2.25 24 25 55.34557305390649 0.2495903809999343
-2.5 -2.25 25 26 57.51887242874454 0.234998894327291
-2.5 -2.25 26 27 58.91817202758352 0.2215167895114364
-2.5 -2.25 27 28 59.69822487903343 0.2090347572496764
-2.5 -2.25 28 29 59.98332454743536 0.1974568617718208
-2.5 -2.25 29 30 59.87368356464469 0.1866985979119378
-2.5 -2.25 30 31 59.45036838761945 0.176685272387831
-2.5 -2.25 31 32 58.77914391633612 0.1673506476939078
-2.5 -2.25 32 33 57.91348772113577 0.1586358024660349
-2.5 -2.25 33 34 56.89696740364195 0.150488168022287
-2.5 -2.25 34 35 55.76512605734655 0.1428607114495079
-2.5 -2.25 35 36 54.54698534684564 0.1357112399128917
-2.5 -2.25 36 37 53.26624950440402 0.1290018060052499
-2.5 -2.25 37 38 51.94227410819559 0.1226981972401048
-2.5 -2.25 38 39 50.59084884542096 0.1167694968979506
-2.5 -2.25 39 40 49.22483241153122 0.1111877044668255
-2.5 -2.25 40 41 47.8546694299971 0.1059274065069835
-2.5 -2.25 41 42 46.48881261748102 0.1009654909666847
-2.5 -2.25 42 43 45.13406874397998 0.09628089783271944
-2.5 -2.25 43 44 43.7958829204178 0.09185440092612143
-2.5 -2.25 44 45 42.47857283829728 0.0876684171696428
-2.5 -2.25 45 46 41.18451439339148 0.08404225963611829
-2.5 -2.25 46 47 39.91821463568067 0.08221521607718889
-2.5 -2.25 47 48 38.68062804127334 0.08232006324670828
-2.5 -2.25 48 49 37.47319659790281 0.08618351421617289
-2.5 -2.25 49 50 36.29673898236334 0.09207088622953323
-2.25 -2 0 1 4010.860627309207 1.030357762398574
-2.25 -2 1 2 -3049.544668762889 0.8151048873852332
-2.25 -2 2 3 -5315.145788720756 1.627554265717329
-2.25 -2 3 4 -4061.18214512934 1.511712244488009
-2.25 -2 4 5 -2914.613805477751 1.335530394078969
-2.25 -2 5 6 -2085.064186890651 1.178863273169173
-2.25 -2 6 7 -1503.786946786398 1.047128914805437
-2.25 -2 7 8 -1094.49996706421 0.9361903004541359
-2.25 -2 8 9 -802.2060588815966 0.8425872297123257
-2.25 -2 9 10 -590.096509255191 0.7621827548710775
-2.25 -2 10 11 -433.8743106281199 0.6928651257405728
-2.25 -2 11 12 -317.2672904088249 0.6325482061526162
-2.25 -2 12 13 -229.2308063007099 0.5796839994600642
-2.25 -2 13 14 -162.1284908608311 0.5330505250348457
-2.25 -2 14 15 -110.5860897214461 0.4916722999840689
-2.25 -2 15 16 -70.75743962371985 0.454762392605404
-2.25 -2 16 17 -39.84706504279234 0.4216797645178486
-2.25 -2 17 18 -15.79430077481038 0.3918975087158847
-2.25 -2 18 19 2.9393796449001 0.364978920189803
-2.25 -2 19 20 17.51598572849934 0.3405592669016564
-2.25 -2 20 21 28.82232589458056 0.3183317527424797
-2.25 -2 21 22 37.54155705439757 0.2980366073405635
-2.25 -2 22 23 44.20441772170318 0.2794525230566288
-2.25 -2 23 24 49.22638610354443 0.262389879436068
-2.25 -2 24 25 52.93495062904742 0.2466853375562164
-2.25 -2 25 26 55.58984354645168 0.232197495523968
-2.25 -2 26 27 57.3982055709829 0.2188033701981802
-2.25 -2 27 28 58.52605782301725 0.2063955306622083
-2.25 -2 28 29 59.10705544738335 0.1948797461220921
-2.25 -2 29 30 59.24922051289479 0.184173045366355
-2.25 -2 30 31 59.04015918382044 0.1742021063384228
-2.25 -2 31 32 58.55113225960201 0.1649019114715801
-2.25 -2 32 33 57.84025143044249 0.1562146216514174
-2.25 -2 33 34 56.9550039925291 0.1480886254379463
-2.25 -2 34 35 55.93425817849777 0.140477735507486
-2.25 -2 35 36 54.80986419094745 0.1333405047866414
-2.25 -2 36 37 53.60793858947312 0.1266396427038249
-2.25 -2 37 38 52.34989931041753 0.1203415149453989
-2.25 -2 38 39 51.0533032244756 0.114415713354398
-2.25 -2 39 40 49.73252652177342 0.1088346840335322
-2.25 -2 40 41 48.39931952419607 0.1035734057715495
-2.25 -2 41 42 47.06326051540782 0.0986091105996591
-2.25 -2 42 43 45.73212825044828 0.09392103969659713
-2.25 -2 43 44 44.41220856367886 0.08949023078239829
-2.25 -2 44 45 43.10854742994226 0.08529933097844708
-2.25 -2 45 46 41.82410826315098 0.08198669088985404
-2.25 -2 46 47 40.5640315018405 0.08193764295189367
-2.25 -2 47 48 39.32970428569357 0.08521838049642463
-2.25 -2 48 49 38.12298353661487 0.09121350338557994
-2.25 -2 49 50 36.94504829944452 0.09756003951074199
-2 -1.75 0 1 4506.284490628545 1.065793170256035
-2 -1.75 1 2 -2664.646613266626 3.169058913360514
-2 -1.75 2 3 -5381.004353735092 2.973717907254695
-2 -1.75 3 4 -4183.687749210983 2.386317748781044
-2 -1.75 4 5 -3033.965248052456 1.940568059499383
-2 -1.75 5 6 -2189.852357458019 1.614956875456844
-2 -1.75 6 7 -1593.095546723731 1.371303347317114
-2 -1.75 7 8 -1169.972508289011 1.183437463951919
-2 -1.75 8 9 -865.9465357424156 1.034696504903549
-2 -1.75 9 10 -644.0684671890604 0.9146061042636751
-2 -1.75 10 11 -479.7522222203652 0.8152607751516512
-2 -1.75 11 12 -356.4359130861862 0.7321054092306287
-2 -1.75 12 13 -262.8193924182553 0.6614928698392499
-2 -1.75 13 14 -191.0555396656198 0.6008496324407878
-2 -1.75 14 15 -135.59976133141 0.5482609005565843
-2 -1.75 15 16 -92.46937886289834 0.5022726644012144
-2 -1.75 16 17 -58.75967327562375 0.4617607687447454
-2 -1.75 17 18 -32.32237707596801 0.4258421595345081
-2 -1.75 18 19 -11.54843774161304 0.3938133425303302
-2 -1.75 19 20 4.781209843883744 0.3651068158584929
-2 -1.75 20 21 17.59977577022948 0.3392596361769541
-2 -1.75 21 22 27.62835704393706 0.3158903472375995
-2 -1.75 22 23 35.42887844335769 0.2946817786846128
-2 -1.75 23 24 41.44258492259269 0.2753680397053282
-2 -1.75 24 25 46.0183592421015 0.2577245572892446
-2 -1.75 25 26 49.4337814169279 0.2415603558748177
-2 -1.75 26 27 51.91094820475632 0.2267120095807957
-2 -1.75 27 28 53.62846710685085 0.2130388591043857
-2 -1.75 28 29 54.73062843905495 0.200419192038081
-2 -1.75 29 30 55.33447539334543 0.1887471694662441
-2 -1.75 30 31 55.53529425356078 0.1779303317354993
-2 -1.75 31 32 55.41090713286712 0.1678875608746251
-2 -1.75 32 33 55.02504989086714 0.1585474038297933
-2 -1.75 33 34 54.43004603384043 0.1498466853930827
-2 -1.75 34 35 53.66893507799119 0.1417293518588287
-2 -1.75 35 36 52.77717546335293 0.1341455043653613
-2 -1.75 36 37 51.78401362940468 0.1270505838546057
-2 -1.75 37 38 50.71358969642677 0.1204046830920351
-2 -1.75 38 39 49.58583418907313 0.1141719613270084
-2 -1.75 39 40 48.41719812725097 0.1083201450223403
-2 -1.75 40 41 47.22124974215734 0.1028201004061724
-2 -1.75 41 42 46.00916372767665 0.09764546566848357
-2 -1.75 42 43 44.79012380013205 0.09277233349146496
-2 -1.75 43 44 43.5716548580312 0.08835848394153481
-2 -1.75 44 45 42.35989783973486 0.08427791623393259
-2 -1.75 45 46 41.15875585284959 0.08110095803421076
-2 -1.75 46 47 39.97428448917663 0.08134208241867173
-2 -1.75 47 48 38.80860556964674 0.08507877916080751
-2 -1.75 48 49 37.66425598824677 0.09167028800988054
-2 -1.75 49 50 36.54301522440562 0.09862675359077842
-1.75 -1.5 0 1 4967.408886048858 0.9832059801001877
-1.75 -1.5 1 2 -2283.0425308937 0.9650569610879284
-1.75 -1.5 2 3 -5414.224155425394 1.743302085537431
-1.75 -1.5 3 4 -4259.615110823737 1.686767565066172
-1.75 -1.5 4 5 -3102.358500773903 1.504255066412258
-1.75 -1.5 5 6 -2244.74606985953 1.319935722211574
-1.75 -1.5 6 7 -1635.995741271798 1.158252861128813
-1.75 -1.5 7 8 -1203.352488520754 1.021407987439553
-1.75 -1.5 8 9 -892.0259304568754 0.9076278987908466
-1.75 -1.5 9 10 -664.5492889585021 0.8095374950017512
-1.75 -1.5 10 11 -495.8745010405864 0.7283284599364285
-1.75 -1.5 11 12 -369.179905100367 0.6583185415686063
-1.75 -1.5 12 13 -272.9124119756218 0.5979648928378097
-1.75 -1.5 13 14 -199.0531764250748 0.5455226016722239
-1.75 -1.5 14 15 -141.9307833106382 0.4996212916049616
-1.75 -1.5 15 16 -97.46791073532836 0.459177503929078
-1.75 -1.5 16 17 -62.68839837092378 0.4233271448713949
-1.75 -1.5 17 18 -35.38944209668011 0.3913746145067235
-1.75 -1.5 18 19 -13.91991708800538 0.3627547246406563
-1.75 -1.5 19 20 2.972011717600481 0.3370041311799269
-1.75 -1.5 20 21 16.2453004975207 0.3137397635513295
-1.75 -1.5 21 22 26.64143097874137 0.2926424121679029
-1.75 -1.5 22 23 34.7385793571874 0.2734441196382124
-1.75 -1.5 23 24 40.99102653847979 0.2559184112349424
-1.75 -1.5 24 25 45.7581692883233 0.2398726554410356
-1.75 -1.5 25 26 49.326108999609 0.225142036752363
-1.75 -1.5 26 27 51.92387891104124 0.2115847630134207
-1.75 -1.5 27 28 53.73575482235719 0.1990782233383911
-1.75 -1.5 28 29 54.91067506656441 0.1875158852037957
-1.75 -1.5 29 30 55.5695059591186 0.1768047708567287
-1.75 -1.5 30 31 55.81068699116042 0.166863392167657
-1.75 -1.5 31 32 55.71464720206961 0.1576200485643023
-1.75 -1.5 32 33 55.34728224998992 0.1490114173492329
-1.75 -1.5 33 34 54.76270821612945 0.1409813793795053
-1.75 -1.5 34 35 54.00545464845641 0.1334800348114234
-1.75 -1.5 35 36 53.11222004630429 0.1264628756113895
-1.75 -1.5 36 37 52.11328382752964 0.1198900853084573
-1.75 -1.5 37 38 51.03364712698135 0.1137259446863077
-1.75 -1.5 38 39 49.89395836641603 0.1079383242882505
-1.75 -1.5 39 40 48.71126711261422 0.1024982512652088
-1.75 -1.5 40 41 47.49964043164556 0.0973795349186931
-1.75 -1.5 41 42 46.27066840970599 0.09255844642082865
-1.75 -1.5 42 43 45.03388022626888 0.0880134391396707
-1.75 -1.5 43 44 43.79708756161949 0.08372490780014004
-1.75 -1.5 44 45 42.56666884061821 0.07967497728354106
-1.75 -1.5 45 46 41.34668203399161 0.0765625561815023
-1.75 -1.5 46 47 40.14342405071272 0.07700129719384369
-1.75 -1.5 47 48 38.9591071467031 0.08108140567780785
-1.75 -1.5 48 49 37.79637531340393 0.0881501218088869
-1.75 -1.5 49 50 36.65710221448359 0.09562097468748405
-1.5 -1.25 0 1 5407.408991950533 3.058738052808398
-1.5 -1.25 1 2 -1899.957957963228 3.499796885529489
-1.5 -1.25 2 3 -5438.782942221173 1.674404593841232
-1.5 -1.25 3 4 -4340.837612913254 1.613113566934503
-1.5 -1.25 4 5 -3185.080291019416 1.441531101164772
-1.5 -1.25 5 6 -2318.066050597352 1.273311256672268
-1.5 -1.25 6 7 -1698.583593583779 1.126556513129658
-1.5 -1.25 7 8 -1256.219680755608 1.001694724492958
-1.5 -1.25 8 9 -936.6219465595768 0.8966882411802978
-1.5 -1.25 9 10 -702.3194854907056 0.80601558721911
-1.5 -1.25 10 11 -527.9536788145865 0.7293718659606786
-1.5 -1.25 11 12 -396.5657569413293 0.6629339117070164
-1.5 -1.25 12 13 -296.4019640699034 0.6051601119613645
-1.5 -1.25 13 14 -219.2932189913727 0.5545657644837512
-1.5 -1.25 14 15 -159.4471977064266 0.5099701739114944
-1.5 -1.25 15 16 -112.6899944040058 0.4704282007766063
-1.5 -1.25 16 17 -75.96833965276824 0.435177153479317
-1.5 -1.25 17 18 -47.01769447108586 0.4035963288560893
-1.5 -1.25 18 19 -24.13728674001345 0.3751763144096097
-1.5 -1.25 19 20 -6.035146483835661 0.349495642731795
-1.5 -1.25 20 21 8.280305178407161 0.3262029276011662
-1.5 -1.25 21 22 19.57721141665229 0.3050031009645158
-1.5 -1.25 22 23 28.45565373029694 0.2871264774919835
-1.5 -1.25 23 24 35.38800238608542 0.2717982884777314
-1.5 -1.25 24 25 40.74866482779305 0.257587095274989
-1.5 -1.25 25 26 44.83625577432747 0.2443873122339328
-1.5 -1.25 26 27 47.89028543468453 0.2321054593169104
-1.5 -1.25 27 28 50.10383786076602 0.2206585910111468
-1.5 -1.25 28 29 51.63328571887689 0.2099729373519066
-1.5 -1.25 29 30 52.60579338104458 0.1999827336193766
-1.5 -1.25 30 31 53.12515465696015 0.190629212263679
-1.5 -1.25 31 32 53.27636591083296 0.1818597341947451
-1.5 -1.25 32 33 53.129231322007 0.1736270404390307
-1.5 -1.25 33 34 52.7412219830648 0.1658886054193741
-1.5 -1.25 34 35 52.15975578600262 0.1586060783432149
-1.5 -1.25 35 36 51.42402481420544 0.1517447985023032
-1.5 -1.25 36 37 50.5664670726099 0.1452733749128375
-1.5 -1.25 37 38 49.61395713369541 0.1391633200742812
-1.5 -1.25 38 39 48.58877342486949 0.1333887308227886
-1.5 -1.25 39 40 47.50938711548423 0.1279260090276315
-1.5 -1.25 40 41 46.39110797675244 0.1227536176134724
-1.5 -1.25 41 42 45.24661482589948 0.117851864964332
-1.5 -1.25 42 43 44.08639272016615 0.1132027167362128
-1.5 -1.25 43 44 42.91909430651668 0.1087896288843261
-1.5 -1.25 44 45 41.75183935051177 0.1045974001049831
-1.5 -1.25 45 46 40.58931261715435 0.1009536379857481
-1.5 -1.25 46 47 39.4384353298702 0.09912608063804965
-1.5 -1.25 47 48 38.30190608794538 0.09929730292794715
-1.5 -1.25 48 49 37.18282517015237 0.1013767059031823
-1.5 -1.25 49 50 36.08345959136304 0.1041257797131238
-1.25 -1 0 1 5780.739821701101 1.554689760184171
-1.25 -1 1 2 -1589.067126605527 0.8254170175460186
-1.25 -1 2 3 -5474.089000768582 2.169247818842063
-1.25 -1 3 4 -4418.278391247951 2.046873466215326
-1.25 -1 4 5 -3258.565803078721 1.795820019322736
-1.25 -1 5 6 -2379.944219536877 1.565569415510725
-1.25 -1 6 7 -1749.037623336073 1.372687270330274
-1.25 -1 7 8 -1297.025967081327 1.213304831522729
-1.25 -1 8 9 -969.624862098538 1.080406267686387
-1.25 -1 9 10 -729.0863354975636 0.9696846450108931
-1.25 -1 10 11 -549.7469287369968 0.875168191832899
-1.25 -1 11 12 -414.3689667569306 0.7943585761399399
-1.25 -1 12 13 -310.9882950093736 0.7244811948684382
-1.25 -1 13 14 -231.2705906789513 0.6635544234415786
-1.25 -1 14 15 -169.2964814682939 0.61003721471321
-1.25 -1 15 16 -120.794194658273 0.5627166017707119
-1.25 -1 16 17 -82.63465116290217 0.520626481930397
-1.25 -1 17 18 -52.49416826781135 0.4829887185224401
-1.25 -1 18 19 -28.62547967875184 0.4491700256257617
-1.25 -1 19 20 -9.699788217309106 0.4186500481654455
-1.25 -1 20 21 5.303866794733494 0.3909974479406929
-1.25 -1 21 22 17.17722978755432 0.3658517762088903
-1.25 -1 22 23 26.53946016129237 0.3429095771183034
-1.25 -1 23 24 33.87843980920229 0.3219136213852573
-1.25 -1 24 25 39.58125617516441 0.3026444813811754
-1.25 -1 25 26 43.956940789084 0.2849138771165244
-1.25 -1 26 27 47.25360068840087 0.2685593751898959
-1.25 -1 27 28 49.67144484054597 0.2534401309979626
-1.25 -1 28 29 51.37277412043261 0.2394334437062743
-1.25 -1 29 30 52.48970337730248 0.2264319473841325
-1.25 -1 30 31 53.13017442656303 0.214341307881479
-1.25 -1 31 32 53.38267020954015 0.2030783201912993
-1.25 -1 32 33 53.31993414187241 0.1925693291839679
-1.25 -1 33 34 53.00192193356406 0.1827489106603773
-1.25 -1 34 35 52.47815717102594 0.173558764173859
-1.25 -1 35 36 51.7896207656259 0.1649467790813235
-1.25 -1 36 37 50.97027375258784 0.1568662436969065
-1.25 -1 37 38 50.04829012445504 0.1492751710480219
-1.25 -1 38 39 49.04705908892606 0.1421357240424407
-1.25 -1 39 40 47.986003036488 0.1354137206767106
-1.25 -1 40 41 46.88124766604227 0.129078209408077
-1.25 -1 41 42 45.7461727274686 0.1231011008349123
-1.25 -1 42 43 44.59186625444534 0.1174568496919529
-1.25 -1 43 44 43.42750024528902 0.1121221761748543
-1.25 -1 44 45 42.26064228471188 0.1070758252454806
-1.25 -1 45 46 41.09633574967711 0.1026733532776582
-1.25 -1 46 47 39.94189273987223 0.100321492936518
-1.25 -1 47 48 38.80027244384519 0.1002426992738773
-1.25 -1 48 49 37.6748243960987 0.1023304619307102
-1.25 -1 49 50 36.56803428412866 0.1087800261754896
-1 -0.75 0 1 6106.64193294941 2.30661561633586
-1 -0.75 1 2 -1289.30796218761 2.068301468719095
-1 -0.75 2 3 -5471.164168393389 1.549231228883437
-1 -0.75 3 4 -4456.577137637401 1.507707222225581
-1 -0.75 4 5 -3298.680506298676 1.352910520088655
-1 -0.75 5 6 -2414.610758462006 1.203200508406957
-1 -0.75 6 7 -1777.586897614657 1.073962917602451
-1 -0.75 7 8 -1320.234503398569 0.9643497185375369
-1 -0.75 8 9 -988.4597765760236 0.8709000122172401
-1 -0.75 9 10 -744.4090300102821 0.7903669436168141
-1 -0.75 10 11 -562.2627117669454 0.7211303326779026
-1 -0.75 11 12 -424.6307615026158 0.660534618893092
-1 -0.75 12 13 -319.4331895566677 0.60728025190949
-1 -0.75 13 14 -238.2433509547823 0.5601730604647033
-1 -0.75 14 15 -175.0704317007139 0.5182592559005514
-1 -0.75 15 16 -125.5873622751276 0.4807691491439927
-1 -0.75 16 17 -86.6220598254065 0.4470754456053293
-1 -0.75 17 18 -55.81717710797875 0.4166621623196304
-1 -0.75 18 19 -31.39890509411794 0.3891012359265437
-1 -0.75 19 20 -12.01736991845269 0.3640347318162331
-1 -0.75 20 21 3.365238761072305 0.34116116585213
-1 -0.75 21 22 15.55422062898629 0.3202248872974141
-1 -0.75 22 23 25.17970322540714 0.3010077522826286
-1 -0.75 23 24 32.73849025637173 0.2833225398098344
-1 -0.75 24 25 38.62496153424399 0.2670077007068085
-1 -0.75 25 26 43.15413542453882 0.2519231363430937
-1 -0.75 26 27 46.57905382964032 0.2379467798604189
-1 -0.75 27 28 49.10400848903441 0.2249718096365232
-1 -0.75 28 29 50.89468954027109 0.2129043611766817
-1 -0.75 29 30 52.08603415633513 0.2016616376320332
-1 -0.75 30 31 52.78834111609592 0.1911703411585577
-1 -0.75 31 32 53.09206689943426 0.1813653615712326
-1 -0.75 32 33 53.07161143608869 0.1721886758356919
-1 -0.75 33 34 52.7883239729066 0.1635884204595235
-1 -0.75 34 35 52.29290282356487 0.155518103390153
-1 -0.75 35 36 51.62732104582904 0.1479359351178307
-1 -0.75 36 37 50.82637906487076 0.1408042551680435
-1 -0.75 37 38 49.91896213691996 0.1340890413454451
-1 -0.75 38 39 48.92906301040085 0.1277594858105736
-1 -0.75 39 40 47.87661684638107 0.1217876294361059
-1 -0.75 40 41 46.77818546902512 0.116148044362352
-1 -0.75 41 42 45.64751990364073 0.1108175579288064
-1 -0.75 42 43 44.49602448981932 0.1057750110215342
-1 -0.75 43 44 43.33314085397421 0.1010010480389602
-1 -0.75 44 45 42.16666650703581 0.0964779309823272
-1 -0.75 45 46 41.00181665935662 0.09299084094159735
-1 -0.75 46 47 39.84611538175949 0.09347547234743112
-1 -0.75 47 48 38.70264010871372 0.09804273534037523
-1 -0.75 48 49 37.57486165947341 0.1059651746880576
-1 -0.75 49 50 36.46536248134061 0.1143491400167498
-0.75 -0.5 0 1 6362.902084043597 3.326892623736611
-0.75 -0.5 1 2 -1055.225148807795 2.862623118412852
-0.75 -0.5 2 3 -5474.470496094063 1.558309279194356
-0.75 -0.5 3 4 -4494.713800430862 1.52592213927737
-0.75 -0.5 4 5 -3339.094995257914 1.371218452595632
-0.75 -0.5 5 6 -2450.674693530197 1.21881723622939
-0.75 -0.5 6 7 -1808.349522395993 1.086340454847368
-0.75 -0.5 7 8 -1346.144166421871 0.9736022704728889
-0.75 -0.5 8 9 -1010.245577089117 0.8876107214374033
-0.75 -0.5 9 10 -762.7740855139277 0.8198079142371164
-0.75 -0.5 10 11 -577.8112294947118 0.7574565251846841
-0.75 -0.5 11 12 -437.855974917587 0.7012215309455601
-0.75 -0.5 12 13 -330.7360937261067 0.6504541535125206
-0.75 -0.5 13 14 -247.9483582893408 0.6046186327188038
-0.75 -0.5 14 15 -183.4405850252697 0.5631761832239016
-0.75 -0.5 15 16 -132.8368646053152 0.5256257208362934
-0.75 -0.5 16 17 -92.92624066800977 0.4915176362509368
-0.75 -0.5 17 18 -61.32031795216221 0.4604555956141976
-0.75 -0.5 18 19 -36.22036606813663 0.4320932585963371
-0.75 -0.5 19 20 -16.2563959073525 0.4061291256056363
-0.75 -0.5 20 21 -0.3742686439832141 0.3823009949552474
-0.75 -0.5 21 22 12.2446438642578 0.3603806886511113
-0.75 -0.5 22 23 22.24140681058043 0.3401693041422869
-0.75 -0.5 23 24 30.12184490565608 0.3214930627982897
-0.75 -0.5 24 25 36.28781353593035 0.3041997357466474
-0.75 -0.5 25 26 41.06055363187727 0.2881555950250622
-0.75 -0.5 26 27 44.69830842122678 0.2732428220454156
-0.75 -0.5 27 28 47.40973452129083 0.2593573112792942
-0.75 -0.5 28 29 49.36419868114899 0.2464068060642078
-0.75 -0.5 29 30 50.69974587724164 0.2343093175721163
-0.75 -0.5 30 31 51.52931068135456 0.2229917792105797
-0.75 -0.5 31 32 51.94559216424432 0.2123889002521445
-0.75 -0.5 32 33 52.02490409494828 0.2024421864842276
-0.75 -0.5 33 34 51.83023373971423 0.1930991010258599
-0.75 -0.5 34 35 51.41368525565503 0.1843123429122589
-0.75 -0.5 35 36 50.81844149224185 0.1760392266353234
-0.75 -0.5 36 37 50.08034661673861 0.1682411450112186
-0.75 -0.5 37 38 49.22918858418331 0.1608831042694207
-0.75 -0.5 38 39 48.28974270658711 0.1539333204344256
-0.75 -0.5 39 40 47.28262410787443 0.1473628667697327
-0.75 -0.5 40 41 46.22498672511068 0.1411453673174134
-0.75 -0.5 41 42 45.13109828856801 0.1352567268274294
-0.75 -0.5 42 43 44.01281496101399 0.1296748948953269
-0.75 -0.5 43 44 42.87997423549911 0.1243796579495939
-0.75 -0.5 44 45 41.74072112384573 0.1193524560022207
-0.75 -0.5 45 46 40.60056010790146 0.1149541235424646
-0.75 -0.5 46 47 39.46731240860845 0.1125967221454004
-0.75 -0.5 47 48 38.34427726419739 0.1124956800059222
-0.75 -0.5 48 49 37.2351358717732 0.1145493100571872
-0.75 -0.5 49 50 36.14265541826728 0.1173797107906109
-0.5 -0.25 0 1 6535.458105304629 3.431268243585543
-0.5 -0.25 1 2 -900.8862428073876 2.529202295385323
-0.5 -0.25 2 3 -5480.288354375777 1.538587681973764
-0.5 -0.25 3 4 -4523.163204477887 1.524369739933533
-0.5 -0.25 4 5 -3368.207769787007 1.394235257069866
-0.5 -0.25 5 6 -2476.137687965629 1.318050228664607
-0.5 -0.25 6 7 -1829.694006730822 1.217422197638011
-0.5 -0.25 7 8 -1363.816612843319 1.116489831675629
-0.5 -0.25 8 9 -1024.847438598592 1.022823214108356
-0.5 -0.25 9 10 -774.8602181770007 0.9384219065248486
-0.5 -0.25 10 11 -587.8501015900779 0.8624817587243405
-0.5 -0.25 11 12 -446.2232868412448 0.7948780997594606
-0.5 -0.25 12 13 -337.7342752360369 0.7345151891297691
-0.5 -0.25 13 14 -253.819808180315 0.6804981121764384
-0.5 -0.25 14 15 -188.3802312205953 0.6320165857226407
-0.5 -0.25 15 16 -137.0022487388594 0.5883610923760043
-0.5 -0.25 16 17 -96.44540453477202 0.548919757023268
-0.5 -0.25 17 18 -64.29791791197385 0.5131683138668346
-0.5 -0.25 18 19 -38.74241182361061 0.4806583931543413
-0.5 -0.25 19 20 -18.3939366546233 0.4510062631069701
-0.5 -0.25 20 21 -2.186276511885126 0.4238828038937958
-0.5 -0.25 21 22 10.70900378808028 0.3990048962856317
-0.5 -0.25 22 23 20.94097752215021 0.3761281602435248
-0.5 -0.25 23 24 29.02204255283823 0.3550408876763616
-0.5 -0.25 24 25 35.35947572402779 0.3355589947422257
-0.5 -0.25 25 26 40.27900963135244 0.3175218258308388
-0.5 -0.25 26 27 44.04262440138018 0.3007886632914887
-0.5 -0.25 27 28 46.86209773014127 0.2852358184658759
-0.5 -0.25 28 29 48.90941259761621 0.2707542003708737
-0.5 -0.25 29 30 50.3248145037054 0.257247277275588
-0.5 -0.25 30 31 51.22309481848697 0.2446293622185377
-0.5 -0.25 31 32 51.69852410332862 0.2328241650121657
-0.5 -0.25 32 33 51.82874993646874 0.221763566370804
-0.5 -0.25 33 34 51.67789471073843 0.2113865740823254
-0.5 -0.25 34 35 51.29903108870917 0.2016384339810778
-0.5 -0.25 35 36 50.73617026397005 0.1924698673530975
-0.5 -0.25 36 37 50.02586649994953 0.1838364163523172
-0.5 -0.25 37 38 49.19851781105018 0.1756978797135234
-0.5 -0.25 38 39 48.27942471321188 0.1680178246319762
-0.5 -0.25 39 40 47.289655373524 0.1607631636606395
-0.5 -0.25 40 41 46.24675525887938 0.1539037862731943
-0.5 -0.25 41 42 45.16533106769003 0.1474122376093401
-0.5 -0.25 42 43 44.05753291933752 0.1412634376818838
-0.5 -0.25 43 44 42.9334536340283 0.1354344343230189
-0.5 -0.25 44 45 41.80146032821301 0.1299041869475742
-0.5 -0.25 45 46 40.66723973641041 0.1250088493862099
-0.5 -0.25 46 47 39.53880383480504 0.1220775031203019
-0.5 -0.25 47 48 38.41958805049723 0.1213273990124794
-0.5 -0.25 48 49 37.31340234111923 0.122690196806404
-0.5 -0.25 49 50 36.22312718449936 0.1248737964178518
-0.25 0 0 1 6623.812739377169 3.656973449268481
-0.25 0 1 2 -819.6398343814531 3.233866033999905
-0.25 0 2 3 -5480.228732572768 1.557634473839717
-0.25 0 3 4 -4534.318619894128 1.534290573349998
-0.25 0 4 5 -3379.620218499058 1.382314627988116
-0.25 0 5 6 -2485.798799728831 1.230810487585213
-0.25 0 6 7 -1837.461967955363 1.098518521105412
-0.25 0 7 8 -1369.954963934808 1.007568736156458
-0.25 0 8 9 -1029.665943236274 0.9318903881879597
-0.25 0 9 10 -778.6292823062226 0.8613967667240465
-0.25 0 10 11 -590.790133365002 0.7964334921052821
-0.25 0 11 12 -448.5052765068267 0.7376732145355145
-0.25 0 12 13 -339.4925572491384 0.6845444675673695
-0.25 0 13 14 -255.1596559523168 0.6365257065639273
-0.25 0 14 15 -189.3845857222918 0.5930762504568232
-0.25 0 15 16 -137.7368692790274 0.553685529061297
-0.25 0 16 17 -96.9627575937734 0.517891281031178
-0.25 0 17 18 -64.64011013772119 0.4852836441114563
-0.25 0 18 19 -38.94341297190749 0.455503030349899
-0.25 0 19 20 -18.4812771940899 0.4282355222038539
-0.25 0 20 21 -2.182355225060064 0.4032075551619397
-0.25 0 21 22 10.78590381508934 0.3801806955500577
-0.25 0 22 23 21.07589288887311 0.3589468584525494
-0.25 0 23 24 29.20270104310578 0.3393240795045803
-0.25 0 24 25 35.57579655127245 0.3211528488390781
-0.25 0 25 26 40.52270352019286 0.3042929665836097
-0.25 0 26 27 44.3068717282041 0.2886208606224051
-0.25 0 27 28 47.14128815555546 0.2740273053509359
-0.25 0 28 29 49.19893347682535 0.2604154824440181
-0.25 0 29 30 50.62087822814988 0.2476993318973188
-0.25 0 30 31 51.52259740285433 0.2358021478212559
-0.25 0 31 32 51.99892897847178 0.2246553794695277
-0.25 0 32 33 52.12799216642225 0.2141976073230796
-0.25 0 33 34 51.97430182840651 0.2043736632522804
-0.25 0 34 35 51.59125750502295 0.195133876352084
-0.25 0 35 36 51.02314279738931 0.1864334208160938
-0.25 0 36 37 50.30673905252695 0.1782317535182013
-0.25 0 37 38 49.47263357899516 0.1704921263012768
-0.25 0 38 39 48.54628462988683 0.1631811617114103
-0.25 0 39 40 47.5488917145928 0.156268483880613
-0.25 0 40 41 46.49810953429034 0.1497263957047081
-0.25 0 41 42 45.4086354834962 0.1435295960313163
-0.25 0 42 43 44.29269481398831 0.1376549316778961
-0.25 0 43 44 43.16044240180133 0.1320811788908326
-0.25 0 44 45 42.02029642297208 0.1267888505514115
-0.25 0 45 46 40.87797871642204 0.1221286220148664
-0.25 0 46 47 39.74154862196644 0.11947810557217
-0.25 0 47 48 38.61446217887368 0.1190557434001426
-0.25 0 48 49 37.50055111792682 0.1207793897390367
-0.25 0 49 50 36.40271258347846 0.123308343121002
0 0.25 0 1 6623.311949945845 3.65697011906859
0 0.25 1 2 -820.5748662497563 3.233840987216634
0 0.25 2 3 -5480.837660473998 1.557555212645091
0 0.25 3 4 -4534.494014579997 1.534225412792328
0 0.25 4 5 -3379.551848685316 1.382280102632894
0 0.25 5 6 -2485.632466832781 1.230808321208172
0 0.25 6 7 -1837.270427594781 1.098540942529258
0 0.25 7 8 -1369.770714194913 1.007606050922217
0 0.25 8 9 -1029.501041242314 0.9319334428798545
0 0.25 9 10 -778.4862273551621 0.8614384900467134
0 0.25 10 11 -590.6680528541633 0.7964746629357718
0 0.25 11 12 -448.4009925782739 0.7377110125672469
0 0.25 12 13 -339.402915891284 0.6845784112710566
0 0.25 13 14 -255.0818062337351 0.6365557973417443
0 0.25 14 15 -189.3161548436178 0.593102731820731
0 0.25 15 16 -137.6759729157709 0.5537087469519794
0 0.25 16 17 -96.90794215333722 0.5179116076283894
0 0.25 17 18 -64.59027437840064 0.4853014388585085
0 0.25 18 19 -38.89773091656843 0.4555186221592681
0 0.25 19 20 -18.43913122535059 0.4282492033076209
0 0.25 20 21 -2.143281801175362 0.4032195807802938
0 0.25 21 22 10.82225635253235 0.3801912864451508
0 0.25 22 23 21.1097961192977 0.3589562046826721
0 0.25 23 24 29.23436987180833 0.3393323440417184
0 0.25 24 25 35.60540608854751 0.3211601717840947
0 0.25 25 26 40.55040103009071 0.3042994680316621
0 0.25 26 27 44.33278493622072 0.2886266439072027
0 0.25 27 28 47.16553091993603 0.2740324594964987
0 0.25 28 29 49.22160958310144 0.2604200841958294
0 0.25 29 30 50.6420838736168 0.2477034477849542
0 0.25 30 31 51.54242278329014 0.2358058353910629
0 0.25 31 32 52.01745927222726 0.2246586888274219
0 0.25 32 33 52.14530812875853 0.2142005818958497
0 0.25 33 34 51.99048013848642 0.2043763412187692
0 0.25 34 35 51.6063709651703 0.1951362908971858
0 0.25 35 36 51.03726045343677 0.1864356010235771
0 0.25 36 37 50.31992627386614 0.1782337250016199
0 0.25 37 38 49.48495212733508 0.1704939114240339
0 0.25 38 39 48.55779273158049 0.1631827803121892
0 0.25 39 40 47.55964414313922 0.1562699533730316
0 0.25 40 41 46.50815770810163 0.1497277315105427
0 0.25 41 42 45.41802757648054 0.1435308117988887
0 0.25 42 43 44.30147588109088 0.1376560394948355
0 0.25 43 44 43.16865451227028 0.1320821893560876
0 0.25 44 45 42.02797880396162 0.1267897733233744
0 0.25 45 46 40.88516785974844 0.122129477609627
0 0.25 46 47 39.74827854280636 0.1194789568368514
0 0.25 47 48 38.62076444677558 0.1190566517672176
0 0.25 48 49 37.50645505763978 0.1207804041604198
0 0.25 49 50 36.40824538671797 0.1233094669117688
0.25 0.5 0 1 6534.031093679356 3.431260266275357
0.25 0.5 1 2 -903.5457777941724 2.529134098950691
0.25 0.5 2 3 -5482.013023126024 1.538433243462339
0.25 0.5 3 4 -4523.654908656592 1.524259619636796
0.25 0.5 4 5 -3368.011702294181 1.394189528677078
0.25 0.5 5 6 -2475.66831671364 1.318059844284603
0.25 0.5 6 7 -1829.15623302154 1.217466463315099
0.25 0.5 7 8 -1363.301052023263 1.116554479376799
0.25 0.5 8 9 -1024.387118370424 1.022894768296138
0.25 0.5 9 10 -774.461466752738 0.9384878621292365
0.25 0.5 10 11 -587.5100274882179 0.8625482951454834
0.25 0.5 11 12 -445.9326509560046 0.7949393595551516
0.25 0.5 12 13 -337.4840651601176 0.7345705558284439
0.25 0.5 13 14 -253.6019660331849 0.6805476210520023
0.25 0.5 14 15 -188.1881114404655 0.6320605999449215
0.25 0.5 15 16 -136.8306206152054 0.5884001146090864
0.25 0.5 16 17 -96.29027045109569 0.5489543253583401
0.25 0.5 17 18 -64.15627945481492 0.513198948709729
0.25 0.5 18 19 -38.61204411853623 0.480685572452944
0.25 0.5 19 20 -18.27319473945454 0.4510304137403902
0.25 0.5 20 21 -2.073939638153888 0.4239043010271939
0.25 0.5 21 22 10.81385217377056 0.3990240670331143
0.25 0.5 22 23 21.03903947608842 0.3761452883939709
0.25 0.5 23 24 29.11387102556489 0.3550562192215749
0.25 0.5 24 25 35.44552119916943 0.3355727429892511
0.25 0.5 25 26 40.35965270396355 0.3175341757963552
0.25 0.5 26 27 44.11819805514301 0.3007997760006655
0.25 0.5 27 28 46.93290221624352 0.2852458342543348
0.25 0.5 28 29 48.97572510699524 0.2707632418194726
0.25 0.5 29 30 50.38689524960614 0.2572554516711408
0.25 0.5 30 31 51.28119069847185 0.2446367637325027
0.25 0.5 31 32 51.7528707775391 0.2328308766591859
0.25 0.5 32 33 51.87957290516715 0.2217696608423769
0.25 0.5 33 34 51.72540979350367 0.21139211605802
0.25 0.5 34 35 51.34344457235909 0.2016434802797484
0.25 0.5 35 36 50.77767889668894 0.1924744684537487
0.25 0.5 36 37 50.06465744016538 0.1838406170442173
0.25 0.5 37 38 49.23476859485288 0.175701719642395
0.25 0.5 38 39 48.31330327802146 0.1680213392598234
0.25 0.5 39 40 47.32132014814363 0.1607663844553966
0.25 0.5 40 41 46.27635532595252 0.1539067411755287
0.25 0.5 41 42 45.1930063918457 0.1474149518510586
0.25 0.5 42 43 44.0834146319533 0.1412659334496886
0.25 0.5 43 44 42.95766436354614 0.1354367318704956
0.25 0.5 44 45 41.8241145659801 0.129906304123844
0.25 0.5 45 46 40.68844413316418 0.1250108344714783
0.25 0.5 46 47 39.55865785617351 0.1220795183469272
0.25 0.5 47 48 38.43818411215113 0.1213296080395715
0.25 0.5 48 49 37.33082635199662 0.1226927352331945
0.25 0.5 49 50 36.23945885785716 0.1248766766724609
0.5 0.75 0 1 6360.63614065407 3.326891471440672
0.5 0.75 1 2 -1059.433162828681 2.8625976824796
0.5 0.75 2 3 -5477.170900719953 1.558186693840135
0.5 0.75 3 4 -4495.452195282146 1.525799512721926
0.5 0.75 4 5 -3338.754007419856 1.371150782630476
0.5 0.75 5 6 -2449.915890342074 1.218807340920303
0.5 0.75 6 7 -1807.494892451406 1.086368356114628
0.5 0.75 7 8 -1345.332996700064 0.9736534181894114
0.5 0.75 8 9 -1009.526495126211 0.8876684398769472
0.5 0.75 9 10 -762.154515373742 0.8198548700119188
0.5 0.75 10 11 -577.2850076619184 0.7575076252178258
0.5 0.75 11 12 -437.4075281372966 0.7012681107759872
0.5 0.75 12 13 -330.3506807285673 0.6504958780003381
0.5 0.75 13 14 -247.6130276400215 0.6046556516262569
0.5 0.75 14 15 -183.1447820182095 0.5632088722754328
0.5 0.75 15 16 -132.5723613735729 0.5256545418116824
0.5 0.75 16 17 -92.68680395339425 0.4915430627297334
0.5 0.75 17 18 -61.10131295440237 0.4604780749041688
0.5 0.75 18 19 -36.01838470476196 0.4321131946635975
0.5 0.75 19 20 -16.0689426010988 0.4061468729921502
0.5 0.75 20 21 -0.1995101451966548 0.3823168595836449
0.5 0.75 21 22 12.40806987771293 0.3603949312788425
0.5 0.75 22 23 22.39453385775255 0.3401821456095432
0.5 0.75 23 24 30.26548067051283 0.3215046893079312
0.5 0.75 24 25 36.42261282414813 0.3042103041750057
0.5 0.75 25 26 41.18706894797015 0.2881652373907949
0.5 0.75 26 27 44.81702422642547 0.2732516499996044
0.5 0.75 27 28 47.52108983426467 0.2593654191618193
0.5 0.75 28 29 49.46860151648139 0.2464142741763317
0.5 0.75 29 30 50.79758209260797 0.2343162144309971
0.5 0.75 30 31 51.62094908835832 0.2229981636362754
0.5 0.75 31 32 52.03138721985681 0.2123948231131082
0.5 0.75 32 33 52.10519709067273 0.2024476917635167
0.5 0.75 33 34 51.90535311566885 0.1931042271932577
0.5 0.75 34 35 51.48394645657487 0.184317123686468
0.5 0.75 35 36 50.88414663345662 0.1760436918432575
0.5 0.75 36 37 50.14178412941305 0.1682453209416758
0.5 0.75 37 38 49.28663293090307 0.1608870144421392
0.5 0.75 38 39 48.34345421990236 0.1539369857401449
0.5 0.75 39 40 47.33284896728253 0.1473663062651007
0.5 0.75 40 41 46.27195707278543 0.141148597854135
0.5 0.75 41 42 45.17503247068078 0.1352597637341154
0.5 0.75 42 43 44.05391787816825 0.1296777522356331
0.5 0.75 43 44 42.91843778112548 0.1243823483340429
0.5 0.75 44 45 41.77672469102714 0.1193549909346117
0.5 0.75 45 46 40.63427103040584 0.114956562175707
0.5 0.75 46 47 39.49888684788533 0.1125992993756333
0.5 0.75 47 48 38.37386048329768 0.1124986402701063
0.5 0.75 48 49 37.26286302439792 0.1145528604153109
0.5 0.75 49 50 36.16865200837765 0.1173838676921465
0.75 1 0 1 6103.593553065851 2.306539661154003
0.75 1 1 2 -1294.964620896038 2.06780394330585
0.75 1 2 3 -5474.786710948783 1.548605811707997
0.75 1 3 4 -4457.559743866067 1.507673531736366
0.75 1 4 5 -3298.213615505661 1.353345461353883
0.75 1 5 6 -2413.584005105713 1.203845236398982
0.75 1 6 7 -1776.432549299439 1.074641388310575
0.75 1 7 8 -1319.139402841592 0.9649715850790804
0.75 1 8 9 -987.4891435174964 0.8714398807894598
0.75 1 9 10 -743.5728407640859 0.7908343554980716
0.75 1 10 11 -561.5526048217766 0.7215081993017887
0.75 1 11 12 -424.0258324542347 0.6608435523878923
0.75 1 12 13 -318.9136119903842 0.607531207355556
0.75 1 13 14 -237.7916872043404 0.5603760499947337
0.75 1 14 15 -174.6724498930901 0.5184229694486029
0.75 1 15 16 -125.231946517049 0.4809009300970459
0.75 1 16 17 -86.30076847454211 0.447181401008462
0.75 1 17 18 -55.52371470963294 0.4167473169598593
0.75 1 18 19 -31.12862623440651 0.3891696913857651
0.75 1 19 20 -11.76685940123048 0.3640898155975957
0.75 1 20 21 3.598500577380946 0.3412055639056752
0.75 1 21 22 15.77211423766471 0.3202607587492887
0.75 1 22 23 25.38366070922052 0.3010368267849533
0.75 1 23 24 32.92963379177763 0.2833461994184654
0.75 1 24 25 38.8042018185688 0.2670270467323135
0.75 1 25 26 43.32224017516444 0.2519390450481649
0.75 1 26 27 46.73669442472772 0.2379599472351627
0.75 1 27 28 49.25179095912677 0.2249827878662788
0.75 1 28 29 51.03317457483172 0.2129135878603048
0.75 1 29 30 52.21574955509311 0.2016694596384743
0.75 1 30 31 52.9097891682635 0.1911770330620279
0.75 1 31 32 53.20572845442757 0.18137114073505
0.75 1 32 33 53.17794789875063 0.172193714666733
0.75 1 33 34 52.88777806689109 0.163592855411435
0.75 1 34 35 52.3858986876491 0.1555220429293998
0.75 1 35 36 51.71426403121495 0.1479394652048071
0.75 1 36 37 50.90765546080087 0.140807444331174
0.75 1 37 38 49.99493895754074 0.1340919441880348
0.75 1 38 39 49.00008791584798 0.1277621460148553
0.75 1 39 40 47.94301822355891 0.121790082131525
0.75 1 40 41 46.84027267658144 0.1161503177660297
0.75 1 41 42 45.70558366814771 0.1108196749073399
0.75 1 42 43 44.55033743269854 0.1057769902211976
0.75 1 43 44 43.38395812441757 0.1010029046573445
0.75 1 44 45 42.21422649635412 0.09647967758110393
0.75 1 45 46 41.04634160854158 0.09299254760718538
0.75 1 46 47 39.8878126183252 0.09347741903396554
0.75 1 47 48 38.74170240175079 0.09804518833934142
0.75 1 48 49 37.61146829736859 0.1059683268117304
0.75 1 49 50 36.49967989513894 0.1143529687024533
1 1.25 0 1 5776.997181881507 1.554950085527505
1 1.25 1 2 -1596.032535167882 0.827449863499787
1 1.25 2 3 -5478.587920016827 2.169591596600217
1 1.25 3 4 -4419.539796148526 2.046562792806319
1 1.25 4 5 -3258.027308038932 1.795218229606694
1 1.25 5 6 -2378.693914765881 1.564953345528691
1 1.25 6 7 -1747.612083675956 1.372164298472127
1 1.25 7 8 -1295.662018508076 1.212888643386639
1 1.25 8 9 -968.4076982574156 1.080462879603214
1 1.25 9 10 -728.0347058413649 0.9690667301800083
1 1.25 10 11 -548.8503392590919 0.8749927494361308
1 1.25 11 12 -413.6038243999783 0.7942294837279003
1 1.25 12 13 -310.3307645657683 0.7243879975437564
1 1.25 13 14 -230.6993549918861 0.6634892140771015
1 1.25 14 15 -168.7939323349487 0.6099938987579383
1 1.25 15 16 -120.3464373796173 0.5626903882508651
1 1.25 16 17 -82.23102979187684 0.5206135505472269
1 1.25 17 18 -52.12665558412573 0.4829859991461126
1 1.25 18 19 -28.28808866659301 0.4491750461978594
1 1.25 19 20 -9.388066763919142 0.4186608222971153
1 1.25 20 21 5.593242755601295 0.3910123873249294
1 1.25 21 22 17.4467705239399 0.3658696197190345
1 1.25 22 23 26.79109766202191 0.3429293318548084
1 1.25 23 24 34.11370012367195 0.3219345137146843
1 1.25 24 25 39.80138294390815 0.3026659154168606
1 1.25 25 26 44.16298210182219 0.2849354006567348
1 1.25 26 27 47.44646899705242 0.2685806507915361
1 1.25 27 28 49.8519574552414 0.253460912856991
1 1.25 28 29 51.54167997296713 0.2394535578386407
1 1.25 29 30 52.64770025369353 0.2264512764846094
1 1.25 30 31 53.27791972237742 0.2143597781529885
1 1.25 31 32 53.52078739261083 0.2030958912866828
1 1.25 32 33 53.44901645472714 0.1925859861056978
1 1.25 33 34 53.12253439859472 0.1827646571602421
1 1.25 34 35 52.5908376128757 0.1735736177031811
1 1.25 35 36 51.89488032306161 0.1649607669743635
1 1.25 36 37 51.06859718088947 0.1568793996054523
1 1.25 37 38 50.14013607026732 0.1492875330510727
1 1.25 38 39 49.13286043858312 0.1421473325018059
1 1.25 39 40 48.06616738730617 0.1354246169889437
1 1.25 40 41 46.95615793555305 0.1290884350610284
1 1.25 41 42 45.81618789544393 0.1231106965085918
1 1.25 42 43 44.65732222011906 0.1174658547370643
1 1.25 43 44 43.48871077852147 0.1121306287056818
1 1.25 44 45 42.31790004626959 0.107083761104167
1 1.25 45 46 41.14991309786853 0.1026809074941958
1 1.25 46 47 39.9920435195645 0.1003291593735645
1 1.25 47 48 38.84723232077411 0.1002509667360841
1 1.25 48 49 37.71881230348862 0.1023397079162376
1 1.25 49 50 36.60925323916845 0.1087899082880086
1.25 1.5 0 1 5403.354381763344 3.058939366599667
1.25 1.5 1 2 -1907.462066329884 3.500702776247612
1.25 1.5 2 3 -5443.562196155687 1.676119472801235
1.25 1.5 3 4 -4342.119522445586 1.613553063414026
1.25 1.5 4 5 -3184.459679221046 1.440973125830473
1.25 1.5 5 6 -2316.716736487393 1.27223989556112
1.25 1.5 6 7 -1697.070330686746 1.125325463773872
1.25 1.5 7 8 -1254.7852866066 1.000510048973991
1.25 1.5 8 9 -935.3505922138643 0.8955984269579992
1.25 1.5 9 10 -701.2237557780431 0.8051260794072332
1.25 1.5 10 11 -527.022164710263 0.7286205226494137
1.25 1.5 11 12 -395.7709581288627 0.6623225898138161
1.25 1.5 12 13 -295.7178945644612 0.6046690966748177
1.25 1.5 13 14 -218.6971113666527 0.5541753710840257
1.25 1.5 14 15 -158.9205401708248 0.5096625667631851
1.25 1.5 15 16 -112.2183866679632 0.470187980686013
1.25 1.5 16 17 -75.54089414153509 0.4349913761920571
1.25 1.5 17 18 -46.62633036542979 0.4034542856869757
1.25 1.5 18 19 -23.7760709386705 0.3750692352939808
1.25 1.5 19 20 -5.699738606943129 0.3494163938425687
1.25 1.5 20 21 8.593093240815278 0.3261457343077706
1.25 1.5 21 22 19.86975139806782 0.3049633062950246
1.25 1.5 22 23 28.72974957352881 0.2871004723938338
1.25 1.5 23 24 35.64506968538785 0.2717830230292554
1.25 1.5 24 25 40.98985745100367 0.2575800291696345
1.25 1.5 25 26 45.06255322468314 0.2443864467853911
1.25 1.5 26 27 48.10255168526362 0.2321092258325334
1.25 1.5 27 28 50.30285989052152 0.2206657614497427
1.25 1.5 28 29 51.81979789983768 0.2099825535456092
1.25 1.5 29 30 52.78049222524726 0.1999940511710591
1.25 1.5 30 31 53.28870716454344 0.1906416552056063
1.25 1.5 31 32 53.4294138126013 0.1818728599167919
1.25 1.5 32 33 53.27239280553965 0.173640510906785
1.25 1.5 33 34 52.87509198126753 0.1659021651272364
1.25 1.5 34 35 52.28490554379471 0.1586195363725064
1.25 1.5 35 36 51.54100118802018 0.1517580143554115
1.25 1.5 36 37 50.67579184067205 0.1452862475878684
1.25 1.5 37 38 49.71612647349082 0.1391757790614655
1.25 1.5 38 39 48.6842576324521 0.1334007291460472
1.25 1.5 39 40 47.59863059133426 0.1279375181418106
1.25 1.5 40 41 46.47452946841895 0.1227646223394997
1.25 1.5 41 42 45.32460790335892 0.1178623609195736
1.25 1.5 42 43 44.15932644728855 0.113212707218135
1.25 1.5 43 44 42.98731407090213 0.1087991227447829
1.25 1.5 44 45 41.815667815491 0.1046064105315173
1.25 1.5 45 46 40.64905055954864 0.1009622969413232
1.25 1.5 46 47 39.49436323571919 0.09913493954008853
1.25 1.5 47 48 38.35428471297951 0.09930691691596484
1.25 1.5 48 49 37.23189697346859 0.101387507644554
1.25 1.5 49 50 36.12944958110452 0.1041377595431015
1.5 1.75 0 1 4963.055885100308 0.984901101595406
1.5 1.75 1 2 -2291.087445787104 0.9736425232946194
1.5 1.75 2 3 -5419.323305383165 1.747286813806711
1.5 1.75 3 4 -4260.950193931882 1.687473423166108
1.5 1.75 4 5 -3101.655201061062 1.502776250989798
1.5 1.75 5 6 -2243.270008863547 1.31757382276376
1.5 1.75 6 7 -1634.353061143347 1.155767896156413
1.5 1.75 7 8 -1201.799714046827 1.019568342991947
1.5 1.75 8 9 -890.6400364400124 0.9040944226732476
1.5 1.75 9 10 -663.3886968329325 0.8090881971402912
1.5 1.75 10 11 -494.8750480717872 0.7270204594147256
1.5 1.75 11 12 -368.3289660588482 0.6572689095817003
1.5 1.75 12 13 -272.1816088986466 0.5971293236766951
1.5 1.75 13 14 -198.4177437646447 0.5448615075663062
1.5 1.75 14 15 -141.3706163648626 0.4991010502910019
1.5 1.75 15 16 -96.96737272040355 0.4587702961011556
1.5 1.75 16 17 -62.23565675601162 0.4230102818712056
1.5 1.75 17 18 -34.97570006907495 0.3911297457390365
1.5 1.75 18 19 -13.5387008655382 0.3625670833133344
1.5 1.75 19 20 3.325451207211472 0.3368618730182721
1.5 1.75 20 21 16.57446182760009 0.3136334097526676
1.5 1.75 21 22 26.9489238140311 0.2925643895256065
1.5 1.75 22 23 35.02639227808436 0.2733883857602714
1.5 1.75 23 24 41.26072070708267 0.2558801511918832
1.5 1.75 24 25 46.01101548672011 0.2398480365123749
1.5 1.75 25 26 49.56318255811482 0.2251280120308908
1.5 1.75 26 27 52.14612400440524 0.2115789134266036
1.5 1.75 27 28 53.94402692744609 0.1990786311259714
1.5 1.75 28 29 55.10576815420416 0.1875210324440099
1.5 1.75 29 30 55.75216924152676 0.1768134589067454
1.5 1.75 30 31 55.98163469784049 0.1668746762649253
1.5 1.75 31 32 55.87456384179745 0.1576331865977629
1.5 1.75 32 33 55.49682507052148 0.149025828209679
1.5 1.75 33 34 54.90250802724557 0.1409966101672499
1.5 1.75 34 35 54.13611578259412 0.1334957342217837
1.5 1.75 35 36 53.2343199580535 0.1264787732315817
1.5 1.75 36 37 52.22737263712327 0.1199059746213145
1.5 1.75 37 38 51.14024728689759 0.1137416695782188
1.5 1.75 38 39 49.99356453927999 0.1079537689146843
1.5 1.75 39 40 48.80434629338362 0.1025133307936345
1.5 1.75 40 41 47.58663231380388 0.0973941893740998
1.5 1.75 41 42 46.35198597143329 0.09257263510601309
1.5 1.75 42 43 45.10991050585551 0.08802713640131654
1.5 1.75 43 44 43.86819258466687 0.08373809938603309
1.5 1.75 44 45 42.63318666291377 0.07968765789655048
1.5 1.75 45 46 41.40892765455854 0.07657482123030346
1.5 1.75 46 47 40.20169111203401 0.07701357740668302
1.5 1.75 47 48 39.01366854745095 0.08109411679899034
1.5 1.75 48 49 37.84748473245077 0.08816356270426622
1.5 1.75 49 50 36.70499499805294 0.09563511079760455
1.75 2 0 1 4501.917210816466 1.066021298768788
1.75 2 1 2 -2672.736000189546 3.169353392712884
1.75 2 2 3 -5386.180380667622 2.973794796198025
1.75 2 3 4 -4185.116332919684 2.386067564993795
1.75 2 4 5 -3033.342278683834 1.940175248483258
1.75 2 5 6 -2188.426197839645 1.614582366786057
1.75 2 6 7 -1591.472622867025 1.370975246770733
1.75 2 7 8 -1168.418015640354 1.183085079513439
1.75 2 8 9 -864.5590929651107 1.034960170984504
1.75 2 9 10 -642.8696209356267 0.9142393626745233
1.75 2 10 11 -478.726325153938 0.8151883938548331
1.75 2 11 12 -355.5578135423752 0.7320597927407758
1.75 2 12 13 -262.0620829821019 0.6614676422230823
1.75 2 13 14 -190.394967179587 0.6008401547924729
1.75 2 14 15 -135.0161531354274 0.5482636472470843
1.75 2 15 16 -91.94721684496699 0.5022848479371215
1.75 2 16 17 -58.28712653035882 0.4617801276180457
1.75 2 17 18 -31.89058769652024 0.4258668374694078
1.75 2 18 19 -11.1508384935114 0.3938418147423993
1.75 2 19 20 5.149476846265316 0.3651378375519003
1.75 2 20 21 17.94232366309927 0.3392922020023301
1.75 2 21 22 27.94791028478699 0.3159236562567314
1.75 2 22 23 35.72753741859356 0.294715203123852
1.75 2 23 24 41.72201773192273 0.275401097155837
1.75 2 24 25 46.27993765677797 0.2577568856976704
1.75 2 25 26 49.67867523253517 0.2415916915696774
1.75 2 26 27 52.14018929381905 0.2267421686570786
1.75 2 27 28 53.84299185564635 0.2130677211707252
1.75 2 28 29 54.93130507514741 0.2004466868191963
1.75 2 29 30 55.52212097325958 0.1887732656153072
1.75 2 30 31 55.71068475096968 0.177955027623321
1.75 2 31 32 55.57478305918562 0.1679108768008141
1.75 2 32 33 55.17811913840501 0.1585693767387052
1.75 2 33 34 54.57298509295589 0.1498673632357976
1.75 2 34 35 53.80238939279388 0.1417487905075686
1.75 2 35 36 52.90175941514462 0.1341637641350187
1.75 2 36 37 51.90031045151375 0.1270677276696619
1.75 2 37 38 50.82215149186817 0.1204207744127205
1.75 2 38 39 49.68718213812213 0.1141870631820063
1.75 2 39 40 48.51182291767577 0.1083343188210844
1.75 2 40 41 47.30961221760811 0.1028334055208754
1.75 2 41 42 46.09169573569989 0.09765795890719245
1.75 2 42 43 44.86722920406004 0.09278406844094184
1.75 2 43 44 43.64371068038088 0.08836948937589163
1.75 2 44 45 42.42725550081349 0.08428823130555944
1.75 2 45 46 41.22174220136924 0.08111072249097326
1.75 2 46 47 40.03320383481514 0.08135175288906969
1.75 2 47 48 38.8637402595586 0.0850887903859205
1.75 2 48 49 37.7158681230778 0.0916809614002544
1.75 2 49 50 36.59134765943546 0.09863808577667796
2 2.25 0 1 4006.441281317736 1.030302628005338
2 2.25 1 2 -3057.695406248999 0.8145508704925499
2 2.25 2 3 -5320.281528549725 1.627168474712605
2 2.25 3 4 -4062.490575959446 1.511547632030497
2 2.25 4 5 -2913.858325473368 1.335653333031354
2 2.25 5 6 -2083.530159285723 1.179166710459462
2 2.25 6 7 -1502.08853081975 1.047499812558035
2 2.25 7 8 -1092.897752931369 0.9363367906204718
2 2.25 8 9 -800.7922846548709 0.8431693296721746
2 2.25 9 10 -588.8848673257457 0.7624819673335211
2 2.25 10 11 -432.8462054216063 0.6931207114163507
2 2.25 11 12 -316.3938990275333 0.6327636557388269
2 2.25 12 13 -228.4829851196948 0.579864410778829
2 2.25 13 14 -161.4807197971313 0.5332012154152284
2 2.25 14 15 -110.0175609494438 0.4917981999485681
2 2.25 15 16 -70.25187997409671 0.4548678211529504
2 2.25 16 17 -39.39207590845831 0.4217683862076629
2 2.25 17 18 -15.38058783681822 0.3919723724887358
2 2.25 18 19 3.318723172183354 0.3650425309645889
2 2.25 19 20 17.8660824754113 0.3406136656021057
2 2.25 20 21 29.14699398679988 0.3183785932852572
2 2.25 21 22 37.84367721805484 0.2980772259479023
2 2.25 22 23 44.48620651618444 0.2794879974690423
2 2.25 23 24 49.48959476875109 0.2624210787688785
2 2.25 24 25 53.18100698954458 0.246712963583104
2 2.25 25 26 55.81995143131678 0.2322221158416493
2 2.25 26 27 57.61341319486132 0.2188254452926758
2 2.25 27 28 58.72730390631887 0.2064154356439744
2 2.25 28 29 59.29519965570955 0.1948977877079845
2 2.25 29 30 59.42506305138409 0.1841894757527612
2 2.25 30 31 59.20445304520734 0.1742171339671274
2 2.25 31 32 58.70459061670999 0.1649157098163597
2 2.25 32 33 57.98355191570482 0.1562273357769201
2 2.25 33 34 57.08879106579298 0.148100377669762
2 2.25 34 35 56.05914439055135 0.1404886295829426
2 2.25 35 36 54.92643087452052 0.1333506291489637
2 2.25 36 37 53.71673631273472 0.1266490735532357
2 2.25 37 38 52.45144829765235 0.1203503180662993
2 2.25 38 39 51.14809385506561 0.1144239461002747
2 2.25 39 40 49.8210199617813 0.1088423964911163
2 2.25 40 41 48.48194850679806 0.1035806422700303
2 2.25 41 42 47.14043026272628 0.09861591009220896
2 2.25 42 43 45.80421751880414 0.09392743702083459
2 2.25 43 44 44.47957078574436 0.08949625701900282
2 2.25 44 45 43.17151192778101 0.08530501395174805
2 2.25 45 46 41.88298125829812 0.08199214586273738
2 2.25 46 47 40.61909802206134 0.08194330168472405
2 2.25 47 48 39.38122875187312 0.08522465219001338
2 2.25 48 49 38.17121138071437 0.09122068426272568
2 2.25 49 50 36.99020689843027 0.09756810312083573
2.25 2.5 0 1 3489.476966275426 1.618482611059762
2.25 2.5 1 2 -3437.368688706224 0.9215046149677579
2.25 2.5 2 3 -5221.985194779534 1.667952560862842
2.25 2.5 3 4 -3918.741202622859 1.54110762694303
2.25 2.5 4 5 -2785.619457721272 1.359668142897715
2.25 2.5 5 6 -1978.391334709315 1.197470848193112
2.25 2.5 6 7 -1417.634706358742 1.060302069726873
2.25 2.5 7 8 -1025.212718696766 0.9448793872962634
2.25 2.5 8 9 -746.3421591477381 0.8475052616320627
2.25 2.5 9 10 -544.835683132334 0.7669199240590123
2.25 2.5 10 11 -397.0072495347888 0.6984602416924769
2.25 2.5 11 12 -287.0817323188289 0.6383808697698377
2.25 2.5 12 13 -204.4003076902891 0.5854362205062004
2.25 2.5 13 14 -141.6204910157248 0.5385663793708884
2.25 2.5 14 15 -93.59122870558008 0.4968840781506943
2.25 2.5 15 16 -56.63645517398481 0.4596505396736207
2.25 2.5 16 17 -28.09113664125789 0.4262506313259571
2.25 2.5 17 18 -5.995388175184189 0.3961707893936544
2.25 2.5 18 19 11.11083838774471 0.3689805011263332
2.25 2.5 19 20 24.32795901448344 0.3443171616768696
2.25 2.5 20 21 34.49406985772885 0.3218738283048132
2.25 2.5 21 22 42.25351991115383 0.3013893564432496
2.25 2.5 22 23 48.10591456167185 0.2826404543613513
2.25 2.5 23 24 52.44159116059564 0.2654352685949584
2.25 2.5 24 25 55.56761006188719 0.2496081875562731
2.25 2.5 25 26 57.72700783032735 0.2350156133598889
2.25 2.5 26 27 59.11320512088253 0.2215325060146152
2.25 2.5 27 28 59.88089029236266 0.209049544464828
2.25 2.5 28 29 60.15431251151267 0.1974707839960288
2.25 2.5 29 30 60.0336518104109 0.1867117126696508
2.25 2.5 30 31 59.59994857549884 0.1766976315170693
2.25 2.5 31 32 58.91894462611964 0.1673622988087604
2.25 2.5 32 33 58.04409539745319 0.1586467895872896
2.25 2.5 33 34 57.01894618863889 0.1504985319023935
2.25 2.5 34 35 55.87901711980896 0.1428704902209981
2.25 2.5 35 36 54.65330608538397 0.1357204693132747
2.25 2.5 36 37 53.36549284957255 0.1290105194325166
2.25 2.5 37 38 52.0349080403966 0.1227064260995305
2.25 2.5 38 39 50.67731617990341 0.1167772707611845
2.25 2.5 39 40 49.30555085578686 0.1111950509744006
2.25 2.5 40 41 47.93003189702091 0.1059343516250147
2.25 2.5 41 42 46.55918775989511 0.1009720591549055
2.25 2.5 42 43 45.19980167440363 0.09628711185276477
2.25 2.5 43 44 43.8572960756176 0.0918602820985476
2.25 2.5 44 45 42.53596695159777 0.08767398556622737
2.25 2.5 45 46 41.23816939587866 0.0840476333880283
2.25 2.5 46 47 39.96839106493033 0.082220870866885
2.25 2.5 47 48 38.72756779216175 0.08232648108962182
2.25 2.5 48 49 37.51712426768779 0.08619090742529706
2.25 2.5 49 50 36.33786268758286 0.09207909540099775
2.5 2.75 0 1 2918.370121905882 2.309775604406556
2.5 2.75 1 2 -3859.702471723557 1.07138398329531
2.5 2.75 2 3 -5129.610831382526 2.372808890684119
2.5 2.75 3 4 -3771.878730816149 2.363397382698966
2.5 2.75 4 5 -2649.218596931926 2.109521759725175
2.5 2.75 5 6 -1862.44921933799 1.851511469170442
2.5 2.75 6 7 -1321.319874528923 1.627001921845425
2.5 2.75 7 8 -945.5470873049635 1.43791508182321
2.5 2.75 8 9 -680.3000529289252 1.278839677863325
2.5 2.75 9 10 -489.8337266052199 1.144744771604945
2.5 2.75 10 11 -350.954993087181 1.03062470172448
2.5 2.75 11 12 -248.3148646024051 0.9327568339019723
2.5 2.75 12 13 -171.5982193193297 0.8481598209441605
2.5 2.75 13 14 -113.7324160878629 0.7744910295947853
2.5 2.75 14 15 -69.7766281001891 0.7099006933627293
2.5 2.75 15 16 -36.21864032146777 0.652916962635512
2.5 2.75 16 17 -10.52167075365151 0.6023584673453112
2.5 2.75 17 18 9.173167769363999 0.5572685344362177
2.5 2.75 18 19 24.24584612267972 0.5168657097886857
2.5 2.75 19 20 35.73284674202739 0.4805063655819647
2.5 2.75 20 21 44.42087154813646 0.4476562391258951
2.5 2.75 21 22 50.91268355005616 0.4178685920756423
2.5 2.75 22 23 55.67402876710651 0.3907673071538176
2.5 2.75 23 24 59.06751433255045 0.3660336944462944
2.5 2.75 24 25 61.37736482428681 0.3433961072168201
2.5 2.75 25 26 62.82771431683625 0.322621703856906
2.5 2.75 26 27 63.59626081919191 0.3035098622314173
2.5 2.75 27 28 63.82455530479945 0.2858868763204367
2.5 2.75 28 29 63.62582259265224 0.2696016564532053
2.5 2.75 29 30 63.09095408813403 0.2545222197121695
2.5 2.75 30 31 62.29313406010476 0.2405328083757321
2.5 2.75 31 32 61.29143573940212 0.2275315092301674
2.5 2.75 32 33 60.13363456138421 0.215428276171646
2.5 2.75 33 34 58.85842208119038 0.2041432795522753
2.5 2.75 34 35 57.49715786737545 0.1936055204875236
2.5 2.75 35 36 56.07526291181944 0.1837516628841359
2.5 2.75 36 37 54.61333317603959 0.1745250443935045
2.5 2.75 37 38 53.12803344732725 0.1658748348086574
2.5 2.75 38 39 51.63281778560213 0.1577553179644935
2.5 2.75 39 40 50.13851238962047 0.150125275868066
2.5 2.75 40 41 48.65378890103847 0.1429474587478611
2.5 2.75 41 42 47.18554988768815 0.1361881279815927
2.5 2.75 42 43 45.73924383647466 0.1298166594698185
2.5 2.75 43 44 44.31912322083315 0.1238051996793143
2.5 2.75 44 45 42.92845646687124 0.1181283655593903
2.5 2.75 45 46 41.56873618818784 0.1129908279204
2.5 2.75 46 47 40.24357121615424 0.1092299098137833
2.5 2.75 47 48 38.95323569321263 0.1069609736791089
2.5 2.75 48 49 37.69853233649019 0.1061199072159261
2.5 2.75 49 50 36.47971102712924 0.1058737140419745
2.75 3 0 1 2289.219981585158 1.887434673244688
2.75 3 1 2 -4282.476042245601 3.807555275306723
2.75 3 2 3 -4987.301267282235 5.545449277026187
2.75 3 3 4 -3576.704123801997 4.796215386396871
2.75 3 4 5 -2472.780710379802 4.011528969371301
2.75 3 5 6 -1714.78498928407 3.377273108119359
2.75 3 6 7 -1200.173032021384 2.878418164705358
2.75 3 7 8 -846.4525816638661 2.483113000522543
2.75 3 8 9 -599.0018033853462 2.164997674784723
2.75 3 9 10 -422.7960659574067 1.905316535914917
2.75 3 10 11 -295.3647861195345 1.690199354472941
2.75 3 11 12 -201.9625696327121 1.509770358109339
2.75 3 12 13 -132.7500819526829 1.35674221930985
2.75 3 13 14 -81.0222310137508 1.225671393929632
2.75 3 14 15 -42.12081873978764 1.112425877914358
2.75 3 15 16 -12.75148502253387 1.013821557353143
2.75 3 16 17 9.453665996658174 0.9273703967012136
2.75 3 17 18 26.22165708259661 0.8511033777322559
2.75 3 18 19 38.82870844754302 0.783444040735998
2.75 3 19 20 48.22904171227867 0.7231167901163019
2.75 3 20 21 55.14364855529539 0.6690794470514734
2.75 3 21 22 60.12242835119412 0.6204729684381894
2.75 3 22 23 63.58831276805404 0.5765834919037479
2.75 3 23 24 65.86901498973134 0.536813351283094
2.75 3 24 25 67.2201531093624 0.5006587029221982
2.75 3 25 26 67.84227993330092 0.4676920818465553
2.75 3 26 27 67.89355437115586 0.437548674103515
2.75 3 27 28 67.49925935881947 0.4099154202518074
2.75 3 28 29 66.75901374555281 0.3845222954131318
2.75 3 29 30 65.75228096827095 0.3611352790394447
2.75 3 30 31 64.54260821418353 0.3395506460397575
2.75 3 31 32 63.18091115971379 0.3195903006712188
2.75 3 32 33 61.70803542662208 0.3010979388636789
2.75 3 33 34 60.15676584448528 0.2839358733241266
2.75 3 34 35 58.55341119935179 0.2679823922820452
2.75 3 35 36 56.91906050679842 0.2531295513124961
2.75 3 36 37 55.27058355876841 0.2392813173134608
2.75 3 37 38 53.62143128404688 0.2263520022491118
2.75 3 38 39 51.98227853623752 0.2142649344785099
2.75 3 39 40 50.36154221904411 0.2029513278919473
2.75 3 40 41 48.76580041965059 0.1923493150208793
2.75 3 41 42 47.20013242430375 0.1824031173308839
2.75 3 42 43 45.66839541244792 0.1730623308115064
2.75 3 43 44 44.17345017384054 0.16428130867235
2.75 3 44 45 42.71734566215505 0.1560186260699865
2.75 3 45 46 41.30055332620574 0.1483935738509036
2.75 3 46 47 39.92564022633022 0.1419688925145879
2.75 3 47 48 38.59210163440602 0.136825967863689
2.75 3 48 49 37.30000974855918 0.1329371226348924
2.75 3 49 50 36.04896458321224 0.129726804842382
3 3.25 0 1 1602.92071970672 1.184666048365669
3 3.25 1 2 -4639.877545823938 8.837464869674077
3 3.25 2 3 -4745.333281282134 9.466134257155735
3 3.25 3 4 -3302.948860716423 7.737995644060635
3 3.25 4 5 -2238.148685100469 6.294416105957965
3 3.25 5 6 -1524.467029128818 5.204264224283645
3 3.25 6 7 -1047.657138037679 4.376701158783765
3 3.25 7 8 -724.1373337614186 3.735712581071275
3 3.25 8 9 -500.4116403051587 3.228561183634923
3 3.25 9 10 -342.8330992261813 2.819800500788871
3 3.25 10 11 -230.1046126994945 2.48478834855384
3 3.25 11 12 -148.3966449335082 2.20629974387165
3 3.25 12 13 -88.56194873953405 1.971923845172836
3 3.25 13 14 -44.41487133690657 1.772541549519596
3 3.25 14 15 -11.68798848532151 1.601322415088679
3 3.25 15 16 12.61711189648645 1.453060987629934
3 3.25 16 17 30.64227287297831 1.323728124119269
3 3.25 17 18 43.94026479299703 1.210161364200879
3 3.25 18 19 53.65175126069812 1.109847124982195
3 3.25 19 20 60.62456454547123 1.020764758598035
3 3.25 20 21 65.49549667149893 0.9412730791319274
3 3.25 21 22 68.74728377047188 0.8700265581985801
3 3.25 22 23 70.7488898704778 0.8059125847099059
3 3.25 23 24 71.78436709912694 0.7480039036345324
3 3.25 24 25 72.07378631059248 0.6955221449476982
3 3.25 25 26 71.78858809415254 0.647809558443626
3 3.25 26 27 71.06295820871776 0.6043068926064209
3 3.25 27 28 70.00233723602997 0.5645359235248094
3 3.25 28 29 68.68984221395669 0.5280855398138102
3 3.25 29 30 67.19115162545046 0.4946005721144754
3 3.25 30 31 65.55824910995074 0.4637727595252819
3 3.25 31 32 63.83231219998885 0.4353333944461147
3 3.25 32 33 62.04595543299735 0.4090472947109071
3 3.25 33 34 60.2249823019493 0.3847078340590104
3 3.25 34 35 58.38976095930337 0.362132821372585
3 3.25 35 36 56.55630983398171 0.3411610660885433
3 3.25 36 37 54.7371582253424 0.3216494998751825
3 3.25 37 38 52.9420313918624 0.3034707543030867
3 3.25 38 39 51.17839800687091 0.2865111118632222
3 3.25 39 40 49.45190913534188 0.2706687662797648
3 3.25 40 41 47.76675140723381 0.2558523385252022
3 3.25 41 42 46.12593187924702 0.2419796070549421
3 3.25 42 43 44.53150844410985 0.228976416240026
3 3.25 43 44 42.98477659018582 0.216775735821315
3 3.25 44 45 41.48642105939456 0.2053168467159592
3 3.25 45 46 40.03578766333348 0.1946514722781275
3 3.25 46 47 38.63426645223717 0.1851373227025982
3 3.25 47 48 37.28050799931458 0.1768112292734416
3 3.25 48 49 35.97378655242075 0.1696437731735693
3 3.25 49 50 34.71299440337954 0.1632320411084919
3.25 3.5 0 1 885.8632920832823 0.4412789543482056
3.25 3.5 1 2 -4818.771125891501 18.43795245297867
3.25 3.5 2 3 -4338.234349384423 14.78320498691608
3.25 3.5 3 4 -2914.408396282538 11.19728112034907
3.25 3.5 4 5 -1925.449601448173 8.744809314044939
3.25 3.5 5 6 -1280.959207334358 7.034211920688326
3.25 3.5 6 7 -858.7149579752345 5.7934821706838
3.25 3.5 7 8 -576.8297826706967 4.861619289291602
3.25 3.5 8 9 -384.7558776949422 4.141146169979097
3.25 3.5 9 10 -251.3903632927254 3.57086366038294
3.25 3.5 10 11 -157.3553045457745 3.110465285697297
3.25 3.5 11 12 -90.22647474000519 2.732628984260497
3.25 3.5 12 13 -41.87420884731273 2.418193966689442
3.25 3.5 13 14 -6.853224404331058 2.153371759748645
3.25 3.5 14 15 18.56040139582683 1.928010012106142
3.25 3.5 15 16 36.96174161630995 1.734482870628437
3.25 3.5 16 17 50.18989279026539 1.566960956684893
3.25 3.5 17 18 59.56782894427124 1.420918589859386
3.25 3.5 18 19 66.05992151179976 1.292793472611059
3.25 3.5 19 20 70.3774000796119 1.179746822468501
3.25 3.5 20 21 73.05022149355818 1.079491180917615
3.25 3.5 21 22 74.47684756660522 0.9901647488911476
3.25 3.5 22 23 74.95923617036198 0.9102382975468554
3.25 3.5 23 24 74.72777270143916 0.8384452674082867
3.25 3.5 24 25 73.95925464059729 0.7737286250780427
3.25 3.5 25 26 72.79001209305432 0.7151999987394851
3.25 3.5 26 27 71.32557923347304 0.6621079255875397
3.25 3.5 27 28 69.6478911282511 0.6138129403241469
3.25 3.5 28 29 67.82068585628275 0.5697678560765584
3.25 3.5 29 30 65.89359188437015 0.5295020254175942
3.25 3.5 30 31 63.90524341763791 0.4926086813664512
3.25 3.5 31 32 61.88567087936673 0.4587346820257825
3.25 3.5 32 33 59.85814651903235 0.4275721465126366
3.25 3.5 33 34 57.84061741470751 0.3988515904615868
3.25 3.5 34 35 55.84682387871339 0.3723362588398034
3.25 3.5 35 36 53.88717645493105 0.3478174209670905
3.25 3.5 36 37 51.96944655470094 0.3251104442695957
3.25 3.5 37 38 50.09931245524052 0.3040515011907146
3.25 3.5 38 39 48.28079244218506 0.284494794633644
3.25 3.5 39 40 46.51658946054761 0.2663102096454648
3.25 3.5 40 41 44.80836614689656 0.2493813177226004
3.25 3.5 41 42 43.15696473724719 0.2336036737829154
3.25 3.5 42 43 41.56258328318222 0.2188833576007794
3.25 3.5 43 44 40.02491705903503 0.2051357200539589
3.25 3.5 44 45 38.54327214176996 0.1922843016752547
3.25 3.5 45 46 37.11589694910182 0.1803590075203911
3.25 3.5 46 47 35.74296377297792 0.1696813109879745
3.25 3.5 47 48 34.42233060052541 0.1602842875901373
3.25 3.5 48 49 33.15250667963124 0.1521416332861906
3.25 3.5 49 50 31.93171508494474 0.1448744672086209
3.5 3.75 0 1 213.7752262481935 1.612588704988942
3.5 3.75 1 2 -4648.214132980333 24.61509203688871
3.5 3.75 2 3 -3696.826418987785 16.33997052273311
3.5 3.75 3 4 -2383.15399340296 11.57802352450267
3.5 3.75 4 5 -1525.47159651724 8.696336514524219
3.5 3.75 5 6 -983.9011484350083 6.804657271653459
3.5 3.75 6 7 -637.2089528373499 5.484259173549374
3.5 3.75 7 8 -410.3320320137771 4.51947525466142
3.5 3.75 8 9 -258.6133657681689 3.789280595669061
3.5 3.75 9 10 -155.220461688011 3.221241806061171
3.5 3.75 10 11 -83.73149836120706 2.769342703355735
3.5 3.75 11 12 -33.77186353114325 2.403191706314031
3.5 3.75 12 13 1.360617605952939 2.101926779185495
3.5 3.75 13 14 26.10343160367836 1.850796107520225
3.5 3.75 14 15 43.45869817646133 1.63909802683585
3.5 3.75 15 16 55.49698075806941 1.458896477688045
3.5 3.75 16 17 63.67090726264382 1.304192907434353
3.5 3.75 17 18 69.01497715935545 1.170376798618467
3.5 3.75 18 19 72.27564149714885 1.053851755744122
3.5 3.75 19 20 73.99769208333424 0.9517753293780447
3.5 3.75 20 21 74.58268762473574 0.8618743631951976
3.5 3.75 21 22 74.32912727341994 0.7823116015663827
3.5 3.75 22 23 73.46049209725737 0.7115877809868316
3.5 3.75 23 24 72.14508732896331 0.6484687239498572
3.5 3.75 24 25 70.51025825455463 0.591930335055634
3.5 3.75 25 26 68.65269084306789 0.5411166048633902
3.5 3.75 26 27 66.64595269169331 0.4953071918302838
3.5 3.75 27 28 64.54606567921468 0.4538921450057405
3.5 3.75 28 29 62.39565950475676 0.4163520098503036
3.5 3.75 29 30 60.22709171298973 0.3822420360145355
3.5 3.75 30 31 58.06480810969146 0.351179540308706
3.5 3.75 31 32 55.9271400756142 0.3228337193030626
3.5 3.75 32 33 53.82768114839203 0.2969173796651655
3.5 3.75 33 34 51.77634695620981 0.2731801813804074
3.5 3.75 34 35 49.78019522765166 0.2514030840584829
3.5 3.75 35 36 47.84406287294016 0.2313937559556142
3.5 3.75 36 37 45.97106278144113 0.2129827588957243
3.5 3.75 37 38 44.16297248527076 0.1960203622371769
3.5 3.75 38 39 42.420539045597 0.180373870336659
3.5 3.75 39 40 40.74371872829151 0.1659253709400557
3.5 3.75 40 41 39.13186577668118 0.1525698315415732
3.5 3.75 41 42 37.58388119826076 0.140213483885603
3.5 3.75 42 43 36.09833012486858 0.1287724502090474
3.5 3.75 43 44 34.67353436856907 0.1181715716773637
3.5 3.75 44 45 33.30764532614964 0.1083434088186862
3.5 3.75 45 46 31.99806891402882 0.09936921968898277
3.5 3.75 46 47 30.74390201951829 0.09176324978607377
3.5 3.75 47 48 29.54245289163963 0.08564385754134268
3.5 3.75 48 49 28.3916646916136 0.08102727182603976
3.5 3.75 49 50 27.2892865553296 0.07739581306995956
3.75 4 0 1 -305.8475491373017 1.829656172087752
3.75 4 1 2 -3997.546648520085 28.08428058579958
3.75 4 2 3 -2805.61467667838 13.08879120049197
3.75 4 3 4 -1717.925908573769 7.667595066774807
3.75 4 4 5 -1053.25304388533 5.006970905053699
3.75 4 5 6 -649.3714206139018 3.484491681073605
3.75 4 6 7 -398.4023411494516 2.527192530900683
3.75 4 7 8 -238.480533432896 1.885599234605937
3.75 4 8 9 -134.2754600648786 1.435512119476742
3.75 4 9 10 -65.14510118030989 1.108737291152644
3.75 4 10 11 -18.72560321825972 0.8655199683489909
3.75 4 11 12 12.64828116459364 0.6810397870985956
3.75 4 12 13 33.8481784772257 0.5393470620735151
3.75 4 13 14 48.0510352761446 0.4298280342008741
3.75 4 14 15 57.37546174344072 0.3452817651325089
3.75 4 15 16 63.26230609382856 0.2828247109729371
3.75 4 16 17 66.70837310758179 0.2604822096751497
3.75 4 17 18 68.41352769946946 0.2404793356930836
3.75 4 18 19 68.87540008354364 0.2224977227271994
3.75 4 19 20 68.45162626135794 0.2062719209498094
3.75 4 20 21 67.40152336048016 0.1915792124654625
3.75 4 21 22 65.914469325163 0.1782316070182536
3.75 4 22 23 64.12952496258936 0.1660695134173917
3.75 4 23 24 62.1491884205677 0.1602725931602763
3.75 4 24 25 60.04915696845813 0.1637552539760006
3.75 4 25 26 57.88533309476742 0.1673030883645391
3.75 4 26 27 55.69890395595709 0.1706153629269752
3.75 4 27 28 53.52005774038435 0.1735348143352051
3.75 4 28 29 51.37072520105903 0.1759912052717774
3.75 4 29 30 49.26661702300191 0.1779656379343701
3.75 4 30 31 47.21874793084942 0.1794685463797177
3.75 4 31 32 45.23458353057481 0.1805263014462492
3.75 4 32 33 43.31890771628099 0.1811731344900188
3.75 4 33 34 41.47448165300808 0.1814463224866704
3.75 4 34 35 39.7025463033918 0.1813833706571913
3.75 4 35 36 38.00320681518915 0.1810204166682712
3.75 4 36 37 36.37572722806891 0.1803913824372289
3.75 4 37 38 34.81875678448019 0.1795275791195778
3.75 4 38 39 33.33050384545982 0.1784575848203228
3.75 4 39 40 31.90886950509562 0.177207282191563
3.75 4 40 41 30.55155014843557 0.1757999855784327
3.75 4 41 42 29.25611594105519 0.1742566151595603
3.75 4 42 43 28.02007067578038 0.1725958905527306
3.75 4 43 44 26.84089714575571 0.17083452873416
3.75 4 44 45 25.71609123893242 0.1689874360537719
3.75 4 45 46 24.64271754754591 0.1671261786935608
3.75 4 46 47 23.61916558044884 0.1654664238388309
3.75 4 47 48 22.64263483407365 0.1640234509345119
3.75 4 48 49 21.71087976782105 0.1627770641074101
3.75 4 49 50 20.82153733788292 0.1615523067123998
4 5 0 1 -997.2818263178101 2.866505145108829
4 5 1 2 -4421.114910773544 7.16253231463057
4 5 2 3 -2558.003657933428 5.378931679340325
4 5 3 4 -1406.53853699384 4.074445960867325
4 5 4 5 -776.5880063822187 3.060302591951549
4 5 5 6 -421.483030644242 2.311921176679187
4 5 6 7 -214.8194467238013 1.804638266956401
4 5 7 8 -91.31831075750574 1.460098857454139
4 5 8 9 -16.10056686719122 1.217421942542725
4 5 9 10 30.13065550503859 1.037633019821632
4 5 10 11 58.40033305334202 0.8998097729836863
4 5 11 12 75.32645035219662 0.7923605770220423
4 5 12 13 84.96340652921526 0.7061428455269463
4 5 13 14 89.84272017898809 0.6347595294406699
4 5 14 15 91.58937803853928 0.5752170356846276
4 5 15 16 91.27637813934632 0.5253830844568911
4 5 16 17 89.62282611670787 0.4829332474592379
4 5 17 18 87.11266009243161 0.4459151989109407
4 5 18 19 84.07314648917071 0.4131695065351692
4 5 19 20 80.72765176945143 0.3840842688282453
4 5 20 21 77.22985740065096 0.3582012047917878
4 5 21 22 73.68554801124517 0.3350522988951765
4 5 22 23 70.16688439526257 0.3141875321737732
4 5 23 24 66.72222986993512 0.2952358609120538
4 5 24 25 63.38313650690603 0.2779221081006922
4 5 25 26 60.16933384977395 0.2620452074936603
4 5 26 27 57.09225809163607 0.2474475837832429
4 5 27 28 54.15753054686448 0.2339941018695777
4 5 28 29 51.36670163130007 0.2215632290338196
4 5 29 30 48.71849016948056 0.2100455572847205
4 5 30 31 46.20967476106024 0.1993445427733654
4 5 31 32 43.83574049958698 0.1893767007391429
4 5 32 33 41.59134947058678 0.1800706183940928
4 5 33 34 39.47068195644739 0.171365189962646
4 5 34 35 37.46768194052886 0.1632076681586175
4 5 35 36 35.57623171606215 0.1555519392476172
4 5 36 37 33.79027418582438 0.1483571833737989
4 5 37 38 32.10389678273649 0.1415869098767888
4 5 38 39 30.51138737295871 0.1352082830472653
4 5 39 40 29.0072697896608 0.1291916423439734
4 5 40 41 27.58632465351776 0.1235101397752201
4 5 41 42 26.24359956890897 0.1181394430323563
4 5 42 43 24.97441172908257 0.1130574780869874
4 5 43 44 23.77434517195579 0.1082441957659773
4 5 44 45 22.63924429112922 0.1036813590875572
4 5 45 46 21.56474705025103 0.09974899653158667
4 5 46 47 20.54772230252025 0.09787047611665883
4 5 47 48 19.58432165012772 0.09803739802897135
4 5 48 49 18.67137423473326 0.09982735587805873
4 5 49 50 17.80547104721444 0.1020090127842822
-5 5 0 50 -527173.8363288319 92.30619797589907
