#ylo yhi qTlo qThi PDF0  uncertainty
-5 -4 0 1 -1023.653788384734 2.879744925739274
-5 -4 1 2 -4465.448735367101 7.477125104671082
-5 -4 2 3 -2565.264376304453 5.570548752833861
-5 -4 3 4 -1403.182690024763 4.14240372828263
-5 -4 4 5 -770.6149191869886 3.066991574323876
-5 -4 5 6 -415.4051468886557 2.304125719774121
-5 -4 6 7 -209.3830946009732 1.79541248149101
-5 -4 7 8 -86.67393586886396 1.452031970424633
-5 -4 8 9 -12.19945550169018 1.211419361587367
-5 -4 9 10 33.38902912814638 1.03391590005363
-5 -4 10 11 61.12350547818562 0.8985507152670613
-5 -4 11 12 77.6083573376319 0.7935617652039575
-5 -4 12 13 86.88075784895705 0.7091725805152692
-5 -4 13 14 91.45868489946054 0.6390548591857472
-5 -4 14 15 92.95530073911851 0.5804676464787448
-5 -4 15 16 92.43398936031514 0.5313947172004445
-5 -4 16 17 90.60612984468355 0.489501562656166
-5 -4 17 18 87.94949597176884 0.4528353179328815
-5 -4 18 19 84.78643559366589 0.4202809390294156
-5 -4 19 20 81.33636564177442 0.3912808099818116
-5 -4 20 21 77.74977103438866 0.3654137233094459
-5 -4 21 22 74.12983292258517 0.3422304692824972
-5 -4 22 23 70.54658201450547 0.3212910827782292
-5 -4 23 24 67.04663196386639 0.3022327381497878
-5 -4 24 25 63.66009160422846 0.2847884633133267
-5 -4 25 26 60.40549457234317 0.2687647014570653
-5 -4 26 27 57.29328156502137 0.254009875211325
-5 -4 27 28 54.32824168599541 0.2403931701017508
-5 -4 28 29 51.51122697086865 0.2277960145340227
-5 -4 29 30 48.84036814488728 0.216111045857434
-5 -4 30 31 46.31194699456455 0.2052432043474581
-5 -4 31 32 43.92102764518937 0.1951101411738329
-5 -4 32 33 41.66191443715029 0.1856413368083898
-5 -4 33 34 39.52848277174624 0.1767763829819946
-5 -4 34 35 37.51441608924286 0.1684630598005192
-5 -4 35 36 35.61337344025334 0.160655632702196
-5 -4 36 37 33.81910596025649 0.1533135357232429
-5 -4 37 38 32.12553595418892 0.1464004304837349
-5 -4 38 39 30.52680877153369 0.1398835543815195
-5 -4 39 40 29.01732497348794 0.1337332598264557
-5 -4 40 41 27.59175833239391 0.127922666919136
-5 -4 41 42 26.24506365499199 0.1224273793811982
-5 -4 42 43 24.97247738658052 0.1172252350767042
-5 -4 43 44 23.76951317523779 0.1122960803586026
-5 -4 44 45 22.6319539482837 0.1076215615330539
-5 -4 45 46 21.55538418373842 0.1035820109832468
-5 -4 46 47 20.53662970577583 0.1015970351873704
-5 -4 47 48 19.57180053663555 0.1016435951411927
-5 -4 48 49 18.65768928719297 0.1032858248930656
-5 -4 49 50 17.79086057933376 0.1052946935020976
-4 -3.75 0 1 -325.2485458324781 1.825545024174202
-4 -3.75 1 2 -4033.61995162259 28.22460422322064
-4 -3.75 2 3 -2806.363635166869 13.10532651477986
-4 -3.75 3 4 -1711.344057389855 7.656470256626065
-4 -3.75 4 5 -1045.910218825244 4.987744657499205
-4 -3.75 5 6 -642.7921370244314 3.463055957018106
-4 -3.75 6 7 -392.894753333381 2.505694283881108
-4 -3.75 7 8 -233.9885184021946 1.86495142858439
-4 -3.75 8 9 -130.6481753166879 1.415909618697742
-4 -3.75 9 10 -62.22605870374855 1.090544927507681
-4 -3.75 10 11 -16.38158529133602 0.8486996606158075
-4 -3.75 11 12 14.52658050072228 0.6656632899040129
-4 -3.75 12 13 35.34827294438992 0.5254825615698429
-4 -3.75 13 14 49.24275186326474 0.4175838704984675
-4 -3.75 14 15 58.31464454449633 0.334823773324713
-4 -3.75 15 16 63.99383859111219 0.2831472613569662
-4 -3.75 16 17 67.2685427255177 0.2606591436200319
-4 -3.75 17 18 68.83184847211737 0.2405361757371081
-4 -3.75 18 19 69.17601428195746 0.222455119641838
-4 -3.75 19 20 68.65438621323597 0.2061467081640195
-4 -3.75 20 21 67.52283185835057 0.1913852074974499
-4 -3.75 21 22 65.96793744155354 0.1779802255828992
-4 -3.75 22 23 64.12649092738872 0.165770243386352
-4 -3.75 23 24 62.09912995603591 0.1662392793592338
-4 -3.75 24 25 59.9600212386662 0.1700689224999754
-4 -3.75 25 26 57.76380242322492 0.1737902038686867
-4 -3.75 26 27 55.55061106940357 0.1771583703132882
-4 -3.75 27 28 53.34976105980797 0.1800549080626287
-4 -3.75 28 29 51.18245229382475 0.1824359757162591
-4 -3.75 29 30 49.0637825268069 0.184300607417552
-4 -3.75 30 31 47.00425089263473 0.1856714638611585
-4 -3.75 31 32 45.01088806136997 0.1865833030988907
-4 -3.75 32 33 43.08811006036397 0.18707614626487
-4 -3.75 33 34 41.23836614509824 0.1871912874239146
-4 -3.75 34 35 39.46263220159089 0.1869690266501508
-4 -3.75 35 36 37.76078761360799 0.1864474454798821
-4 -3.75 36 37 36.13190374941095 0.1856618111091308
-4 -3.75 37 38 34.5744651108522 0.1846443557096854
-4 -3.75 38 39 33.08653895338117 0.1834242751804167
-4 -3.75 39 40 31.66590531392281 0.1820278521374698
-4 -3.75 40 41 30.31015656611326 0.1804786438453651
-4 -3.75 41 42 29.01677338952139 0.1787976998723152
-4 -3.75 42 43 27.78318249590539 0.1770037872688319
-4 -3.75 43 44 26.60680021246431 0.1751136113370742
-4 -3.75 44 45 25.48506506318198 0.1731420246666641
-4 -3.75 45 46 24.41499225348382 0.1711577238502174
-4 -3.75 46 47 23.3949306204039 0.1693663139786889
-4 -3.75 47 48 22.42204248205483 0.1677821975639253
-4 -3.75 48 49 21.49405020409728 0.1663859387581973
-4 -3.75 49 50 20.60856587210915 0.1650109373362634
-3.75 -3.5 0 1 187.9799282925463 1.613800498375479
-3.75 -3.5 1 2 -4701.721730626768 24.79341142466816
-3.75 -3.5 2 3 -3704.083521636196 16.36261674642798
-3.75 -3.5 3 4 -2379.06377031258 11.56585492029639
-3.75 -3.5 4 5 -1518.917737654876 8.673784091850097
-3.75 -3.5 5 6 -977.3181345207236 6.779082986869811
-3.75 -3.5 6 7 -631.3301760580848 5.458339072023039
-3.75 -3.5 7 8 -405.3087834784892 4.494270583019641
-3.75 -3.5 8 9 -254.399448247063 3.765198991214631
-3.75 -3.5 9 10 -151.7108365884933 3.198425854937347
-3.75 -3.5 10 11 -80.81969922899339 2.747802263000493
-3.75 -3.5 11 12 -31.36135795680275 2.382881653093677
-3.75 -3.5 12 13 3.352086189866895 2.082777784132094
-3.75 -3.5 13 14 27.7445229429469 1.832730526657969
-3.75 -3.5 14 15 44.80631431485142 1.622037722289557
-3.75 -3.5 15 16 56.59822910984246 1.442766575470262
-3.75 -3.5 16 17 64.56485276174055 1.288923463479129
-3.75 -3.5 17 18 69.73410843422266 1.155903379250969
-3.75 -3.5 18 19 72.84706657738457 1.040115459970381
-3.75 -3.5 19 20 74.4441046902881 0.9387225342339767
-3.75 -3.5 20 21 74.92314696508805 0.849456344009952
-3.75 -3.5 21 22 74.57968868139517 0.7704841083368734
-3.75 -3.5 22 23 73.63471893165871 0.7003106143989523
-3.75 -3.5 23 24 72.25446822940279 0.637705332494789
-3.75 -3.5 24 25 70.56454870131557 0.5816474436751652
-3.75 -3.5 25 26 68.66019389383951 0.5312838783367905
-3.75 -3.5 26 27 66.6137506099488 0.4858969332030273
-3.75 -3.5 27 28 64.48021172746485 0.4448790270706484
-3.75 -3.5 28 29 62.30133728035867 0.407712837135924
-3.75 -3.5 29 30 60.10874793074379 0.373955534550382
-3.75 -3.5 30 31 57.92626357841831 0.3432261720797573
-3.75 -3.5 31 32 55.77168270647815 0.3151955188717196
-3.75 -3.5 32 33 53.65814410892213 0.2895778104485732
-3.75 -3.5 33 34 51.59517450752637 0.2661240095789387
-3.75 -3.5 34 35 49.58949832250124 0.2446162681513764
-3.75 -3.5 35 36 47.64566621655962 0.2248633503815421
-3.75 -3.5 36 37 45.7665447584202 0.2066968306067868
-3.75 -3.5 37 38 43.9536991101707 0.1899679190233714
-3.75 -3.5 38 39 42.20769289527087 0.1745448002383976
-3.75 -3.5 39 40 40.52832365119562 0.1603103922854229
-3.75 -3.5 40 41 38.91480804014002 0.1471604531296765
-3.75 -3.5 41 42 37.36592762511474 0.1350019761244973
-3.75 -3.5 42 43 35.88014368014412 0.1237518266676561
-3.75 -3.5 43 44 34.45568758103524 0.1133355829436907
-3.75 -3.5 44 45 33.09063186902111 0.1036865495861893
-3.75 -3.5 45 46 31.78231276734445 0.09489086896238319
-3.75 -3.5 46 47 30.52977101373094 0.08748124502132418
-3.75 -3.5 47 48 29.33026098606818 0.08158310374757866
-3.75 -3.5 48 49 28.181679644673 0.07721358513738782
-3.75 -3.5 49 50 27.08173817254658 0.07383727898134056
-3.5 -3.25 0 1 856.5400892294381 0.4307270986540599
-3.5 -3.25 1 2 -4887.65351242402 18.82969706978831
-3.5 -3.25 2 3 -4354.31705168813 14.94984750712403
-3.5 -3.25 3 4 -2915.727681440263 11.28786691018931
-3.5 -3.25 4 5 -1922.324310822577 8.799745506773535
-3.5 -3.25 5 6 -1276.555650105921 7.069438245542472
-3.5 -3.25 6 7 -854.2143022849655 5.816672423018522
-3.5 -3.25 7 8 -572.6618613345331 4.876962017805061
-3.5 -3.25 8 9 -381.0507229056404 4.151118711769337
-3.5 -3.25 9 10 -248.1564226249304 3.577042353446468
-3.5 -3.25 10 11 -154.5615646855749 3.11388859761142
-3.5 -3.25 11 12 -87.82709558820966 2.734012263478566
-3.5 -3.25 12 13 -39.82154876941945 2.418044015163375
-3.5 -3.25 13 14 -5.102520758844094 2.152056541887807
-3.5 -3.25 14 15 20.04942086012102 1.925802199700622
-3.5 -3.25 15 16 38.22455131117442 1.731588024294038
-3.5 -3.25 16 17 51.25739870215887 1.563536321389601
-3.5 -3.25 17 18 60.46679715671576 1.417085959047626
-3.5 -3.25 18 19 66.81345758205578 1.288648193046192
-3.5 -3.25 19 20 71.00541565834533 1.175364223078884
-3.5 -3.25 20 21 73.56986267739228 1.074931242989038
-3.5 -3.25 21 22 74.90287670940734 0.9854755517012708
-3.5 -3.25 22 23 75.30436665403403 0.9054585960272046
-3.5 -3.25 23 24 75.00295956106066 0.8336064445886203
-3.5 -3.25 24 25 74.17394527772143 0.7688561878083191
-3.5 -3.25 25 26 72.95236165824394 0.710314735304216
-3.5 -3.25 26 27 71.44263514366281 0.657226810067202
-3.5 -3.25 27 28 69.72575085069235 0.6089498451943317
-3.5 -3.25 28 29 67.86463167626164 0.5649341179803825
-3.5 -3.25 29 30 65.90820594042833 0.5247068979160716
-3.5 -3.25 30 31 63.8945058695295 0.4878596993024401
-3.5 -3.25 31 32 61.85304369119132 0.4540379568075102
-3.5 -3.25 32 33 59.80664499046296 0.4229326067198775
-3.5 -3.25 33 34 57.77287128973856 0.3942731788586913
-3.5 -3.25 34 35 55.76512959251795 0.3678220945889241
-3.5 -3.25 35 36 53.79354184729016 0.3433699336911642
-3.5 -3.25 36 37 51.86562918014315 0.3207314854388551
-3.5 -3.25 37 38 49.98685244775834 0.2997424368994752
-3.5 -3.25 38 39 48.16104074785898 0.2802565833336969
-3.5 -3.25 39 40 46.39073212645445 0.2621434673566929
-3.5 -3.25 40 41 44.67744525007549 0.2452863728946256
-3.5 -3.25 41 42 43.02189644775112 0.2295806138322699
-3.5 -3.25 42 43 41.42417347966085 0.2149320682413271
-3.5 -3.25 43 44 39.88387485265233 0.2012559187683375
-3.5 -3.25 44 45 38.40022160886724 0.1884755662831195
-3.5 -3.25 45 46 36.97138525568614 0.1766217037541623
-3.5 -3.25 46 47 35.59747848724729 0.166019291213296
-3.5 -3.25 47 48 34.2762985883415 0.1567019752788831
-3.5 -3.25 48 49 33.00630325092256 0.1486429594184295
-3.5 -3.25 49 50 31.78567210034382 0.1414593454835544
-3.25 -3 0 1 1574.12877842643 1.188797411364517
-3.25 -3 1 2 -4717.774911047311 9.35979364025815
-3.25 -3 2 3 -4769.448534909804 9.77244317306314
-3.25 -3 3 4 -3310.400018339896 7.942782263210027
-3.25 -3 4 5 -2239.599576586882 6.442186287012865
-3.25 -3 5 6 -1523.440086737794 5.316176208457625
-3.25 -3 6 7 -1045.644326755172 4.464328713060355
-3.25 -3 7 8 -721.8057030134846 3.806019149739383
-3.25 -3 8 9 -498.0644116111782 3.286014228388941
-3.25 -3 9 10 -340.6034117398067 2.867437512656088
-3.25 -3 10 11 -228.0519740367683 2.524741390010746
-3.25 -3 11 12 -146.5409909524835 2.240121006178812
-3.25 -3 12 13 -86.90384864488374 2.000772215004644
-3.25 -3 13 14 -42.94518360889356 1.797301505019246
-3.25 -3 14 15 -10.39297367429276 1.622681734414055
-3.25 -3 15 16 13.75300703634139 1.47156316034723
-3.25 -3 16 17 31.63488012549806 1.339808666224777
-3.25 -3 17 18 44.80485586908515 1.224173575320096
-3.25 -3 18 19 54.40260048416042 1.122080734699266
-3.25 -3 19 20 61.27474764230715 1.031459671154621
-3.25 -3 20 21 66.05682936458822 0.9506296688874162
-3.25 -3 21 22 69.23034213605456 0.8782134933051744
-3.25 -3 22 23 71.16307667888964 0.8130728499305936
-3.25 -3 23 24 72.13800185738705 0.7542594915843271
-3.25 -3 24 25 72.37420515135079 0.7009777494427465
-3.25 -3 25 26 72.04224502876241 0.6525555107969297
-3.25 -3 26 27 71.2755227206876 0.6084215169807911
-3.25 -3 27 28 70.17878542059645 0.5680874421003628
-3.25 -3 28 29 68.83454010332554 0.5311336254693224
-3.25 -3 29 30 67.30793023751227 0.4971976229630382
-3.25 -3 30 31 65.65047131748378 0.4659649518747742
-3.25 -3 31 32 63.90293183747195 0.4371615581659649
-3.25 -3 32 33 62.09756923514209 0.4105476451334825
-3.25 -3 33 34 60.25987534406056 0.3859125870838037
-3.25 -3 34 35 58.40994628599287 0.3630707132720891
-3.25 -3 35 36 56.56356294087865 0.3418577944066486
-3.25 -3 36 37 54.7330470176411 0.3221280996960471
-3.25 -3 37 38 52.92794218929677 0.303751920018516
-3.25 -3 38 39 51.15555810677114 0.2866134741219561
-3.25 -3 39 40 49.42140639117596 0.2706091304793454
-3.25 -3 40 41 47.7295512217533 0.255645891826637
-3.25 -3 41 42 46.08289196555575 0.2416400976380952
-3.25 -3 42 43 44.48339165663717 0.2285163101614346
-3.25 -3 43 44 42.93226209341188 0.2162063535849556
-3.25 -3 44 45 41.43011405995372 0.2046484833220115
-3.25 -3 45 46 39.97622476294057 0.1938929868241855
-3.25 -3 46 47 38.57193459222324 0.1842947377421317
-3.25 -3 47 48 37.21583901200006 0.175889048926162
-3.25 -3 48 49 35.90716630768833 0.1686450850677939
-3.25 -3 49 50 34.644769737357 0.1621602617919682
-3 -2.75 0 1 2264.821966759367 1.741375533935574
-3 -2.75 1 2 -4359.797495400513 4.302138574163133
-3 -2.75 2 3 -5015.254519752521 5.887416992674996
-3 -2.75 3 4 -3588.263736997226 5.041389258230685
-3 -2.75 4 5 -2477.852027588655 4.196447724244687
-3 -2.75 5 6 -1716.750479249573 3.522072815428348
-3 -2.75 6 7 -1200.573614747876 2.994995308561457
-3 -2.75 7 8 -846.0502727477801 2.578984161046557
-3 -2.75 8 9 -598.1942742294154 2.245155039678564
-3 -2.75 9 10 -421.7969834302173 1.973244792562157
-3 -2.75 10 11 -294.2987774821072 1.748396575349235
-3 -2.75 11 12 -200.9007781378127 1.560087268989079
-3 -2.75 12 13 -131.7329565307487 1.400581496071802
-3 -2.75 13 14 -80.07159377260905 1.26411778241738
-3 -2.75 14 15 -41.24699635906927 1.146332895105588
-3 -2.75 15 16 -11.95769502674671 1.043870932459886
-3 -2.75 16 17 10.16854009774465 0.9541138445439249
-3 -2.75 17 18 26.86127959589999 0.8749925980287302
-3 -2.75 18 19 39.39813430107381 0.804852677972738
-3 -2.75 19 20 48.73396957585192 0.7423567827151932
-3 -2.75 20 21 55.58994576246369 0.6864133861347358
-3 -2.75 21 22 60.51583709373631 0.6361235680744302
-3 -2.75 22 23 63.93427712774667 0.5907409360545659
-3 -2.75 23 24 66.17258796309011 0.549641057843973
-3 -2.75 24 25 67.48595585899477 0.5122978925523459
-3 -2.75 25 26 68.07449437537684 0.478265433171727
-3 -2.75 26 27 68.09593629938712 0.4471632738972448
-3 -2.75 27 28 67.67516349175725 0.4186651628136451
-3 -2.75 28 29 66.9114249783882 0.3924898494347758
-3 -2.75 29 30 65.88384809561808 0.3683937097823369
-3 -2.75 30 31 64.65567775463819 0.3461647630141721
-3 -2.75 31 32 63.27755983996144 0.3256177828541647
-3 -2.75 32 33 61.79010050632797 0.3065902802446954
-3 -2.75 33 34 60.225872876697 0.2889391809185879
-3 -2.75 34 35 58.61099908957402 0.2725380636057212
-3 -2.75 35 36 56.96640390314656 0.257274851605126
-3 -2.75 36 37 55.30881270670233 0.2430498739181703
-3 -2.75 37 38 53.65154953299543 0.2297742293796823
-3 -2.75 38 39 52.00517771453389 0.2173683999413574
-3 -2.75 39 40 50.37801609531064 0.205761070688608
-3 -2.75 40 41 48.77655646662956 0.1948881215211212
-3 -2.75 41 42 47.20580208578164 0.1846917616838076
-3 -2.75 42 43 45.66954305968491 0.1751197859137188
-3 -2.75 43 44 44.1705809163775 0.1661249306874496
-3 -2.75 44 45 42.71091216425114 0.1576643171898779
-3 -2.75 45 46 41.29095805045188 0.149853297514338
-3 -2.75 46 47 39.91325370510205 0.1432435816077764
-3 -2.75 47 48 38.57725354960812 0.1379138461410304
-3 -2.75 48 49 37.28299690747338 0.1338357722057805
-3 -2.75 49 50 36.03005618812057 0.1304415503619221
-2.75 -2.5 0 1 2900.613935390881 2.272888390311982
-2.75 -2.5 1 2 -3927.553459213686 1.103112556555261
-2.75 -2.5 2 3 -5156.14644021103 2.610084335329336
-2.75 -2.5 3 4 -3784.264374617813 2.544917315008608
-2.75 -2.5 4 5 -2655.792740624427 2.251231213535465
-2.75 -2.5 5 6 -1866.027251623615 1.965043134858212
-2.75 -2.5 6 7 -1323.230185285129 1.720006812090888
-2.75 -2.5 7 8 -946.4839339689875 1.515514742438119
-2.75 -2.5 8 9 -680.6525526078676 1.344550965797963
-2.75 -2.5 9 10 -489.8296639816883 1.201089781054066
-2.75 -2.5 10 11 -350.7399806121462 1.079438461611856
-2.75 -2.5 11 12 -247.9814788068131 0.9754178627619037
-2.75 -2.5 12 13 -171.2062911273488 0.8857239472768268
-2.75 -2.5 13 14 -113.3203811859478 0.8077818890452197
-2.75 -2.5 14 15 -69.36868413364027 0.7395711521636947
-2.75 -2.5 15 16 -35.82943983454038 0.6794918449291366
-2.75 -2.5 16 17 -10.15947731414462 0.6262649370585325
-2.75 -2.5 17 18 9.504325865855435 0.5788581275543209
-2.75 -2.5 18 19 24.54469727517539 0.5364305947248457
-2.75 -2.5 19 20 35.99986152062525 0.4982915351367048
-2.75 -2.5 20 21 44.65757065932416 0.4638687831490541
-2.75 -2.5 21 22 51.12117083674184 0.4326848417375234
-2.75 -2.5 22 23 55.85668113006557 0.4043384042680938
-2.75 -2.5 23 24 59.2267806145652 0.3784899801079746
-2.75 -2.5 24 25 61.51563981414427 0.3548506141276189
-2.75 -2.5 25 26 62.94726401103708 0.3331729609267782
-2.75 -2.5 26 27 63.69918217403529 0.3132441652535033
-2.75 -2.5 27 28 63.91275875892848 0.2948801412625476
-2.75 -2.5 28 29 63.70102922159947 0.2779209424057357
-2.75 -2.5 29 30 63.15470179371528 0.2622269892519722
-2.75 -2.5 30 31 62.34678899233751 0.2476759763262129
-2.75 -2.5 31 32 61.33620640231874 0.2341603215467642
-2.75 -2.5 32 33 60.17058694026053 0.2215850493813825
-2.75 -2.5 33 34 58.88849473082905 0.2098660268567523
-2.75 -2.5 34 35 57.52117632253879 0.1989284838885995
-2.75 -2.5 35 36 56.09395305988056 0.188705767983144
-2.75 -2.5 36 37 54.62733342192405 0.1791382903128011
-2.75 -2.5 37 38 53.13790561999161 0.1701726301581883
-2.75 -2.5 38 39 51.63905681197798 0.1617607715061591
-2.75 -2.5 39 40 50.1415548069466 0.1538594480869973
-2.75 -2.5 40 41 48.65402030361554 0.1464295819309845
-2.75 -2.5 41 42 47.18331141009958 0.1394357974407736
-2.75 -2.5 42 43 45.73483778238517 0.1328460018934055
-2.75 -2.5 43 44 44.31281793902164 0.1266310208296947
-2.75 -2.5 44 45 42.92049056764392 0.120764280157637
-2.75 -2.5 45 46 41.55931851804382 0.1154432100422078
-2.75 -2.5 46 47 40.23289681209613 0.1114812763306487
-2.75 -2.5 47 48 38.94147535336703 0.1089908203014295
-2.75 -2.5 48 49 37.68583888303922 0.1079110971200493
-2.75 -2.5 49 50 36.46622304750665 0.1074305643402968
-2.5 -2.25 0 1 3478.211013947321 1.675732942342524
-2.5 -2.25 1 2 -3491.470293568505 0.9554413416764143
-2.5 -2.25 2 3 -5243.964196378804 1.69123990442775
-2.5 -2.25 3 4 -3929.782947750894 1.558530663159071
-2.5 -2.25 4 5 -2792.122934658734 1.373269750097762
-2.5 -2.25 5 6 -1982.408247080799 1.208387046005167
-2.5 -2.25 6 7 -1420.161180878081 1.079715469599281
-2.5 -2.25 7 8 -1026.798201701289 0.9718852186229036
-2.5 -2.25 8 9 -747.3136096043313 0.8771306005911806
-2.5 -2.25 9 10 -545.3993707979175 0.7948809546960661
-2.5 -2.25 10 11 -397.302701606953 0.7230631467705024
-2.5 -2.25 11 12 -287.2033383947037 0.6601969518832763
-2.5 -2.25 12 13 -204.4126354104008 0.6049123083222019
-2.5 -2.25 13 14 -141.5675323386442 0.5560569966279345
-2.5 -2.25 14 15 -93.50261860715864 0.5126742626245273
-2.5 -2.25 15 16 -56.53178752990175 0.4739722456451552
-2.5 -2.25 16 17 -27.98300969026741 0.4392946944186386
-2.5 -2.25 17 18 -5.891568314323194 0.4080957819454308
-2.5 -2.25 18 19 11.20587887283727 0.3799193791383393
-2.5 -2.25 19 20 24.41195376647704 0.3543823190014124
-2.5 -2.25 20 21 34.56619407333733 0.3311609879451348
-2.5 -2.25 21 22 42.31385877843763 0.3099806007595691
-2.5 -2.25 22 23 48.15509827871892 0.290606609459197
-2.5 -2.25 23 24 52.48054835406379 0.2728378002067364
-2.5 -2.25 24 25 55.59740467910206 0.2565007208617976
-2.5 -2.25 25 26 57.74873431373192 0.2414451630219747
-2.5 -2.25 26 27 59.12792380935889 0.2275404783514045
-2.5 -2.25 27 28 59.8895901937841 0.2146725613123483
-2.5 -2.25 28 29 60.15789236269632 0.202741362986209
-2.5 -2.25 29 30 60.03291306138237 0.1916588335397853
-2.5 -2.25 30 31 59.59559588696806 0.1813472107376378
-2.5 -2.25 31 32 58.91159085677202 0.1717375879176345
-2.5 -2.25 32 33 58.03426904767525 0.1627687130104362
-2.5 -2.25 33 34 57.00709995395653 0.1543859737921405
-2.5 -2.25 34 35 55.86553669253368 0.1465405395410546
-2.5 -2.25 35 36 54.63851867522033 0.1391886298557936
-2.5 -2.25 36 37 53.34967511566731 0.1322908910287915
-2.5 -2.25 37 38 52.01829328399174 0.1258118608284197
-2.5 -2.25 38 39 50.66010073803756 0.1197195088996279
-2.5 -2.25 39 40 49.28789970478709 0.1139848393023849
-2.5 -2.25 40 41 47.91208350433584 0.1085815465541993
-2.5 -2.25 41 42 46.54105825119464 0.1034857175273542
-2.5 -2.25 42 43 45.18158838245225 0.09867557014741982
-2.5 -2.25 43 44 43.83908054820196 0.09413122736673092
-2.5 -2.25 44 45 42.5178174865901 0.08983451654807774
-2.5 -2.25 45 46 41.22013989390791 0.08609471739727567
-2.5 -2.25 46 47 39.95053428739263 0.08411559027370465
-2.5 -2.25 47 48 38.70992508318 0.08402912663527398
-2.5 -2.25 48 49 37.49973024865724 0.08600921660819051
-2.5 -2.25 49 50 36.3207479775001 0.09184448577599305
-2.25 -2 0 1 4001.390770212705 1.033309203642231
-2.25 -2 1 2 -3094.957787434556 0.8483182659760904
-2.25 -2 2 3 -5333.492870578804 1.651441061829297
-2.25 -2 3 4 -4068.927318137947 1.530393179365287
-2.25 -2 4 5 -2918.11755704357 1.350437822562317
-2.25 -2 5 6 -2086.645273222498 1.190858436486288
-2.25 -2 6 7 -1504.458872703425 1.056857561667465
-2.25 -2 7 8 -1094.732438878767 0.944138345457018
-2.25 -2 8 9 -802.2259567559618 0.8491573299610745
-2.25 -2 9 10 -590.0155033648261 0.7676466721758065
-2.25 -2 10 11 -433.7519860522434 0.6974470220694579
-2.25 -2 11 12 -317.1347463140464 0.6364154004844944
-2.25 -2 12 13 -229.1043303006786 0.582965595473507
-2.25 -2 13 14 -162.0162488779433 0.535847333606587
-2.25 -2 14 15 -110.4917150603003 0.4940639962775062
-2.25 -2 15 16 -70.68202284890322 0.4568126837253563
-2.25 -2 16 17 -39.79028597304932 0.4234401481792268
-2.25 -2 17 18 -15.75508465573807 0.3934100342731333
-2.25 -2 18 19 2.962477637605843 0.3662782411983193
-2.25 -2 19 20 17.52455488640703 0.341674184481721
-2.25 -2 20 21 28.81796905395026 0.3192863901169546
-2.25 -2 21 22 37.52581679345667 0.2988513135716386
-2.25 -2 22 23 44.17873722297486 0.2801445757783481
-2.25 -2 23 24 49.19209102758828 0.2629740365490402
-2.25 -2 24 25 52.89324359630416 0.2471742747649694
-2.25 -2 25 26 55.54180601357916 0.2326021558897738
-2.25 -2 26 27 57.34480385925303 0.2191332456655809
-2.25 -2 27 28 58.46815128513231 0.2066588908807274
-2.25 -2 28 29 59.04540553531729 0.1950838253974303
-2.25 -2 29 30 59.184499995951 0.184324196220088
-2.25 -2 30 31 58.9729610799746 0.1743059266735484
-2.25 -2 31 32 58.4819782366913 0.1649633510507622
-2.25 -2 32 33 57.76959955896882 0.156238070203076
-2.25 -2 33 34 56.88325580728264 0.1480779875921019
-2.25 -2 34 35 55.86176505107011 0.1404364937521439
-2.25 -2 35 36 54.73693304546987 0.1332717727006852
-2.25 -2 36 37 53.53483700284505 0.1265462110625267
-2.25 -2 37 38 52.27686005245772 0.1202258905843536
-2.25 -2 38 39 50.9805282858365 0.1142801525636587
-2.25 -2 39 40 49.66019068504289 0.1086812217634807
-2.25 -2 40 41 48.32757352548498 0.1034038806548867
-2.25 -2 41 42 46.99223384113111 0.09842518665874081
-2.25 -2 42 43 45.66193161205723 0.09372422518552936
-2.25 -2 43 44 44.34293608578631 0.08928189512912474
-2.25 -2 44 45 43.04027858647774 0.08508071904436078
-2.25 -2 45 46 41.75690726187415 0.08175727400652838
-2.25 -2 46 47 40.49795719509302 0.08168994453049581
-2.25 -2 47 48 39.26480284222021 0.08494273863614353
-2.25 -2 48 49 38.05929216729447 0.09090002827116242
-2.25 -2 49 50 36.88259765908114 0.09720343033489766
-2 -1.75 0 1 4499.288456192826 1.067487943382496
-2 -1.75 1 2 -2698.984652897346 2.955515055086738
-2 -1.75 2 3 -5392.449951452148 2.860962023321783
-2 -1.75 3 4 -4186.14249806822 2.317449438802266
-2 -1.75 4 5 -3033.143032586899 1.895390743595804
-2 -1.75 5 6 -2187.86663752455 1.583964337856839
-2 -1.75 6 7 -1590.811631504129 1.349358634398951
-2 -1.75 7 8 -1167.742894332148 1.167388992463581
-2 -1.75 8 9 -863.9040543681222 1.02316306813134
-2 -1.75 9 10 -642.249858893128 0.9057362659210864
-2 -1.75 10 11 -478.1589112241782 0.8086222713927295
-2 -1.75 11 12 -355.05118271059 0.727063955542543
-2 -1.75 12 13 -261.6218855511731 0.6576568538283489
-2 -1.75 13 14 -190.0232920303151 0.597936716896274
-2 -1.75 14 15 -134.7121438532301 0.54606363761256
-2 -1.75 15 16 -91.70781008225595 0.5006360716028688
-2 -1.75 16 17 -58.10776820090655 0.4605673460490642
-2 -1.75 17 18 -31.76584779097311 0.4250016568107937
-2 -1.75 18 19 -11.07489585995631 0.3932556335809957
-2 -1.75 19 20 5.182477999216417 0.3647768458942527
-2 -1.75 20 21 17.93802884212232 0.3391137823480143
-2 -1.75 21 22 27.91159952065652 0.3158937575724236
-2 -1.75 22 23 35.66403821008009 0.2948064010906172
-2 -1.75 23 24 41.63566727369403 0.2755911441741147
-2 -1.75 24 25 46.17457905725394 0.2580276149220844
-2 -1.75 25 26 49.55767592755319 0.2419281806776997
-2 -1.75 26 27 52.00647290850873 0.2271320950819327
-2 -1.75 27 28 53.69907725313658 0.2135008603986173
-2 -1.75 28 29 54.77934825757711 0.200914519587215
-2 -1.75 29 30 55.36395695857061 0.1892686663720503
-2 -1.75 30 31 55.54786760538855 0.1784720174218216
-2 -1.75 31 32 55.4086230269528 0.1684444244911355
-2 -1.75 32 33 55.00971633344193 0.1591152382269853
-2 -1.75 33 34 54.40325957261467 0.1504219517460454
-2 -1.75 34 35 53.6321076605953 0.1423090694901291
-2 -1.75 35 36 52.73155754303446 0.1347271602247253
-2 -1.75 36 37 51.7307140889335 0.1276320583309399
-2 -1.75 37 38 50.65359306704767 0.1209841877450322
-2 -1.75 38 39 49.52001556509981 0.1147479881789023
-2 -1.75 39 40 48.34633611378041 0.1088914235066476
-2 -1.75 40 41 47.14603771918343 0.103385561790178
-2 -1.75 41 42 45.93021967255186 0.09820421274687624
-2 -1.75 42 43 44.70799886672046 0.09332361496480983
-2 -1.75 43 44 43.48684088925165 0.08872216524605157
-2 -1.75 44 45 42.27283395607705 0.08438018211094374
-2 -1.75 45 46 41.06983182667386 0.08108973489049537
-2 -1.75 46 47 39.88385442060698 0.08130087926172341
-2 -1.75 47 48 38.7169835499422 0.08499944456279408
-2 -1.75 48 49 37.5717227108228 0.09154451073056494
-2 -1.75 49 50 36.44982328821948 0.09845100308346262
-1.75 -1.5 0 1 4960.964077792985 0.9759657012499992
-1.75 -1.5 1 2 -2311.376593144962 0.8098813634043344
-1.75 -1.5 2 3 -5423.130670159986 1.732894152205938
-1.75 -1.5 3 4 -4261.541857198472 1.675648009633208
-1.75 -1.5 4 5 -3101.987548290785 1.49576304699431
-1.75 -1.5 5 6 -2243.659378931231 1.314663070419612
-1.75 -1.5 6 7 -1634.781397726926 1.155697510573634
-1.75 -1.5 7 8 -1202.227775126808 1.020773325812543
-1.75 -1.5 8 9 -891.0550182294469 0.9083841529351219
-1.75 -1.5 9 10 -663.7123039111957 0.8116195565130274
-1.75 -1.5 10 11 -495.1975863609946 0.7308149375011919
-1.75 -1.5 11 12 -368.6311039657749 0.6612124680726297
-1.75 -1.5 12 13 -272.4734438757853 0.6011057141171825
-1.75 -1.5 13 14 -198.7072661675641 0.5487982237014968
-1.75 -1.5 14 15 -141.6632569260953 0.5029534290611209
-1.75 -1.5 15 16 -97.26621758700412 0.4625115365793963
-1.75 -1.5 16 17 -62.54191961666788 0.4266251225277085
-1.75 -1.5 17 18 -35.28923786626069 0.3946104147848933
-1.75 -1.5 18 19 -13.85847484113174 0.3659106753645738
-1.75 -1.5 19 20 3.001004335313382 0.3400686332104182
-1.75 -1.5 20 21 16.24715183894068 0.3167056015675018
-1.75 -1.5 21 22 26.62061115002064 0.2955055427898302
-1.75 -1.5 22 23 34.69885868488075 0.2762027951969303
-1.75 -1.5 23 24 40.93559059176425 0.2585725408535169
-1.75 -1.5 24 25 45.68971420169032 0.2424233362215476
-1.75 -1.5 25 26 49.24692043506366 0.227591207845831
-1.75 -1.5 26 27 51.83589751633679 0.2139349497791077
-1.75 -1.5 27 28 53.64063057716146 0.2013323468251677
-1.75 -1.5 28 29 54.80981248915248 0.1896771207184408
-1.75 -1.5 29 30 55.46410179673944 0.1788764425443823
-1.75 -1.5 30 31 55.70176171811454 0.1688488950081631
-1.75 -1.5 31 32 55.60307140949089 0.1595227907231514
-1.75 -1.5 32 33 55.23379881142466 0.1508347779003616
-1.75 -1.5 33 34 54.64795095315253 0.1427286776371397
-1.75 -1.5 34 35 53.88996408717895 0.1351545086762138
-1.75 -1.5 35 36 52.99645675326718 0.1280676665779815
-1.75 -1.5 36 37 51.99763972211764 0.1214282284311272
-1.75 -1.5 37 38 50.91845510137091 0.1152003624551131
-1.75 -1.5 38 39 49.77950048435332 0.1093518234751571
-1.75 -1.5 39 40 48.59778161275102 0.1038535220269585
-1.75 -1.5 40 41 47.38732772262057 0.09867915117568271
-1.75 -1.5 41 42 46.15969621209427 0.09380486785665136
-1.75 -1.5 42 43 44.92438799217086 0.08920901367339168
-1.75 -1.5 43 44 43.68919028007167 0.08487187504383552
-1.75 -1.5 44 45 42.46046031976294 0.08077547211845015
-1.75 -1.5 45 46 41.24223633248525 0.0776184352976074
-1.75 -1.5 46 47 40.04080296630735 0.0780130043542956
-1.75 -1.5 47 48 38.85835713464877 0.08204665204973155
-1.75 -1.5 48 49 37.69753089191275 0.08906356488756358
-1.75 -1.5 49 50 36.56018818900836 0.09647772234727967
-1.5 -1.25 0 1 5400.479911434334 3.102435287882076
-1.5 -1.25 1 2 -1925.150243499115 3.664508954395577
-1.5 -1.25 2 3 -5444.795423355023 1.675809138230004
-1.5 -1.25 3 4 -4340.149676280508 1.611807816031193
-1.5 -1.25 4 5 -3182.35585474591 1.439714067072461
-1.5 -1.25 5 6 -2314.903636311403 1.271931713673651
-1.5 -1.25 6 7 -1695.555603370514 1.125849336230875
-1.5 -1.25 7 8 -1253.509826174323 1.001935099038996
-1.5 -1.25 8 9 -934.2668355266087 0.896871461271543
-1.5 -1.25 9 10 -700.2947093081266 0.8067332056651213
-1.5 -1.25 10 11 -526.2251959171044 0.7304487262128329
-1.5 -1.25 11 12 -395.0932455293196 0.6641988304079498
-1.5 -1.25 12 13 -295.1487714830839 0.6065495983301029
-1.5 -1.25 13 14 -218.2271560482354 0.5560324155271392
-1.5 -1.25 14 15 -158.5406753491754 0.5114788803522113
-1.5 -1.25 15 16 -111.9196235318484 0.4719530901996874
-1.5 -1.25 16 17 -75.31437656295498 0.4366992521004759
-1.5 -1.25 17 18 -46.46348582128348 0.4051018107713507
-1.5 -1.25 18 19 -23.66877025688291 0.376655202703822
-1.5 -1.25 19 20 -5.640422336043912 0.3509408455253415
-1.5 -1.25 20 21 8.611334115191994 0.3276095219643537
-1.5 -1.25 21 22 19.85313816102371 0.3063677977641706
-1.5 -1.25 22 23 28.68381383335213 0.2869674573083772
-1.5 -1.25 23 24 35.57467734541603 0.2691972225528004
-1.5 -1.25 24 25 40.89924993844318 0.2548385258892694
-1.5 -1.25 25 26 44.95539887190262 0.2419041156927753
-1.5 -1.25 26 27 47.98200185693599 0.2298592908179494
-1.5 -1.25 27 28 50.17160597672046 0.2186248376952029
-1.5 -1.25 28 29 51.68012655770838 0.2081301312196882
-1.5 -1.25 29 30 52.63433722047728 0.1983120703573769
-1.5 -1.25 30 31 53.1376968903071 0.1891141557908017
-1.5 -1.25 31 32 53.27491407264904 0.1804856891569634
-1.5 -1.25 32 33 53.11554479929652 0.1723810793723898
-1.5 -1.25 33 34 52.71684565691834 0.1647592406338576
-1.5 -1.25 34 35 52.12604861973972 0.1575830699822011
-1.5 -1.25 35 36 51.38218422122389 0.1508189919803547
-1.5 -1.25 36 37 50.51754974751015 0.1444365635246558
-1.5 -1.25 37 38 49.55889691108274 0.1384081273454759
-1.5 -1.25 38 39 48.52839663224887 0.1327085099501266
-1.5 -1.25 39 40 47.4444258071332 0.1273147568596127
-1.5 -1.25 40 41 46.32221137005587 0.122205899325088
-1.5 -1.25 41 42 45.17435920964573 0.117362750667414
-1.5 -1.25 42 43 44.01129005870138 0.1127677247366406
-1.5 -1.25 43 44 42.84159972952409 0.1084046771006609
-1.5 -1.25 44 45 41.67235768699385 0.1042587637042971
-1.5 -1.25 45 46 40.50820264021661 0.1006618939880001
-1.5 -1.25 46 47 39.35602078367779 0.09889515530883569
-1.5 -1.25 47 48 38.21847382396172 0.09913660390131268
-1.5 -1.25 48 49 37.09863064545291 0.101285242604938
-1.5 -1.25 49 50 35.99873174393687 0.1040878046055225
-1.25 -1 0 1 5772.77176400499 1.56877508021348
-1.25 -1 1 2 -1614.151631301076 0.7364667674761824
-1.25 -1 2 3 -5479.308744202742 2.086517475599456
-1.25 -1 3 4 -4416.672870822662 1.984845317877708
-1.25 -1 4 5 -3254.981908667994 1.748676409441627
-1.25 -1 5 6 -2376.053993640384 1.528858069180791
-1.25 -1 6 7 -1745.420202132654 1.343430180509744
-1.25 -1 7 8 -1293.84961922238 1.189316049994856
-1.25 -1 8 9 -966.9034724910357 1.060896704108007
-1.25 -1 9 10 -726.7830554517236 0.9531428455022651
-1.25 -1 10 11 -547.804797434575 0.8610760008103138
-1.25 -1 11 12 -412.7364562383632 0.7822290797560011
-1.25 -1 12 13 -309.6180746273808 0.7139408472854538
-1.25 -1 13 14 -230.1219856158818 0.6543186790042101
-1.25 -1 14 15 -168.3351623533981 0.6018856291992999
-1.25 -1 15 16 -119.9914042108635 0.5554757822704609
-1.25 -1 16 17 -81.96635252749365 0.514158175285132
-1.25 -1 17 18 -51.94025822671551 0.4771813329252363
-1.25 -1 18 19 -28.16910998226035 0.443932490097181
-1.25 -1 19 20 -9.326798291329169 0.4139072936617187
-1.25 -1 20 21 5.605417017297668 0.3866870322212883
-1.25 -1 21 22 17.41744205129862 0.361921329015269
-1.25 -1 22 23 26.72690989306716 0.339314842325753
-1.25 -1 23 24 34.02043094287376 0.3186169393531939
-1.25 -1 24 25 39.68402967509326 0.2996135996522685
-1.25 -1 25 26 44.02584575832361 0.2821210107914165
-1.25 -1 26 27 47.29323523203232 0.26598045611238
-1.25 -1 27 28 49.68577243697689 0.2510542045500331
-1.25 -1 28 29 51.36522010895351 0.2372221788889061
-1.25 -1 29 30 52.46323525241178 0.2243792377008148
-1.25 -1 30 31 53.08736889730983 0.2124329422311263
-1.25 -1 31 32 53.32576940826175 0.2013017113926875
-1.25 -1 32 33 53.25089289845369 0.190913287646912
-1.25 -1 33 34 52.92244767329674 0.1812034551332291
-1.25 -1 34 35 52.38974369520099 0.1721149624082567
-1.25 -1 35 36 51.69357694366602 0.1635966134665885
-1.25 -1 36 37 50.86774796783834 0.1556024966862748
-1.25 -1 37 38 49.94029116231428 0.148091327981634
-1.25 -1 38 39 48.93447403577477 0.1410258889714296
-1.25 -1 39 40 47.86961266002095 0.1343725453971812
-1.25 -1 40 41 46.76173966532934 0.128100830579507
-1.25 -1 41 42 45.62415317756353 0.1221830869059851
-1.25 -1 42 43 44.46786951357382 0.1165941535235663
-1.25 -1 43 44 43.30199755408591 0.1113110951067358
-1.25 -1 44 45 42.13404924501725 0.1063129644197151
-1.25 -1 45 46 40.9690173328255 0.1019586057681102
-1.25 -1 46 47 39.81417435507439 0.09966481886815307
-1.25 -1 47 48 38.67243937176087 0.09965081493271613
-1.25 -1 48 49 37.54712783591296 0.1018026104149431
-1.25 -1 49 50 36.44069606437392 0.108789550585021
-1 -0.75 0 1 6096.986142778811 2.3018240598268
-1 -0.75 1 2 -1317.489924089276 2.102986400404006
-1 -0.75 2 3 -5478.625623221195 1.557156694131981
-1 -0.75 3 4 -4456.578187833522 1.514643927048136
-1 -0.75 4 5 -3296.241014481742 1.358866881642096
-1 -0.75 5 6 -2411.547900235077 1.208193110408513
-1 -0.75 6 7 -1774.576092763057 1.078083342880845
-1 -0.75 7 8 -1317.507791791234 0.9677293066372424
-1 -0.75 8 9 -986.0756140734388 0.8736632119608042
-1 -0.75 9 10 -742.3589756992674 0.7926167177923755
-1 -0.75 10 11 -560.5116565351414 0.7229780468983465
-1 -0.75 11 12 -423.1419254228117 0.6620484756049581
-1 -0.75 12 13 -318.170122308084 0.6085205271230235
-1 -0.75 13 14 -237.1734307349125 0.5611878632541253
-1 -0.75 14 15 -174.1653834890728 0.5190871209820286
-1 -0.75 15 16 -124.8230451699833 0.4814411184642246
-1 -0.75 16 17 -85.97800184473158 0.4476166905234774
-1 -0.75 17 18 -55.27605944626657 0.4170932338470715
-1 -0.75 18 19 -30.94607665663693 0.3894390264792959
-1 -0.75 19 20 -11.64041984461869 0.3642932167582615
-1 -0.75 20 21 3.676845656719024 0.3413519782273561
-1 -0.75 21 22 15.80944975380885 0.3203577665619105
-1 -0.75 22 23 25.38620480878319 0.3010908964893464
-1 -0.75 23 24 32.9028104995964 0.2833628846495513
-1 -0.75 24 25 38.75271756170298 0.2670111414184066
-1 -0.75 25 26 43.25016033918496 0.2518947059172233
-1 -0.75 26 27 46.64751718180196 0.237890792865383
-1 -0.75 27 28 49.14851655070038 0.2248919789121731
-1 -0.75 28 29 50.9183689931001 0.2128038932069276
-1 -0.75 29 30 52.09160213367647 0.2015433109481541
-1 -0.75 30 31 52.77816399942299 0.1910365707429716
-1 -0.75 31 32 53.06820982483237 0.181218252615894
-1 -0.75 32 33 53.03588010285409 0.1720300686141455
-1 -0.75 33 34 52.74230005849233 0.1634199272595424
-1 -0.75 34 35 52.23797407018901 0.1553411405128577
-1 -0.75 35 36 51.56470689577486 0.1477517489834866
-1 -0.75 36 37 50.75715256306927 0.1406139450573394
-1 -0.75 37 38 49.84406869639957 0.133893578408623
-1 -0.75 38 39 48.84933653282832 0.1275597294244936
-1 -0.75 39 40 47.79279360685882 0.1215843413275297
-1 -0.75 40 41 46.69091610336233 0.1159419003206882
-1 -0.75 41 42 45.55737978450139 0.110609158393627
-1 -0.75 42 43 44.40352272811913 0.1055648898993671
-1 -0.75 43 44 43.23872812530993 0.1007896806313682
-1 -0.75 44 45 42.07074187194894 0.09626574037348766
-1 -0.75 45 46 40.90473197054973 0.09277672762823228
-1 -0.75 46 47 39.74818608119079 0.09325243247008905
-1 -0.75 47 48 38.60414405531458 0.09780243282853718
-1 -0.75 48 49 37.47604485618004 0.1056996256774348
-1 -0.75 49 50 36.36644391190845 0.1140549664871741
-0.75 -0.5 0 1 6352.072199390999 3.321062594257063
-0.75 -0.5 1 2 -1086.262779838377 2.864068166086029
-0.75 -0.5 2 3 -5483.600254904795 1.56122816357235
-0.75 -0.5 3 4 -4495.475786940284 1.528734165675351
-0.75 -0.5 4 5 -3336.857922764004 1.373892003666078
-0.75 -0.5 5 6 -2447.501660835704 1.221302323692807
-0.75 -0.5 6 7 -1805.061120534625 1.088614985622568
-0.75 -0.5 7 8 -1343.056157471468 0.9756588613917831
-0.75 -0.5 8 9 -1007.464921660663 0.8868267304063653
-0.75 -0.5 9 10 -760.3170821291787 0.8184086345806747
-0.75 -0.5 10 11 -575.6607322543737 0.7566248990151055
-0.75 -0.5 11 12 -435.9825399913439 0.7005059595881306
-0.75 -0.5 12 13 -329.107497922007 0.6498278434988383
-0.75 -0.5 13 14 -246.5338249669942 0.604062278524461
-0.75 -0.5 14 15 -182.2122897833713 0.5626756368182596
-0.75 -0.5 15 16 -131.7703107110278 0.5251704428160984
-0.75 -0.5 16 17 -92.00014786665474 0.4910996529786712
-0.75 -0.5 17 18 -60.51632133240787 0.4600687864161241
-0.75 -0.5 18 19 -35.52266096367998 0.4317328609487943
-0.75 -0.5 19 20 -15.65138922715141 0.4057913863929974
-0.75 -0.5 20 21 0.1497387664944654 0.3819829213553224
-0.75 -0.5 21 22 12.6977360644637 0.3600798670123869
-0.75 -0.5 22 23 22.63229273192587 0.3398837673634887
-0.75 -0.5 23 24 30.45806262619612 0.3212211915679608
-0.75 -0.5 24 25 36.57590316649521 0.3039401841291211
-0.75 -0.5 25 26 41.30620323882181 0.2879072342293788
-0.75 -0.5 26 27 44.90647709096481 0.2730046972306523
-0.75 -0.5 27 28 47.58475619315004 0.2591286076582486
-0.75 -0.5 28 29 49.50986985987277 0.2461868232893124
-0.75 -0.5 29 30 50.81939986104442 0.2340974488184751
-0.75 -0.5 30 31 51.62588050945715 0.2227874948003477
-0.75 -0.5 31 32 52.02166412382076 0.2121917351408602
-0.75 -0.5 32 33 52.08276331387628 0.202251729078455
-0.75 -0.5 33 34 51.8719031362449 0.1929149851921343
-0.75 -0.5 34 35 51.44095889823706 0.1841342409285324
-0.75 -0.5 35 36 50.83291324414051 0.175866843464194
-0.75 -0.5 36 37 50.08343479654332 0.1680742136289639
-0.75 -0.5 37 38 49.22215724946426 0.1607213820763496
-0.75 -0.5 38 39 48.27372006779149 0.1537765853907933
-0.75 -0.5 39 40 47.25861849951622 0.1472109155767034
-0.75 -0.5 40 41 46.19390049003783 0.1409980122518705
-0.75 -0.5 41 42 45.09373987702708 0.1351137944086055
-0.75 -0.5 42 43 43.96990949570505 0.1295362239838902
-0.75 -0.5 43 44 42.83217276016092 0.1242450984540546
-0.75 -0.5 44 45 41.68860871346936 0.1192218675885777
-0.75 -0.5 45 46 40.5446610060261 0.1148267674716596
-0.75 -0.5 46 47 39.40810331659105 0.112469085016748
-0.75 -0.5 47 48 38.28218567367514 0.1123625766915586
-0.75 -0.5 48 49 37.17054712885752 0.1144043824040568
-0.75 -0.5 49 50 36.07591811711123 0.1172183821413413
-0.5 -0.25 0 1 6523.893061347206 3.421695067144771
-0.5 -0.25 1 2 -934.2547612710837 2.496854919776198
-0.5 -0.25 2 3 -5490.940118024007 1.539026535387891
-0.5 -0.25 3 4 -4524.775575064363 1.52490289066885
-0.5 -0.25 4 5 -3366.404363326694 1.405823164051433
-0.5 -0.25 5 6 -2473.159272964432 1.327288917797431
-0.5 -0.25 6 7 -1826.465473289198 1.224980985260741
-0.5 -0.25 7 8 -1360.713596731082 1.12280492685133
-0.5 -0.25 8 9 -1022.010388643102 1.028191922032665
-0.5 -0.25 9 10 -772.3274999185642 0.9430556608308091
-0.5 -0.25 10 11 -585.6140220925354 0.8665180967771564
-0.5 -0.25 11 12 -444.2617648328328 0.7984307271848006
-0.5 -0.25 12 13 -336.0189535555592 0.7376670885300382
-0.5 -0.25 13 14 -252.3220876732448 0.6833135384661387
-0.5 -0.25 14 15 -187.0734473999426 0.6345462069052925
-0.5 -0.25 15 16 -135.8624475367781 0.5906455002059654
-0.5 -0.25 16 17 -95.4514739972326 0.5509919242031032
-0.5 -0.25 17 18 -63.43143655714539 0.5150553531413661
-0.5 -0.25 18 19 -37.98738659649348 0.4823828412241914
-0.5 -0.25 19 20 -17.73651261586087 0.4525870349556727
-0.5 -0.25 20 21 -1.614455906410285 0.4253359131468893
-0.5 -0.25 21 22 11.20561734885155 0.4003440069497666
-0.5 -0.25 22 23 21.37140474350144 0.3773650144593713
-0.5 -0.25 23 24 29.39412407182749 0.3561856418298507
-0.5 -0.25 24 25 35.68003996960636 0.3366204856115116
-0.5 -0.25 25 26 40.554016070118 0.318507783931553
-0.5 -0.25 26 27 44.27728543959643 0.3017058855763912
-0.5 -0.25 27 28 47.06098234395824 0.2860903083646566
-0.5 -0.25 28 29 49.07653444562038 0.2715512834374755
-0.5 -0.25 29 30 50.46370691498532 0.2579916965112334
-0.5 -0.25 30 31 51.33687470236589 0.2453253573447109
-0.5 -0.25 31 32 51.78994651637129 0.23347553915487
-0.5 -0.25 32 33 51.90025476754988 0.2223737416952661
-0.5 -0.25 33 34 51.73164671015809 0.211958639726118
-0.5 -0.25 34 35 51.33695426782771 0.2021751859479637
-0.5 -0.25 35 36 50.75997752578013 0.1929738431063835
-0.5 -0.25 36 37 50.03708522310842 0.1843099247970663
-0.5 -0.25 37 38 49.19851198913085 0.17614302644598
-0.5 -0.25 38 39 48.26941415998664 0.1684365341370131
-0.5 -0.25 39 40 47.27073241917009 0.1611571986241563
-0.5 -0.25 40 41 46.21989929881721 0.1542747643854672
-0.5 -0.25 41 42 45.13142126729133 0.1477616464104587
-0.5 -0.25 42 43 44.01735933293469 0.1415926471048493
-0.5 -0.25 43 44 42.88772695500467 0.1357447085832865
-0.5 -0.25 44 45 41.75082045729943 0.1301966942043688
-0.5 -0.25 45 46 40.61226103650586 0.1252832656627069
-0.5 -0.25 46 47 39.48000948369128 0.122327963197851
-0.5 -0.25 47 48 38.35744804157326 0.1215467074861103
-0.5 -0.25 48 49 37.24834116480753 0.1228711403205156
-0.5 -0.25 49 50 36.15552928341711 0.1250138705814119
-0.25 0 0 1 6611.764499202171 3.645026167563629
-0.25 0 1 2 -854.6535290034863 3.181560571419831
-0.25 0 2 3 -5492.216876607848 1.557733635888371
-0.25 0 3 4 -4536.918767144449 1.534768061203962
-0.25 0 4 5 -3378.549683883592 1.382954576787961
-0.25 0 5 6 -2483.378071707898 1.231483329855759
-0.25 0 6 7 -1834.669335203606 1.099168675963256
-0.25 0 7 8 -1367.201089692442 1.019205036756884
-0.25 0 8 9 -1027.114461843433 0.9417660595913996
-0.25 0 9 10 -776.334268516372 0.8698912412712086
-0.25 0 10 11 -588.7549963538363 0.8038112531065226
-0.25 0 11 12 -446.7157111786414 0.7441427113237622
-0.25 0 12 13 -337.9259431809674 0.6902620356538515
-0.25 0 13 14 -253.7916904351634 0.6416129700948419
-0.25 0 14 15 -188.1918875372992 0.59762937835645
-0.25 0 15 16 -136.6980386673836 0.5577816635520438
-0.25 0 16 17 -96.05870159285564 0.5215930968305218
-0.25 0 17 18 -63.85402581434573 0.4886426450769812
-0.25 0 18 19 -38.26062124737359 0.4585619747849546
-0.25 0 19 20 -17.88900195585802 0.4310302361259811
-0.25 0 20 21 -1.669493522997982 0.4057683070308109
-0.25 0 21 22 11.22899934992643 0.3825332527726972
-0.25 0 22 23 21.45761072951404 0.3611133084175654
-0.25 0 23 24 29.53034410628709 0.3413234752569385
-0.25 0 24 25 35.855732747145 0.3230017216850934
-0.25 0 25 26 40.76049539995483 0.3060057366958311
-0.25 0 26 27 44.50738759643332 0.2902101691255976
-0.25 0 27 28 47.30879706424184 0.2755042844920821
-0.25 0 28 29 49.33718636265326 0.261789977792755
-0.25 0 29 30 50.7331772246938 0.2489800854979326
-0.25 0 30 31 51.61185509607765 0.2369969505657084
-0.25 0 31 32 52.06771913278976 0.2257711990905469
-0.25 0 32 33 52.17859321759693 0.2152406948327138
-0.25 0 33 34 52.00873424476265 0.205349644697987
-0.25 0 34 35 51.6113159438537 0.1960478289289831
-0.25 0 35 36 51.03042384143959 0.1872899394047755
-0.25 0 36 37 50.30266518278501 0.1790350067354035
-0.25 0 37 38 49.45847394107648 0.1712459051634792
-0.25 0 38 39 48.52317306116942 0.1638889218262286
-0.25 0 39 40 47.51784242687279 0.1569333817314851
-0.25 0 40 41 46.46003078653558 0.1503513204400797
-0.25 0 41 42 45.36434152564181 0.1441171973418125
-0.25 0 42 43 44.24291634488497 0.1382076439098804
-0.25 0 43 44 43.10583574042613 0.1326012424914786
-0.25 0 44 45 41.96145157031873 0.1272783310463089
-0.25 0 45 46 40.81542411748677 0.122587164875379
-0.25 0 46 47 39.67576522609198 0.1198966996220844
-0.25 0 47 48 38.54588100922791 0.11942421040019
-0.25 0 48 49 37.42956069080103 0.1210888283670564
-0.25 0 49 50 36.32966413598871 0.1235577757819087
0 0.25 0 1 6611.265298884755 3.6450233603345
0 0.25 1 2 -855.5853590198726 3.181538287033809
0 0.25 2 3 -5492.823335806655 1.557660505692078
0 0.25 3 4 -4537.093130575126 1.534705142882274
0 0.25 4 5 -3378.48135329192 1.382919270791985
0 0.25 5 6 -2483.212362306548 1.231478477049098
0 0.25 6 7 -1834.478663076151 1.099187379220951
0 0.25 7 8 -1367.017754735172 1.019237967931223
0 0.25 8 9 -1026.950420276114 0.9418048141750355
0 0.25 9 10 -776.1919765703196 0.8699290016780209
0 0.25 10 11 -588.6335682537256 0.8038488801409663
0 0.25 11 12 -446.6119737428971 0.7441774125228438
0 0.25 12 13 -337.8367536414175 0.6902933080454722
0 0.25 13 14 -253.7142114347805 0.6416407745366796
0 0.25 14 15 -188.1237597403845 0.5976539116144758
0 0.25 15 16 -136.6373899707933 0.5578032253820154
0 0.25 16 17 -96.00408896126009 0.521612016786029
0 0.25 17 18 -63.8043568463861 0.4886592449333114
0 0.25 18 19 -38.215077215169 0.4585765508779651
0 0.25 19 20 -17.84697109916829 0.431043052897955
0 0.25 20 21 -1.630516981903611 0.4057795961680986
0 0.25 21 22 11.26526952142422 0.3825432151650572
0 0.25 22 23 21.49144318408116 0.3611221174803373
0 0.25 23 24 29.56195145228037 0.3413312800490054
0 0.25 24 25 35.88528829679137 0.3230086504581224
0 0.25 25 26 40.78814501273598 0.3060118997785741
0 0.25 26 27 44.53325790101349 0.2902156614117648
0 0.25 27 28 47.33300106177842 0.2755091881453333
0 0.25 28 29 49.35982716813498 0.2617943636338523
0 0.25 29 30 50.75435050861813 0.2489840149866536
0 0.25 30 31 51.63165063854797 0.2370004772095055
0 0.25 31 32 52.08622178257929 0.2257743691525175
0 0.25 32 33 52.19588346620321 0.2152435490525291
0 0.25 33 34 52.02488855799436 0.2053522183294598
0 0.25 34 35 51.62640695037373 0.1960501531704179
0 0.25 35 36 51.04452044320067 0.1872920413072825
0 0.25 36 37 50.31583262852132 0.1790369103632768
0 0.25 37 38 49.47077389032302 0.17124763150968
0 0.25 38 39 48.53466365198244 0.1638904895065737
0 0.25 39 40 47.52857835572036 0.1569348071666117
0 0.25 40 41 46.47006340341051 0.1503526181765311
0 0.25 41 42 45.37371894375195 0.1441183801579233
0 0.25 42 43 44.25168356354459 0.1382087232380213
0 0.25 43 44 43.11403477871067 0.1326022285532425
0 0.25 44 45 41.96912160868419 0.1272792328767146
0 0.25 45 46 40.82260160586105 0.12258800240005
0 0.25 46 47 39.68248413885095 0.119897534769019
0 0.25 47 48 38.55217287874797 0.1194251038839472
0 0.25 48 49 37.4354548070433 0.1210898287504331
0 0.25 49 50 36.33518765811831 0.1235588864182238
0.25 0.5 0 1 6522.467419787485 3.421687027915869
0.25 0.5 1 2 -936.9113177902277 2.496786023665511
0.25 0.5 2 3 -5492.662091775557 1.538875262472562
0.25 0.5 3 4 -4525.265748294699 1.524798308047245
0.25 0.5 4 5 -3366.207872290213 1.405783274429882
0.25 0.5 5 6 -2472.690211879251 1.327302082751162
0.25 0.5 6 7 -1825.928384278031 1.225026635456073
0.25 0.5 7 8 -1360.198846570592 1.122869351729184
0.25 0.5 8 9 -1021.550863433 1.028262245531678
0.25 0.5 9 10 -771.9294609795315 0.9431198424855581
0.25 0.5 10 11 -585.2745543363681 0.8665826375558781
0.25 0.5 11 12 -443.9716307817739 0.7984899620797899
0.25 0.5 12 13 -335.7691529590284 0.7377205099405379
0.25 0.5 13 14 -252.104578495329 0.6833612364473154
0.25 0.5 14 15 -186.8815998471571 0.6345885671997776
0.25 0.5 15 16 -135.6910448697042 0.5906830297227313
0.25 0.5 16 17 -95.29653017858936 0.5510251556618978
0.25 0.5 17 18 -63.28996234708779 0.5150847966582318
0.25 0.5 18 19 -37.85716414286435 0.4824089624374134
0.25 0.5 19 20 -17.61590217802495 0.4526102479621799
0.25 0.5 20 21 -1.502240515465928 0.4253565807068075
0.25 0.5 21 22 11.31035158443024 0.4003624444611535
0.25 0.5 22 23 21.46935806114493 0.3773814950555504
0.25 0.5 23 24 29.48584822287978 0.3562004017385809
0.25 0.5 24 25 35.76598468313944 0.3366337293017574
0.25 0.5 25 26 40.63456149784508 0.3185196888078508
0.25 0.5 26 27 44.35276433051149 0.3017166055003762
0.25 0.5 27 28 47.13169485037417 0.2860999776382686
0.25 0.5 28 29 49.14275774244118 0.2715600190950923
0.25 0.5 29 30 50.5257012434123 0.2579996010421261
0.25 0.5 30 31 51.3948870071963 0.2453325206656032
0.25 0.5 31 32 51.8442125074431 0.2334820403889675
0.25 0.5 32 33 51.95099998671719 0.2223796504622624
0.25 0.5 33 34 51.77908700402497 0.2119640175567718
0.25 0.5 34 35 51.38129593325601 0.2021800871861987
0.25 0.5 35 36 50.8014173033186 0.1929783160626044
0.25 0.5 36 37 50.07581024595783 0.1843140121625398
0.25 0.5 37 38 49.23469975293887 0.1761467661755056
0.25 0.5 38 39 48.3032325471392 0.1684399601191807
0.25 0.5 39 40 47.30233979230718 0.161160340959023
0.25 0.5 40 41 46.24944466456583 0.1542776499887993
0.25 0.5 41 42 45.1590445068399 0.1477642992561504
0.25 0.5 42 43 44.04319148803546 0.1415950886734725
0.25 0.5 43 44 42.91189056096448 0.1357469581189624
0.25 0.5 44 45 41.77342990985596 0.1301987689696086
0.25 0.5 45 46 40.63342288974729 0.1252852129643659
0.25 0.5 46 47 39.49982310535228 0.1223299434898153
0.25 0.5 47 48 38.37600575093097 0.121548882986977
0.25 0.5 48 49 37.26572877586881 0.1228736458349556
0.25 0.5 49 50 36.17182641673273 0.1250167187081036
0.5 0.75 0 1 6349.804952682736 3.321060572708375
0.5 0.75 1 2 -1090.473317079257 2.864039095456655
0.5 0.75 2 3 -5486.30248651986 1.561106181757639
0.5 0.75 3 4 -4496.214939566853 1.528618978562532
0.5 0.75 4 5 -3336.516989403065 1.373832144277471
0.5 0.75 5 6 -2446.742500639872 1.221297761514479
0.5 0.75 6 7 -1804.205880769145 1.088645775527469
0.5 0.75 7 8 -1342.244227501573 0.975711221905263
0.5 0.75 8 9 -1006.744229716972 0.8864720358424368
0.5 0.75 9 10 -759.6974324648195 0.8188761450709062
0.5 0.75 10 11 -575.1336792804777 0.7566755732421961
0.5 0.75 11 12 -435.533312046764 0.7005520334016282
0.5 0.75 12 13 -328.7213707584024 0.6498690734761076
0.5 0.75 13 14 -246.1978562843601 0.6040988608363556
0.5 0.75 14 15 -181.9159282445476 0.562707967198586
0.5 0.75 15 16 -131.5053277457546 0.5251989876956602
0.5 0.75 16 17 -91.76030675846437 0.4911248821599533
0.5 0.75 17 18 -60.29698207274851 0.4600911389628494
0.5 0.75 18 19 -35.3204092644894 0.4317527307412359
0.5 0.75 19 20 -15.46372285838584 0.405809117608842
0.5 0.75 20 21 0.3246597629324697 0.3819988098852007
0.5 0.75 21 22 12.86128050778484 0.3600941647402987
0.5 0.75 22 23 22.78550025487857 0.3398966872685426
0.5 0.75 23 24 30.60174654096681 0.321232913167344
0.5 0.75 24 25 36.71072337221062 0.3039508589176884
0.5 0.75 25 26 41.43271678511837 0.2879169897581213
0.5 0.75 26 27 45.02517244740045 0.2730136414866935
0.5 0.75 27 28 47.69607587789108 0.2591368323420102
0.5 0.75 28 29 49.61422491548183 0.2461944065266247
0.5 0.75 29 30 50.91717874422432 0.2341044575964996
0.5 0.75 30 31 51.71745424590335 0.2227939868887397
0.5 0.75 31 32 52.10738904262701 0.2121977604461795
0.5 0.75 32 33 52.16298227902155 0.2022573312378763
0.5 0.75 33 34 51.94694589902144 0.1929202024311584
0.5 0.75 34 35 51.51114198767607 0.1841391068161023
0.5 0.75 35 36 50.89853966623127 0.1758713877714212
0.5 0.75 36 37 50.14479370643818 0.1680784630089624
0.5 0.75 37 38 49.27952369249084 0.1607253599782654
0.5 0.75 38 39 48.32735483984749 0.153780313261803
0.5 0.75 39 40 47.30876814298938 0.1472144123815369
0.5 0.75 40 41 46.24079742569808 0.1410012953302604
0.5 0.75 41 42 45.1376026593644 0.1351168794322995
0.5 0.75 42 43 44.01094317555953 0.1295391251565389
0.5 0.75 43 44 42.8705693332912 0.124247828871743
0.5 0.75 44 45 41.72454763606243 0.1192244388870045
0.5 0.75 45 46 40.57830964133683 0.1148292392604016
0.5 0.75 46 47 39.43961783289097 0.1124716930946631
0.5 0.75 47 48 38.3117113187713 0.1123655660860395
0.5 0.75 48 49 37.19821902488883 0.1144079603133035
0.5 0.75 49 50 36.10186172391337 0.1172225647505171
0.75 1 0 1 6093.941442539161 2.301748814664947
0.75 1 1 2 -1323.140267467594 2.102509874630755
0.75 1 2 3 -5482.245106224648 1.556550430076049
0.75 1 3 4 -4457.561135477463 1.514593564199886
0.75 1 4 5 -3295.775895799048 1.359258637329487
0.75 1 5 6 -2410.523116002999 1.208786894391314
0.75 1 6 7 -1773.423422359189 1.078714075067577
0.75 1 7 8 -1316.413948398756 0.9683106774795203
0.75 1 8 9 -985.1058430251123 0.8741703045397744
0.75 1 9 10 -741.523330725237 0.7930582115548236
0.75 1 10 11 -559.801853439385 0.7233356468064767
0.75 1 11 12 -422.5371354727408 0.6623416595214098
0.75 1 12 13 -317.6505778033129 0.6087593128244621
0.75 1 13 14 -236.7217384664866 0.5613815119020353
0.75 1 14 15 -173.7673437847006 0.5192437269683746
0.75 1 15 16 -124.4675644655829 0.4815675525321462
0.75 1 16 17 -85.65665319237974 0.4477186837590213
0.75 1 17 18 -54.98255636512886 0.417175511304757
0.75 1 18 19 -30.67577854415799 0.3895054506662499
0.75 1 19 20 -11.38991338188066 0.3643469246392233
0.75 1 20 21 3.910080225822412 0.3413955042532567
0.75 1 21 22 16.02729432055321 0.3203931499036779
0.75 1 22 23 25.59009361959374 0.3011197721690984
0.75 1 23 24 33.09386828839922 0.2833865602386583
0.75 1 24 25 38.93185771991773 0.2670306601241025
0.75 1 25 26 43.41815324170943 0.2519108988993626
0.75 1 26 27 46.80503671771112 0.2379043211960076
0.75 1 27 28 49.29617105044429 0.2249033681056294
0.75 1 28 29 51.05672120152872 0.2128135606425695
0.75 1 29 30 52.22118165162249 0.2015515881177638
0.75 1 30 31 52.89947466673425 0.1910437210386072
0.75 1 31 32 53.18173380422695 0.1812244852291672
0.75 1 32 33 53.14207989415615 0.1720355499892134
0.75 1 33 34 52.84161928291746 0.1634247899539739
0.75 1 34 35 52.33083759016733 0.1553454901983311
0.75 1 35 36 51.65152063297063 0.1477556701641933
0.75 1 36 37 50.83830324518476 0.1406175052855025
0.75 1 37 38 49.91992366354464 0.1338968322763184
0.75 1 38 39 48.92024367584833 0.1275627206624945
0.75 1 39 40 47.8590814630125 0.1215871056516786
0.75 1 40 41 46.75289411617428 0.1159444665202246
0.75 1 41 42 45.61533871059873 0.1106115502187258
0.75 1 42 43 44.45773517521241 0.1055671268339206
0.75 1 43 44 43.28944919339074 0.1007917789826774
0.75 1 44 45 42.11820987542791 0.09626771358911848
0.75 1 45 46 40.94916905105794 0.09277864640919953
0.75 1 46 47 39.78979945275171 0.09325457670369182
0.75 1 47 48 38.64312636081524 0.09780506874323346
0.75 1 48 49 37.51257524951043 0.1057029463085277
0.75 1 49 50 36.40068868465494 0.1140589501523161
1 1.25 0 1 5769.043416812138 1.569001833700883
1 1.25 1 2 -1621.090700248941 0.7384794926942289
1 1.25 2 3 -5483.790940886041 2.086833131039514
1 1.25 3 4 -4417.92973130288 1.984553344672355
1 1.25 4 5 -3254.445603237524 1.748115525153025
1 1.25 5 6 -2374.808665812159 1.528285169376727
1 1.25 6 7 -1744.000438611181 1.34294444999638
1 1.25 7 8 -1292.49083790481 1.189127029395932
1 1.25 8 9 -965.6926333233409 1.060412787470945
1 1.25 9 10 -725.7350280835244 0.9529141480546521
1 1.25 10 11 -546.9119420467896 0.8609140298369032
1 1.25 11 12 -411.974462235095 0.7821103694189527
1 1.25 12 13 -308.9631989378629 0.7138556666110649
1 1.25 13 14 -229.5530005891321 0.654259649779858
1 1.25 14 15 -167.8345383147466 0.6018470511612508
1 1.25 15 16 -119.545311604161 0.5554531659838754
1 1.25 16 17 -81.56418761129316 0.5141479364251232
1 1.25 17 18 -51.57403469278597 0.4771805893414326
1 1.25 18 19 -27.83287241658218 0.4439389207198237
1 1.25 19 20 -9.01611878264498 0.4139190337770494
1 1.25 20 21 5.893844070000114 0.3867025916476577
1 1.25 21 22 17.68611281689527 0.3619395257621483
1 1.25 22 23 26.97774553884472 0.3393347467484968
1 1.25 23 24 34.254949132756 0.3186378281378236
1 1.25 24 25 39.90346746145417 0.2996349170345606
1 1.25 25 26 44.23124596221669 0.2821423358486507
1 1.25 26 27 47.48550600349472 0.2660014761321913
1 1.25 27 28 49.86572749401387 0.2510746926744063
1 1.25 28 29 51.53360531542398 0.2372419759124016
1 1.25 29 30 52.62074571663902 0.2243982373123174
1 1.25 30 31 53.23465963369381 0.212451079066082
1 1.25 31 32 53.46346173251447 0.2013189512271965
1 1.25 32 33 53.3795780840303 0.1909296200062791
1 1.25 33 34 53.04268892357419 0.1812188867985438
1 1.25 34 35 52.50207714294157 0.172129513059613
1 1.25 35 36 51.79851214737857 0.163610311594617
1 1.25 36 37 50.96576820215154 0.1556153768611284
1 1.25 37 38 50.03185368488823 0.1481034283042883
1 1.25 38 39 49.02001042906795 0.1410372500711933
1 1.25 39 40 47.94952929763377 0.134383208181189
1 1.25 40 41 46.83641831705654 0.1281108361759252
1 1.25 41 42 45.69395174688174 0.1221924754775255
1 1.25 42 43 44.53312289224942 0.1166029639059319
1 1.25 43 44 43.36301856940145 0.1113193644053357
1 1.25 44 45 42.19112967674511 0.1063207281795984
1 1.25 45 46 41.02242871925148 0.1019659970651396
1 1.25 46 47 39.86416977140891 0.09967232563349278
1 1.25 47 48 38.71925376907399 0.09965892045648597
1 1.25 48 49 37.59097948178638 0.1018116885596667
1 1.25 49 50 36.48178735722777 0.1087992205878216
1.25 1.5 0 1 5396.437126355203 3.102600538701182
1.25 1.5 1 2 -1932.635088498158 3.6652417253894
1.25 1.5 2 3 -5449.566539145597 1.67730851210461
1.25 1.5 3 4 -4341.43287921224 1.612232144728252
1.25 1.5 4 5 -3181.739220886132 1.439256526397076
1.25 1.5 5 6 -2313.55806070763 1.270999780245853
1.25 1.5 6 7 -1694.045224753774 1.124757197194268
1.25 1.5 7 8 -1252.076970860684 1.000549380226914
1.25 1.5 8 9 -932.9950900595345 0.8961428361382913
1.25 1.5 9 10 -699.2024451118268 0.8060034213970123
1.25 1.5 10 11 -525.2944802235761 0.7297639781602547
1.25 1.5 11 12 -394.2991010992132 0.6636404026293318
1.25 1.5 12 13 -294.4652911346257 0.6061004203672169
1.25 1.5 13 14 -217.6316228991466 0.5556750296033853
1.25 1.5 14 15 -158.0146072127241 0.5111972639921187
1.25 1.5 15 16 -111.4486348791054 0.471733297402298
1.25 1.5 16 17 -74.88758452574029 0.436529495037061
1.25 1.5 17 18 -46.07280785506009 0.4049722982641045
1.25 1.5 18 19 -23.308267747439 0.3765578918868747
1.25 1.5 19 20 -5.305747468414665 0.3508691788081621
1.25 1.5 20 21 8.92337754389132 0.3275581815646873
1.25 1.5 21 22 20.14492981904777 0.3063324890858833
1.25 1.5 22 23 28.95716494932208 0.2869447239203118
1.25 1.5 23 24 35.83100988838817 0.26918429109407
1.25 1.5 24 25 41.13972313318243 0.2548332184074791
1.25 1.5 25 26 45.18099655405786 0.2419045715956604
1.25 1.5 26 27 48.1935913642958 0.2298640336219886
1.25 1.5 27 28 50.36997677643728 0.2186327128391982
1.25 1.5 28 29 51.86601474041765 0.2081402387426354
1.25 1.5 29 30 52.80844035922621 0.1983237120665947
1.25 1.5 30 31 53.30068249694079 0.1891267924720291
1.25 1.5 31 32 53.42742393983815 0.1804989071465671
1.25 1.5 32 33 53.25819681645982 0.172394563893685
1.25 1.5 33 34 52.85023417782276 0.1647727544015457
1.25 1.5 34 35 52.25074409576041 0.1575964365655158
1.25 1.5 35 36 51.49873255838804 0.1508320825357311
1.25 1.5 36 37 50.62647166361415 0.1444492859586085
1.25 1.5 37 38 49.66068745211925 0.1384204183173785
1.25 1.5 38 39 48.62352492307463 0.1327203281984855
1.25 1.5 39 40 47.53333506152381 0.1273260780349231
1.25 1.5 40 41 46.40531915399731 0.1222167120032292
1.25 1.5 41 42 45.252057930776 0.1173730529259324
1.25 1.5 42 43 44.08394764931052 0.1127775218488316
1.25 1.5 43 44 42.9095604844868 0.1084139797160687
1.25 1.5 44 45 41.73594322114525 0.1042675859354976
1.25 1.5 45 46 40.56771272829462 0.1006703670065996
1.25 1.5 46 47 39.41173496443452 0.09890382202339645
1.25 1.5 47 48 38.27065195474339 0.09914601061635198
1.25 1.5 48 49 37.14751433793813 0.1012958159028728
1.25 1.5 49 50 36.04454520970884 0.1040995365333132
1.5 1.75 0 1 4956.631784755122 0.9773440159621752
1.5 1.75 1 2 -2319.384884117819 0.8183013971214218
1.5 1.75 2 3 -5428.209467772471 1.736324382590323
1.5 1.75 3 4 -4262.874531319261 1.676349381695089
1.5 1.75 4 5 -3101.290101597533 1.494550027484773
1.5 1.75 5 6 -2242.191433031841 1.312628513387298
1.5 1.75 6 7 -1633.146683016799 1.153513358731755
1.5 1.75 7 8 -1200.677105704538 1.019337922152228
1.5 1.75 8 9 -889.6770165764406 0.906266538991622
1.5 1.75 9 10 -662.5594536745548 0.8099369038172645
1.5 1.75 10 11 -494.2021301793288 0.72962754396232
1.5 1.75 11 12 -367.7834816256438 0.6602564088638804
1.5 1.75 12 13 -271.745430768749 0.6003427729656278
1.5 1.75 13 14 -198.0742202986 0.5481935420705034
1.5 1.75 14 15 -141.105168790669 0.5024770218314939
1.5 1.75 15 16 -96.76752162227876 0.4621383802222825
1.5 1.75 16 17 -62.09083547420255 0.4263346841300255
1.5 1.75 17 18 -34.87700639495233 0.394386012543726
1.5 1.75 18 19 -13.47864916705726 0.3657388397681317
1.5 1.75 19 20 3.353154151790477 0.3399385316887026
1.5 1.75 20 21 16.57511074609738 0.3166085463712223
1.5 1.75 21 22 26.92697901350687 0.2954345807274301
1.5 1.75 22 23 34.98561689243536 0.276152370455392
1.5 1.75 23 24 41.20429485548505 0.2585382207362164
1.5 1.75 24 25 45.94163099485445 0.2424015885486732
1.5 1.75 25 26 49.48312151092171 0.2275792224083281
1.5 1.75 26 27 52.05732393369033 0.2139304935590172
1.5 1.75 27 28 53.84813498244046 0.2013336484407966
1.5 1.75 28 29 55.00418620127664 0.1896827774814356
1.5 1.75 29 30 55.64609149094281 0.1788853462320216
1.5 1.75 30 31 55.87207916829618 0.168860172106686
1.5 1.75 31 32 55.76239873552265 0.1595357548196747
1.5 1.75 32 33 55.38279093553547 0.1508488916222901
1.5 1.75 33 34 54.78723642475001 0.1427435221369327
1.5 1.75 34 35 54.02014505050687 0.1351697593454242
1.5 1.75 35 36 53.11810855206289 0.128083073635328
1.5 1.75 36 37 52.11131044995449 0.1214436012309719
1.5 1.75 37 38 51.02466527327971 0.1152155572745797
1.5 1.75 38 39 49.87874291805122 0.1093667337078368
1.5 1.75 39 40 48.69052155374067 0.1038680699647388
1.5 1.75 40 41 47.47400321068466 0.09869328220117778
1.5 1.75 41 42 46.24071866742401 0.0938185450100598
1.5 1.75 42 43 45.00014298908758 0.08922221420742293
1.5 1.75 43 44 43.76003847213474 0.08488458647876497
1.5 1.75 44 45 42.52673847979787 0.08078769048338735
1.5 1.75 45 46 41.30425826141294 0.07763025467806828
1.5 1.75 46 47 40.09886119084968 0.07802484652051127
1.5 1.75 47 48 38.91272351516352 0.08205892469846342
1.5 1.75 48 49 37.74845814190408 0.08907656310017692
1.5 1.75 49 50 36.60791075970639 0.09649141416716692
1.75 2 0 1 4494.939479391144 1.067700763997477
1.75 2 1 2 -2707.040216872286 2.955811040902049
1.75 2 2 3 -5397.60343034727 2.86103448916445
1.75 2 3 4 -4187.562460277878 2.317199621814261
1.75 2 4 5 -3032.519274708013 1.895003707877028
1.75 2 5 6 -2186.443588092116 1.58359838829166
1.75 2 6 7 -1589.193664212951 1.349037278898586
1.75 2 7 8 -1166.194097634124 1.167344032787687
1.75 2 8 9 -862.5224798821346 1.0229575414787
1.75 2 9 10 -641.0559599349358 0.9055421003665668
1.75 2 10 11 -477.1378498399904 0.8085549072067966
1.75 2 11 12 -354.1774599773271 0.7270224426917358
1.75 2 12 13 -260.8685299605606 0.6576349077717613
1.75 2 13 14 -189.3663019356045 0.5979297837540158
1.75 2 14 15 -134.1317979187295 0.5460682759478835
1.75 2 15 16 -91.1886348982755 0.5006495788090922
1.75 2 16 17 -57.63796932778291 0.460587544389922
1.75 2 17 18 -31.33659613112945 0.4250267705515851
1.75 2 18 19 -10.67964670651804 0.3932842123622807
1.75 2 19 20 5.548564804481202 0.3648077118771334
1.75 2 20 21 18.27855220805179 0.3391459888363869
1.75 2 21 22 28.22927214886965 0.3159265537594236
1.75 2 22 23 35.96095044098536 0.2948392013093264
1.75 2 23 24 41.91347833350846 0.2756235005712881
1.75 2 24 25 46.43465265519376 0.2580591933357113
1.75 2 25 26 49.80117437507454 0.2419587398112241
1.75 2 26 27 52.23442102975446 0.2271614683143157
1.75 2 27 28 53.91240474007896 0.2135289407310828
1.75 2 28 29 54.97891695487613 0.200941246678114
1.75 2 29 30 55.55057783281302 0.1892940162264518
1.75 2 30 31 55.7223108276288 0.1784959933381241
1.75 2 31 32 55.57162359380106 0.1684670504123388
1.75 2 32 33 55.16197691347367 0.1591365528672423
1.75 2 33 34 54.54545172531675 0.1504420041732824
1.75 2 34 35 53.76487219175743 0.1423279156988849
1.75 2 35 36 52.85550448618619 0.134744860229636
1.75 2 36 37 51.84642261476256 0.1276486740931727
1.75 2 37 38 50.7616114935243 0.1209997817527152
1.75 2 38 39 49.62086155543261 0.1147626220320135
1.75 2 39 40 48.44049709522915 0.1089051572982396
1.75 2 40 41 47.23397151981885 0.103398453284175
1.75 2 41 42 46.01235535461063 0.09821631709343802
1.75 2 42 43 44.78473772599824 0.0933349846467182
1.75 2 43 44 43.55855758411536 0.08873284953366856
1.75 2 44 45 42.3398777326515 0.0843902272874882
1.75 2 45 46 41.13252753878422 0.08109926030270929
1.75 2 46 47 39.94250454077257 0.08131032709176729
1.75 2 47 48 38.77186874263887 0.08500924608087911
1.75 2 48 49 37.62310353300734 0.09155498459164052
1.75 2 49 50 36.49794118044119 0.09846214467429987
2 2.25 0 1 3997.003606336674 1.033249806407202
2 2.25 1 2 -3103.050916550261 0.8477755958947822
2 2.25 2 3 -5338.59576713905 1.65106181716807
2 2.25 3 4 -4070.231589655078 1.530223197218429
2 2.25 4 5 -2917.371891261727 1.350540804830954
2 2.25 5 6 -2085.125246237463 1.191135087009529
2 2.25 6 7 -1502.774456377875 1.057201209098471
2 2.25 7 8 -1093.143121687187 0.9444909720052476
2 2.25 8 9 -800.8223955156263 0.8494750153075977
2 2.25 9 10 -588.8126952366974 0.767928514095754
2 2.25 10 11 -432.7311793480201 0.6976884622495341
2 2.25 11 12 -316.2673905608428 0.6366194411795754
2 2.25 12 13 -228.3615293130583 0.5831368655293111
2 2.25 13 14 -161.3726899045398 0.5359907381153685
2 2.25 14 15 -109.9267569450124 0.494184116752628
2 2.25 15 16 -70.17952331789525 0.4569135493652644
2 2.25 16 17 -39.33794786864132 0.4235251851310409
2 2.25 17 18 -15.34369176154792 0.3934820968892447
2 2.25 18 19 3.339772091619807 0.3663396762438119
2 2.25 19 20 17.87282731978553 0.3417269051427272
2 2.25 20 21 29.14100181722404 0.3193319472755143
2 2.25 21 22 37.82646268068174 0.2988909607570815
2 2.25 22 23 44.45919074169603 0.2801793245361437
2 2.25 23 24 49.45408577506112 0.263004703166092
2 2.25 24 25 53.13819307046913 0.2472015189162017
2 2.25 25 26 55.77090222512732 0.2326265117047186
2 2.25 26 27 57.55908511722453 0.2191551473182703
2 2.25 27 28 58.66854788027638 0.2066786923589129
2 2.25 28 29 59.23276985730092 0.1951018169741076
2 2.25 29 30 59.35962589112876 0.1843406170300652
2 2.25 30 31 59.13659592364803 0.1743209751162463
2 2.25 31 32 58.63483019518821 0.1649771924757513
2 2.25 32 33 57.91234177052189 0.1562508435654374
2 2.25 33 34 57.01652867417511 0.1480898103524948
2 2.25 34 35 55.98617744580014 0.1404474657893705
2 2.25 35 36 54.8530629545964 0.1332819798034919
2 2.25 36 37 53.64323194438765 0.1265557271832582
2 2.25 37 38 52.37803746463942 0.1202347797833475
2 2.25 38 39 51.07497600115306 0.1142884710091844
2 2.25 39 40 49.7483675388645 0.1086890187090902
2 2.25 40 41 48.40991011746013 0.1034111995873192
2 2.25 41 42 47.06913344009234 0.09843206621371234
2 2.25 42 43 45.73377118495821 0.09373069997327418
2 2.25 43 44 44.41006742645877 0.08928799587030518
2 2.25 44 45 43.10302951577992 0.08508647349300195
2 2.25 45 46 41.81558262861665 0.08176279697049675
2 2.25 46 47 40.55284076559826 0.08169566546986709
2 2.25 47 48 39.31615788409462 0.08494906479198097
2 2.25 48 49 38.10736305568707 0.09090725466162906
2 2.25 49 50 36.92761080360282 0.09721153108655757
2.25 2.5 0 1 3474.298988543433 1.675721813080602
2.25 2.5 1 2 -3498.601331408599 0.9552751014011234
2.25 2.5 2 3 -5248.330350874188 1.691082307115669
2.25 2.5 3 4 -3930.796800178232 1.558422714352673
2.25 2.5 4 5 -2791.407783533783 1.373259299962296
2.25 2.5 5 6 -1981.078234836194 1.208445806008326
2.25 2.5 6 7 -1418.722659145021 1.079804144500159
2.25 2.5 7 8 -1025.457026951291 0.9719737872099462
2.25 2.5 8 9 -746.1367320685176 0.8772195530092257
2.25 2.5 9 10 -544.3937366139421 0.7949576205893382
2.25 2.5 10 11 -396.4492237104398 0.7231301209643586
2.25 2.5 11 12 -286.4763533532043 0.6602552233988157
2.25 2.5 12 13 -203.7871861369154 0.6049631708445615
2.25 2.5 13 14 -141.0222624196097 0.5561016966292347
2.25 2.5 14 15 -93.02042678673388 0.5127138817054709
2.25 2.5 15 16 -56.09951932629747 0.4740076786560651
2.25 2.5 16 17 -27.59080698953653 0.4393266630363914
2.25 2.5 17 18 -5.532166284157029 0.4081248601663356
2.25 2.5 18 19 11.53778463761523 0.379946019364426
2.25 2.5 19 20 24.72022886963612 0.3544068767230518
2.25 2.5 20 21 34.85367304529711 0.3311837425491172
2.25 2.5 21 22 42.58265225658522 0.3100017726241118
2.25 2.5 22 23 48.40681793103772 0.2906263738954387
2.25 2.5 23 24 52.71646761210559 0.272856298322758
2.25 2.5 24 25 55.81857101207083 0.2565180679531964
2.25 2.5 25 26 57.95604585478031 0.2414614548490073
2.25 2.5 26 27 59.32218033447396 0.2275557963545885
2.25 2.5 27 28 60.0715260269011 0.2146869755967158
2.25 2.5 28 29 60.32819681618673 0.2027549353836271
2.25 2.5 29 30 60.19224248270126 0.19167161949343
2.25 2.5 30 31 59.74458021325006 0.1813592603578933
2.25 2.5 31 32 59.05083671077887 0.1717489472505466
2.25 2.5 32 33 58.16436076870104 0.1627794246155936
2.25 2.5 33 34 57.12859949996158 0.1543960773887208
2.25 2.5 34 35 55.97898302400216 0.1465500721455198
2.25 2.5 35 36 54.74442699990846 0.1391976261290117
2.25 2.5 36 37 53.44853622258665 0.1322993836224642
2.25 2.5 37 38 52.11057308416395 0.1258198803893077
2.25 2.5 38 39 50.74624006557997 0.1197270841220311
2.25 2.5 39 40 49.36831438487286 0.1139919972431193
2.25 2.5 40 41 47.9871646722757 0.1085883125889795
2.25 2.5 41 42 46.61117288995368 0.1034921153454765
2.25 2.5 42 43 45.24708004226321 0.09868162220383964
2.25 2.5 43 44 43.9002702094279 0.09413695435987889
2.25 2.5 44 45 42.57500452910082 0.089839938067881
2.25 2.5 45 46 41.27360299224273 0.08609994934184954
2.25 2.5 46 47 40.00053281969255 0.08412109978337115
2.25 2.5 47 48 38.75669987179421 0.0840353893371175
2.25 2.5 48 49 37.54350490108021 0.08601658997725331
2.25 2.5 49 50 36.36172969897322 0.09185267075187084
2.5 2.75 0 1 2897.1076208152 2.272891823348693
2.5 2.75 1 2 -3933.918427475548 1.103110517913625
2.5 2.75 2 3 -5159.9979486228 2.610021384046385
2.5 2.75 3 4 -3785.111000700556 2.544821403919984
2.5 2.75 4 5 -2655.109969204176 2.2511587585392
2.5 2.75 5 6 -1864.811793351959 1.965009059067536
2.5 2.75 6 7 -1321.929230281609 1.720001458752177
2.5 2.75 7 8 -945.2771446588854 1.515522685117015
2.5 2.75 8 9 -679.5970532928873 1.344570742390581
2.5 2.75 9 10 -488.9300813093712 1.201111136868056
2.5 2.75 10 11 -349.9783073045512 1.079460726942115
2.5 2.75 11 12 -247.3342244662936 0.9754399184387634
2.5 2.75 12 13 -170.6508148167604 0.8857453139172105
2.5 2.75 13 14 -112.8373788042054 0.8078023925003944
2.5 2.75 14 15 -68.94271663536597 0.7395907536487218
2.5 2.75 15 16 -35.448626984155 0.6795105593045526
2.5 2.75 16 17 -9.814901154476274 0.6262827959728804
2.5 2.75 17 18 9.819256007274589 0.5788751641734103
2.5 2.75 18 19 24.83481254487788 0.5364468387783824
2.5 2.75 19 20 36.26869985689643 0.4983070122177277
2.5 2.75 20 21 44.90774062299431 0.46388351573404
2.5 2.75 21 22 51.35462555803838 0.4326988505005496
2.5 2.75 22 23 56.07491900251114 0.4043517094082736
2.5 2.75 23 24 59.43098895446064 0.3785026020941647
2.5 2.75 24 25 61.70679551660783 0.3548625743976694
2.5 2.75 25 26 63.12620258074867 0.333184282012092
2.5 2.75 26 27 63.86664399052711 0.3132548709378957
2.5 2.75 27 28 64.06941927307332 0.294890256281054
2.5 2.75 28 29 63.84751803989019 0.2779304923381817
2.5 2.75 29 30 63.29161424656121 0.2622360001771241
2.5 2.75 30 31 62.47469274968819 0.2476844746079876
2.5 2.75 31 32 61.45564493715733 0.2341683334079454
2.5 2.75 32 33 60.28208107502428 0.2215926008472947
2.5 2.75 33 34 58.99254310216747 0.2098731434050054
2.5 2.75 34 35 57.61825530761786 0.1989351902726692
2.5 2.75 35 36 56.18451651143511 0.1887120881378617
2.5 2.75 36 37 54.71181241766976 0.1791442472182038
2.5 2.75 37 38 53.21670834015413 0.170178245822969
2.5 2.75 38 39 51.71256859839951 0.1617660667003492
2.5 2.75 39 40 50.2101384179511 0.153864442675243
2.5 2.75 40 41 48.71801635235144 0.1464342945542425
2.5 2.75 41 42 47.24303896889231 0.1394402456984064
2.5 2.75 42 43 45.7905951208825 0.1328502023395028
2.5 2.75 43 44 44.36488336742471 0.1266349888458524
2.5 2.75 44 45 42.96912335764398 0.1207680302992795
2.5 2.75 45 46 41.60475973939151 0.1154468261864108
2.5 2.75 46 47 40.27537061768425 0.1114850994651397
2.5 2.75 47 48 38.98118965953623 0.1089952138863265
2.5 2.75 48 49 37.72298657486729 0.1079163859463053
2.5 2.75 49 50 36.50098270662565 0.1074368065763089
2.75 3 0 1 2261.803945036021 1.741384094122389
2.75 3 1 2 -4365.222035643211 4.302158379621933
2.75 3 2 3 -5018.444584433701 5.887408580482393
2.75 3 3 4 -3588.870510753979 5.041346923899695
2.75 3 4 5 -2477.189399165085 4.196400163797683
2.75 3 5 6 -1715.671755698308 3.522036385945652
2.75 3 6 7 -1199.447708921739 2.994971143146363
2.75 3 7 8 -845.0195853804134 2.578967342524709
2.75 3 8 9 -597.3005429713098 2.245146458307218
2.75 3 9 10 -421.0401611858103 1.973239414307759
2.75 3 10 11 -293.6612814761177 1.748394142281803
2.75 3 11 12 -200.3614381072214 1.56008701326935
2.75 3 12 13 -131.271916069009 1.400582900637689
2.75 3 13 14 -79.67214890634909 1.264120472932101
2.75 3 14 15 -40.89588803903303 1.146336582814558
2.75 3 15 16 -11.64476413525426 1.043875385063204
2.75 3 16 17 10.45090317610106 0.9541188707474417
2.75 3 17 18 27.11869530144838 0.8749980389376436
2.75 3 18 19 39.63472506800895 0.8048584013376091
2.75 3 19 20 48.95275883806266 0.7423626791370052
2.75 3 20 21 55.79316720435065 0.6864193657411842
2.75 3 21 22 60.70516656145867 0.6361295577595878
2.75 3 22 23 64.11100215702186 0.5907468772290309
2.75 3 23 24 66.33772904906562 0.5496469042686676
2.75 3 24 25 67.640351496172 0.5123036085185089
2.75 3 25 26 68.21885952255661 0.4782709917764713
2.75 3 26 27 68.23090174039214 0.4471686556806035
2.75 3 27 28 67.80130171582744 0.418670354400984
2.75 3 28 29 67.02926672689517 0.3924948424732533
2.75 3 29 30 65.99389258023422 0.3683984999700738
2.75 3 30 31 64.75839868807532 0.3461693492220418
2.75 3 31 32 63.3734087785694 0.3256221665732913
2.75 3 32 33 61.87950853988337 0.3065944648596889
2.75 3 33 34 60.30925136152297 0.2889431713370357
2.75 3 34 35 58.68873988418108 0.272541865821187
2.75 3 35 36 57.03887939816497 0.2572784722911531
2.75 3 36 37 55.37637582610813 0.2430533203492675
2.75 3 37 38 53.71453380625366 0.2297775090002576
2.75 3 38 39 52.06389746779939 0.2173715204165337
2.75 3 39 40 50.43276677772033 0.2057640397032659
2.75 3 40 41 48.82761510790436 0.1948909464633431
2.75 3 41 42 47.25342787051184 0.1846944500099004
2.75 3 42 43 45.71397799666417 0.1751223446530948
2.75 3 43 44 44.21205058294498 0.166127366714416
2.75 3 44 45 42.74962650167885 0.1576666370151669
2.75 3 45 46 41.32711209208085 0.1498555534660674
2.75 3 46 47 39.94702862194276 0.1432459972043651
2.75 3 47 48 38.60881726451052 0.1379166693944226
2.75 3 48 49 37.31250508810822 0.1338392405502504
2.75 3 49 50 36.05765284796823 0.1304457307084367
3 3.25 0 1 1571.619888943379 1.188800739635245
3 3.25 1 2 -4722.220063299552 9.359798135595351
3 3.25 2 3 -4771.951100840291 9.772436982546665
3 3.25 3 4 -3310.757611480597 7.942758722025358
3 3.25 4 5 -2238.95693929981 6.442161337470977
3 3.25 5 6 -1522.501860980617 5.316158859895603
3 3.25 6 7 -1044.698711933325 4.464318972597246
3 3.25 7 8 -720.9567600342666 3.806013598172389
3 3.25 8 9 -497.3380369079546 3.286013202405822
3 3.25 9 10 -339.9947078147313 2.867437871438346
3 3.25 10 11 -227.5437379764383 2.524742979377933
3 3.25 11 12 -146.1143735949029 2.240123390635587
3 3.25 12 13 -86.5417922748793 2.000775125334697
3 3.25 13 14 -42.63359830351828 1.797304764070473
3 3.25 14 15 -10.12079031193025 1.622685218443448
3 3.25 15 16 13.99422030309051 1.471566779086035
3 3.25 16 17 31.85142074649229 1.339812351999887
3 3.25 17 18 45.00137105530609 1.224177276767967
3 3.25 18 19 54.5825006526062 1.122084412698415
3 3.25 19 20 61.44053741995094 1.031463295979002
3 3.25 20 21 66.21036194402222 0.9506332181341463
3 3.25 21 22 69.37300910994713 0.8782169504301826
3 3.25 22 23 71.29594653171 0.8130762029585069
3 3.25 23 24 72.26191907230168 0.7542627322580082
3 3.25 24 25 72.48985989711775 0.7009808724879021
3 3.25 25 26 72.15022132381989 0.6525585133278274
3 3.25 26 27 71.37633113362028 0.6084243979448691
3 3.25 27 28 70.27288484555982 0.5680902019923435
3 3.25 28 29 68.92235194405157 0.5311362659668442
3 3.25 29 30 67.38984741410945 0.4972001466074322
3 3.25 30 31 65.72686381516911 0.465967361923633
3 3.25 31 32 63.97415000306444 0.4371638583582097
3 3.25 32 33 62.16394565770673 0.4105498395540658
3 3.25 33 34 60.32172588435304 0.3859146800157022
3 3.25 34 35 58.46757063123562 0.3630727091345255
3 3.25 35 36 56.61724492693494 0.3418596976600572
3 3.25 36 37 54.78305486932516 0.3221299147565146
3 3.25 37 38 52.97452876647731 0.3037536512510072
3 3.25 38 39 51.1989612027588 0.2866151257387493
3 3.25 39 40 49.4618491026537 0.2706107066276544
3 3.25 40 41 47.76724239456425 0.2556473963791681
3 3.25 41 42 46.11802670801583 0.2416415344370218
3 3.25 42 43 44.51615191018323 0.2285176827539696
3 3.25 43 44 42.96281724607834 0.2162076653914958
3 3.25 44 45 41.45862158938468 0.2046497375840211
3 3.25 45 46 40.00283082748419 0.1938942135846239
3 3.25 46 47 38.59677481350235 0.1842960683574816
3 3.25 47 48 37.23903899630764 0.1758906327353209
3 3.25 48 49 35.92884240303916 0.1686470716292209
3 3.25 49 50 34.66502949257396 0.162162704371745
3.25 3.5 0 1 854.497545884291 0.4307158271554881
3.25 3.5 1 2 -4891.199659401103 18.82969889517065
3.25 3.5 2 3 -4356.184749954276 14.94984626862021
3.25 3.5 3 4 -2915.850751268405 11.28785476796087
3.25 3.5 4 5 -1921.69473004982 8.799730849181568
3.25 3.5 5 6 -1275.742589556333 7.069426988810492
3.25 3.5 6 7 -853.4318873997317 5.816664868622887
3.25 3.5 7 8 -571.9786698972127 4.876956257382457
3.25 3.5 8 9 -380.4777990458397 4.15111533064712
3.25 3.5 9 10 -247.6841656745746 3.577039546418802
3.25 3.5 10 11 -154.1729274750674 3.113886489131295
3.25 3.5 11 12 -87.50521353873705 2.734010715277626
3.25 3.5 12 13 -39.55182040453701 2.418042943436118
3.25 3.5 13 14 -4.873167584671364 2.152055883060303
3.25 3.5 14 15 20.24752643769693 1.925801897781954
3.25 3.5 15 16 38.3983083279179 1.731588027534205
3.25 3.5 16 17 51.41193945552504 1.563536582063303
3.25 3.5 17 18 60.60590365616497 1.417086433949494
3.25 3.5 18 19 66.93990563908505 1.288648843809354
3.25 3.5 19 20 71.12124526906302 1.17536501609284
3.25 3.5 20 21 73.67658358419874 1.074932149186662
3.25 3.5 21 22 75.00162098888006 0.985476546210018
3.25 3.5 22 23 75.39599987602452 0.9054596576743171
3.25 3.5 23 24 75.0881604987726 0.8336075555110244
3.25 3.5 24 25 74.25326225756908 0.7688573330394916
3.25 3.5 25 26 73.0262518600158 0.7103159024020157
3.25 3.5 26 27 71.51149163891102 0.6572279887445323
3.25 3.5 27 28 69.78992094557998 0.608951027015338
3.25 3.5 28 29 67.92442917101351 0.5649352961323905
3.25 3.5 29 30 65.96391919409376 0.5247080669094417
3.25 3.5 30 31 63.94640301884687 0.4878608548008989
3.25 3.5 31 32 61.90137597538376 0.4540390954541184
3.25 3.5 32 33 59.85164884359162 0.4229337259502574
3.25 3.5 33 34 57.8147696554984 0.3942742767856436
3.25 3.5 34 35 55.80413276826417 0.3678231698509402
3.25 3.5 35 36 53.82984805865146 0.3433709854222037
3.25 3.5 36 37 51.89942501767618 0.3207325131263208
3.25 3.5 37 38 50.01831324411134 0.299743440350804
3.25 3.5 38 39 48.19033094424506 0.2802575625808877
3.25 3.5 39 40 46.41800565152951 0.2621444226112024
3.25 3.5 40 41 44.70284592232852 0.2452873045642746
3.25 3.5 41 42 43.04555840386578 0.2295815223917164
3.25 3.5 42 43 41.4462216252073 0.2149329542862458
3.25 3.5 43 44 39.90442532924968 0.2012567829607809
3.25 3.5 44 45 38.4193822715676 0.1884764093190383
3.25 3.5 45 46 36.98925611734796 0.1766225463002492
3.25 3.5 46 47 35.61415224057974 0.1660202303466736
3.25 3.5 47 48 34.29186102028211 0.1567031252465947
3.25 3.5 48 49 33.02083376629521 0.1486444384429622
3.25 3.5 49 50 31.79924403999664 0.1414612017347858
3.5 3.75 0 1 186.3556378426281 1.613794059969766
3.5 3.75 1 2 -4704.470548013614 24.79341163304504
3.5 3.75 2 3 -3705.404064337453 16.36261610499759
3.5 3.75 3 4 -2379.000996340271 11.56584803797602
3.5 3.75 4 5 -1518.318133558813 8.673775805614447
3.5 3.75 5 6 -976.6283603083466 6.779076927410998
3.5 3.75 6 7 -630.6997092315 5.458335218908776
3.5 3.75 7 8 -404.7762751172222 4.494267394062678
3.5 3.75 8 9 -253.9640136942382 3.765197194094647
3.5 3.75 9 10 -151.3595417817069 3.198424028514967
3.5 3.75 10 11 -80.53617134722458 2.747800655271629
3.5 3.75 11 12 -31.13081683448331 2.382880238746848
3.5 3.75 12 13 3.541867921733456 2.082776559881367
3.5 3.75 13 14 27.90315271262489 1.832729490033038
3.5 3.75 14 15 44.94111835804802 1.622036866284452
3.5 3.75 15 16 56.71469045174183 1.442765889022658
3.5 3.75 16 17 64.66702655445908 1.288922933301573
3.5 3.75 17 18 69.82497328054728 1.155902991372425
3.5 3.75 18 19 72.92880471739363 1.040115200665515
3.5 3.75 19 20 74.5183175623286 0.9387223905745876
3.5 3.75 20 21 74.99101703404671 0.8494563039885045
3.5 3.75 21 22 74.64209875245422 0.7704841609625356
3.5 3.75 22 23 73.69233887170782 0.7003107496000814
3.5 3.75 23 24 72.30781724971553 0.6377055411513853
3.5 3.75 24 25 70.61403961548643 0.5816477174661174
3.5 3.75 25 26 68.7061642575888 0.531284209755245
3.5 3.75 26 27 66.65648442240047 0.4858973154903946
3.5 3.75 27 28 64.51995441276688 0.4448794541448534
3.5 3.75 28 29 62.33830593335173 0.4077133035926591
3.5 3.75 29 30 60.1431382607619 0.3739560355661298
3.5 3.75 30 31 57.95825457679115 0.3432267034238423
3.5 3.75 31 32 55.80143976514321 0.3151960767939805
3.5 3.75 32 33 53.68582110039443 0.2895783917436109
3.5 3.75 33 34 51.62091518135097 0.2661246114370462
3.5 3.75 34 35 49.61343726024023 0.244616888192466
3.5 3.75 35 36 47.66792951097 0.2248639866059032
3.5 3.75 36 37 45.78725052509392 0.2066974813109106
3.5 3.75 37 38 43.97295790287336 0.1899685828815427
3.5 3.75 38 39 42.22560806871476 0.1745454762063078
3.5 3.75 39 40 40.54499169942181 0.160311079513287
3.5 3.75 40 41 38.93031892382912 0.1471611511307394
3.5 3.75 41 42 37.3803650968091 0.1350026845398611
3.5 3.75 42 43 35.89358560869432 0.1237525454507368
3.5 3.75 43 44 34.46820627660652 0.1133363121918153
3.5 3.75 44 45 33.10229440595876 0.1036872896222764
3.5 3.75 45 46 31.79318129237215 0.09489164081899665
3.5 3.75 46 47 30.53990304497276 0.08748215056873443
3.5 3.75 47 48 29.33970972492399 0.08158426591763968
3.5 3.75 48 49 28.19049429912161 0.07721512799366832
3.5 3.75 49 50 27.08996415670299 0.07383924651849572
3.75 4 0 1 -326.482934671489 1.825540673088939
3.75 4 1 2 -4035.647087652163 28.22460389850864
3.75 4 2 3 -2807.226895146869 13.10532631046081
3.75 4 3 4 -1711.164953015062 7.656468245662521
3.75 4 4 5 -1045.38008683759 4.987743083409129
3.75 4 5 6 -642.2418910555061 3.463055917773168
3.75 4 6 7 -392.4180559063748 2.50569485751804
3.75 4 7 8 -233.6001470331071 1.864903500226512
3.75 4 8 9 -130.3401155433669 1.415966888909434
3.75 4 9 10 -61.98333057720754 1.0905422518457
3.75 4 10 11 -16.18997558235583 0.8486962622878903
3.75 4 11 12 14.67916685550972 0.6656591189220377
3.75 4 12 13 35.47139584750755 0.5254777813280539
3.75 4 13 14 49.34370770855151 0.4175786130707624
3.75 4 14 15 58.39888909705644 0.3348181572739475
3.75 4 15 16 64.06539944449287 0.2831416446251722
3.75 4 16 17 67.33036953679556 0.2606540280083583
3.75 4 17 18 68.88609205287378 0.2405315590975246
3.75 4 18 19 69.2242411438707 0.2224509872769709
3.75 4 19 20 68.69773970486131 0.2061430380528421
3.75 4 20 21 67.56215120755678 0.1913819734913309
3.75 4 21 22 66.00384460503847 0.1779773990868784
3.75 4 22 23 64.15945331701363 0.1657677946301528
3.75 4 23 24 62.12950535526807 0.1662373251548287
3.75 4 24 25 59.98808972149499 0.1700674084707437
3.75 4 25 26 57.78978887505579 0.1737890430561466
3.75 4 26 27 55.57470096994194 0.1771574908321073
3.75 4 27 28 53.37211147057172 0.1800542520372269
3.75 4 28 29 51.2031994596941 0.1824354967919632
3.75 4 29 30 49.08304710398923 0.1843002688534472
3.75 4 30 31 47.02214152772063 0.1856712363646008
3.75 4 31 32 45.02750383452769 0.1865831633747936
3.75 4 32 33 43.10354215464118 0.1870760757393545
3.75 4 33 34 41.25269899436499 0.1871912712075296
3.75 4 34 35 39.47594429233243 0.1869690528046783
3.75 4 35 36 37.77315206012156 0.1864475044193496
3.75 4 36 37 36.14338872351823 0.1856618951558953
3.75 4 37 38 34.58513418063815 0.1846444586265202
3.75 4 38 39 33.09645136499779 0.1834243919877066
3.75 4 39 40 31.67511624010817 0.1820279788147098
3.75 4 40 41 30.31871733431279 0.1804787772058574
3.75 4 41 42 29.02473169842624 0.1787978373042384
3.75 4 42 43 27.79058262350223 0.1770039267019566
3.75 4 43 44 26.61368321882724 0.1751137511437526
3.75 4 44 45 25.4914689879948 0.1731421635475147
3.75 4 45 46 24.4209523153244 0.1711578661766487
3.75 4 46 47 23.4004793516731 0.1693664835372846
3.75 4 47 48 22.42720995720274 0.1677824201050161
3.75 4 48 49 21.49886421458012 0.1663862389862189
3.75 4 49 50 20.61305204183745 0.1650113219343611
4 5 0 1 -1025.204507062215 2.87210980430768
4 5 1 2 -4467.890816268947 7.464314110466007
4 5 2 3 -2566.104736816959 5.564371887994648
4 5 3 4 -1402.725134159811 4.153476055922991
4 5 4 5 -769.8282442049324 3.079967840976664
4 5 5 6 -414.6954118302485 2.309745499128394
4 5 6 7 -208.8216231503245 1.796516201324771
4 5 7 8 -86.24314844009882 1.452060025576865
4 5 8 9 -11.86938789600185 1.211413050316422
4 5 9 10 33.64340344342929 1.033900733149132
4 5 10 11 61.3213830756323 0.8984561320157801
4 5 11 12 77.76354158032598 0.7933426188418646
4 5 12 13 87.0042628275005 0.7088740330938307
4 5 13 14 91.55844094370298 0.6387199654665582
4 5 14 15 93.03716205835076 0.5801259559761586
4 5 15 16 92.50225863482081 0.5310649047872534
4 5 16 17 90.66396352619068 0.4891964605770933
4 5 17 18 87.99921094836543 0.4525627411966429
4 5 18 19 84.82973685988475 0.4200439506302229
4 5 19 20 81.374513729402 0.3910790444783282
4 5 20 21 77.78370457366464 0.3652449217259371
4 5 21 22 74.16025787595453 0.342091512137463
4 5 22 23 70.57403619315727 0.3211785240855159
4 5 23 24 67.07153138155556 0.3021430854058714
4 5 24 25 63.68276365828049 0.2847183589037551
4 5 25 26 60.42620176956132 0.2687110485853
4 5 26 27 57.31223849451925 0.2539699106878547
4 5 27 28 54.34562717050306 0.2403644888624409
4 5 28 29 51.5271927730207 0.2277765592066525
4 5 29 30 48.85504521312724 0.2160990772542983
4 5 30 31 46.32544995471036 0.2052372643439513
4 5 31 32 43.93345804658779 0.195109014858406
4 5 32 33 41.67336311748691 0.1856440174734358
4 5 33 34 39.53903160059295 0.1767820405570628
4 5 34 35 37.52413927418148 0.1684710132595195
4 5 35 36 35.62233852554654 0.1606653260861925
4 5 36 37 33.82737460800836 0.1533245174320531
4 5 37 38 32.13316457162751 0.1464123353551573
4 5 38 39 30.53384902825306 0.1398960888964601
4 5 39 40 29.0238242384583 0.1337461891745724
4 5 40 41 27.59776005186013 0.1279358046243938
4 5 41 42 26.25060768574727 0.1224405782425496
4 5 42 43 24.97760029422993 0.1172383799877271
4 5 43 44 23.77424850437446 0.1123090822286459
4 5 44 45 22.63633246900559 0.1076343524163532
4 5 45 46 21.55943407503729 0.1035945852010744
4 5 46 47 20.54037687034169 0.1016094343612429
4 5 47 48 19.5752686851621 0.1016558781956514
4 5 48 49 18.66090016871295 0.1032980205791618
4 5 49 50 17.79383410562865 0.1053067645348873
-5 5 0 50 -529053.0728186162 93.24777889085323
