#ylo yhi qTlo qThi PDF0  uncertainty
-5 -4 0 1 -1000.09544823564 2.861782302263545
-5 -4 1 2 -4411.886458711107 7.204092165583711
-5 -4 2 3 -2539.812782038695 5.396946776185779
-5 -4 3 4 -1393.566982048974 4.049437308788296
-5 -4 4 5 -768.2516233886047 3.024044971067844
-5 -4 5 6 -416.1118099603827 2.284850642104251
-5 -4 6 7 -211.3563657368302 1.786600724951355
-5 -4 7 8 -89.11178837597322 1.447439704427908
-5 -4 8 9 -14.73550884300676 1.207959660994689
-5 -4 9 10 30.92275450182183 1.030568967714517
-5 -4 10 11 58.79865768076957 0.8945585255320879
-5 -4 11 12 75.45154601401748 0.7887726101130706
-5 -4 12 13 84.89623297643379 0.703667280286737
-5 -4 13 14 89.64030448736059 0.6330531314990547
-5 -4 14 15 91.29229774778258 0.5740717548149914
-5 -4 15 16 90.91385623142526 0.5246563603933627
-5 -4 16 17 89.21610078797477 0.4825058843198134
-5 -4 17 18 86.67731756486165 0.4456919273317319
-5 -4 18 19 83.62073087802065 0.4130832960097629
-5 -4 19 20 80.26676228518909 0.3840906963413563
-5 -4 20 21 76.7669057553295 0.3582699148910068
-5 -4 21 22 73.22529974098103 0.3351613732180078
-5 -4 22 23 69.71285835477047 0.3143209456604515
-5 -4 23 24 66.27699759385808 0.2953822441378204
-5 -4 24 25 62.94854720211328 0.2780737043695789
-5 -4 25 26 59.74668366029334 0.2621968504198091
-5 -4 26 27 56.68241808834347 0.2475958509915651
-5 -4 27 28 53.76104440966961 0.2341367307572273
-5 -4 28 29 50.98386098156206 0.2216987579216137
-5 -4 29 30 48.34939316670211 0.2101731075214228
-5 -4 30 31 45.85427193048616 0.1994636721922148
-5 -4 31 32 43.4938706667367 0.1894872901249469
-5 -4 32 33 41.26276796017132 0.1801727782993091
-5 -4 33 34 39.15508271716189 0.1714591854265284
-5 -4 34 35 37.16471489431136 0.1632938610334349
-5 -4 35 36 35.28551635043918 0.155630747114107
-5 -4 36 37 33.51141018711485 0.1484290518876006
-5 -4 37 38 31.83647233610647 0.141652295356555
-5 -4 38 39 30.25498561709254 0.1352676415798594
-5 -4 39 40 28.76147380910954 0.1292454232908015
-5 -4 40 41 27.35072130998572 0.1235587815020084
-5 -4 41 42 26.01778240948732 0.1181833702824751
-5 -4 42 43 24.7579831594602 0.1130971001309982
-5 -4 43 44 23.56691804529501 0.1082799050527168
-5 -4 44 45 22.4404430338536 0.1037135304304627
-5 -4 45 46 21.37421170091005 0.0997746732263535
-5 -4 46 47 20.3651014619362 0.0978729847743899
-5 -4 47 48 19.40927993039475 0.09799508765910052
-5 -4 48 49 18.50358915236518 0.09971756164904108
-5 -4 49 50 17.64463567989987 0.1018202403914934
-4 -3.75 0 1 -317.174007098172 1.830351892918646
-4 -3.75 1 2 -4006.02437953171 27.83311892110549
-4 -3.75 2 3 -2794.581470457358 12.85913369909111
-4 -3.75 3 4 -1707.002345116275 7.485758516944661
-4 -3.75 4 5 -1044.838504427523 4.861378609110263
-4 -3.75 5 6 -643.1476993504893 3.365477535586896
-4 -3.75 6 7 -393.8419862643611 2.428137913223112
-4 -3.75 7 8 -235.1419506718378 1.802050337498714
-4 -3.75 8 9 -131.8293274537618 1.364138660707577
-4 -3.75 9 10 -63.35399555183255 1.047561153965679
-4 -3.75 10 11 -17.42210444912416 0.8128426091496577
-4 -3.75 11 12 13.58477763189546 0.635775028466561
-4 -3.75 12 13 34.50537355513575 0.5007613488010533
-4 -3.75 13 14 48.49371940382355 0.3975004525233523
-4 -3.75 14 15 57.65221583823575 0.3190608803016451
-4 -3.75 15 16 63.41005530407182 0.2828186349396402
-4 -3.75 16 17 66.75552283791609 0.2603973506072943
-4 -3.75 17 18 68.38215741018388 0.2403309360253506
-4 -3.75 18 19 68.78282362773763 0.2222979748172608
-4 -3.75 19 20 68.31152021022621 0.2060306510167977
-4 -3.75 20 21 67.22475598407715 0.1913043951914989
-4 -3.75 21 22 65.70971870052318 0.1779297554605258
-4 -3.75 22 23 63.90374607776062 0.1681661715491085
-4 -3.75 23 24 61.9079704362496 0.1718200843576888
-4 -3.75 24 25 59.79699939744694 0.1755920641150955
-4 -3.75 25 26 57.62586131776183 0.1791217899860263
-4 -3.75 26 27 55.43503879388621 0.1822234950622607
-4 -3.75 27 28 53.25414984657831 0.1848157413904158
-4 -3.75 28 29 51.10466225091568 0.1868776169135723
-4 -3.75 29 30 49.00190968541182 0.1884221384411198
-4 -3.75 30 31 46.9565991599658 0.1894803265787027
-4 -3.75 31 32 44.97594465613946 0.1900917673660497
-4 -3.75 32 33 43.06452402087 0.1902990888032413
-4 -3.75 33 34 41.22492953199678 0.1901447960774513
-4 -3.75 34 35 39.45826365216602 0.1896695279537522
-4 -3.75 35 36 37.76451794451731 0.1889111659407945
-4 -3.75 36 37 36.1428633398 0.1879044529667291
-4 -3.75 37 38 34.5918728340621 0.1866809108023557
-4 -3.75 38 39 33.10969245292264 0.1852689279240766
-4 -3.75 39 40 31.69417244998571 0.1836939398490635
-4 -3.75 40 41 30.34296787962893 0.1819786534131686
-4 -3.75 41 42 29.05361545343391 0.1801432871136708
-4 -3.75 42 43 27.82359203954376 0.1782058100649988
-4 -3.75 43 44 26.65035892180169 0.176182170480204
-4 -3.75 44 45 25.53139497188907 0.1740865085048984
-4 -3.75 45 46 24.46375345651705 0.17198706670057
-4 -3.75 46 47 23.44581025472777 0.1700899469211848
-4 -3.75 47 48 22.47475912064422 0.1684097938182607
-4 -3.75 48 49 21.54834901972922 0.1669272359223281
-4 -3.75 49 50 20.66421386167424 0.1654746332708894
-3.75 -3.5 0 1 193.3598534421416 1.619201336285059
-3.75 -3.5 1 2 -4675.498563677635 24.4967164927606
-3.75 -3.5 2 3 -3691.691257046748 16.12974331227034
-3.75 -3.5 3 4 -2373.780557530623 11.39017928289732
-3.75 -3.5 4 5 -1516.969872691236 8.536773506672777
-3.75 -3.5 5 6 -976.9586560961152 6.668966107582225
-3.75 -3.5 6 7 -631.7127787574241 5.367713524529188
-3.75 -3.5 7 8 -406.0183372979914 4.418279482050253
-3.75 -3.5 8 9 -255.2299778923257 3.700519178012103
-3.75 -3.5 9 10 -152.5601906421987 3.142696849218154
-3.75 -3.5 10 11 -81.6372046821416 2.699296744238759
-3.75 -3.5 11 12 -32.12343914972348 2.340301989184067
-3.75 -3.5 12 13 2.654865187962741 2.045127684760725
-3.75 -3.5 13 14 27.11415135692232 1.799230583165674
-3.75 -3.5 14 15 44.24092079054117 1.592068219002519
-3.75 -3.5 15 16 56.09403640757637 1.415827741525323
-3.75 -3.5 16 17 64.11725338939425 1.264607205045164
-3.75 -3.5 17 18 69.33825607436324 1.133872764084671
-3.75 -3.5 18 19 72.49819602479886 1.020089557438798
-3.75 -3.5 19 20 74.137697664737 0.9204650308526745
-3.75 -3.5 20 21 74.65500993269978 0.8327668694959013
-3.75 -3.5 21 22 74.3459806110709 0.7551915400927742
-3.75 -3.5 22 23 73.43195101927915 0.6862678473514583
-3.75 -3.5 23 24 72.07948850286886 0.624785149472725
-3.75 -3.5 24 25 70.41451908756483 0.5697392222087014
-3.75 -3.5 25 26 68.53256417865435 0.5202909407889246
-3.75 -3.5 26 27 66.50623184102835 0.4757343965255856
-3.75 -3.5 27 28 64.39075048086903 0.4354720447705892
-3.75 -3.5 28 29 62.22809153441693 0.3989951515316786
-3.75 -3.5 29 30 60.05006488515022 0.3658682765957647
-3.75 -3.5 30 31 57.88065952071426 0.3357168607483199
-3.75 -3.5 31 32 55.7378248891383 0.3082172218441517
-3.75 -3.5 32 33 53.63483452841916 0.2830884365705145
-3.75 -3.5 33 34 51.58133543967759 0.260085709640712
-3.75 -3.5 34 35 49.58415945344976 0.2389949251981661
-3.75 -3.5 35 36 47.64795321026739 0.2196281445007533
-3.75 -3.5 36 37 45.77566910821366 0.2018198657834993
-3.75 -3.5 37 38 43.96894913041743 0.1854239030344956
-3.75 -3.5 38 39 42.22842572540526 0.1703107686549881
-3.75 -3.5 39 40 40.55395815425727 0.1563654707198376
-3.75 -3.5 40 41 38.94481849160964 0.1434856525457043
-3.75 -3.5 41 42 37.39983810055226 0.1315800162060426
-3.75 -3.5 42 43 35.91752305779882 0.1205669850320658
-3.75 -3.5 43 44 34.49614508994526 0.1103735663862852
-3.75 -3.5 44 45 33.13381311664826 0.1009343861153683
-3.75 -3.5 45 46 31.82789820810159 0.0923418280258797
-3.75 -3.5 46 47 30.57746458045715 0.08515038271887725
-3.75 -3.5 47 48 29.37979575604683 0.07949274237100883
-3.75 -3.5 48 49 28.23281312415689 0.07538675695034093
-3.75 -3.5 49 50 27.13424768770788 0.07227784176733464
-3.5 -3.25 0 1 857.9884372259415 0.4337417409832433
-3.5 -3.25 1 2 -4868.868951111598 18.47179312471847
-3.5 -3.25 2 3 -4344.721699849437 14.66249967636202
-3.5 -3.25 3 4 -2911.06686740158 11.07041384781316
-3.5 -3.25 4 5 -1920.087122807504 8.630207244161221
-3.5 -3.25 5 6 -1275.574902363863 6.933350432903188
-3.5 -3.25 6 7 -853.8821555722284 5.70484766288863
-3.5 -3.25 7 8 -572.6618478581111 4.783351229510756
-3.5 -3.25 8 9 -381.2164268710223 4.071577595927794
-3.5 -3.25 9 10 -248.3997121857699 3.508626283075478
-3.5 -3.25 10 11 -154.8338191480325 3.054442911001149
-3.5 -3.25 11 12 -88.10193289348626 2.68191869143306
-3.5 -3.25 12 13 -40.0847872094489 2.372060524880258
-3.5 -3.25 13 14 -5.346888978109973 2.111211880552216
-3.5 -3.25 14 15 19.8272325074438 1.889324468509871
-3.5 -3.25 15 16 38.02557325453824 1.698855027993962
-3.5 -3.25 16 17 51.08136152447412 1.534040256768227
-3.5 -3.25 17 18 60.31271075082384 1.390407788526584
-3.5 -3.25 18 19 66.67995722529815 1.264438709896306
-3.5 -3.25 19 20 70.89096956724541 1.153329834114786
-3.5 -3.25 20 21 73.4728958576809 1.054823138292654
-3.5 -3.25 21 22 74.82184358821542 0.9670813460762738
-3.5 -3.25 22 23 75.23779211541665 0.8885958012393728
-3.5 -3.25 23 24 74.94946043387307 0.8181173161217251
-3.5 -3.25 24 25 74.13223976048624 0.7546036163158515
-3.5 -3.25 25 26 72.92127138483562 0.697178941187016
-3.5 -3.25 26 27 71.42108285653313 0.6451026617940521
-3.5 -3.25 27 28 69.71275556378254 0.5977446668473492
-3.5 -3.25 28 29 67.85930251713575 0.5545658839603717
-3.5 -3.25 29 30 65.90973541916486 0.5151027362801184
-3.5 -3.25 30 31 63.9021630380775 0.478954643688759
-3.5 -3.25 31 32 61.866167472391 0.4457738990390087
-3.5 -3.25 32 33 59.8246378383225 0.4152574135448103
-3.5 -3.25 33 34 57.79519326615312 0.3871399430398599
-3.5 -3.25 34 35 55.79129289721871 0.3611884969059734
-3.5 -3.25 35 36 53.82310580708165 0.3371976970050387
-3.5 -3.25 36 37 51.8981956859684 0.314985905585951
-3.5 -3.25 37 38 50.02206181615512 0.2943919778795362
-3.5 -3.25 38 39 48.19856797902278 0.2752725266412069
-3.5 -3.25 39 40 46.43028352706443 0.2574996073390194
-3.5 -3.25 40 41 44.71875539010506 0.2409587509149223
-3.5 -3.25 41 42 43.06472542059512 0.2255472856283429
-3.5 -3.25 42 43 41.46830443685988 0.2111728998322889
-3.5 -3.25 43 44 39.92911178577305 0.1977524067540209
-3.5 -3.25 44 45 38.44638735351676 0.1852106790934364
-3.5 -3.25 45 46 37.0183211965151 0.1735820159879883
-3.5 -3.25 46 47 35.64503607707638 0.1632014851965189
-3.5 -3.25 47 48 34.3243450986384 0.1541061016481301
-3.5 -3.25 48 49 33.05471881855232 0.1462707212153546
-3.5 -3.25 49 50 31.83434602539202 0.1393059922682471
-3.25 -3 0 1 1571.404354874896 1.199904507185308
-3.25 -3 1 2 -4711.87667800665 9.304253311055479
-3.25 -3 2 3 -4766.394509032344 9.646325847431626
-3.25 -3 3 4 -3308.62577823978 7.82784914534378
-3.25 -3 4 5 -2238.402267119234 6.343989759073301
-3.25 -3 5 6 -1522.590746126847 5.232534398578525
-3.25 -3 6 7 -1044.999088017799 4.392502497846879
-3.25 -3 7 8 -721.2830048014548 3.743721135970858
-3.25 -3 8 9 -497.619619301382 3.231464214665765
-3.25 -3 9 10 -340.2126553011456 2.819259851129784
-3.25 -3 10 11 -227.7002073081719 2.481869004273621
-3.25 -3 11 12 -146.2190696675855 2.201715308688553
-3.25 -3 12 13 -86.60580844804304 1.966165985807313
-3.25 -3 13 14 -42.66695232700818 1.765957227036203
-3.25 -3 14 15 -10.1316474443222 1.59416129045204
-3.25 -3 15 16 13.99958271074888 1.445505582126106
-3.25 -3 16 17 31.86836079870193 1.315913600931049
-3.25 -3 17 18 45.02655312095101 1.202188846400941
-3.25 -3 18 19 54.61358111902894 1.101792867474806
-3.25 -3 19 20 61.47589919714937 1.012686591087523
-3.25 -3 20 21 66.24890459765925 0.9332150115185774
-3.25 -3 21 22 69.41399001617799 0.8620221239500743
-3.25 -3 22 23 71.33886448176645 0.7979873012899501
-3.25 -3 23 24 72.306431266098 0.7401771058341596
-3.25 -3 24 25 72.5357242315622 0.6878083658391497
-3.25 -3 25 26 72.19725730729238 0.6402195802088635
-3.25 -3 26 27 71.42439419298745 0.5968485529160679
-3.25 -3 27 28 70.32185005286834 0.5572147399355558
-3.25 -3 28 29 68.97210421744711 0.5209051961921326
-3.25 -3 29 30 67.44027605967108 0.4875633003684616
-3.25 -3 30 31 65.77785988443867 0.4568796410059257
-3.25 -3 31 32 64.02560540916471 0.4285845989096451
-3.25 -3 32 33 62.21575331630612 0.4024422708553913
-3.25 -3 33 34 60.37378039832663 0.3782454621271489
-3.25 -3 34 35 58.51976919992035 0.3558115356065369
-3.25 -3 35 36 56.66948828719069 0.3349789534442572
-3.25 -3 36 37 54.83524815186829 0.3156043798302812
-3.25 -3 37 38 53.02658220886019 0.2975602432706884
-3.25 -3 38 39 51.25079069576549 0.2807326757379011
-3.25 -3 39 40 49.51337656785191 0.2650197626349445
-3.25 -3 40 41 47.81839600400073 0.2503300512220334
-3.25 -3 41 42 46.1687409661146 0.2365812741433904
-3.25 -3 42 43 44.56636761758665 0.2236992526458007
-3.25 -3 43 44 43.01248136892102 0.2116169515749657
-3.25 -3 44 45 41.50768705262249 0.2002736617464212
-3.25 -3 45 46 40.05125662173063 0.1897236106322539
-3.25 -3 46 47 38.64452218260243 0.180334192051071
-3.25 -3 47 48 37.2860749704802 0.1721443131867793
-3.25 -3 48 49 35.97513893855562 0.1651245462385984
-3.25 -3 49 50 34.71056053753153 0.1588630046730752
-3 -2.75 0 1 2259.851846938131 1.568420692371656
-3 -2.75 1 2 -4367.785389544791 4.574944192865245
-3 -2.75 2 3 -5021.334612843615 5.989460285171713
-3 -2.75 3 4 -3591.758289747057 5.09058527156555
-3 -2.75 4 5 -2479.604234982344 4.222436201129729
-3 -2.75 5 6 -1717.493372803091 3.536018665180771
-3 -2.75 6 7 -1200.71942709074 3.002042925183016
-3 -2.75 7 8 -845.8392375420199 2.581816090294767
-3 -2.75 8 9 -597.7714897536889 2.245302018502798
-3 -2.75 9 10 -421.253070461255 1.971626280513642
-3 -2.75 10 11 -293.6892480407255 1.745598782114132
-3 -2.75 11 12 -200.2608287441417 1.556494911370428
-3 -2.75 12 13 -131.0848933621044 1.396454947194022
-3 -2.75 13 14 -79.4295386577528 1.259637372207338
-3 -2.75 14 15 -40.61979045561725 1.141625830170937
-3 -2.75 15 16 -11.35072919393519 1.039028248148004
-3 -2.75 16 17 10.75214972340859 0.9492014078985525
-3 -2.75 17 18 27.41992445164146 0.8700584377238965
-3 -2.75 18 19 39.93120588932959 0.7999319781369139
-3 -2.75 19 20 49.24151978926898 0.7374753533087383
-3 -2.75 20 21 56.0724573535847 0.6815901161469738
-3 -2.75 21 22 60.97406742995588 0.6313721863897682
-3 -2.75 22 23 64.36915132002378 0.586071292990588
-3 -2.75 23 24 66.58512562219721 0.5450600684968979
-3 -2.75 24 25 67.87722097341748 0.5078102391131877
-3 -2.75 25 26 68.44556120741242 0.4738740925497107
-3 -2.75 26 27 68.4478664478176 0.4428699173349555
-3 -2.75 27 28 68.00899077123046 0.414470461414922
-3 -2.75 28 29 67.22814578124365 0.3883937083233188
-3 -2.75 29 30 66.18441560143651 0.3643954496765518
-3 -2.75 30 31 64.94099883107322 0.3422632607980375
-3 -2.75 31 32 63.54849381611808 0.3218115814583442
-3 -2.75 32 33 62.04745923358041 0.3028776745132628
-3 -2.75 33 34 60.4704216618623 0.2853182851528614
-3 -2.75 34 35 58.84345820176446 0.2690068644770736
-3 -2.75 35 36 57.18745044287061 0.2538312497640983
-3 -2.75 36 37 55.51908268453462 0.2396917169508337
-3 -2.75 37 38 53.85164005314243 0.2264993374741615
-3 -2.75 38 39 52.19564918602515 0.2141745861788399
-3 -2.75 39 40 50.55939442089638 0.2026461568283856
-3 -2.75 40 41 48.9493351734946 0.1918499500028263
-3 -2.75 41 42 47.37044437588776 0.1817282055089547
-3 -2.75 42 43 45.82648376430197 0.1722287554028623
-3 -2.75 43 44 44.32022834937351 0.1633043790603489
-3 -2.75 44 45 42.85364986794482 0.1549122444178986
-3 -2.75 45 46 41.42714515973208 0.1471717712970912
-3 -2.75 46 47 40.04322783309456 0.1406505889948648
-3 -2.75 47 48 38.70133116513051 0.1354314451897316
-3 -2.75 48 49 37.4014758854922 0.1314866353170352
-3 -2.75 49 50 36.14321416772179 0.128234242924293
-2.75 -2.5 0 1 2896.935572311402 2.093128302883659
-2.75 -2.5 1 2 -3944.59897657265 1.110800991163482
-2.75 -2.5 2 3 -5171.02185199096 2.854094137572723
-2.75 -2.5 3 4 -3793.971009262812 2.704660729201851
-2.75 -2.5 4 5 -2661.747740601812 2.364287280793269
-2.75 -2.5 5 6 -1869.588915002549 2.049258000462229
-2.75 -2.5 6 7 -1325.264211686654 1.785036063392885
-2.75 -2.5 7 8 -947.5330992625873 1.567071442101243
-2.75 -2.5 8 9 -681.0609731914724 1.386275729354577
-2.75 -2.5 9 10 -489.8198261997773 1.235388684469198
-2.75 -2.5 10 11 -350.4561697882186 1.107995121089417
-2.75 -2.5 11 12 -247.5196390627762 0.999438804942689
-2.75 -2.5 12 13 -170.6310123128865 0.9060996967628349
-2.75 -2.5 13 14 -112.6756788191119 0.8251850381537758
-2.75 -2.5 14 15 -68.68482764517557 0.7545197483214044
-2.75 -2.5 15 16 -35.12736397289359 0.6923916948619546
-2.75 -2.5 16 17 -9.453686380976933 0.6374386297056411
-2.75 -2.5 17 18 10.20381242676535 0.5885654278135765
-2.75 -2.5 18 19 25.23102056474033 0.5448830785411594
-2.75 -2.5 19 20 36.66840863158905 0.5056632888539716
-2.75 -2.5 20 21 45.30533484504895 0.4703043562112273
-2.75 -2.5 21 22 51.74629869481669 0.4383052464847932
-2.75 -2.5 22 23 56.45814889140479 0.4092457032230272
-2.75 -2.5 23 24 59.80416071220316 0.3827708360299693
-2.75 -2.5 24 25 62.06893131541597 0.3585790681311493
-2.75 -2.5 25 26 63.47676870333169 0.3364126283620366
-2.75 -2.5 26 27 64.20541359280446 0.3160499876458058
-2.75 -2.5 27 28 64.39637518259019 0.2972997959068153
-2.75 -2.5 28 29 64.16278423437188 0.2799959855467033
-2.75 -2.5 29 30 63.59540780688923 0.2639937901788196
-2.75 -2.5 30 31 62.76729037590366 0.2491664856438543
-2.75 -2.5 31 32 61.73735977961258 0.2354027067870496
-2.75 -2.5 32 33 60.55324683744715 0.222604224912918
-2.75 -2.5 33 34 59.25350324364814 0.2106840967434487
-2.75 -2.5 34 35 57.86935580091324 0.1995651154705057
-2.75 -2.5 35 36 56.42610106036096 0.1891785070535091
-2.75 -2.5 36 37 54.94421936510298 0.1794628293950316
-2.75 -2.5 37 38 53.44026872568742 0.1703630373647522
-2.75 -2.5 38 39 51.92760498947479 0.1618296863105184
-2.75 -2.5 39 40 50.41696425487663 0.1538182502919095
-2.75 -2.5 40 41 48.91693563040627 0.1462885367646347
-2.75 -2.5 41 42 47.43434613525233 0.1392041821929612
-2.75 -2.5 42 43 45.97457510816147 0.1325322150743101
-2.75 -2.5 43 44 44.54181170950514 0.1262426777779934
-2.75 -2.5 44 45 43.13926635336253 0.1203082968777279
-2.75 -2.5 45 46 41.76837204238922 0.1149289152996806
-2.75 -2.5 46 47 40.43270097392315 0.1109300654150112
-2.75 -2.5 47 48 39.13247587385081 0.1084277881508832
-2.75 -2.5 48 49 37.86845821222539 0.1073618461235534
-2.75 -2.5 49 50 36.64085865273668 0.1069090903196039
-2.5 -2.25 0 1 3479.355379663978 1.601860785937512
-2.5 -2.25 1 2 -3509.41399868704 0.9614346381497229
-2.5 -2.25 2 3 -5264.07021545785 1.697730560704519
-2.5 -2.25 3 4 -3944.181326262461 1.564070230720818
-2.5 -2.25 4 5 -2801.764267934285 1.425304988096989
-2.5 -2.25 5 6 -1988.777455452224 1.276634305682963
-2.5 -2.25 6 7 -1424.324696011364 1.140235076625926
-2.5 -2.25 7 8 -1029.469550619339 1.021273371318472
-2.5 -2.25 8 9 -748.9659338837128 0.9182364296883938
-2.5 -2.25 9 10 -546.3495235628943 0.829608377114521
-2.5 -2.25 10 11 -397.7637571150301 0.7527793120924714
-2.5 -2.25 11 12 -287.321632429007 0.6858937608324353
-2.5 -2.25 12 13 -204.2900607955685 0.6273314051472819
-2.5 -2.25 13 14 -141.2760418836162 0.5757651259879971
-2.5 -2.25 14 15 -93.09365103470282 0.5301127012810167
-2.5 -2.25 15 16 -56.0424979020695 0.48949020602075
-2.5 -2.25 16 17 -27.44045915358447 0.4531724889177427
-2.5 -2.25 17 18 -5.315588731679782 0.4205612569326172
-2.5 -2.25 18 19 11.80069542525484 0.3911598093918113
-2.5 -2.25 19 20 25.01485307983376 0.3645531730339573
-2.5 -2.25 20 21 35.16925867805844 0.3403924903552393
-2.5 -2.25 21 22 42.9112843058989 0.3183827172593792
-2.5 -2.25 22 23 48.74266463990523 0.2982728832452587
-2.5 -2.25 23 24 53.05522946314227 0.2798483389755365
-2.5 -2.25 24 25 56.15707787852909 0.2629245483232839
-2.5 -2.25 25 26 58.29196232793686 0.247342088303611
-2.5 -2.25 26 27 59.6537899874163 0.2329625958206643
-2.5 -2.25 27 28 60.39757325926553 0.2196654634707781
-2.5 -2.25 28 29 60.647770695134 0.2073451299873943
-2.5 -2.25 29 30 60.50469122012254 0.1959088453909956
-2.5 -2.25 30 31 60.0494479993925 0.1852748186811561
-2.5 -2.25 31 32 59.34781687605806 0.1753706732855371
-2.5 -2.25 32 33 58.45326088190552 0.1661321546458984
-2.5 -2.25 33 34 57.40931520739883 0.1575020413753607
-2.5 -2.25 34 35 56.25147830421747 0.1494292262619513
-2.5 -2.25 35 36 55.0087191396114 0.1418679350376867
-2.5 -2.25 36 37 53.70468428150167 0.1347770615470791
-2.5 -2.25 37 38 52.35866895025288 0.1281195982329074
-2.5 -2.25 38 39 50.98640144484193 0.1218621468895605
-2.5 -2.25 39 40 49.60067924834055 0.1159744986595264
-2.5 -2.25 40 41 48.2118868083212 0.1104292678412754
-2.5 -2.25 41 42 46.8284183051592 0.1052015776021693
-2.5 -2.25 42 43 45.45702402090697 0.1002687838750574
-2.5 -2.25 43 44 44.10309488942752 0.09561023608230686
-2.5 -2.25 44 45 42.77089689167275 0.09120706661909039
-2.5 -2.25 45 46 41.46274968951977 0.08736644795326588
-2.5 -2.25 46 47 40.183127093857 0.08528767856041139
-2.5 -2.25 47 48 38.93293231596459 0.085106438557928
-2.5 -2.25 48 49 37.7135658355952 0.08666395294880268
-2.5 -2.25 49 50 36.52580578533457 0.09223681562099206
-2.25 -2 0 1 4007.869657489055 1.044378304985065
-2.25 -2 1 2 -3110.390275790643 0.8520450028309023
-2.25 -2 2 3 -5357.574033253984 1.656417387258021
-2.25 -2 3 4 -4087.553299340671 1.534390089841552
-2.25 -2 4 5 -2931.202206764367 1.353980294970422
-2.25 -2 5 6 -2095.626016066812 1.194231630077263
-2.25 -2 6 7 -1510.556167393507 1.060139656427784
-2.25 -2 7 8 -1098.822862116405 0.9473334571880961
-2.25 -2 8 9 -804.9143329350236 0.8522361149889779
-2.25 -2 9 10 -591.7173862664049 0.770598847343412
-2.25 -2 10 11 -434.7526178409544 0.700259881199679
-2.25 -2 11 12 -317.6331503442514 0.6390850227502294
-2.25 -2 12 13 -229.241086132927 0.5854928476972521
-2.25 -2 13 14 -161.8919870467387 0.5382361867502609
-2.25 -2 14 15 -110.1793574106969 0.4963202642172585
-2.25 -2 15 16 -70.23498546459155 0.4589431568504533
-2.25 -2 16 17 -39.24805760721779 0.4254520253900879
-2.25 -2 17 18 -15.14707815751285 0.395310563844247
-2.25 -2 18 19 3.614226653995956 0.3680745007587026
-2.25 -2 19 20 18.20347038489149 0.3433729534079616
-2.25 -2 20 21 29.51155396870536 0.3208940808452203
-2.25 -2 21 22 38.22464703210403 0.3003739412610389
-2.25 -2 22 23 44.87572053620841 0.281587751170252
-2.25 -2 23 24 49.88191553514241 0.2643429740256291
-2.25 -2 24 25 53.57196371720011 0.2484738085274791
-2.25 -2 25 26 56.20652902732581 0.2338367612935232
-2.25 -2 26 27 57.99345090226279 0.2203070623672618
-2.25 -2 27 28 59.09927391253666 0.2077757468109361
-2.25 -2 28 29 59.65804410794919 0.1961472605283823
-2.25 -2 29 30 59.77807379559431 0.1853374851006906
-2.25 -2 30 31 59.54718266018324 0.1752721000878088
-2.25 -2 31 32 59.0367864078558 0.1658852157599687
-2.25 -2 32 33 58.3051067830437 0.1571182276903089
-2.25 -2 33 34 57.39970679589965 0.1489188509881871
-2.25 -2 34 35 56.35950411783608 0.1412403033578439
-2.25 -2 35 36 55.2163783260612 0.134040611044076
-2.25 -2 36 37 53.99646008756514 0.1272820147594361
-2.25 -2 37 38 52.7211698958638 0.1209304632853519
-2.25 -2 38 39 51.40805851115852 0.114955174983337
-2.25 -2 39 40 50.07148958484777 0.109328262423501
-2.25 -2 40 41 48.72319621454636 0.1040244040766615
-2.25 -2 41 42 47.37273612604321 0.09902056186616771
-2.25 -2 42 43 46.02786523384188 0.09429573341299054
-2.25 -2 43 44 44.69484506240593 0.08983073601191667
-2.25 -2 44 45 43.37869643536339 0.0856080175417495
-2.25 -2 45 46 42.08235043558633 0.08226770397466419
-2.25 -2 46 47 40.81093484949724 0.08220161918129087
-2.25 -2 47 48 39.5658047115144 0.08547472496220333
-2.25 -2 48 49 38.34879231746294 0.0914685075487804
-2.25 -2 49 50 37.16105138373194 0.09781227506871858
-2 -1.75 0 1 4511.690068562901 1.078581578650295
-2 -1.75 1 2 -2708.856649140707 2.855684368515316
-2 -1.75 2 3 -5418.118330376958 2.82531950631941
-2 -1.75 3 4 -4208.261908362543 2.300629117791401
-2 -1.75 4 5 -3050.087168290761 1.886418535186218
-2 -1.75 5 6 -2200.50340049525 1.578998356539512
-2 -1.75 6 7 -1600.182650047158 1.34672490382595
-2 -1.75 7 8 -1174.695827445954 1.166371828171708
-2 -1.75 8 9 -869.0716062805177 1.022952215847804
-2 -1.75 9 10 -646.0915809052526 0.9061814547189747
-2 -1.75 10 11 -481.006437847213 0.809650332061461
-2 -1.75 11 12 -357.1464844124323 0.7284428739617193
-2 -1.75 12 13 -263.1427415945666 0.6592868378247132
-2 -1.75 13 14 -191.1019284382073 0.5997449742117716
-2 -1.75 14 15 -135.4480371345128 0.5479962162330806
-2 -1.75 15 16 -92.17661417522504 0.5026524947754941
-2 -1.75 16 17 -58.36759667954038 0.4626369634102839
-2 -1.75 17 18 -31.86174570096659 0.4271010973695787
-2 -1.75 18 19 -11.04206182074586 0.3953669899695581
-2 -1.75 19 20 5.316341820604521 0.366886357523899
-2 -1.75 20 21 18.15098263311279 0.341210866496009
-2 -1.75 21 22 28.18617193452769 0.3179702869912826
-2 -1.75 22 23 35.98625087650669 0.2968561598632986
-2 -1.75 23 24 41.99429223838126 0.2776094129188457
-2 -1.75 24 25 46.56056847074592 0.2600108527230163
-2 -1.75 25 26 49.96372040252402 0.2438737783670173
-2 -1.75 26 27 52.42665690814033 0.2290381825472901
-2 -1.75 27 28 54.12860829659348 0.2153661557975731
-2 -1.75 28 29 55.21434274906119 0.2027382093531564
-2 -1.75 29 30 55.8012697823882 0.1910503107465244
-2 -1.75 30 31 55.98495579130326 0.1802114742828729
-2 -1.75 31 32 55.84343611757919 0.1701417885829822
-2 -1.75 32 33 55.44060780398917 0.1607707921074374
-2 -1.75 33 34 54.8289149498251 0.1520361262352599
-2 -1.75 34 35 54.05148595610012 0.1438824119964137
-2 -1.75 35 36 53.14384335880914 0.1362603078674814
-2 -1.75 36 37 52.13527831495941 0.1291257173261856
-2 -1.75 37 38 51.04996052941738 0.1224391160030911
-2 -1.75 38 39 49.90783831860523 0.1161649812502828
-2 -1.75 39 40 48.72537133669965 0.1102713030498433
-2 -1.75 40 41 47.51612937452558 0.1047291659435127
-2 -1.75 41 42 46.29128326017133 0.09951238895679648
-2 -1.75 42 43 45.06000872498396 0.09459721340254906
-2 -1.75 43 44 43.82981959862497 0.08996203400844709
-2 -1.75 44 45 42.60684348806294 0.08558716267898207
-2 -1.75 45 46 41.39496206244129 0.08185001773783655
-2 -1.75 46 47 40.2002270389045 0.08169596040565207
-2 -1.75 47 48 39.02473698098601 0.0854271576830988
-2 -1.75 48 49 37.87101176979027 0.09202167785185436
-2 -1.75 49 50 36.74081254226661 0.09898054567210778
-1.75 -1.5 0 1 4977.98158363366 0.9926874321949869
-1.75 -1.5 1 2 -2316.556413339673 0.8489654516318037
-1.75 -1.5 2 3 -5447.826039846936 1.763302262956473
-1.75 -1.5 3 4 -4283.059416087899 1.702618141194073
-1.75 -1.5 4 5 -3118.301960541368 1.517390252987186
-1.75 -1.5 5 6 -2255.630541757705 1.331230502552472
-1.75 -1.5 6 7 -1643.48793789446 1.168171860429981
-1.75 -1.5 7 8 -1208.540709001302 1.030765786412401
-1.75 -1.5 8 9 -895.6243005615938 0.914958017225087
-1.75 -1.5 9 10 -667.0206846192991 0.8166667754166048
-1.75 -1.5 10 11 -497.5510591026241 0.7347614866302731
-1.75 -1.5 11 12 -370.2796463786508 0.6641596504843117
-1.75 -1.5 12 13 -273.5915274528318 0.6032861089851504
-1.75 -1.5 13 14 -199.4234068384171 0.5503845890834499
-1.75 -1.5 14 15 -142.0732200433597 0.5040756110718542
-1.75 -1.5 15 16 -97.44213850279448 0.4632682955722122
-1.75 -1.5 16 17 -62.53866823696171 0.4270924310374898
-1.75 -1.5 17 18 -35.14891469556869 0.3948473303162105
-1.75 -1.5 18 19 -13.61362804626424 0.3659635456099865
-1.75 -1.5 19 20 3.325047696137517 0.3399741436741573
-1.75 -1.5 20 21 16.63057593437679 0.3164930127996758
-1.75 -1.5 21 22 27.04784290353814 0.2951983524376172
-1.75 -1.5 22 23 35.1576167882813 0.2758199868674393
-1.75 -1.5 23 24 41.41616557564885 0.2581295330185946
-1.75 -1.5 24 25 46.18441853590332 0.241932709765831
-1.75 -1.5 25 26 49.7496650510551 0.2270632700639217
-1.75 -1.5 26 27 52.34186323381607 0.2133781739129062
-1.75 -1.5 27 28 54.14601141372555 0.2007537188634966
-1.75 -1.5 28 29 55.311613865033 0.1890824134760739
-1.75 -1.5 29 30 55.95998098429425 0.17827043529831
-1.75 -1.5 30 31 56.18990103074862 0.1682355491734171
-1.75 -1.5 31 32 56.08207692919666 0.1589053918468636
-1.75 -1.5 32 33 55.70261916148939 0.1502160512313795
-1.75 -1.5 33 34 55.10581188927375 0.1421108823961709
-1.75 -1.5 34 35 54.336315641586 0.1345395147276413
-1.75 -1.5 35 36 53.43093038306705 0.1274570184994232
-1.75 -1.5 36 37 52.42001347202489 0.120823197812756
-1.75 -1.5 37 38 51.3286252090785 0.1146019913215758
-1.75 -1.5 38 39 50.17745818901943 0.1087609608538428
-1.75 -1.5 39 40 48.98359417559669 0.1032708539037325
-1.75 -1.5 40 41 47.7611228754742 0.09810522619914384
-1.75 -1.5 41 42 46.52164939628307 0.09324011827429919
-1.75 -1.5 42 43 45.27471188292503 0.08865377382381393
-1.75 -1.5 43 44 44.02812618141962 0.0843263958671099
-1.75 -1.5 44 45 42.7882710981271 0.08023993434405295
-1.75 -1.5 45 46 41.55919590407476 0.07709606063164659
-1.75 -1.5 46 47 40.34720395067231 0.07751861312505673
-1.75 -1.5 47 48 39.15449473836838 0.08159688652923759
-1.75 -1.5 48 49 37.98370437760997 0.0886741706898497
-1.75 -1.5 49 50 36.83669634886701 0.09615310391062772
-1.5 -1.25 0 1 5420.344072588171 3.145855448277521
-1.5 -1.25 1 2 -1929.603762048122 3.764013597035583
-1.5 -1.25 2 3 -5471.441629685164 1.692875175811099
-1.5 -1.25 3 4 -4363.955071112447 1.628130189091097
-1.5 -1.25 4 5 -3200.861126217179 1.453987529699627
-1.5 -1.25 5 6 -2328.846328583275 1.283925158194232
-1.5 -1.25 6 7 -1705.995737212697 1.135779108622966
-1.5 -1.25 7 8 -1261.33922817328 1.010133007358043
-1.5 -1.25 8 9 -940.1556528423744 0.9029063357421434
-1.5 -1.25 9 10 -704.7371914144219 0.813182775733171
-1.5 -1.25 10 11 -529.5772672956437 0.7352030559583385
-1.5 -1.25 11 12 -397.6159435331365 0.6682139285347728
-1.5 -1.25 12 13 -297.0346610572906 0.6099608077808236
-1.5 -1.25 13 14 -219.6199779036419 0.5589462982533234
-1.5 -1.25 14 15 -159.5489621310739 0.51397991692056
-1.5 -1.25 15 16 -112.6262204190616 0.4741088084080343
-1.5 -1.25 16 17 -75.7831584895946 0.4385640951560873
-1.5 -1.25 17 18 -46.7441510314834 0.4067200453225101
-1.5 -1.25 18 19 -23.80030306132562 0.3780631130594687
-1.5 -1.25 19 20 -5.653625219854803 0.3521683999243884
-1.5 -1.25 20 21 8.691967007953508 0.3286816479674181
-1.5 -1.25 21 22 20.00801936180142 0.3073053668355336
-1.5 -1.25 22 23 28.89720294151607 0.287788051816948
-1.5 -1.25 23 24 35.83387225791648 0.2699157380589309
-1.5 -1.25 24 25 41.19396402262987 0.2546027520333313
-1.5 -1.25 25 26 45.27727738189594 0.2416919875720952
-1.5 -1.25 26 27 48.32424361361461 0.2296703331714348
-1.5 -1.25 27 28 50.52866532670009 0.2184584305437547
-1.5 -1.25 28 29 52.04747706159367 0.2079855550154567
-1.5 -1.25 29 30 53.0082831692913 0.1981885403760236
-1.5 -1.25 30 31 53.51522214212196 0.1890108473874052
-1.5 -1.25 31 32 53.65356020345678 0.1804017570102902
-1.5 -1.25 32 33 53.49331242120462 0.1723156718405895
-1.5 -1.25 33 34 53.09211415039977 0.1647115103774905
-1.5 -1.25 34 35 52.49751058064027 0.1575521816735167
-1.5 -1.25 35 36 51.74879172590738 0.1508041284310874
-1.5 -1.25 36 37 50.87847015264583 0.1444369290138495
-1.5 -1.25 37 38 49.91347638141923 0.1384229510206761
-1.5 -1.25 38 39 48.87612995663068 0.1327370470877074
-1.5 -1.25 39 40 47.78493135075712 0.127356290369301
-1.5 -1.25 40 41 46.65521023903585 0.1222597400972568
-1.5 -1.25 41 42 45.49965787944393 0.1174282375458335
-1.5 -1.25 42 43 44.32876586247568 0.1128442243089718
-1.5 -1.25 43 44 43.15118871192084 0.1084915833000757
-1.5 -1.25 44 45 41.9740444238646 0.1043554971116636
-1.5 -1.25 45 46 40.80200694345552 0.1007683501198052
-1.5 -1.25 46 47 39.6420023069592 0.09901298674551059
-1.5 -1.25 47 48 38.49671448239559 0.09926958994712695
-1.5 -1.25 48 49 37.36923419496628 0.1014407720788027
-1.5 -1.25 49 50 36.26181683406153 0.1042725916481028
-1.25 -1 0 1 5794.480396161548 1.583688221218066
-1.25 -1 1 2 -1619.820321107136 0.7241292192676039
-1.25 -1 2 3 -5508.310686284622 2.084327638548462
-1.25 -1 3 4 -4442.412242637702 1.985659210376286
-1.25 -1 4 5 -3274.94714664198 1.750195706497742
-1.25 -1 5 6 -2391.071540990709 1.530476034322302
-1.25 -1 6 7 -1756.645376469397 1.344988161669194
-1.25 -1 7 8 -1302.249450402087 1.190981791720329
-1.25 -1 8 9 -973.2067638138128 1.062088582344879
-1.25 -1 9 10 -731.5195236645482 0.9544609285757265
-1.25 -1 10 11 -551.3639351952079 0.8623449545711446
-1.25 -1 11 12 -415.399679473107 0.7834501778303885
-1.25 -1 12 13 -311.5938725165356 0.7151193521655088
-1.25 -1 13 14 -231.5659868345383 0.6554581533200785
-1.25 -1 14 15 -169.3648693861328 0.6029885562399451
-1.25 -1 15 16 -120.6964981484255 0.556543983335921
-1.25 -1 16 17 -82.41596534266864 0.5151930746605914
-1.25 -1 17 18 -52.18816364278973 0.4781841192429701
-1.25 -1 18 19 -28.25747404813683 0.4449042128431687
-1.25 -1 19 20 -9.288922478502172 0.414848919894542
-1.25 -1 20 21 5.743065886384557 0.3875994788172955
-1.25 -1 21 22 17.63371288027861 0.362805480756048
-1.25 -1 22 23 27.0048189307837 0.3401715613904684
-1.25 -1 23 24 34.34628517406622 0.3194470696824275
-1.25 -1 24 25 40.04675170792029 0.300417969317727
-1.25 -1 25 26 44.41644962265457 0.2829004314602593
-1.25 -1 26 27 47.70441627843138 0.2667357234059531
-1.25 -1 27 28 50.11158426299403 0.2517860967082364
-1.25 -1 28 29 51.80081841430001 0.2379314560756844
-1.25 -1 29 30 52.90467355039925 0.2250666411447021
-1.25 -1 30 31 53.53143469918928 0.2130991937776176
-1.25 -1 31 32 53.76985219447261 0.2019475127624558
-1.25 -1 32 33 53.69287721556702 0.1915393200063008
-1.25 -1 33 34 53.36062620058459 0.1818103793132086
-1.25 -1 34 35 52.8227462688215 0.1727034184538634
-1.25 -1 35 36 52.12031239720011 0.1641672210227825
-1.25 -1 36 37 51.2873563109564 0.1561558550058234
-1.25 -1 37 38 50.35210413922783 0.1486280161619895
-1.25 -1 38 39 49.33798250002701 0.1415464665469562
-1.25 -1 39 40 48.26443951756477 0.1348775523740081
-1.25 -1 40 41 47.14761738054972 0.1285907884131572
-1.25 -1 41 42 46.00090503373707 0.1226584985003886
-1.25 -1 42 43 44.83539396973089 0.1170555039383864
-1.25 -1 43 44 43.66025516466283 0.111758852023623
-1.25 -1 44 45 42.48305170492779 0.1067475789330343
-1.25 -1 45 46 41.30881320455001 0.1023823274447472
-1.25 -1 46 47 40.14485480450077 0.1000870514741206
-1.25 -1 47 48 38.99411843687767 0.1000832336655276
-1.25 -1 48 49 37.85994199138835 0.1022579156589801
-1.25 -1 49 50 36.74479744382771 0.1092720528467224
-1 -0.75 0 1 6120.416727333163 2.315858116295699
-1 -0.75 1 2 -1324.093814346758 2.096056269679361
-1 -0.75 2 3 -5508.76790814877 1.562435205649441
-1 -0.75 3 4 -4482.889488221192 1.519307691958738
-1 -0.75 4 5 -3316.432071289365 1.362935241190118
-1 -0.75 5 6 -2426.606799121554 1.211915308181055
-1 -0.75 6 7 -1785.749988393996 1.081602463366585
-1 -0.75 7 8 -1325.813308042862 0.9711001060384399
-1 -0.75 8 9 -992.2662628781477 0.8769061881287615
-1 -0.75 9 10 -746.9795001292764 0.7957424841246634
-1 -0.75 10 11 -563.9579233580926 0.7259694575973732
-1 -0.75 11 12 -425.6989821379698 0.6649107704430732
-1 -0.75 12 13 -320.0480532652814 0.6112543067528844
-1 -0.75 13 14 -238.5284014094216 0.5637953790312662
-1 -0.75 14 15 -175.114855862251 0.5215719053404808
-1 -0.75 15 16 -125.4563526753489 0.4838075816544916
-1 -0.75 16 17 -86.36377514138121 0.4498697800480658
-1 -0.75 17 18 -55.46750500392682 0.4192381753906213
-1 -0.75 18 19 -30.98477730733521 0.3914811365224048
-1 -0.75 19 20 -11.55910589297014 0.3662377732246053
-1 -0.75 20 21 3.852251406295409 0.3432041334360746
-1 -0.75 21 22 16.0583056090793 0.3221224913974121
-1 -0.75 22 23 25.69199884872262 0.3027729469892421
-1 -0.75 23 24 33.25228363679582 0.2849667836105771
-1 -0.75 24 25 39.13518959799069 0.2685411714212246
-1 -0.75 25 26 43.65700774242157 0.253354908785087
-1 -0.75 26 27 47.07176535326641 0.2392849751842043
-1 -0.75 27 28 49.58451926163377 0.226223719413789
-1 -0.75 28 29 51.3615547371212 0.2140765531401661
-1 -0.75 29 30 52.53827224387362 0.2027600452329804
-1 -0.75 30 31 53.22533109387484 0.1922003392691675
-1 -0.75 31 32 53.51346787679279 0.1823318321381077
-1 -0.75 32 33 53.47729946703816 0.1730960641907984
-1 -0.75 33 34 53.17834229843038 0.1644407832990252
-1 -0.75 34 35 52.66742258303901 0.1563191515840935
-1 -0.75 35 36 51.98661020264217 0.1486890695230496
-1 -0.75 36 37 51.17077779966428 0.1415125994313681
-1 -0.75 37 38 50.24886335394604 0.1347554692336075
-1 -0.75 38 39 49.24489690173203 0.1283866464097682
-1 -0.75 39 40 48.1788386813833 0.1223779684821431
-1 -0.75 40 41 47.06726595672512 0.1167038237590661
-1 -0.75 41 42 45.92393761105126 0.1113408724141254
-1 -0.75 42 43 44.76025990602744 0.1062678037474339
-1 -0.75 43 44 43.58567177276876 0.1014651237682779
-1 -0.75 44 45 42.4079644673285 0.09691496823639034
-1 -0.75 45 46 41.23233709709501 0.09340585848609873
-1 -0.75 46 47 40.06631599980119 0.09388582685770912
-1 -0.75 47 48 38.91295900209434 0.09846552319625221
-1 -0.75 48 49 37.77572350335052 0.1064137004205933
-1 -0.75 49 50 36.65717649856137 0.1148239694260894
-0.75 -0.5 0 1 6376.577523899955 3.326629095360837
-0.75 -0.5 1 2 -1094.549917480122 2.826939831974602
-0.75 -0.5 2 3 -5515.653846914835 1.568164833954313
-0.75 -0.5 3 4 -4523.262400642725 1.535065562744969
-0.75 -0.5 4 5 -3358.204049020332 1.379336766587525
-0.75 -0.5 5 6 -2463.489384695581 1.226013227293239
-0.75 -0.5 6 7 -1816.999423418274 1.092755454878065
-0.75 -0.5 7 8 -1352.002027261583 0.9793564758574419
-0.75 -0.5 8 9 -1014.19868965825 0.8987132427920718
-0.75 -0.5 9 10 -765.4054939133184 0.8295491644867632
-0.75 -0.5 10 11 -579.5115743659007 0.7660786559735595
-0.75 -0.5 11 12 -438.8927683164106 0.7089089385303883
-0.75 -0.5 12 13 -331.2957622584659 0.6573512442856737
-0.75 -0.5 13 14 -248.1630607140203 0.6108402266519704
-0.75 -0.5 14 15 -183.4053860997542 0.5688149607962727
-0.75 -0.5 15 16 -132.6210049403699 0.5307574864824075
-0.75 -0.5 16 17 -92.58068241219371 0.4962051177600556
-0.75 -0.5 17 18 -60.88289282053734 0.4647512388367724
-0.75 -0.5 18 19 -35.71934884129951 0.4360413192826447
-0.75 -0.5 19 20 -15.71302438651605 0.4097672586346313
-0.75 -0.5 20 21 0.195453750247907 0.3856614791879557
-0.75 -0.5 21 22 12.82864187534733 0.3634913824245572
-0.75 -0.5 22 23 22.83057573353472 0.3430543994115551
-0.75 -0.5 23 24 30.70934113822091 0.3241736862351626
-0.75 -0.5 24 25 36.86852400172893 0.3066944329638064
-0.75 -0.5 25 26 41.63069560284475 0.2904807232970141
-0.75 -0.5 26 27 45.25512539369925 0.2754128725744356
-0.75 -0.5 27 28 47.95126352196155 0.261385173806382
-0.75 -0.5 28 29 49.88909115242552 0.2483039897398829
-0.75 -0.5 29 30 51.20712907433312 0.2360861350164204
-0.75 -0.5 30 31 52.01867992126927 0.2246575009200524
-0.75 -0.5 31 32 52.4167267266389 0.2139518862170044
-0.75 -0.5 32 33 52.47780136345466 0.2039099968058264
-0.75 -0.5 33 34 52.26505748965985 0.1944785910643
-0.75 -0.5 34 35 51.83072496517553 0.1856097450409378
-0.75 -0.5 35 36 51.21808028287364 0.1772602202316586
-0.75 -0.5 36 37 50.46303597699659 0.1693909172374418
-0.75 -0.5 37 38 49.59542844245368 0.1619664030466508
-0.75 -0.5 38 39 48.64006573648311 0.1549545001467838
-0.75 -0.5 39 40 47.61758339296028 0.1483259289993552
-0.75 -0.5 40 41 46.54514609273065 0.1420539954280714
-0.75 -0.5 41 42 45.43702477188134 0.1361143178713123
-0.75 -0.5 42 43 44.30507295815676 0.1304845865442958
-0.75 -0.5 43 44 43.15912102331032 0.1251443529768904
-0.75 -0.5 44 45 42.00730345426348 0.1200748437589927
-0.75 -0.5 45 46 40.85510391972207 0.1156380206169293
-0.75 -0.5 46 47 39.71034320085215 0.1132507848331202
-0.75 -0.5 47 48 38.57629656628291 0.1131293110859272
-0.75 -0.5 48 49 37.45662824617355 0.1151716641026039
-0.75 -0.5 49 50 36.35408652314456 0.1179948635470315
-0.5 -0.25 0 1 6549.113197363548 3.428142563596704
-0.5 -0.25 1 2 -943.8181865020633 2.453432884910211
-0.5 -0.25 2 3 -5524.370803676936 1.546529716320329
-0.5 -0.25 3 4 -4553.555863698094 1.532005323251308
-0.5 -0.25 4 5 -3388.463218387771 1.436589469842683
-0.5 -0.25 5 6 -2489.666599187615 1.352599588616944
-0.5 -0.25 6 7 -1838.789285040597 1.246157206892378
-0.5 -0.25 7 8 -1369.949617971522 1.140801127281313
-0.5 -0.25 8 9 -1028.965708759596 1.043686299029347
-0.5 -0.25 9 10 -777.5844219639234 0.956536613401708
-0.5 -0.25 10 11 -589.595067359995 0.8783712831612993
-0.5 -0.25 11 12 -447.2722560265443 0.8089317415354277
-0.5 -0.25 12 13 -338.2842153182678 0.7470344386983583
-0.5 -0.25 13 14 -254.0100508346109 0.6917195737756427
-0.5 -0.25 14 15 -188.3107956993772 0.642128937107649
-0.5 -0.25 15 16 -136.7458387058509 0.5975169278769619
-0.5 -0.25 16 17 -96.05542415790796 0.557244036418548
-0.5 -0.25 17 18 -63.81393077850885 0.5207645071982981
-0.5 -0.25 18 19 -38.1939238788143 0.4876130294369541
-0.5 -0.25 19 20 -17.80305971159851 0.4573923507901699
-0.5 -0.25 20 21 -1.569630776989015 0.4297624403064059
-0.5 -0.25 21 22 11.33891297927403 0.4044312844342991
-0.5 -0.25 22 23 21.57475171543001 0.3811471859407091
-0.5 -0.25 23 24 29.65264435456174 0.359692366710086
-0.5 -0.25 24 25 35.98167171550233 0.339877668319816
-0.5 -0.25 25 26 40.88895071474678 0.3215381628365571
-0.5 -0.25 26 27 44.63752726969972 0.3045295123497861
-0.5 -0.25 27 28 47.44000145385291 0.288724941709493
-0.5 -0.25 28 29 49.46899150038917 0.2740127136200229
-0.5 -0.25 29 30 50.86523355343593 0.2602940161850417
-0.5 -0.25 30 31 51.7438973627676 0.2474811872915183
-0.5 -0.25 31 32 52.19954437557783 0.2354962189070717
-0.5 -0.25 32 33 52.31004464694934 0.2242694905933743
-0.5 -0.25 33 34 52.13968942140673 0.2137386937337262
-0.5 -0.25 34 35 51.7416780963465 0.2038479148231068
-0.5 -0.25 35 36 51.16011548234928 0.1945468510740024
-0.5 -0.25 36 37 50.43162340747301 0.1857901364669144
-0.5 -0.25 37 38 49.58664696219529 0.1775367622946561
-0.5 -0.25 38 39 48.65051764914904 0.1697495754996508
-0.5 -0.25 39 40 47.64432201612686 0.1623948442995334
-0.5 -0.25 40 41 46.58561407096261 0.1554418802763599
-0.5 -0.25 41 42 45.4890014144882 0.1488627090664675
-0.5 -0.25 42 43 44.36662918144805 0.1426317820257118
-0.5 -0.25 43 44 43.22858071756076 0.1367257240384621
-0.5 -0.25 44 45 42.08321028690807 0.1311231112967561
-0.5 -0.25 45 46 40.93618104793512 0.1261599116082419
-0.5 -0.25 46 47 39.7955032346315 0.123165838450966
-0.5 -0.25 47 48 38.66458567309485 0.1223590597781529
-0.5 -0.25 48 49 37.54721930186841 0.1236725402058801
-0.5 -0.25 49 50 36.44626364339032 0.1258134083222495
-0.25 0 0 1 6637.453759163336 3.652187680448646
-0.25 0 1 2 -864.6042523201072 3.134763814778949
-0.25 0 2 3 -5525.986947436365 1.56466352605372
-0.25 0 3 4 -4565.81098220859 1.541293406919045
-0.25 0 4 5 -3400.587318311174 1.388724036005868
-0.25 0 5 6 -2499.79443943208 1.236602335536283
-0.25 0 6 7 -1846.868334330554 1.120138203283078
-0.25 0 7 8 -1376.29805484088 1.037618293792535
-0.25 0 8 9 -1033.927161412893 0.9576401331121411
-0.25 0 9 10 -781.4507786630925 0.8837216399164936
-0.25 0 10 11 -592.6007852217695 0.8159913026402159
-0.25 0 11 12 -449.597636740471 0.7549509680599429
-0.25 0 12 13 -340.0699644425326 0.6999196272700127
-0.25 0 13 14 -255.3658789210917 0.6502941354844957
-0.25 0 14 15 -189.3227890760061 0.6054735517051251
-0.25 0 15 16 -137.4820204747305 0.5649019682846406
-0.25 0 16 17 -96.56991127202946 0.5280824366009954
-0.25 0 17 18 -64.15004628025508 0.4945781517351286
-0.25 0 18 19 -38.38654200106657 0.4640083123157743
-0.25 0 19 20 -17.88038824596424 0.4360420929077907
-0.25 0 20 21 -1.554578449049586 0.4103923017168729
-0.25 0 21 22 11.42767774890376 0.3868094114484816
-0.25 0 22 23 21.72197379251861 0.365076221952024
-0.25 0 23 24 29.84583064192998 0.3450032165739512
-0.25 0 24 25 36.21057453459798 0.3264245796249793
-0.25 0 25 26 41.14515526541879 0.3091948080042414
-0.25 0 26 27 44.91412024324848 0.2931858411993227
-0.25 0 27 28 47.7313034192897 0.2782846306829332
-0.25 0 28 29 49.77033976696373 0.264391084283305
-0.25 0 29 30 51.17280523720865 0.2514163233299195
-0.25 0 30 31 52.05456466429655 0.2392812032358308
-0.25 0 31 32 52.51075579821133 0.2279150535816215
-0.25 0 32 33 52.61972720266021 0.2172546046826101
-0.25 0 33 34 52.44616789063718 0.2072430670779856
-0.25 0 34 35 52.04360819867946 0.1978293430957384
-0.25 0 35 36 51.4564284326338 0.1889673474959685
-0.25 0 36 37 50.72147982143116 0.1806154214582494
-0.25 0 37 38 49.86939846233105 0.1727358251797057
-0.25 0 38 39 48.92567482848693 0.1652942974564801
-0.25 0 39 40 47.91152766583491 0.1582596722301775
-0.25 0 40 41 46.84462077697424 0.1516035442624884
-0.25 0 41 42 45.73965278486202 0.1452999758340252
-0.25 0 42 43 44.60884410193955 0.1393252404254485
-0.25 0 43 44 43.46234013272533 0.1336575966004566
-0.25 0 44 45 42.30854609590597 0.1282770887360554
-0.25 0 45 46 41.15315981703861 0.1235332835850807
-0.25 0 46 47 40.00423911450628 0.1208014054815569
-0.25 0 47 48 38.86521287843038 0.120301061748794
-0.25 0 48 49 37.73989349432713 0.1219527100804165
-0.25 0 49 50 36.63115677460937 0.1244179681140593
0 0.25 0 1 6636.949686510411 3.652184420074491
0 0.25 1 2 -865.5450882680161 3.134738368634574
0 0.25 2 3 -5526.599095593228 1.564585153065476
0 0.25 3 4 -4565.986755668327 1.541228577434733
0 0.25 4 5 -3400.518028813182 1.38868947847261
0 0.25 5 6 -2499.626839458987 1.236599913631821
0 0.25 6 7 -1846.67555621056 1.120159913158089
0 0.25 7 8 -1376.112720929098 1.037654276169676
0 0.25 8 9 -1033.761348224075 0.9576818021098286
0 0.25 9 10 -781.3069668754688 0.8837620790670361
0 0.25 10 11 -592.478079232028 0.8160313070442669
0 0.25 11 12 -449.492829134404 0.7549877488407502
0 0.25 12 13 -339.979877838055 0.6999526979854186
0 0.25 13 14 -255.2876439233646 0.650323483831943
0 0.25 14 15 -189.254018913454 0.6054994044627636
0 0.25 15 16 -137.4208205419095 0.5649246550516714
0 0.25 16 17 -96.51482055479551 0.5281023145336899
0 0.25 17 18 -64.09995824493672 0.4945955671163696
0 0.25 18 19 -38.340626919133 0.4640235830415063
0 0.25 19 20 -17.8380258364316 0.4360555016945693
0 0.25 20 21 -1.515303258283893 0.4104040960338736
0 0.25 21 22 11.46421878236265 0.3868198054229599
0 0.25 22 23 21.75605331326574 0.3650854002372396
0 0.25 23 24 29.87766440097278 0.3450113377266904
0 0.25 24 25 36.24033834750549 0.3264317797229193
0 0.25 25 26 41.17299701352181 0.3092012042089875
0 0.25 26 27 44.94016821413879 0.2931915340926317
0 0.25 27 28 47.75567199832653 0.278289707070082
0 0.25 28 29 49.7931332432421 0.2643956191427227
0 0.25 29 30 51.1941202939247 0.2514203815344562
0 0.25 30 31 52.07449196762752 0.2392848409371011
0 0.25 31 32 52.52938098263564 0.2279183199272716
0 0.25 32 33 52.63713146383202 0.2172575421440634
0 0.25 33 34 52.46242833170265 0.2072457129484849
0 0.25 34 35 52.05879802883771 0.197831729800479
0 0.25 35 36 51.47061708551456 0.1889695036635902
0 0.25 36 37 50.73473303514635 0.1806173720786041
0 0.25 37 38 49.88177834775576 0.172737592320634
0 0.25 38 39 48.93723994086201 0.165295900501475
0 0.25 39 40 47.92233308797955 0.158261128296024
0 0.25 40 41 46.85471821680733 0.1516048683716871
0 0.25 41 42 45.74909068722002 0.1453011815615134
0 0.25 42 43 44.61766777382218 0.1393263395851835
0 0.25 43 44 43.47059187842217 0.1336585997157474
0 0.25 44 45 42.31626536041585 0.1282780051033343
0 0.25 45 46 41.16038329428994 0.1235341337505689
0 0.25 46 47 40.01100100681657 0.1208022521103842
0 0.25 47 48 38.87154492845076 0.1203019662512355
0 0.25 48 49 37.74582518686699 0.1219537215266246
0 0.25 49 50 36.63671544908655 0.1244190899324248
0.25 0.5 0 1 6547.676000739983 3.428134568173933
0.25 0.5 1 2 -946.4958325571911 2.453362377712203
0.25 0.5 2 3 -5526.105708429666 1.54637558848622
0.25 0.5 3 4 -4554.048975264561 1.531895741039148
0.25 0.5 4 5 -3388.264414140364 1.436545569520557
0.25 0.5 5 6 -2489.193300525302 1.352609626639844
0.25 0.5 6 7 -1838.247599771201 1.24620110876812
0.25 0.5 7 8 -1369.430581970549 1.140864992350335
0.25 0.5 8 9 -1028.502434809744 1.043756907563809
0.25 0.5 9 10 -777.1831962193232 0.9566016218565417
0.25 0.5 10 11 -589.2529356021405 0.8784369002975391
0.25 0.5 11 12 -446.9798920774138 0.8089921610319643
0.25 0.5 12 13 -338.0325359387684 0.747089055397306
0.25 0.5 13 14 -253.7909408408987 0.6917684225091594
0.25 0.5 14 15 -188.1175652006807 0.6421723747120884
0.25 0.5 15 16 -136.573223628681 0.5975554487151432
0.25 0.5 16 17 -95.89940220320705 0.5572781696025341
0.25 0.5 17 18 -63.67148544668339 0.5207947649116108
0.25 0.5 18 19 -38.06281708106803 0.4876398819264742
0.25 0.5 19 20 -17.68163679167969 0.4574162181824946
0.25 0.5 20 21 -1.456663792293739 0.4297836919527281
0.25 0.5 21 22 11.44434602575416 0.4044502422793804
0.25 0.5 22 23 21.67335711299438 0.3811641294393562
0.25 0.5 23 24 29.74497845516146 0.3597075380294362
0.25 0.5 24 25 36.06818783598533 0.3398912774442263
0.25 0.5 25 26 40.97003189431223 0.3215503921535948
0.25 0.5 26 27 44.71350866506373 0.3045405202844012
0.25 0.5 27 28 47.51118529624944 0.2887348665569443
0.25 0.5 28 29 49.53565681729697 0.2740216761181575
0.25 0.5 29 30 50.92764228071098 0.2603021220279444
0.25 0.5 30 31 51.80229802475469 0.2474885293858174
0.25 0.5 31 32 52.25417417434994 0.2355028789373745
0.25 0.5 32 33 52.36113054462453 0.2242755404340182
0.25 0.5 33 34 52.18744862254482 0.2137441969528323
0.25 0.5 34 35 51.78631819758863 0.2038529276352761
0.25 0.5 35 36 51.20183446809278 0.1945514231975386
0.25 0.5 36 37 50.47060959887477 0.1857943120984203
0.25 0.5 37 38 49.62307898755682 0.1775405806763377
0.25 0.5 38 39 48.68456446785376 0.1697530715834929
0.25 0.5 39 40 47.67614301156516 0.1623980491276216
0.25 0.5 40 41 46.61535921590894 0.1554448215718237
0.25 0.5 41 42 45.51681150106515 0.1488654116460625
0.25 0.5 42 43 44.39263610948797 0.1426342679219429
0.25 0.5 43 44 43.25290782768548 0.1367280132526323
0.25 0.5 44 45 42.10597273025746 0.1311252214526721
0.25 0.5 45 46 40.9574860849354 0.1261618908795285
0.25 0.5 46 47 39.81545089432979 0.1231678491178773
0.25 0.5 47 48 38.68326889111074 0.1223612657522185
0.25 0.5 48 49 37.56472446690887 0.1236750775470391
0.25 0.5 49 50 36.4626709107406 0.1258162897246993
0.5 0.75 0 1 6374.294618455458 3.326627851485084
0.5 0.75 1 2 -1098.788236014643 2.826913584909469
0.5 0.75 2 3 -5518.371659052174 1.568042305475236
0.5 0.75 3 4 -4524.003536422713 1.534943556740043
0.5 0.75 4 5 -3357.85877502908 1.37926979602269
0.5 0.75 5 6 -2462.724153906685 1.226003832656279
0.5 0.75 6 7 -1816.138266196421 1.092783627565308
0.5 0.75 7 8 -1351.184975781327 0.9794077624569028
0.5 0.75 8 9 -1013.474550993009 0.8987706163397376
0.5 0.75 9 10 -764.7816487050486 0.8295957160872006
0.5 0.75 10 11 -578.9817711180676 0.7661294090082474
0.5 0.75 11 12 -438.4412984733599 0.7089552166894491
0.5 0.75 12 13 -330.9077714092377 0.6573927177368905
0.5 0.75 13 14 -247.8255038256013 0.6108770437683357
0.5 0.75 14 15 -183.1076347051933 0.5688474928820513
0.5 0.75 15 16 -132.3547746947704 0.5307861897583415
0.5 0.75 16 17 -92.33969754957525 0.4962304599176416
0.5 0.75 17 18 -60.66248683207345 0.4647736616971023
0.5 0.75 18 19 -35.51609003693102 0.436061221745742
0.5 0.75 19 20 -15.52439952825284 0.4097849907913974
0.5 0.75 20 21 0.3712912764945031 0.3856773431729101
0.5 0.75 21 22 12.99306468943519 0.3635056357606407
0.5 0.75 22 23 22.98462548127168 0.3430672601768861
0.5 0.75 23 24 30.85383209865324 0.3241853385702598
0.5 0.75 24 25 37.00411649490206 0.3067050317484519
0.5 0.75 25 26 41.7579468783581 0.2904903992919702
0.5 0.75 26 27 45.37452410121364 0.2754217360562318
0.5 0.75 27 28 48.06325245511914 0.2613933182741093
0.5 0.75 28 29 49.99408178240105 0.2483114948253448
0.5 0.75 29 30 51.30551045890707 0.2360930685752966
0.5 0.75 30 31 52.1108238557822 0.2246639215612349
0.5 0.75 31 32 52.50299046164344 0.2139578442690539
0.5 0.75 32 33 52.55852881082808 0.2039155361049318
0.5 0.75 33 34 52.3405795484864 0.1944837500252438
0.5 0.75 34 35 51.90135938532819 0.1856145572358477
0.5 0.75 35 36 51.28413133914057 0.1772647153506678
0.5 0.75 36 37 50.52479411862578 0.1693951216799468
0.5 0.75 37 38 49.65317001558935 0.1619703402078071
0.5 0.75 38 39 48.69405282807531 0.1549581911492854
0.5 0.75 39 40 47.66806381352654 0.1483293926473635
0.5 0.75 40 41 46.59235349861001 0.142057248871094
0.5 0.75 41 42 45.48117891260773 0.1361173764509671
0.5 0.75 42 43 44.34638003258334 0.1304874641944259
0.5 0.75 43 44 43.19777412543846 0.1251470625343238
0.5 0.75 44 45 42.04348308586719 0.1200773968103567
0.5 0.75 45 46 40.88897843637898 0.1156404765542654
0.5 0.75 46 47 39.74206970708292 0.1132533798525358
0.5 0.75 47 48 38.60602119330105 0.1131322909580152
0.5 0.75 48 49 37.48448694729487 0.1151752369991047
0.5 0.75 49 50 36.3802055377918 0.1179990460094251
0.75 1 0 1 6117.346845726925 2.315781750966663
0.75 1 1 2 -1329.788812824964 2.09556206546458
0.75 1 2 3 -5512.412363947328 1.561811470639367
0.75 1 3 4 -4483.875469713444 1.519271867605275
0.75 1 4 5 -3315.959761117459 1.363365192456459
0.75 1 5 6 -2425.571995864877 1.212554087274716
0.75 1 6 7 -1784.587503714542 1.082275227161571
0.75 1 7 8 -1324.710482789211 0.9715063492351936
0.75 1 8 9 -991.2897720754672 0.8776643708476947
0.75 1 9 10 -746.1380110333193 0.7962066959130444
0.75 1 10 11 -563.2433742175699 0.7263447188689219
0.75 1 11 12 -425.0902969424837 0.6652176688606781
0.75 1 12 13 -319.5252635992204 0.6115036917112179
0.75 1 13 14 -238.0739532169282 0.5639971733571754
0.75 1 14 15 -174.7144263511409 0.5217347252428481
0.75 1 15 16 -125.0987569603024 0.4839387097567348
0.75 1 16 17 -86.04052014328659 0.4499752739024674
0.75 1 17 18 -55.17225727645427 0.4193230191875332
0.75 1 18 19 -30.71286343280394 0.3915493990028405
0.75 1 19 20 -11.30708992431687 0.3662927552136549
0.75 1 20 21 4.086904687835613 0.3432484992822127
0.75 1 21 22 16.27748863346574 0.3221583831789311
0.75 1 22 23 25.89715310126201 0.3028020806724062
0.75 1 23 24 33.44453894311221 0.2849905303505927
0.75 1 24 25 39.31546309325154 0.2685606241444947
0.75 1 25 26 43.82607273913038 0.2533709370967454
0.75 1 26 27 47.23029822750698 0.2392982698708083
0.75 1 27 28 49.7331306064184 0.226234828838292
0.75 1 28 29 51.50080947067875 0.2140859120973627
0.75 1 29 30 52.66870212573895 0.2027679982339113
0.75 1 30 31 53.34744214249417 0.1922071593646615
0.75 1 31 32 53.62774446343917 0.1823377357089336
0.75 1 32 33 53.58420632406364 0.1731012227113551
0.75 1 33 34 53.27832529071634 0.1644453328990008
0.75 1 34 35 52.76090881033491 0.1563232002775383
0.75 1 35 36 52.0740078004356 0.1486927033655611
0.75 1 36 37 51.25247566893103 0.1415158868245823
0.75 1 37 38 50.32523095392969 0.1347584649259947
0.75 1 38 39 49.31628417515066 0.1283893942636049
0.75 1 39 40 48.24557614178406 0.1223805038677519
0.75 1 40 41 47.12966494000807 0.1167061750150058
0.75 1 41 42 45.98229067910927 0.1113430626866591
0.75 1 42 43 44.81484138080907 0.106269851864666
0.75 1 43 44 43.63673837651544 0.1014670453022512
0.75 1 44 45 42.45575604552499 0.09691677595713268
0.75 1 45 46 41.27707723269867 0.09340762293369305
0.75 1 46 47 40.10821325862622 0.09388782956384127
0.75 1 47 48 38.95220729408254 0.09846803189950964
0.75 1 48 49 37.81250316810437 0.106416909001653
0.75 1 49 50 36.6916549343361 0.1148278553292745
1 1.25 0 1 5790.713882318056 1.583941891107169
1 1.25 1 2 -1626.828038265247 0.726428117988944
1 1.25 2 3 -5512.833285395638 2.084681159368063
1 1.25 3 4 -4443.67669780269 1.985338312414679
1 1.25 4 5 -3274.40218021501 1.749579917156943
1 1.25 5 6 -2389.812132125259 1.529848522812191
1 1.25 6 7 -1755.210854172162 1.34445726339717
1 1.25 7 8 -1300.877568867134 1.190560345507466
1 1.25 8 9 -971.9828767588765 1.062154335839088
1 1.25 9 10 -730.4622793346043 0.9538291388032686
1 1.25 10 11 -550.4626706017634 0.8621685650411802
1 1.25 11 12 -414.6306016838748 0.7833206966362477
1 1.25 12 13 -310.9329826609751 0.7150261313396868
1 1.25 13 14 -230.9918372435995 0.6553931578030165
1 1.25 14 15 -168.8597522068201 0.6029456046487057
1 1.25 15 16 -120.2464446463953 0.5565182250174835
1 1.25 16 17 -82.01026552234202 0.5151806476147099
1 1.25 17 18 -51.81875122067368 0.4781819245916142
1 1.25 18 19 -27.9183338598184 0.4449097587164658
1 1.25 19 20 -8.975582030086798 0.4148602064971397
1 1.25 20 21 6.033945621486964 0.3876149091970822
1 1.25 21 22 17.90465341332265 0.3628237885180002
1 1.25 22 23 27.25776098243659 0.3401917507770143
1 1.25 23 24 34.58276185200668 0.3194683658696977
1 1.25 24 25 40.26801260471746 0.3004397764400691
1 1.25 25 26 44.6235480503808 0.282922298118075
1 1.25 26 27 47.89826942339846 0.2667573135166066
1 1.25 27 28 50.29301383341078 0.2518071659356831
1 1.25 28 29 51.97057749268095 0.2379518324503407
1 1.25 29 30 53.06346387739234 0.2250862090863052
1 1.25 30 31 53.67991745319773 0.2131178812781913
1 1.25 31 32 53.90865446520274 0.2019652813329029
1 1.25 32 33 53.82259570915289 0.191556156393696
1 1.25 33 34 53.48182924281929 0.1818262887410099
1 1.25 34 35 52.9359748249106 0.1727184200974333
1 1.25 35 36 52.22608058128384 0.16418134329332
1 1.25 36 37 51.38615168802886 0.156169132963392
1 1.25 37 38 50.44438799947113 0.148640488976218
1 1.25 38 39 49.42419020975336 0.1415581756730426
1 1.25 39 40 48.34498099390345 0.1348885401754666
1 1.25 40 41 47.22287770580391 0.1286010971426142
1 1.25 41 42 46.07124520227381 0.1226681696190238
1 1.25 42 43 44.90115175303004 0.1170645776723318
1 1.25 43 44 43.72174606847369 0.1117673667724887
1 1.25 44 45 42.54056999782694 0.1067555714243927
1 1.25 45 46 41.36263273189599 0.1023899336582798
1 1.25 46 47 40.19523078427505 0.1000947681825904
1 1.25 47 48 39.04128780229757 0.1000915519094424
1 1.25 48 49 37.90412484506052 0.102267213937555
1 1.25 49 50 36.78619788011477 0.1092819423221035
1.25 1.5 0 1 5416.262778493136 3.146048695785862
1.25 1.5 1 2 -1937.155634559684 3.764845753286516
1.25 1.5 2 3 -5476.24847813425 1.694553514656495
1.25 1.5 3 4 -4365.241497689056 1.628563160606904
1.25 1.5 4 5 -3200.233897408226 1.453441180160373
1.25 1.5 5 6 -2327.486954683641 1.28287269739479
1.25 1.5 6 7 -1704.472208456161 1.134568112852891
1.25 1.5 7 8 -1259.89503138452 1.008649945558039
1.25 1.5 8 9 -938.8757157204891 0.9028417460322528
1.25 1.5 9 10 -703.6357863992739 0.8116077729746904
1.25 1.5 10 11 -528.6400585826796 0.7344625882261893
1.25 1.5 11 12 -396.8163262604689 0.6676114325818027
1.25 1.5 12 13 -296.3464734442286 0.6094769174967087
1.25 1.5 13 14 -219.0203068622454 0.5585616402603306
1.25 1.5 14 15 -159.0191809811536 0.51367691927991
1.25 1.5 15 16 -112.1518408320048 0.4738722899026926
1.25 1.5 16 17 -75.35322655394816 0.4383812888518945
1.25 1.5 17 18 -46.35053635460417 0.4065803860635352
1.25 1.5 18 19 -23.43703553029786 0.3779579463330657
1.25 1.5 19 20 -5.316336656221893 0.3520906847705452
1.25 1.5 20 21 9.006485862346381 0.3286256841781831
1.25 1.5 21 22 20.30215664207094 0.3072665574313883
1.25 1.5 22 23 29.17277562890172 0.2877627008329079
1.25 1.5 23 24 36.09230660811545 0.2699008827063627
1.25 1.5 24 25 41.4364228805066 0.2545960521215935
1.25 1.5 25 26 45.50474802079975 0.2416915024681295
1.25 1.5 26 27 48.53759689584922 0.229674479585724
1.25 1.5 27 28 50.72869445798278 0.2184659706864728
1.25 1.5 28 29 52.23492212326187 0.2079955245176491
1.25 1.5 29 30 53.18384596051078 0.1982001906452185
1.25 1.5 30 31 53.6795745898628 0.1890236004715106
1.25 1.5 31 32 53.80734864537328 0.1804151691254775
1.25 1.5 32 33 53.63715935895016 0.1723294050342061
1.25 1.5 33 34 53.22661855728825 0.1647253096459986
1.25 1.5 34 35 52.6232474823795 0.157565857092175
1.25 1.5 35 36 51.86631151186566 0.1508175404845454
1.25 1.5 36 37 50.98829789706116 0.1444499782394389
1.25 1.5 37 38 50.01611133093593 0.1384355680000225
1.25 1.5 38 39 48.97204526068464 0.1327491865203303
1.25 1.5 39 40 47.87457405685819 0.1273679247772718
1.25 1.5 40 41 46.73900154784059 0.1222708558318296
1.25 1.5 41 42 45.57799362978801 0.1174388312636408
1.25 1.5 42 43 44.40201721402059 0.1128543005593548
1.25 1.5 43 44 43.21970298691116 0.1085011520006925
1.25 1.5 44 45 42.03814606855411 0.1043645723777045
1.25 1.5 45 46 40.86199837623445 0.1007770654825321
1.25 1.5 46 47 39.69816552600969 0.09902189658032066
1.25 1.5 47 48 38.54931163350096 0.09927925146196727
1.25 1.5 48 49 37.4185090156902 0.1014516188075816
1.25 1.5 49 50 36.30799550677605 0.1042846133897559
1.5 1.75 0 1 4973.603146959089 0.9943365142804367
1.5 1.75 1 2 -2324.646305799597 0.858549683405839
1.5 1.75 2 3 -5452.950283341133 1.76718434591748
1.5 1.75 3 4 -4284.397792217607 1.703312986800151
1.5 1.75 4 5 -3117.591987350666 1.515946902542328
1.5 1.75 5 6 -2254.145049274272 1.328917336035929
1.5 1.75 6 7 -1641.835910795668 1.165733885309149
1.5 1.75 7 8 -1206.97934908 1.028046433865804
1.5 1.75 8 9 -894.22867640595 0.9133944034041919
1.5 1.75 9 10 -665.8570508654252 0.8152287114288783
1.5 1.75 10 11 -496.5466000341676 0.7334743360266943
1.5 1.75 11 12 -369.4244612553462 0.6631264856740549
1.5 1.75 12 13 -272.8570748512936 0.6024635390116734
1.5 1.75 13 14 -198.7847902317458 0.5497337625410369
1.5 1.75 14 15 -141.5102343243407 0.5035634870019368
1.5 1.75 15 16 -96.93907199898877 0.4628675108803166
1.5 1.75 16 17 -62.08363349681144 0.4267806543423791
1.5 1.75 17 18 -34.7330749756411 0.3946064912650022
1.5 1.75 18 19 -13.23048055327627 0.3657790976877356
1.5 1.75 19 20 3.680273277342621 0.3398344160159661
1.5 1.75 20 21 16.96139400253651 0.3163886633964187
1.5 1.75 21 22 27.35687523342926 0.2951219163255615
1.5 1.75 22 23 35.44686155718159 0.275765507304107
1.5 1.75 23 24 41.68719186015596 0.2580922627898586
1.5 1.75 24 25 46.43850391099113 0.2419088701131275
1.5 1.75 25 26 49.98789088613387 0.2270498569169013
1.5 1.75 26 27 52.56517922597448 0.2133728023616136
1.5 1.75 27 28 54.35527818944172 0.2007544981008092
1.5 1.75 28 29 55.50763025932588 0.189087847384811
1.5 1.75 29 30 56.14350083465445 0.1782793424213294
1.5 1.75 30 31 56.36164297646565 0.1682469985146747
1.5 1.75 31 32 56.24272968417267 0.1589186523204176
1.5 1.75 32 33 55.85284397603647 0.1502305506565097
1.5 1.75 33 34 55.24624337284115 0.1421261747283691
1.5 1.75 34 35 54.4675617224853 0.1345552545859642
1.5 1.75 35 36 53.55357190739795 0.1274729397614161
1.5 1.75 36 37 52.53460374848947 0.1208390975632883
1.5 1.75 37 38 51.43568967838985 0.1146177165687297
1.5 1.75 38 39 50.27749430577376 0.1087763978557589
1.5 1.75 39 40 49.07707153738778 0.1032859198688101
1.5 1.75 40 41 47.84848359541934 0.09811986254323204
1.5 1.75 41 42 46.60330869782848 0.093254285530838
1.5 1.75 42 43 45.35105888364598 0.08866744723657623
1.5 1.75 43 44 44.09952482979406 0.08433956197162978
1.5 1.75 44 45 42.85506122548469 0.08025258846145804
1.5 1.75 45 46 41.62169414706923 0.07710829869907344
1.5 1.75 46 47 40.40570546071746 0.07753086667244913
1.5 1.75 47 48 39.20927380327595 0.08160957210936418
1.5 1.75 48 49 38.03501595487413 0.08868758813983466
1.5 1.75 49 50 36.88477695992958 0.09616721912682022
1.75 2 0 1 4507.298389007272 1.078809372905011
1.75 2 1 2 -2716.98886914873 2.856013665672594
1.75 2 2 3 -5423.317502797219 2.825399039675023
1.75 2 3 4 -4209.692397989425 2.300365246530133
1.75 2 4 5 -3049.456681393854 1.886010502553599
1.75 2 5 6 -2199.067437821287 1.578613100631658
1.75 2 6 7 -1598.550360001944 1.346389093948676
1.75 2 7 8 -1173.133216650468 1.166008278409555
1.75 2 8 9 -867.6769965287644 1.023071497246226
1.75 2 9 10 -644.8875763467395 0.9059781038322273
1.75 2 10 11 -479.9759326295989 0.8095785627827646
1.75 2 11 12 -356.2645325288363 0.7283981387568023
1.75 2 12 13 -262.3821625605915 0.6592625858064751
1.75 2 13 14 -190.4385342871835 0.5997364646628459
1.75 2 14 15 -134.8619537877585 0.5479998652466419
1.75 2 15 16 -91.65224883847577 0.5026654834787035
1.75 2 16 17 -57.89306416390696 0.4626570157951591
1.75 2 17 18 -31.4281488899187 0.4271263537786838
1.75 2 18 19 -10.64280514961456 0.3953959288815073
1.75 2 19 20 5.686136862731473 0.3669177415566898
1.75 2 20 21 18.49494443746607 0.34124370000531
1.75 2 21 22 28.50703652057734 0.3180037796467285
1.75 2 22 23 36.2861276815255 0.2968896947924844
1.75 2 23 24 42.27485671860939 0.2776425180830935
1.75 2 24 25 46.82319861367364 0.260043175742003
1.75 2 25 26 50.20959144801066 0.2439050642519435
1.75 2 26 27 52.65680563998842 0.2290682553516655
1.75 2 27 28 54.34397563056666 0.2153949019063995
1.75 2 28 29 55.41580115215845 0.202765564480521
1.75 2 29 30 55.98964031499338 0.1910762486875657
1.75 2 30 31 56.16101822587132 0.1802359975569356
1.75 2 31 32 56.00793457327592 0.1701649213479736
1.75 2 32 33 55.5942535980592 0.1607925742231035
1.75 2 33 34 54.97238781763093 0.1520566083884684
1.75 2 34 35 54.18543440795929 0.1439016517492278
1.75 2 35 36 53.26888466521478 0.1362783675661867
1.75 2 36 37 52.25199842318256 0.1291426610836981
1.75 2 37 38 51.15891408493644 0.1224550085468453
1.75 2 38 39 50.00954887623055 0.1161798863737397
1.75 2 39 40 48.82033179686226 0.1102852828092805
1.75 2 40 41 47.60480263803618 0.1047422803014773
1.75 2 41 42 46.37410308282483 0.09952469489068448
1.75 2 42 43 45.13738073728769 0.09460876526224345
1.75 2 43 44 43.90212245703384 0.08997288255230236
1.75 2 44 45 42.67443012182807 0.08559735608628266
1.75 2 45 46 41.45816071224959 0.08185972665978222
1.75 2 46 47 40.25934329585718 0.08170562387761524
1.75 2 47 48 39.08005437236889 0.08543716687985112
1.75 2 48 49 37.92279348240908 0.09203235515767443
1.75 2 49 50 36.78930242942769 0.09899188733609923
2 2.25 0 1 4003.431375190117 1.04431948345503
2 2.25 1 2 -3118.573668376292 0.8514913010107649
2 2.25 2 3 -5362.726633766611 1.656028706012542
2 2.25 3 4 -4088.862627987948 1.534223666782769
2 2.25 4 5 -2930.441113909583 1.354100531804393
2 2.25 5 6 -2094.085045023937 1.194531541138476
2 2.25 6 7 -1508.851253273249 1.060506746355407
2 2.25 7 8 -1097.215470937739 0.9477071180461999
2 2.25 8 9 -803.4954885823595 0.8525714758342795
2 2.25 9 10 -590.501873628506 0.7708952363938977
2 2.25 10 11 -433.7212698044079 0.7005130928395364
2 2.25 11 12 -316.7569989684059 0.6392985124961575
2 2.25 12 13 -228.4908715207102 0.5856716642968582
2 2.25 13 14 -161.2421012644513 0.5383855955736788
2 2.25 14 15 -109.6089286982119 0.4964451463610537
2 2.25 15 16 -69.72769532325492 0.4590477867658051
2 2.25 16 17 -38.79147587319426 0.4255400286720509
2 2.25 17 18 -14.73188877715302 0.3953849561191183
2 2.25 18 19 3.994945417038025 0.3681377588344604
2 2.25 19 20 18.55485156640088 0.3434270948496256
2 2.25 20 21 29.83742314914798 0.3209407402967063
2 2.25 21 22 38.52789054204015 0.3004144389939221
2 2.25 22 23 45.15855942625376 0.2816231520206654
2 2.25 23 24 50.14610489967367 0.2643741366563807
2 2.25 24 25 53.81893489262666 0.2485014263602232
2 2.25 25 26 56.4374891841162 0.2338613950467054
2 2.25 26 27 58.20945151674653 0.2203291672686583
2 2.25 27 28 59.3012569265278 0.2077956935941773
2 2.25 28 29 59.84687237683681 0.1961653525446174
2 2.25 29 30 59.95455067426872 0.1853539718295278
2 2.25 30 31 59.71206423419164 0.1752871880118515
2 2.25 31 32 59.19078886649658 0.1658990766494178
2 2.25 32 33 58.4489106799773 0.1571310053747617
2 2.25 33 34 57.53395940053167 0.1489306669052081
2 2.25 34 35 56.48482066640884 0.1412512605505873
2 2.25 35 36 55.33334270267272 0.1340507973101434
2 2.25 36 37 54.10562527217218 0.1272915060487746
2 2.25 37 38 52.82305838188461 0.120939324994341
2 2.25 38 39 51.50316280387165 0.1149634644343328
2 2.25 39 40 50.16027283548243 0.1093360295864145
2 2.25 40 41 48.80609300391052 0.1040316930341848
2 2.25 41 42 47.45015339141895 0.09902741176411546
2 2.25 42 43 46.10018331995042 0.09430217910132789
2 2.25 43 44 44.76241887013848 0.08983680853535775
2 2.25 44 45 43.4418566412397 0.08561374469870679
2 2.25 45 46 42.14140451059356 0.08227320155433972
2 2.25 46 47 40.86616896924534 0.08220732046137899
2 2.25 47 48 39.61748435308141 0.08548104061476715
2 2.25 48 49 38.39716388351999 0.09147573484521811
2 2.25 49 50 37.20634314191767 0.09782038744965751
2.25 2.5 0 1 3475.412425660004 1.601848892471645
2.25 2.5 1 2 -3516.596913166386 0.9612657390214395
2.25 2.5 2 3 -5268.460942790269 1.697570435851643
2.25 2.5 3 4 -3945.194567461675 1.563961542358092
2.25 2.5 4 5 -2801.03966457786 1.42529649320665
2.25 2.5 5 6 -1987.436985559499 1.276692884673283
2.25 2.5 6 7 -1422.876883378962 1.14032223527085
2.25 2.5 7 8 -1028.12021099434 1.021149175489652
2.25 2.5 8 9 -747.7830081111961 0.9185437599321015
2.25 2.5 9 10 -545.3385310489216 0.8296836538546968
2.25 2.5 10 11 -396.9057324505829 0.7528450590321347
2.25 2.5 11 12 -286.5907015613589 0.685950952833241
2.25 2.5 12 13 -203.6611090185665 0.6273813173805706
2.25 2.5 13 14 -140.7276002988385 0.5758089866678509
2.25 2.5 14 15 -92.60854101642371 0.5301515757294476
2.25 2.5 15 16 -55.60751345536642 0.4895249750272039
2.25 2.5 16 17 -27.04570888325929 0.4532038626083352
2.25 2.5 17 18 -4.95378686376921 0.4205897996758823
2.25 2.5 18 19 12.13486624930715 0.39118596596214
2.25 2.5 19 20 25.32526651965395 0.3645772925743519
2.25 2.5 20 21 35.45875453539418 0.340414847077991
2.25 2.5 21 22 43.18197709268168 0.3184035273121015
2.25 2.5 22 23 48.99616936717416 0.2982923183707149
2.25 2.5 23 24 53.29282287818148 0.2798665371155161
2.25 2.5 24 25 56.37981099870399 0.2629416221874301
2.25 2.5 25 26 58.50073717186331 0.2473581314675164
2.25 2.5 26 27 59.8494105605904 0.2329776873308659
2.25 2.5 27 28 60.580778412992 0.219679671784912
2.25 2.5 28 29 60.81925449304731 0.2073585151939605
2.25 2.5 29 30 60.66511490212417 0.1959214612769565
2.25 2.5 30 31 60.19944645538123 0.1852867139587864
2.25 2.5 31 32 59.48800166777454 0.1753818927702016
2.25 2.5 32 33 58.58422121116729 0.16614273959834
2.25 2.5 33 34 57.53161776749374 0.1575120304050968
2.25 2.5 34 35 56.36566662275283 0.1494386553193312
2.25 2.5 35 36 55.11531279474985 0.1418768380472763
2.25 2.5 36 37 53.80417821523525 0.1347854701234464
2.25 2.5 37 38 52.45153299676298 0.1281275421684047
2.25 2.5 38 39 51.07308012575868 0.1218696544830529
2.25 2.5 39 40 49.68159183981533 0.115981595946865
2.25 2.5 40 41 48.2874276631494 0.1104359797527832
2.25 2.5 41 42 46.89895739695044 0.1052079272734973
2.25 2.5 42 43 45.52290767194219 0.1002747931531501
2.25 2.5 43 44 44.16464664397142 0.09561592538193896
2.25 2.5 44 45 42.82841849637677 0.09121245503137941
2.25 2.5 45 46 41.51652200125912 0.08737165103267121
2.25 2.5 46 47 40.23341149629954 0.08529316390469224
2.25 2.5 47 48 38.97997147651569 0.08511268349034799
2.25 2.5 48 49 37.75758505706497 0.08667134693446943
2.25 2.5 49 50 36.56701382786088 0.0922450540915033
2.5 2.75 0 1 2893.405635454023 2.09313276261134
2.5 2.75 1 2 -3951.003456492916 1.110804709420524
2.5 2.75 2 3 -5174.891846443193 2.854036023049773
2.5 2.75 3 4 -3794.816804434447 2.70456669794225
2.5 2.75 4 5 -2661.057357048827 2.364214231407887
2.5 2.75 5 6 -1868.365059488079 2.049222439851809
2.5 2.75 6 7 -1323.955750872346 1.785029186558527
2.5 2.75 7 8 -946.3199829546043 1.567078157510852
2.5 2.75 8 9 -680.0002123806112 1.386294465146567
2.5 2.75 9 10 -488.9158561101008 1.235409244168905
2.5 2.75 10 11 -349.6907843558836 1.108016756298731
2.5 2.75 11 12 -246.869186940349 0.9994603587567525
2.5 2.75 12 13 -170.0727293664343 0.9061206625697468
2.5 2.75 13 14 -112.1901706200465 0.8252052220703333
2.5 2.75 14 15 -68.25659079749607 0.7545390965242991
2.5 2.75 15 16 -34.74447330744374 0.6924102103672268
2.5 2.75 16 17 -9.107192945073848 0.6374563345497826
2.5 2.75 17 18 10.52052063331303 0.5885823472968866
2.5 2.75 18 19 25.52278952667132 0.5448992359551063
2.5 2.75 19 20 36.93878691249688 0.5056787044409439
2.5 2.75 20 21 45.55693899450307 0.4703190480891866
2.5 2.75 21 22 51.98108825020756 0.4383192317307852
2.5 2.75 22 23 56.67762775157439 0.4092589990326377
2.5 2.75 23 24 60.00952121408329 0.3827834604982767
2.5 2.75 24 25 62.261155130882 0.3585910406670829
2.5 2.75 25 26 63.65669599528223 0.3364239698203941
2.5 2.75 26 27 64.37378933155674 0.3160607204153369
2.5 2.75 27 28 64.55387935224167 0.2973099435379103
2.5 2.75 28 29 64.31005090231611 0.280005572707103
2.5 2.75 29 30 63.73303666662963 0.2640028420949376
2.5 2.75 30 31 62.89585333510468 0.2491750279878281
2.5 2.75 31 32 61.85740439677846 0.2354107652686468
2.5 2.75 32 33 60.66529784702675 0.2226118249784377
2.5 2.75 33 34 59.35806300306177 0.2106912635498925
2.5 2.75 34 35 57.96690420557093 0.1995718733408856
2.5 2.75 35 36 56.51709527222096 0.1891848796542865
2.5 2.75 36 37 55.02909355946468 0.1794688395182785
2.5 2.75 37 38 53.51943397062416 0.1703687066450412
2.5 2.75 38 39 52.00144930970652 0.1618350355025311
2.5 2.75 39 40 50.48585289188139 0.1538232990172517
2.5 2.75 40 41 48.9812114910643 0.1462933035953788
2.5 2.75 41 42 47.49433040466684 0.1392086845555392
2.5 2.75 42 43 46.0305679982965 0.1325364693816475
2.5 2.75 43 44 44.59409331327976 0.1262466994500937
2.5 2.75 44 45 43.18809757617231 0.1203121002968996
2.5 2.75 45 46 41.81399544998166 0.1149325853068785
2.5 2.75 46 47 40.47534208575757 0.1109339475469884
2.5 2.75 47 48 39.17234385538924 0.1084322509221677
2.5 2.75 48 49 37.90574708960239 0.1073672184902297
2.5 2.75 49 50 36.67574804808828 0.1069154305770784
2.75 3 0 1 2256.820535989647 1.568431818718645
2.75 3 1 2 -4373.231023755092 4.574964747752937
2.75 3 2 3 -5024.532623714317 5.989452324835708
2.75 3 3 4 -3592.362511644325 5.090541305696241
2.75 3 4 5 -2478.936405696376 4.222386173838832
2.75 3 5 6 -1716.409881495054 3.535980016541395
2.75 3 6 7 -1199.589686330361 3.002017055826735
2.75 3 7 8 -844.8055260908286 2.581798004219457
2.75 3 8 9 -596.8753381557908 2.245292526984009
2.75 3 9 10 -420.4942647968751 1.971620219949289
2.75 3 10 11 -293.0500758898972 1.74559583859621
2.75 3 11 12 -199.7200315821176 1.556494274175865
2.75 3 12 13 -130.6225554911273 1.396456070724956
2.75 3 13 14 -79.02891716017575 1.259639861854491
2.75 3 14 15 -40.2676011817473 1.141629381721185
2.75 3 15 16 -11.03679710133133 1.039032616877554
2.75 3 16 17 11.03544426994722 0.9492063923262084
2.75 3 17 18 27.67820825185686 0.870063870382344
2.75 3 18 19 40.16860558016106 0.7999377198211759
2.75 3 19 20 49.46106182855385 0.73748128874412
2.75 3 20 21 56.276377880312 0.681596150589219
2.75 3 21 22 61.16404453610232 0.6313782429155107
2.75 3 22 23 64.54647477238939 0.5860773097711993
2.75 3 23 24 66.7508182222457 0.5450659968113448
2.75 3 24 25 68.03212362094109 0.5078160411739754
2.75 3 25 26 68.59039135489263 0.4738797398777415
2.75 3 26 27 68.58325743103086 0.4428753892107485
2.75 3 27 28 68.1355176525197 0.4144757434669291
2.75 3 28 29 67.34634185979189 0.3883987914659374
2.75 3 29 30 66.29478259832564 0.3644003290143841
2.75 3 30 31 65.04401289168771 0.342267934794397
2.75 3 31 32 63.64460883120103 0.3218160512888183
2.75 3 32 33 62.13710851298697 0.302881943373666
2.75 3 33 34 60.55401865692602 0.2853223578074692
2.75 3 34 35 58.92139673472496 0.2690107467513097
2.75 3 35 36 57.26010473432967 0.2538349483900003
2.75 3 36 37 55.58680735542782 0.2396952391277282
2.75 3 37 38 53.91477019922644 0.2265026907261931
2.75 3 38 39 52.25450057436655 0.2141777781536673
2.75 3 39 40 50.61426382159868 0.2026491952268843
2.75 3 40 41 49.00050082404533 0.1918528423733462
2.75 3 41 42 47.41816656230296 0.1817309592646465
2.75 3 42 43 45.8710054983529 0.1722313777001744
2.75 3 43 44 44.36177611944595 0.1633068768704827
2.75 3 44 45 42.89243444230743 0.1549146242855289
2.75 3 45 46 41.46336232138762 0.1471740867317267
2.75 3 46 47 40.07705943085821 0.140653069002602
2.75 3 47 48 38.73294573545772 0.1354343437949092
2.75 3 48 49 37.4310296510013 0.13149019520552
2.75 3 49 50 36.17085164284359 0.1282385316895213
3 3.25 0 1 1568.892014117138 1.199909134894801
3 3.25 1 2 -4716.326024929043 9.304258730451281
3 3.25 2 3 -4768.896365605502 9.646319731585631
3 3.25 3 4 -3308.980381215609 7.827824049423922
3 3.25 4 5 -2237.757272924249 6.343962726734475
3 3.25 5 6 -1521.651238619288 5.232515283406017
3 3.25 6 7 -1044.052889837297 4.392491465340369
3 3.25 7 8 -720.4338332780876 3.743714653462242
3 3.25 8 9 -496.8931660287424 3.231462560071211
3 3.25 9 10 -339.6039213118731 2.819259753565258
3 3.25 10 11 -227.1919416009393 2.481870267185267
3 3.25 11 12 -145.7924060266305 2.201717461196409
3 3.25 12 13 -86.24368667067142 1.966168735517083
3 3.25 13 14 -42.35528629279383 1.765960380595108
3 3.25 14 15 -9.859373899038701 1.594164712085985
3 3.25 15 16 14.24088971371839 1.44550917209707
3 3.25 16 17 32.08499365456998 1.315917283987505
3 3.25 17 18 45.22315512058833 1.202192565102082
3 3.25 18 19 54.7935598937944 1.101796577771031
3 3.25 19 20 61.64175759208695 1.012690259262669
3 3.25 20 21 66.40249484947117 0.9332186120549302
3 3.25 21 22 69.55670340682889 0.8620256377979585
3 3.25 22 23 71.47176966425309 0.79799071455793
3 3.25 23 24 72.43037323158899 0.7401804087581904
3 3.25 24 25 72.65139388126624 0.6878115520096807
3 3.25 25 26 72.30523952667255 0.6402226458051286
3 3.25 26 27 71.52520048464555 0.5968514963212168
3 3.25 27 28 70.41594026051757 0.5572175611383183
3 3.25 28 29 69.05990067503734 0.520907896547136
3 3.25 29 30 67.52217257349639 0.4875658822041909
3 3.25 30 31 65.85422726632879 0.4568821074298918
3 3.25 31 32 64.09679476465686 0.4285869535580059
3 3.25 32 33 62.28209792113438 0.4024445178203098
3 3.25 33 34 60.43559672740849 0.3782476056527993
3 3.25 34 35 58.57735748445248 0.3558135801974133
3 3.25 35 36 56.72313284033839 0.3349809035290384
3 3.25 36 37 54.8852176135691 0.3156062399353753
3 3.25 37 38 53.07312979726913 0.2975620178246763
3 3.25 38 39 51.29415451086535 0.2807343690244046
3 3.25 39 40 49.55377996685922 0.2650213788197154
3 3.25 40 41 47.85604805179139 0.2503315943663191
3 3.25 41 42 46.20383695385857 0.2365827480726528
3 3.25 42 43 44.59908963758986 0.2237006610037461
3 3.25 43 44 43.04299893218223 0.2116182978394099
3 3.25 44 45 41.53615773537331 0.2002749492524298
3 3.25 45 46 40.07782666033262 0.1897248701730709
3 3.25 46 47 38.66932725819288 0.180335558411346
3 3.25 47 48 37.30924073373046 0.1721459395730024
3 3.25 48 49 35.99678176891152 0.1651265858884523
3 3.25 49 50 34.73078800400928 0.1588655118801425
3.25 3.5 0 1 855.9500232803184 0.4337340568075854
3.25 3.5 1 2 -4872.406620259068 18.47179531956347
3.25 3.5 2 3 -4346.582754963008 14.66249844917881
3.25 3.5 3 4 -2911.187171504387 11.07040094298373
3.25 3.5 4 5 -1919.457545394161 8.630191612044941
3.25 3.5 5 6 -1274.763155280718 6.933338383522552
3.25 3.5 6 7 -853.1014700091037 5.704839541031116
3.25 3.5 7 8 -571.9803766940222 4.783345050410825
3.25 3.5 8 9 -380.6450495963441 4.071573916426045
3.25 3.5 9 10 -247.9287879648764 3.508623235995739
3.25 3.5 10 11 -154.4463147031997 3.054440608072146
3.25 3.5 11 12 -87.78101577049392 2.681916983757418
3.25 3.5 12 13 -39.81589042985638 2.372059322585511
3.25 3.5 13 14 -5.118264467732615 2.111211115902509
3.25 3.5 14 15 20.02468791023102 1.889324082075834
3.25 3.5 15 16 38.19874003922655 1.698854964944806
3.25 3.5 16 17 51.235358459699 1.534040466550134
3.25 3.5 17 18 60.45131027993784 1.390408225438553
3.25 3.5 18 19 66.8059285702401 1.264439333315274
3.25 3.5 19 20 71.0063482847562 1.153330608525609
3.25 3.5 20 21 73.57918875123744 1.054824033000638
3.25 3.5 21 22 74.9201808052386 0.9670823348288803
3.25 3.5 22 23 75.32903795069871 0.8885968617629478
3.25 3.5 23 24 75.03429278634803 0.8181184296083911
3.25 3.5 24 25 74.21120631188791 0.7546047670474307
3.25 3.5 25 26 72.99482878481928 0.6971801160995863
3.25 3.5 26 27 71.48962368967426 0.6451038500840454
3.25 3.5 27 28 69.77662664953596 0.5977458597041608
3.25 3.5 28 29 67.91881714686167 0.5545670741999378
3.25 3.5 29 30 65.9651814117712 0.5151039182164308
3.25 3.5 30 31 63.95380795763884 0.4789558127244649
3.25 3.5 31 32 61.91426195687529 0.4457750516542949
3.25 3.5 32 33 59.86941769890328 0.415258547027212
3.25 3.5 33 34 57.83688080909354 0.387141055418973
3.25 3.5 34 35 55.83009777587421 0.3611895867295985
3.25 3.5 35 36 53.8592256038593 0.3371987633471236
3.25 3.5 36 37 51.93181635490248 0.314986947857183
3.25 3.5 37 38 50.05335806609372 0.294392995849691
3.25 3.5 38 39 48.22770364391678 0.2752735203211815
3.25 3.5 39 40 46.45741194849279 0.25750057690987
3.25 3.5 40 41 44.74401982254241 0.2409596967527093
3.25 3.5 41 42 43.08825946116875 0.2255482082059527
3.25 3.5 42 43 41.4902324772101 0.2111737997391399
3.25 3.5 43 44 39.94954947983146 0.1977532846313311
3.25 3.5 44 45 38.46544209510158 0.1852115356419727
3.25 3.5 45 46 37.03609256346851 0.1735828722177902
3.25 3.5 46 47 35.66161635266486 0.1632024398776712
3.25 3.5 47 48 34.33981968530172 0.1541072709673051
3.25 3.5 48 49 33.06916676058376 0.1462722252435361
3.25 3.5 49 50 31.84784032620475 0.1393078796694486
3.5 3.75 0 1 191.7429598730081 1.619195556525914
3.5 3.75 1 2 -4678.233598137952 24.49671678633544
3.5 3.75 2 3 -3693.002847049976 16.12974259905358
3.5 3.75 3 4 -2373.715149944927 11.39017223931489
3.5 3.75 4 5 -1516.371096027266 8.536765171008716
3.5 3.75 5 6 -976.2710514658752 6.668960132198781
3.5 3.75 6 7 -631.0848162179107 5.367709814757243
3.5 3.75 7 8 -405.4882441303198 4.418276426428224
3.5 3.75 8 9 -254.7967205842886 3.700517488860614
3.5 3.75 9 10 -152.2108065316834 3.142695088056007
3.5 3.75 10 11 -81.35534496523883 2.699295167763732
3.5 3.75 11 12 -31.89436230601973 2.340300580341396
3.5 3.75 12 13 2.843347789385689 2.045126448130231
3.5 3.75 13 14 27.27161409040934 1.799229522550172
3.5 3.75 14 15 44.37466387610471 1.592067331959979
3.5 3.75 15 16 56.2095233592454 1.415827020202508
3.5 3.75 16 17 64.21852516524996 1.264606638311057
3.5 3.75 17 18 69.42828112994255 1.133872339420338
3.5 3.75 18 19 72.579149381207 1.020089262098848
3.5 3.75 19 20 74.21117557462338 0.9204648525332727
3.5 3.75 20 21 74.72219103541039 0.8327667966243734
3.5 3.75 21 22 74.40774476139666 0.7551915619218686
3.5 3.75 22 23 73.4889656744848 0.6862679539857335
3.5 3.75 23 24 72.13227078287446 0.6247853318420172
3.5 3.75 24 25 70.46347989190031 0.5697394720467319
3.5 3.75 25 26 68.57803924180303 0.5202912505550336
3.5 3.75 26 27 66.54850338816328 0.4757347594451753
3.5 3.75 27 28 64.43006218814804 0.4354724546880114
3.5 3.75 28 29 62.26465876905255 0.398995602942511
3.5 3.75 29 30 60.08408165249409 0.3658687646464856
3.5 3.75 30 31 57.91230313940062 0.3357173810888215
3.5 3.75 31 32 55.76725911899754 0.3082177706614769
3.5 3.75 32 33 53.66221165987147 0.2830890105428204
3.5 3.75 33 34 51.60679769783587 0.2600863059149107
3.5 3.75 34 35 49.60783996034175 0.2389955413146931
3.5 3.75 35 36 47.6699766687473 0.2196287783210731
3.5 3.75 36 37 45.79615231667461 0.2018205156596421
3.5 3.75 37 38 43.98800139989245 0.1854245674882627
3.5 3.75 38 39 42.24614924298348 0.1703114465932072
3.5 3.75 39 40 40.57044832038257 0.1563661613252048
3.5 3.75 40 41 38.96016424600695 0.1434863551854007
3.5 3.75 41 42 37.4141222447647 0.1315807305950772
3.5 3.75 42 43 35.93082257731213 0.1205677110214199
3.5 3.75 43 44 34.5085314755672 0.1103743041193329
3.5 3.75 44 45 33.14535268402942 0.100935135892366
3.5 3.75 45 46 31.83865240259532 0.09234261125570799
3.5 3.75 46 47 30.58749027232213 0.08515130329445683
3.5 3.75 47 48 29.38914554900673 0.07949392527489398
3.5 3.75 48 49 28.24153567499002 0.07538832729178771
3.5 3.75 49 50 27.14238790291132 0.07227984219029088
3.75 4 0 1 -318.4022607897729 1.830348049502534
3.75 4 1 2 -4008.040116986355 27.83311864151861
3.75 4 2 3 -2795.437275561157 12.85913347083074
3.75 4 3 4 -1706.820841191619 7.485756688406387
3.75 4 4 5 -1044.308740711763 4.861377543668393
3.75 4 5 6 -642.5989742704846 3.365478165445138
3.75 4 6 7 -393.3671948966976 2.428139135498762
3.75 4 7 8 -234.7555630130455 1.801994283486014
3.75 4 8 9 -131.523066262479 1.364207161576392
3.75 4 9 10 -63.11294854505684 1.047558649780797
3.75 4 10 11 -17.23201547430904 0.8128392430459265
3.75 4 11 12 13.73599016885373 0.6357707625309259
3.75 4 12 13 34.62725119185109 0.5007563664082143
3.75 4 13 14 48.59354086125836 0.3974949062136902
3.75 4 14 15 57.73542188531383 0.3190549143846453
3.75 4 15 16 63.48066152775846 0.2828129063731625
3.75 4 16 17 66.81646950964233 0.2603921059513321
3.75 4 17 18 68.43558801040126 0.2403261809690241
3.75 4 18 19 68.83029884391226 0.2222937001266395
3.75 4 19 20 68.35417862260192 0.2060268384826448
3.75 4 20 21 67.26343277046146 0.1913010212539996
3.75 4 21 22 65.74503224813924 0.1779267933315343
3.75 4 22 23 63.9361605517679 0.1681636297963127
3.75 4 23 24 61.93784059737996 0.1718180821689816
3.75 4 24 25 59.82460246225841 0.1755905010938612
3.75 4 25 26 57.65141944903553 0.1791205802184656
3.75 4 26 27 55.45873486902349 0.182222567875263
3.75 4 27 28 53.27613844120629 0.1848150398185164
3.75 4 28 29 51.12507724078318 0.1868770953438758
3.75 4 29 30 49.0208694775755 0.1884217604519078
3.75 4 30 31 46.97421027446583 0.1894800630034597
3.75 4 31 32 44.99230417135101 0.1900915949072454
3.75 4 32 33 43.07972124361559 0.1902989887056126
3.75 4 33 34 41.2390471444554 0.1901447532976131
3.75 4 34 35 39.47137851169948 0.1896695303305102
3.75 4 35 36 37.7767016551992 0.1889112036654915
3.75 4 36 37 36.15418267796021 0.1879045181126982
3.75 4 37 38 34.60239008142509 0.1866809969175579
3.75 4 38 39 33.11946567289468 0.1852690298495785
3.75 4 39 40 31.70325572997631 0.1836940533518862
3.75 4 40 41 30.35141155305513 0.1819787750984899
3.75 4 41 42 29.06146630960058 0.180143414236551
3.75 4 42 43 27.83089352579243 0.1782059404145951
3.75 4 43 44 26.65715134022577 0.1761823022930516
3.75 4 44 45 25.53771567106732 0.174086640337748
3.75 4 45 46 24.46963702557611 0.1719872027635451
3.75 4 46 47 23.45128865222911 0.1700901105277762
3.75 4 47 48 22.47986189899726 0.1684100103501714
3.75 4 48 49 21.55310349507052 0.1669275298524915
3.75 4 49 50 20.66864522569452 0.1654750113592423
4 5 0 1 -1001.64314201475 2.8552321015108
4 5 1 2 -4414.323585791675 7.192416569978286
4 5 2 3 -2540.65046535384 5.391243089925811
4 5 3 4 -1393.108879367509 4.06056900233108
4 5 4 5 -767.4659539177401 3.037052356165147
4 5 5 6 -415.4040508021071 2.290437056752425
4 5 6 7 -210.7970661904167 1.787654116377498
4 5 7 8 -88.68288412123297 1.44742975383984
4 5 8 9 -14.40681491804185 1.207964302780707
4 5 9 10 31.17604608001182 1.030558034547607
4 5 10 11 58.99543163930173 0.8945522314587717
4 5 11 12 75.60603048488099 0.7885875547626571
4 5 12 13 85.01918670230668 0.7034041381749051
4 5 13 14 89.73962641958212 0.6327514489750621
4 5 14 15 91.37381993085592 0.5737594928037441
4 5 15 16 90.98186463948855 0.5243516141635532
4 5 16 17 89.27373855644947 0.4822215338315177
4 5 17 18 86.7268906079978 0.4454361994906256
4 5 18 19 83.6639349947651 0.4128597970306596
4 5 19 20 80.30485023071907 0.3838995997249779
4 5 20 21 76.80080954702385 0.3581094504201306
4 5 21 22 73.25571970548711 0.3350288521290289
4 5 22 23 69.74032750492248 0.3142132946414471
4 5 23 24 66.30192787267526 0.2952962855543204
4 5 24 25 62.97126257025357 0.2780063401950577
4 5 25 26 59.76744373898941 0.2621451939155256
4 5 26 27 56.70143505801803 0.2475573066547647
4 5 27 28 53.77849509451354 0.2341090263916829
4 5 28 29 50.99989549735959 0.2216799408634993
4 5 29 30 48.36414111436042 0.2101615207230052
4 5 30 31 45.86784684261563 0.1994579216482998
4 5 31 32 43.50637321421095 0.1894862107814229
4 5 32 33 41.27428828271239 0.1801754020717981
4 5 33 34 39.16570213729661 0.1714647119180636
4 5 34 35 37.17450719799328 0.1633016318708685
4 5 35 36 35.29454876405933 0.1556402235589844
4 5 36 37 33.51974414017876 0.1484397952238791
4 5 37 38 31.84416407295741 0.1416639501944185
4 5 38 39 30.26208670085779 0.1352799214481716
4 5 39 40 28.76803154777681 0.1292580986640579
4 5 40 41 27.35677912531091 0.1235716695356096
4 5 41 42 26.02338016237726 0.118196326436292
4 5 42 43 24.76315744212825 0.1131100110197566
4 5 43 44 23.57170244632656 0.1082926827316813
4 5 44 45 22.44486838010776 0.1037261076028169
4 5 45 46 21.3783062374926 0.09978704593180152
4 5 46 47 20.36889116572602 0.09788519973050866
4 5 47 48 19.41278858998375 0.09800720712866272
4 5 48 49 18.5068385972753 0.09972961442110409
4 5 49 50 17.64764590376738 0.101832185847524
-5 5 0 50 -530694.8743144041 92.03074745747583
