#ylo yhi qTlo qThi PDF0  uncertainty
-5 -4 0 1 -995.3250247291096 2.86268463940622
-5 -4 1 2 -4406.260317540812 7.245936016003414
-5 -4 2 3 -2542.100595706369 5.420392755133466
-5 -4 3 4 -1396.624509155582 4.070967609932199
-5 -4 4 5 -770.8233011721009 3.043682060857043
-5 -4 5 6 -418.100092794243 2.301080448715223
-5 -4 6 7 -212.8518376576078 1.799292147142193
-5 -4 7 8 -90.22467480553269 1.457119426709848
-5 -4 8 9 -15.55879782514739 1.21534540730631
-5 -4 9 10 30.31746168880795 1.036240393561843
-5 -4 10 11 58.35749989235831 0.8989853743180531
-5 -4 11 12 75.13530037046587 0.7920934946880011
-5 -4 12 13 84.67575227760778 0.7062190355776271
-5 -4 13 14 89.49369037741019 0.6350353239891054
-5 -4 14 15 91.20293604091773 0.5756143845731092
-5 -4 15 16 90.86904618012073 0.5258529975439787
-5 -4 16 17 89.20606364788915 0.4834339162159361
-5 -4 17 18 86.6944574902563 0.4464143754683665
-5 -4 18 19 83.65909302242369 0.4136479302454931
-5 -4 19 20 80.32164249610042 0.3845327544669272
-5 -4 20 21 76.83456692773512 0.3586160718524626
-5 -4 21 22 73.30276003620952 0.3354325595517609
-5 -4 22 23 69.79772936787177 0.3145338118624972
-5 -4 23 24 66.36735945231408 0.2955499698166646
-5 -4 24 25 63.04285198762793 0.278206648157245
-5 -4 25 26 59.84368060488333 0.2623031552560171
-5 -4 26 27 56.78109531800183 0.2476819594289511
-5 -4 27 28 53.86058318249621 0.234207778090271
-5 -4 28 29 51.08359940397155 0.2217588539571314
-5 -4 29 30 48.44879719103656 0.2102255407584698
-5 -4 30 31 45.9529120308856 0.1995110657521538
-5 -4 31 32 43.59140299486769 0.1895317280574011
-5 -4 32 33 41.35891906401865 0.1802159101083015
-5 -4 33 34 39.24963710583394 0.1715023119351484
-5 -4 34 35 37.25750488316082 0.1633380040093005
-5 -4 35 36 35.37641373887375 0.1556767050317508
-5 -4 36 37 33.60031941407371 0.1484774432890882
-5 -4 37 38 31.92332483067736 0.1417035931807874
-5 -4 38 39 30.33973512236733 0.1353222002501689
-5 -4 39 40 28.84409249948927 0.1293035004430708
-5 -4 40 41 27.43119656034541 0.1236205554266877
-5 -4 41 42 26.09611410057471 0.1182489546396768
-5 -4 42 43 24.83418142666624 0.1131665556020205
-5 -4 43 44 23.6410013957764 0.1083532493830932
-5 -4 44 45 22.51243676846494 0.1037907466444515
-5 -4 45 46 21.44414605855676 0.09985669884514822
-5 -4 46 47 20.4330116956891 0.09796495327232754
-5 -4 47 48 19.47520422934727 0.09810374444878625
-5 -4 48 49 18.56756834263918 0.09984994582253348
-5 -4 49 50 17.70671206144665 0.1019799541162295
-4 -3.75 0 1 -309.7833389810154 1.820854844577935
-4 -3.75 1 2 -3994.992767390527 27.95651628815889
-4 -3.75 2 3 -2794.82315581381 12.9676182894934
-4 -3.75 3 4 -1709.498839135596 7.570563387948688
-4 -3.75 4 5 -1047.47140827508 4.928750609882466
-4 -3.75 5 6 -645.4305277030635 3.42020386820797
-4 -3.75 6 7 -395.7044835963588 2.473422919588264
-4 -3.75 7 8 -236.6271751637435 1.840054497885829
-4 -3.75 8 9 -133.0032221675835 1.396361572959198
-4 -3.75 9 10 -64.27889442393348 1.075048524999871
-4 -3.75 10 11 -18.14918855992414 0.836341448277575
-4 -3.75 11 12 13.01474572245229 0.6558033695153628
-4 -3.75 12 13 34.06045981777038 0.5176604111421752
-4 -3.75 13 14 48.14895560445211 0.4114636664983233
-4 -3.75 14 15 57.38801642276701 0.330157272155002
-4 -3.75 15 16 63.21097120524479 0.2820838402106946
-4 -3.75 16 17 66.60928876685523 0.2597545879398909
-4 -3.75 17 18 68.27897073765848 0.2397676689623275
-4 -3.75 18 19 68.71479903736173 0.2218037898663949
-4 -3.75 19 20 68.2722757657163 0.2055968231693351
-4 -3.75 20 21 67.20909707896288 0.1909235565045739
-4 -3.75 21 22 65.71339505982337 0.1775956398590031
-4 -3.75 22 23 63.92326355315487 0.165453221596608
-4 -3.75 23 24 61.94044416474645 0.1663973102628893
-4 -3.75 24 25 59.84003840956311 0.1701229225988283
-4 -3.75 25 26 57.67747723330203 0.1737250975614225
-4 -3.75 26 27 55.49357310173102 0.1769709942548981
-4 -3.75 27 28 53.31821562521725 0.1797487683276439
-4 -3.75 28 29 51.17309718692519 0.1820180869660701
-4 -3.75 29 30 49.07373798988385 0.1837796339746997
-4 -3.75 30 31 47.03100053610748 0.1850566445381503
-4 -3.75 31 32 45.05222888861911 0.1858838429538257
-4 -3.75 32 33 43.14211007243571 0.1863008839616724
-4 -3.75 33 34 41.30332827261287 0.186348525670859
-4 -3.75 34 35 39.53706353196353 0.1860664583860279
-4 -3.75 35 36 37.84337306252621 0.1854921355344886
-4 -3.75 36 37 36.22148347232051 0.1846602096160268
-4 -3.75 37 38 34.67001507277534 0.1836023284869322
-4 -3.75 38 39 33.18715417023886 0.1823471428511662
-4 -3.75 39 40 31.77078536336957 0.1809204323147681
-4 -3.75 40 41 30.41859302940517 0.1793452937259526
-4 -3.75 41 42 29.12813894249055 0.1776423572031802
-4 -3.75 42 43 27.89692140991293 0.1758300091360595
-4 -3.75 43 44 26.72242006664224 0.1739246099930364
-4 -3.75 44 45 25.60212949756642 0.1719407003531937
-4 -3.75 45 46 24.53311620318156 0.1699477025140862
-4 -3.75 46 47 23.51376801889644 0.1681548004944033
-4 -3.75 47 48 22.54128833346414 0.1665769477022531
-4 -3.75 48 49 21.61343449328923 0.1651946372317583
-4 -3.75 49 50 20.72784744502313 0.1638380502476585
-3.75 -3.5 0 1 204.9426881522904 1.606130220556558
-3.75 -3.5 1 2 -4655.081047929214 24.46044742920641
-3.75 -3.5 2 3 -3689.002972411502 16.16723137143137
-3.75 -3.5 3 4 -2375.682998224709 11.4349748473447
-3.75 -3.5 4 5 -1519.874079181061 8.579138080151054
-3.75 -3.5 5 6 -979.8133585570065 6.707243573943158
-3.75 -3.5 6 7 -634.2219056613696 5.401965453415688
-3.75 -3.5 7 8 -408.1341299771 4.448947160754354
-3.75 -3.5 8 9 -256.9840125881342 3.72808591748991
-3.75 -3.5 9 10 -154.0046250698397 3.167595398602061
-3.75 -3.5 10 11 -82.82325499548551 2.721896712343948
-3.75 -3.5 11 12 -33.09605419950344 2.36091198657985
-3.75 -3.5 12 13 1.858160775109809 2.064004689330074
-3.75 -3.5 13 14 26.46260944102335 1.816589084116243
-3.75 -3.5 14 15 43.70950495250781 1.608088140183549
-3.75 -3.5 15 16 55.66237030899856 1.430660934570473
-3.75 -3.5 16 17 63.76871285429195 1.278382656679578
-3.75 -3.5 17 18 69.05922581450295 1.146700742759974
-3.75 -3.5 18 19 72.27747499500549 1.032064914517735
-3.75 -3.5 19 20 73.96602773022352 0.9316698373227923
-3.75 -3.5 20 21 74.52470316609225 0.8432725323895126
-3.75 -3.5 21 22 74.25062419837491 0.7650605113851342
-3.75 -3.5 22 23 73.36617284735746 0.6955550123090971
-3.75 -3.5 23 24 72.03877014002302 0.6335389617748112
-3.75 -3.5 24 25 70.39504584445433 0.5780026377585659
-3.75 -3.5 25 26 68.53110428388163 0.5281021903313472
-3.75 -3.5 26 27 66.52003857387751 0.4831276289631644
-3.75 -3.5 27 28 64.41748249560538 0.4424778651678502
-3.75 -3.5 28 29 62.26574767239651 0.4056410737927253
-3.75 -3.5 29 30 60.09693058392409 0.3721791059224756
-3.75 -3.5 30 31 57.93526255505432 0.3417150180394744
-3.75 -3.5 31 32 55.79889865585326 0.3139230200840897
-3.75 -3.5 32 33 53.70128746262719 0.28852031709124
-3.75 -3.5 33 34 51.65222543535964 0.2652604443622577
-3.75 -3.5 34 35 49.65867238780572 0.243927790390395
-3.75 -3.5 35 36 47.7253848489654 0.2243330697627212
-3.75 -3.5 36 37 45.85540980457509 0.2063095623418871
-3.75 -3.5 37 38 44.05047084754344 0.1897099731035895
-3.75 -3.5 38 39 42.3112709915153 0.1744037988979722
-3.75 -3.5 39 40 40.63773063758804 0.1602751109003002
-3.75 -3.5 40 41 39.02917493364353 0.1472206806798329
-3.75 -3.5 41 42 37.48448139355584 0.135148391435234
-3.75 -3.5 42 43 36.00219629011315 0.1239758875306916
-3.75 -3.5 43 44 34.58062641008648 0.1136294257158787
-3.75 -3.5 44 45 33.21791129470171 0.1040428959939943
-3.75 -3.5 45 46 31.91144900218627 0.09530332549095195
-3.75 -3.5 46 47 30.66032677762462 0.0879450512794259
-3.75 -3.5 47 48 29.46184890223878 0.08209363751549958
-3.75 -3.5 48 49 28.3139547127582 0.07776614829919737
-3.75 -3.5 49 50 27.21439084836425 0.07442656777044729
-3.5 -3.25 0 1 872.3087149125628 0.435155611774783
-3.5 -3.25 1 2 -4839.314393987352 18.31698203283078
-3.5 -3.25 2 3 -4337.870682257651 14.61911049375276
-3.5 -3.25 3 4 -2911.259631187301 11.05703423998304
-3.5 -3.25 4 5 -1922.418721041795 8.628414492758369
-3.5 -3.25 5 6 -1278.388544625525 6.936785659453707
-3.5 -3.25 6 7 -856.5983449582864 5.710816614850538
-3.5 -3.25 7 8 -575.0947490443036 4.790562378366196
-3.5 -3.25 8 9 -383.3283796414917 4.079361270727389
-3.5 -3.25 9 10 -250.207687499234 3.516614522530892
-3.5 -3.25 10 11 -156.3713001725882 3.062428356991088
-3.5 -3.25 11 12 -89.40531495721348 2.689782280297607
-3.5 -3.25 12 13 -41.18796909979892 2.379734392540874
-3.5 -3.25 13 14 -6.279657395270988 2.118658679761855
-3.5 -3.25 14 15 19.03937473385577 1.896525436598762
-3.5 -3.25 15 16 37.36104497917449 1.705802870925674
-3.5 -3.25 16 17 50.52198463866921 1.540734790592605
-3.5 -3.25 17 18 59.84318739896014 1.396853212734316
-3.5 -3.25 18 19 66.28739890919428 1.270641873331544
-3.5 -3.25 19 20 70.56449334183935 1.159299119048347
-3.5 -3.25 20 21 73.20328622215777 1.060567737181909
-3.5 -3.25 21 22 74.60127267795156 0.9726107916202237
-3.5 -3.25 22 23 75.05958934833615 0.8939196622470464
-3.5 -3.25 23 24 74.80792316295623 0.8232450029470668
-3.5 -3.25 24 25 74.02247753865265 0.7595442594148653
-3.5 -3.25 25 26 72.83907762789454 0.7019413184872705
-3.5 -3.25 26 27 71.362828799927 0.6496951588329208
-3.5 -3.25 27 28 69.67530236248496 0.6021752589956387
-3.5 -3.25 28 29 67.83992813602794 0.5588421329707327
-3.5 -3.25 29 30 65.90607360958995 0.5192317966508395
-3.5 -3.25 30 31 63.91215222025767 0.4829432747429393
-3.5 -3.25 31 32 61.888007764892 0.4496284811543633
-3.5 -3.25 32 33 59.856754807936 0.41898396606739
-3.5 -3.25 33 34 57.83620724554078 0.3907441434461263
-3.5 -3.25 34 35 55.83999292695864 0.3646757001089209
-3.5 -3.25 35 36 53.87842743666545 0.340572954391568
-3.5 -3.25 36 37 51.95920200239306 0.318253983449649
-3.5 -3.25 37 38 50.08792718399036 0.2975573751139011
-3.5 -3.25 38 39 48.26856406405506 0.2783394915626597
-3.5 -3.25 39 40 46.50376725074602 0.2604721533595902
-3.5 -3.25 40 41 44.79515852024028 0.2438406714706319
-3.5 -3.25 41 42 43.14354555378634 0.228342167992075
-3.5 -3.25 42 43 41.54909716815931 0.2138841379062036
-3.5 -3.25 43 44 40.01148389302756 0.2003832131578169
-3.5 -3.25 44 45 38.52999085226634 0.1877640962103229
-3.5 -3.25 45 46 37.10284908460984 0.1760594276226404
-3.5 -3.25 46 47 35.73021497464072 0.165598163914317
-3.5 -3.25 47 48 34.40993408832684 0.1564155874551875
-3.5 -3.25 48 49 33.140504892941 0.148486028059065
-3.5 -3.25 49 50 31.92014087900478 0.1414250849509566
-3.25 -3 0 1 1586.178724436443 1.184317414546698
-3.25 -3 1 2 -4676.008961182974 9.040690785523717
-3.25 -3 2 3 -4755.557969603426 9.514091586787364
-3.25 -3 3 4 -3306.750061573962 7.746800200368606
-3.25 -3 4 5 -2239.713737165673 6.289234342444701
-3.25 -3 5 6 -1524.944427595147 5.19332116450611
-3.25 -3 6 7 -1047.561297424755 4.363323084565788
-3.25 -3 7 8 -723.7315178858776 3.721425292027968
-3.25 -3 8 9 -499.8409428942905 3.214104538692859
-3.25 -3 9 10 -342.1802477753588 2.805561083212989
-3.25 -3 10 11 -229.4220725915136 2.470958252955687
-3.25 -3 11 12 -147.7164094747768 2.192973382384579
-3.25 -3 12 13 -87.90341520394236 1.959140814953735
-3.25 -3 13 14 -43.78919314186419 1.760310748060938
-3.25 -3 14 15 -11.10088231905934 1.589635533147357
-3.25 -3 15 16 13.16348997359046 1.441900265635994
-3.25 -3 16 17 31.14804995385759 1.313070896420863
-3.25 -3 17 18 44.40697600327212 1.199982751113003
-3.25 -3 18 19 54.08174266304263 1.100121630972588
-3.25 -3 19 20 61.02059079005346 1.011467212398163
-3.25 -3 20 21 65.8604554721951 0.9323791723069808
-3.25 -3 21 22 69.08404609441413 0.8615131366842528
-3.25 -3 22 23 71.06019644327944 0.7977577878180603
-3.25 -3 23 24 72.07277022048788 0.7401872093606068
-3.25 -3 24 25 72.34162204961115 0.6880243585521922
-3.25 -3 25 26 72.03796833922826 0.6406127674607419
-3.25 -3 26 27 71.2957752322406 0.5973944031427013
-3.25 -3 27 28 70.22027571881296 0.5578921872883207
-3.25 -3 28 29 68.89439530406429 0.5216960778369705
-3.25 -3 29 30 67.38363875981037 0.488451898483467
-3.25 -3 30 31 65.73983413304552 0.4578523078130998
-3.25 -3 31 32 64.00402087178128 0.4296294475882871
-3.25 -3 32 33 62.20869180121417 0.4035489193928445
-3.25 -3 33 34 60.3795436702793 0.3794048196793023
-3.25 -3 34 35 58.53685134970226 0.3570156236791527
-3.25 -3 35 36 56.69655194873624 0.3362207549701003
-3.25 -3 36 37 54.87110398124415 0.3168777119852058
-3.25 -3 37 38 53.07017113159395 0.2988596491634106
-3.25 -3 38 39 51.30116851256483 0.2820533319687636
-3.25 -3 39 40 49.56970057270462 0.2663574004313914
-3.25 -3 40 41 47.87991332579196 0.2516808884993471
-3.25 -3 41 42 46.23477838734837 0.2379419568738796
-3.25 -3 42 43 44.63632266629909 0.2250668044491274
-3.25 -3 43 44 43.08581450533188 0.2129887295838636
-3.25 -3 44 45 41.58391480477192 0.2016473185763136
-3.25 -3 45 46 40.12994729722854 0.1910961129951593
-3.25 -3 46 47 38.72528528858328 0.1816990146974768
-3.25 -3 47 48 37.36856179240451 0.1734942409856285
-3.25 -3 48 49 36.05903649279179 0.1664523986837214
-3.25 -3 49 50 34.79558774131297 0.1601649814308965
-3 -2.75 0 1 2272.689660628194 1.681924696716887
-3 -2.75 1 2 -4330.181534935373 4.280667959748006
-3 -2.75 2 3 -5007.86053654774 5.81188352731658
-3 -2.75 3 4 -3588.143545049856 4.970451255318613
-3 -2.75 4 5 -2479.854955349468 4.135196135955317
-3 -2.75 5 6 -1719.209163022062 3.469625312785895
-3 -2.75 6 7 -1202.906716753378 2.949824290497498
-3 -2.75 7 8 -848.0790207359823 2.539739972318698
-3 -2.75 8 9 -599.890726797652 2.210762390179696
-3 -2.75 9 10 -423.1876062532485 1.942859017447069
-3 -2.75 10 11 -295.4229648264695 1.721357445019838
-3 -2.75 11 12 -201.7990404399495 1.535872150902064
-3 -2.75 12 13 -132.4417598505061 1.378772460467835
-3 -2.75 13 14 -80.6222149268483 1.244376840345692
-3 -2.75 14 15 -41.66569847689607 1.128383730872031
-3 -2.75 15 16 -12.26633445109542 1.027485347826456
-3 -2.75 16 17 9.951826699794083 0.9391016039455889
-3 -2.75 17 18 26.72143805074165 0.8611937394152923
-3 -2.75 18 19 39.3226449638322 0.7921316260425924
-3 -2.75 19 20 48.71239185601462 0.7305977931979437
-3 -2.75 20 21 55.61354551953161 0.675516982948866
-3 -2.75 21 22 60.5772839325989 0.6260037298621052
-3 -2.75 22 23 64.02739899672156 0.5813228535159771
-3 -2.75 23 24 66.29217208058321 0.5408593307244464
-3 -2.75 24 25 67.62758686629616 0.5040950681662937
-3 -2.75 25 26 68.23442234518734 0.4705908126863567
-3 -2.75 26 27 68.27096870042072 0.4399719304887695
-3 -2.75 27 28 67.86257641760164 0.4119171288500797
-3 -2.75 28 29 67.10888991278927 0.3861494387868349
-3 -2.75 29 30 66.08937125145087 0.3624289504632751
-3 -2.75 30 31 64.86754962968791 0.3405469184281472
-3 -2.75 31 32 63.49431310517696 0.3203209468277155
-3 -2.75 32 33 62.01047471916621 0.3015910318397179
-3 -2.75 33 34 60.44878480583299 0.284216289648368
-3 -2.75 34 35 58.83551767343738 0.2680722359574015
-3 -2.75 35 36 57.19172904768482 0.2530485126250958
-3 -2.75 36 37 55.53425727765267 0.2390469779724839
-3 -2.75 37 38 53.87652401511258 0.225980095882042
-3 -2.75 38 39 52.22917710614269 0.2137695700005021
-3 -2.75 39 40 50.6006086808795 0.2023451817493021
-3 -2.75 40 41 48.99737417515459 0.1916437969995035
-3 -2.75 41 42 47.42453218942896 0.1816085145929954
-3 -2.75 42 43 45.88592101067505 0.1721879327812084
-3 -2.75 43 44 44.38438415295798 0.1633355161403316
-3 -2.75 44 45 42.9219547422436 0.1550090465460812
-3 -2.75 45 46 41.49908715426193 0.147327977834774
-3 -2.75 46 47 40.11833962759619 0.1408581989290593
-3 -2.75 47 48 38.77919246663868 0.1356819766200136
-3 -2.75 48 49 37.481706428016 0.1317715539490097
-3 -2.75 49 50 36.22546962318793 0.1285471216874486
-2.75 -2.5 0 1 2905.957573405765 2.162809480669578
-2.75 -2.5 1 2 -3910.162798219305 1.092783330406385
-2.75 -2.5 2 3 -5156.7505447039 2.697898574540667
-2.75 -2.5 3 4 -3789.261231958182 2.594046809263692
-2.75 -2.5 4 5 -2661.091820300399 2.28177518743461
-2.75 -2.5 5 6 -1870.612494787285 1.985220244213759
-2.75 -2.5 6 7 -1326.935490446174 1.733848005247491
-2.75 -2.5 7 8 -949.3915763302134 1.525228898336708
-2.75 -2.5 8 9 -682.8998108254368 1.351457935270381
-2.75 -2.5 9 10 -491.5491424741731 1.206009279214353
-2.75 -2.5 10 11 -352.0410054158262 1.082915816895692
-2.75 -2.5 11 12 -248.9513803317257 0.9778242550066054
-2.75 -2.5 12 13 -171.913496484266 0.8873206150928085
-2.75 -2.5 13 14 -113.8183482905717 0.8087573829779336
-2.75 -2.5 14 15 -69.69929221795678 0.7400644887276724
-2.75 -2.5 15 16 -36.02567274831745 0.6796074002819776
-2.75 -2.5 16 17 -10.24747865401559 0.6260823153685695
-2.75 -2.5 17 18 9.503697027770158 0.5784388695705474
-2.75 -2.5 18 19 24.61469076941398 0.5358228428247735
-2.75 -2.5 19 20 36.12694481969777 0.4975333424714692
-2.75 -2.5 20 21 44.83074931259432 0.4629905025817599
-2.75 -2.5 21 22 51.33146672781334 0.4317108784448613
-2.75 -2.5 22 23 56.09672894516882 0.4032885194890386
-2.75 -2.5 23 24 59.49051341608117 0.3773802736907139
-2.75 -2.5 24 25 61.79804225719101 0.3536942737458504
-2.75 -2.5 25 26 63.24417728882838 0.3319808392209064
-2.75 -2.5 26 27 64.00714881861404 0.3120252293160732
-2.75 -2.5 27 28 64.22889836426145 0.2936418249417597
-2.75 -2.5 28 29 64.02293833198632 0.2766694257647586
-2.75 -2.5 29 30 63.48037280118984 0.2609674208761132
-2.75 -2.5 30 31 62.67454408035303 0.2464126524014078
-2.75 -2.5 31 32 61.66464347781982 0.2328968300232637
-2.75 -2.5 32 33 60.49853516535109 0.2203243880334116
-2.75 -2.5 33 34 59.2149777910891 0.2086106989370047
-2.75 -2.5 34 35 57.84538195702407 0.1976805773949804
-2.75 -2.5 35 36 56.41520768851848 0.1874670210091341
-2.75 -2.5 36 37 54.9450809390288 0.177910144925421
-2.75 -2.5 37 38 53.45168960950656 0.1689562779691723
-2.75 -2.5 38 39 51.94850558524757 0.1605571909109437
-2.75 -2.5 39 40 50.44636877609281 0.1526694366949457
-2.75 -2.5 40 41 48.95396129699944 0.1452537826704495
-2.75 -2.5 41 42 47.4781936076285 0.1382747215122053
-2.75 -2.5 42 43 46.02452000606698 0.1317000478695411
-2.75 -2.5 43 44 44.59719708192569 0.1255004907228894
-2.75 -2.5 44 45 43.19949598144521 0.1196493938586046
-2.75 -2.5 45 46 41.83290735514004 0.114347678939687
-2.75 -2.5 46 47 40.50104712364245 0.1104228892073354
-2.75 -2.5 47 48 39.20418563499243 0.1079906526982501
-2.75 -2.5 48 49 37.94312472174317 0.1069897192303341
-2.75 -2.5 49 50 36.71811144926573 0.1065952549891657
-2.5 -2.25 0 1 3483.542291074391 1.608797903963856
-2.5 -2.25 1 2 -3481.917730225031 0.94882030445277
-2.5 -2.25 2 3 -5250.665976151905 1.687223284501933
-2.5 -2.25 3 4 -3939.007894922972 1.555762414766215
-2.5 -2.25 4 5 -2800.379663802619 1.381325038899169
-2.5 -2.25 5 6 -1989.088615944041 1.241658475899139
-2.5 -2.25 6 7 -1425.374371755514 1.111733980522615
-2.5 -2.25 7 8 -1030.807649578418 0.9975869531623123
-2.5 -2.25 8 9 -750.3763785290262 0.8982188076664606
-2.5 -2.25 9 10 -547.7283930880235 0.812471097795776
-2.5 -2.25 10 11 -399.0626515684598 0.737942342148272
-2.5 -2.25 11 12 -288.5202625708221 0.6729277600392479
-2.5 -2.25 12 13 -205.3825890877208 0.6159098903782404
-2.5 -2.25 13 14 -142.2640315412782 0.5656349396734337
-2.5 -2.25 14 15 -93.98233353527303 0.5210741905952955
-2.5 -2.25 15 16 -56.83876218039177 0.4813835643623763
-2.5 -2.25 16 17 -28.15176132632701 0.445868122477251
-2.5 -2.25 17 18 -5.949366004200783 0.4139528478979275
-2.5 -2.25 18 19 11.23732988029246 0.385159229408823
-2.5 -2.25 19 20 24.51525711450574 0.3590866897063023
-2.5 -2.25 20 21 34.72731907684954 0.3353978976562034
-2.5 -2.25 21 22 42.52142504847154 0.3138071338669439
-2.5 -2.25 22 23 48.39982829875305 0.29407104335067
-2.5 -2.25 23 24 52.75484496259435 0.2759812501789829
-2.5 -2.25 24 25 55.89502228103038 0.2593584273283053
-2.5 -2.25 25 26 58.06452104477808 0.2440475087839117
-2.5 -2.25 26 27 59.45761786639741 0.2299137997350998
-2.5 -2.25 27 28 60.22965785022336 0.2168398013890076
-2.5 -2.25 28 29 60.50539830956507 0.2047226011689777
-2.5 -2.25 29 30 60.3854160003857 0.1934717186248205
-2.5 -2.25 30 31 59.95106398145566 0.1830073168707332
-2.5 -2.25 31 32 59.26833290579145 0.1732587099592912
-2.5 -2.25 32 33 58.39087817872974 0.1641631123394966
-2.5 -2.25 33 34 57.36240734758724 0.1556645841585114
-2.5 -2.25 34 35 56.21857338452952 0.1477131408304322
-2.5 -2.25 35 36 54.98848389933261 0.1402639949106134
-2.5 -2.25 36 37 53.69590996797365 0.1332769107835018
-2.5 -2.25 37 38 52.36025873511227 0.1267156510039748
-2.5 -2.25 38 39 50.9973592164161 0.1205475016855978
-2.5 -2.25 39 40 49.62009962167349 0.1147428621433307
-2.5 -2.25 40 41 48.23894621442884 0.1092748907660958
-2.5 -2.25 41 42 46.86236703472358 0.1041191968467641
-2.5 -2.25 42 43 45.49717911404886 0.0992535731493274
-2.5 -2.25 43 44 44.14883377378305 0.09465776163972145
-2.5 -2.25 44 45 42.821651684096 0.09031324840879051
-2.5 -2.25 45 46 41.51800510931992 0.08652966624251644
-2.5 -2.25 46 47 40.2424068696009 0.08451409775809951
-2.5 -2.25 47 48 38.99580410460101 0.08440140716033645
-2.5 -2.25 48 49 37.77963437970436 0.08623581687506117
-2.5 -2.25 49 50 36.59470942933942 0.09210643459192616
-2.25 -2 0 1 4007.106323390378 1.038581517338024
-2.25 -2 1 2 -3091.516945860442 0.8438237609409038
-2.25 -2 2 3 -5346.062893927839 1.648980941465233
-2.25 -2 3 4 -4082.337418945913 1.528296384855612
-2.25 -2 4 5 -2929.195276715138 1.348967192387702
-2.25 -2 5 6 -2095.184162270948 1.190027641236526
-2.25 -2 6 7 -1510.878512840321 1.056475525255323
-2.25 -2 7 8 -1099.508853886762 0.9443273589072984
-2.25 -2 8 9 -805.7584711543577 0.8495422930695204
-2.25 -2 9 10 -592.610981122893 0.7682289957505618
-2.25 -2 10 11 -435.6381861506059 0.6981616896028281
-2.25 -2 11 12 -318.4805430587303 0.6372161818157999
-2.25 -2 12 13 -230.0352944305123 0.5838196508060742
-2.25 -2 13 14 -162.6265301854858 0.5367313795602141
-2.25 -2 14 15 -110.852595802254 0.4949615289489388
-2.25 -2 15 16 -70.84800974098016 0.4577120152441453
-2.25 -2 16 17 -39.8034555538386 0.4243330276810627
-2.25 -2 17 18 -15.64820480461549 0.3942906792601828
-2.25 -2 18 19 3.163683665919507 0.3671426519215256
-2.25 -2 19 20 17.79974884915214 0.3425196561738557
-2.25 -2 20 21 29.15096799167168 0.3201111626261209
-2.25 -2 21 22 37.90367221689075 0.2996543176113703
-2.25 -2 22 23 44.59103867398449 0.2809252476833358
-2.25 -2 23 24 49.6304343500467 0.2637321823414601
-2.25 -2 24 25 53.35082136381425 0.2479099696370116
-2.25 -2 25 26 56.01308944615994 0.2333156690898362
-2.25 -2 26 27 57.82529389394983 0.2198249852677019
-2.25 -2 27 28 58.95418237622039 0.2073293614516811
-2.25 -2 28 29 59.53398998876639 0.1957335970623844
-2.25 -2 29 30 59.6732037025771 0.1849538810160007
-2.25 -2 30 31 59.459803746143 0.1749161612187382
-2.25 -2 31 32 58.96535285698224 0.1655547828829628
-2.25 -2 32 33 58.24820709740868 0.1568113484655073
-2.25 -2 33 34 57.35605197174397 0.1486337557424621
-2.25 -2 34 35 56.32791673750427 0.1409753839590745
-2.25 -2 35 36 55.19578255192374 0.1337944029147368
-2.25 -2 36 37 53.98587252205891 0.1270531815299061
-2.25 -2 37 38 52.71969125596434 0.1207177825458307
-2.25 -2 38 39 51.41486606084703 0.1147575271332379
-2.25 -2 39 40 50.08583026658272 0.1091446196077932
-2.25 -2 40 41 48.74438041927169 0.1038538211632472
-2.25 -2 41 42 47.40013204790216 0.09886216876747868
-2.25 -2 42 43 46.06089375424557 0.0941487271977853
-2.25 -2 43 44 44.7329751139367 0.08969437544871754
-2.25 -2 44 45 43.42144080135108 0.08548161635719333
-2.25 -2 45 46 42.12926485448494 0.08214929848077029
-2.25 -2 46 47 40.86160592301837 0.08208456051249771
-2.25 -2 47 48 39.61985542546921 0.08535260214757172
-2.25 -2 48 49 38.4058761985718 0.09133648055933898
-2.25 -2 49 50 37.22084982686371 0.09767007313355121
-2 -1.75 0 1 4506.737234837949 1.073893614514241
-2 -1.75 1 2 -2697.689689689478 2.950145072504286
-2 -1.75 2 3 -5408.260247964095 2.878074125445532
-2 -1.75 3 4 -4202.894032684688 2.334418365999434
-2 -1.75 4 5 -3047.400871081534 1.909745672880196
-2 -1.75 5 6 -2199.281532823532 1.595885338449944
-2 -1.75 6 7 -1599.767961667816 1.359362415381845
-2 -1.75 7 8 -1174.730941929256 1.17606239389237
-2 -1.75 8 9 -869.3563978906163 1.030525464579724
-2 -1.75 9 10 -646.5104475698836 0.9121857464457366
-2 -1.75 10 11 -481.4913161509794 0.814464426693747
-2 -1.75 11 12 -357.6564704358723 0.7323373831367154
-2 -1.75 12 13 -263.6531061001788 0.6624588266501398
-2 -1.75 13 14 -191.5978047584076 0.6023413470559575
-2 -1.75 14 15 -135.9206988227497 0.5501285090987608
-2 -1.75 15 16 -92.62121606172491 0.5044067506352181
-2 -1.75 16 17 -58.78177018871565 0.464080494700872
-2 -1.75 17 18 -32.24470743659595 0.4282872198259068
-2 -1.75 18 19 -11.39403835251665 0.3963384017944342
-2 -1.75 19 20 4.994490094618413 0.367677593589499
-2 -1.75 20 21 17.85800989414554 0.3418501085383795
-2 -1.75 21 22 27.92061203301716 0.3184807179601551
-2 -1.75 22 23 35.74652730258788 0.2972569899978626
-2 -1.75 23 24 41.77879118608507 0.2779166664062602
-2 -1.75 24 25 46.36768695177705 0.2602379770911733
-2 -1.75 25 26 49.79189736716728 0.2440321210820863
-2 -1.75 26 27 52.2743927344527 0.2291373678233792
-2 -1.75 27 28 53.99447630072598 0.215414383863265
-2 -1.75 28 29 55.09699522822643 0.2027424972887871
-2 -1.75 29 30 55.69944032949468 0.1910166865812669
-2 -1.75 30 31 55.89745909540773 0.1801451349605263
-2 -1.75 31 32 55.76916609494685 0.1700472296273859
-2 -1.75 32 33 55.378534660323 0.160651914080489
-2 -1.75 33 34 54.77808158494361 0.1518963229546385
-2 -1.75 34 35 54.01100400864192 0.1437246437218127
-2 -1.75 35 36 53.11288909049352 0.1360871633884299
-2 -1.75 36 37 52.11308847549037 0.1289394648546142
-2 -1.75 37 38 51.03582829627419 0.1222417471931318
-2 -1.75 38 39 49.90110937420781 0.115958247831529
-2 -1.75 39 40 48.72544012221039 0.1100567482024656
-2 -1.75 40 41 47.5224355420865 0.1045081513692605
-2 -1.75 41 42 46.30330833658945 0.09928611752256922
-2 -1.75 42 43 45.07727298865439 0.09436674916730743
-2 -1.75 43 44 43.85187916717575 0.0897283186262291
-2 -1.75 44 45 42.63328761270776 0.08535103111377071
-2 -1.75 45 46 41.42541339159342 0.08161188458499441
-2 -1.75 46 47 40.23433114915244 0.08155709797043641
-2 -1.75 47 48 39.06216836849151 0.08528106815063273
-2 -1.75 48 49 37.91146903260849 0.09186257919964716
-2 -1.75 49 50 36.78401653995098 0.09880798140332425
-1.75 -1.5 0 1 4969.747602428472 0.9891144069676375
-1.75 -1.5 1 2 -2310.980105073589 0.8503780942719618
-1.75 -1.5 2 3 -5438.587206728364 1.762214316676046
-1.75 -1.5 3 4 -4276.846544453793 1.701176470913491
-1.75 -1.5 4 5 -3114.419176764734 1.515721176733118
-1.75 -1.5 5 6 -2253.231402041496 1.329451921681488
-1.75 -1.5 6 7 -1642.025953273359 1.166379000045365
-1.75 -1.5 7 8 -1207.679772737668 1.028432883786956
-1.75 -1.5 8 9 -895.156016364469 0.9138273676098592
-1.75 -1.5 9 10 -666.8018988142558 0.8151293233838226
-1.75 -1.5 10 11 -497.5056689328167 0.7332685632203118
-1.75 -1.5 11 12 -370.3459540426943 0.6627585524979281
-1.75 -1.5 12 13 -273.7304324362228 0.6019732044827223
-1.75 -1.5 13 14 -199.60810024379 0.5491549968581716
-1.75 -1.5 14 15 -142.2851336694921 0.5029239831496083
-1.75 -1.5 15 16 -97.66833084162818 0.4621892419490936
-1.75 -1.5 16 17 -62.770100387713 0.4260807431637605
-1.75 -1.5 17 18 -35.37929066085326 0.3938980912213882
-1.75 -1.5 18 19 -13.83860079889973 0.3650721767213894
-1.75 -1.5 19 20 3.108428346994287 0.339136416036692
-1.75 -1.5 20 21 16.4242526990372 0.315705038862657
-1.75 -1.5 21 22 26.85302894607582 0.2944565679308204
-1.75 -1.5 22 23 34.97499622715566 0.2751211280915346
-1.75 -1.5 23 24 41.24603942611111 0.2574706127498426
-1.75 -1.5 24 25 46.02681173164274 0.2413109927458026
-1.75 -1.5 25 26 49.60440539192007 0.2264762502932187
-1.75 -1.5 26 27 52.20863988471126 0.2128235533729888
-1.75 -1.5 27 28 54.02441837613537 0.2002293873921499
-1.75 -1.5 28 29 55.20118232600123 0.1885864314227208
-1.75 -1.5 29 30 55.8602033750268 0.1778010170513946
-1.75 -1.5 30 31 56.10024887590691 0.1677910486560673
-1.75 -1.5 31 32 56.00201402415587 0.1584842897038684
-1.75 -1.5 32 33 55.63161121894962 0.1498169428235798
-1.75 -1.5 33 34 55.04333351849453 0.1417324673640342
-1.75 -1.5 34 35 54.28185530094191 0.1341805879533468
-1.75 -1.5 35 36 53.38399380113918 0.1271164610538141
-1.75 -1.5 36 37 52.38012590606661 0.120499969749893
-1.75 -1.5 37 38 51.29533282820989 0.1142951248628017
-1.75 -1.5 38 39 50.15032879704313 0.1084695542827281
-1.75 -1.5 39 40 48.96221744426379 0.1029940658792178
-1.75 -1.5 40 41 47.74511021250731 0.0978422707038499
-1.75 -1.5 41 42 46.51063355007676 0.09299026070839636
-1.75 -1.5 42 43 45.26834635734866 0.08841632619495422
-1.75 -1.5 43 44 44.02608452012487 0.08410071353344731
-1.75 -1.5 44 45 42.79024608206419 0.08002541268776633
-1.75 -1.5 45 46 41.56490133950169 0.07689027248935182
-1.75 -1.5 46 47 40.35636617156666 0.07731244514406203
-1.75 -1.5 47 48 39.16685929993588 0.08138132546847564
-1.75 -1.5 48 49 37.99903250026301 0.0884422436749315
-1.75 -1.5 49 50 36.85476425051337 0.0959043233273934
-1.5 -1.25 0 1 5409.709267498329 3.114464909625619
-1.5 -1.25 1 2 -1927.20286590948 3.666737669031129
-1.5 -1.25 2 3 -5461.790398877428 1.691707021495245
-1.5 -1.25 3 4 -4356.487052249128 1.626577277089327
-1.5 -1.25 4 5 -3195.649429781814 1.452325757649654
-1.5 -1.25 5 6 -2325.264088992946 1.282249083252992
-1.5 -1.25 6 7 -1703.5383569538 1.134136645304399
-1.5 -1.25 7 8 -1259.657322809228 1.008551470791819
-1.5 -1.25 8 9 -939.0135994818552 0.901390367019608
-1.5 -1.25 9 10 -703.9752555550258 0.8117524807492691
-1.5 -1.25 10 11 -529.0849920255932 0.733847738142037
-1.5 -1.25 11 12 -397.3170680686271 0.6669351147482877
-1.5 -1.25 12 13 -296.8749989261146 0.6087553845914874
-1.5 -1.25 13 14 -219.5606420588761 0.5578104852379968
-1.5 -1.25 14 15 -159.5617070387702 0.5129096768828699
-1.5 -1.25 15 16 -112.6903209721686 0.4731000852799098
-1.5 -1.25 16 17 -75.88328261564243 0.437612947495386
-1.5 -1.25 17 18 -46.86888542018733 0.4058227187788656
-1.5 -1.25 18 19 -23.94111541021175 0.3772160743046454
-1.5 -1.25 19 20 -5.804123072690118 0.3513683494874182
-1.5 -1.25 20 21 8.536572681838152 0.3279255188776109
-1.5 -1.25 21 22 19.85130711620263 0.3065903170964338
-1.5 -1.25 22 23 28.74183184131005 0.287111451742236
-1.5 -1.25 23 24 35.68179945746499 0.2698291173015925
-1.5 -1.25 24 25 41.04660885851592 0.2558110942137529
-1.5 -1.25 25 26 45.13564606537977 0.2427846540017345
-1.5 -1.25 26 27 48.18902461200651 0.2306588757986873
-1.5 -1.25 27 28 50.40030274206538 0.2193529710459042
-1.5 -1.25 28 29 51.92622735748114 0.2087949988590356
-1.5 -1.25 29 30 52.89425920382155 0.1989207539646463
-1.5 -1.25 30 31 53.40842746094745 0.1896728048112205
-1.5 -1.25 31 32 53.55391581525976 0.1809996623479926
-1.5 -1.25 32 33 53.40067773954729 0.172855062444409
-1.5 -1.25 33 34 53.00630339081329 0.1651973434031353
-1.5 -1.25 34 35 52.4183055995033 0.1579889076736886
-1.5 -1.25 35 36 51.67595206525891 0.1511957537980953
-1.5 -1.25 36 37 50.81174088629268 0.1447870700967398
-1.5 -1.25 37 38 49.85259422180775 0.1387348791650316
-1.5 -1.25 38 39 48.82082798964677 0.1330137295430037
-1.5 -1.25 39 40 47.73494267990719 0.1276004232257819
-1.5 -1.25 40 41 46.61027076867833 0.1224737789337683
-1.5 -1.25 41 42 45.45950841123357 0.1176144230408439
-1.5 -1.25 42 43 44.29315365104003 0.1130046050043209
-1.5 -1.25 43 44 43.11986858901707 0.1086280353308315
-1.5 -1.25 44 45 41.9467795836436 0.1044697417554338
-1.5 -1.25 45 46 40.77857211005181 0.1008597262354103
-1.5 -1.25 46 47 39.62217649603818 0.09907292663430062
-1.5 -1.25 47 48 38.48028863693952 0.09928994826788913
-1.5 -1.25 48 49 37.35600853727541 0.1014160152158302
-1.5 -1.25 49 50 36.25160112946534 0.1042050139314796
-1.25 -1 0 1 5782.011863679366 1.570220815326805
-1.25 -1 1 2 -1618.723549569477 0.7615929173009837
-1.25 -1 2 3 -5497.284008808143 2.112828941590475
-1.25 -1 3 4 -4433.182398565927 2.00546012896721
-1.25 -1 4 5 -3268.123532495265 1.764603269126137
-1.25 -1 5 6 -2386.13988651518 1.541345382622198
-1.25 -1 6 7 -1753.091186685771 1.353415314169603
-1.25 -1 7 8 -1299.684125154035 1.19765509229465
-1.25 -1 8 9 -971.3539657277461 1.067460836034255
-1.25 -1 9 10 -730.1847310569619 0.9588465954703657
-1.25 -1 10 11 -550.4086718402896 0.8659632577193648
-1.25 -1 11 12 -414.7257317754143 0.7864629941197067
-1.25 -1 12 13 -311.1298876433129 0.7176468966585536
-1.25 -1 13 14 -231.2596322790141 0.6575917889026648
-1.25 -1 14 15 -169.1773074722034 0.6047988892942703
-1.25 -1 15 16 -120.5985995599226 0.5580863843832833
-1.25 -1 16 17 -82.38567943706721 0.5165115307416371
-1.25 -1 17 18 -52.20866615708292 0.4793139784390009
-1.25 -1 18 19 -28.3158439681481 0.4458741745843528
-1.25 -1 19 20 -9.37518412831173 0.4156825017922465
-1.25 -1 20 21 5.636645122707023 0.3883161139027139
-1.25 -1 21 22 17.51314343705894 0.3634213492068925
-1.25 -1 22 23 26.87477951846745 0.3407002276752391
-1.25 -1 23 24 34.21041830857962 0.3198999777569461
-1.25 -1 24 25 39.90788934701914 0.3008048295156194
-1.25 -1 25 26 44.27678679823543 0.2832295272037486
-1.25 -1 26 27 47.56564565422798 0.2670141550988765
-1.25 -1 27 28 49.97500107483449 0.2520199783621835
-1.25 -1 28 29 51.66740277162717 0.2381260743081161
-1.25 -1 29 30 52.77515531158986 0.2252265847038651
-1.25 -1 30 31 53.40634483558256 0.2132284598154153
-1.25 -1 31 32 53.64956361967506 0.2020495948472464
-1.25 -1 32 33 53.57763734837783 0.1916172812141377
-1.25 -1 33 34 53.2505830142739 0.1818669123074897
-1.25 -1 34 35 52.71796918093787 0.1727408974438117
-1.25 -1 35 36 52.02080905312147 0.1641877439542114
-1.25 -1 36 37 51.19308609422677 0.1561612804651555
-1.25 -1 37 38 50.26298905361523 0.1486199940483044
-1.25 -1 38 39 49.2539159443017 0.1415264644621175
-1.25 -1 39 40 48.18529335914127 0.1348468783353948
-1.25 -1 40 41 47.07324765672104 0.1285506098686146
-1.25 -1 41 42 45.93115653988218 0.1226098596265323
-1.25 -1 42 43 44.7701039467957 0.1169993397119329
-1.25 -1 43 44 43.59925625408067 0.111696000965113
-1.25 -1 44 45 42.42617430680525 0.1066787939337027
-1.25 -1 45 46 41.25589012543867 0.1023064085152587
-1.25 -1 46 47 40.09571499466222 0.09999599768114281
-1.25 -1 47 48 38.94859581726445 0.09996889389029169
-1.25 -1 48 49 37.81787358160076 0.1021138458188578
-1.25 -1 49 50 36.7060246127941 0.1089900070758771
-1 -0.75 0 1 6106.535417084406 2.303588398843126
-1 -0.75 1 2 -1323.094677451553 2.071665076334237
-1 -0.75 2 3 -5495.823452147191 1.560644650502593
-1 -0.75 3 4 -4471.684562805724 1.517163584956827
-1 -0.75 4 5 -3307.934499961242 1.360808810625168
-1 -0.75 5 6 -2420.331856027814 1.209885971477334
-1 -0.75 6 7 -1781.135129499038 1.079685414371091
-1 -0.75 7 8 -1322.412696849644 0.9692956105040323
-1 -0.75 8 9 -989.7541848921428 0.8752084075926665
-1 -0.75 9 10 -745.122504045501 0.7941428923988312
-1 -0.75 10 11 -562.5875799000796 0.7244666851734257
-1 -0.75 11 12 -424.6943410924951 0.6634968219253949
-1 -0.75 12 13 -319.3203754345029 0.6099233465735499
-1 -0.75 13 14 -238.0119758049766 0.5625418596108583
-1 -0.75 14 15 -174.7604577721338 0.5203906071057408
-1 -0.75 15 16 -125.2267128418578 0.4826936291531782
-1 -0.75 16 17 -86.23040584173032 0.4488186425979274
-1 -0.75 17 18 -55.40844782902991 0.4182456569836411
-1 -0.75 18 19 -30.98298374437263 0.3905433595470931
-1 -0.75 19 20 -11.60125782434329 0.3653511588105513
-1 -0.75 20 21 3.776611346598656 0.342365380094944
-1 -0.75 21 22 15.95742255829009 0.3213285536234687
-1 -0.75 22 23 25.57239444035451 0.3020210143542885
-1 -0.75 23 24 33.11912785352138 0.2842542611116102
-1 -0.75 24 25 38.99258618686758 0.2678656605976353
-1 -0.75 25 26 43.50821503162103 0.2527141911563648
-1 -0.75 26 27 46.9193683275879 0.2386769963184402
-1 -0.75 27 28 49.4305645342331 0.2256465746160495
-1 -0.75 28 29 51.20765704526355 0.2135284746829397
-1 -0.75 29 30 52.38569892917712 0.2022393903444191
-1 -0.75 30 31 53.07506944032218 0.1917055795984952
-1 -0.75 31 32 53.36627902341229 0.181861544170986
-1 -0.75 32 33 53.33376173817089 0.1726489203375882
-1 -0.75 33 34 53.03888615433937 0.1640155441702117
-1 -0.75 34 35 52.53235889925031 0.155914658594829
-1 -0.75 35 36 51.85615321473807 0.1483042387764584
-1 -0.75 36 37 51.04506376598255 0.14114641531928
-1 -0.75 37 38 50.12796576735968 0.134406979623601
-1 -0.75 38 39 49.12883891004969 0.1280549574049249
-1 -0.75 39 40 48.06760324274757 0.1220622404422838
-1 -0.75 40 41 46.96080415346904 0.1164032665212847
-1 -0.75 41 42 45.8221754601596 0.1110547425073143
-1 -0.75 42 43 44.66310393881326 0.1059954005942804
-1 -0.75 43 44 43.49301360927149 0.1012057865117989
-1 -0.75 44 45 42.31968456031314 0.09666807332013058
-1 -0.75 45 46 41.14831076919882 0.0931681159011144
-1 -0.75 46 47 39.98640773892095 0.09364415659341711
-1 -0.75 47 48 38.83703262294515 0.09820675524135751
-1 -0.75 48 49 37.7036408531155 0.1061273631600848
-1 -0.75 49 50 36.58879954194009 0.1145091226021494
-0.75 -0.5 0 1 6361.562395105259 3.302180064417417
-0.75 -0.5 1 2 -1093.212565947176 2.800759267880104
-0.75 -0.5 2 3 -5500.874425336633 1.566632326337697
-0.75 -0.5 3 4 -4510.311605447485 1.532968711710095
-0.75 -0.5 4 5 -3348.279485616972 1.377170373778335
-0.75 -0.5 5 6 -2456.094849203707 1.223901926272008
-0.75 -0.5 6 7 -1811.515156292834 1.090732903520088
-0.75 -0.5 7 8 -1347.926116327089 0.9774312451578545
-0.75 -0.5 8 9 -1011.160884356362 0.8950197993079575
-0.75 -0.5 9 10 -763.1355246658572 0.8252699153082983
-0.75 -0.5 10 11 -577.8172806969151 0.7624305911965289
-0.75 -0.5 11 12 -437.6330288444306 0.7054747527754518
-0.75 -0.5 12 13 -330.3671672697258 0.6541184802486817
-0.75 -0.5 13 14 -247.4887244037805 0.6077953021341038
-0.75 -0.5 14 15 -182.9274830556565 0.5659443356278208
-0.75 -0.5 15 16 -132.2955779196836 0.5280482243139603
-0.75 -0.5 16 17 -92.37399201349558 0.493645134403787
-0.75 -0.5 17 18 -60.76881928227613 0.4623293864102
-0.75 -0.5 18 19 -35.6775187875287 0.4337473850496715
-0.75 -0.5 19 20 -15.72744305357423 0.4075919212114049
-0.75 -0.5 20 21 0.1374133254832941 0.3835962453267367
-0.75 -0.5 21 22 12.73699434959872 0.3615285167961382
-0.75 -0.5 22 23 22.71329404871381 0.3411868542577761
-0.75 -0.5 23 24 30.57279162065026 0.3223950345555848
-0.75 -0.5 24 25 36.71780106391691 0.3049988064898504
-0.75 -0.5 25 26 41.46988128182716 0.288862756104098
-0.75 -0.5 26 27 45.08749207840276 0.273867650278048
-0.75 -0.5 27 28 47.7794333580581 0.2599081881436552
-0.75 -0.5 28 29 49.71516214117958 0.2468910981323681
-0.75 -0.5 29 30 51.03277537574183 0.2347335240045116
-0.75 -0.5 30 31 51.84523203662445 0.2233616547145105
-0.75 -0.5 31 32 52.24523589072521 0.2127095575622168
-0.75 -0.5 32 33 52.30909146885756 0.202718181841005
-0.75 -0.5 33 34 52.09976711687682 0.1933345069242609
-0.75 -0.5 34 35 51.66934151705391 0.1845108091483502
-0.75 -0.5 35 36 51.06096779449905 0.1762040328205945
-0.75 -0.5 36 37 50.310457834136 0.1683752447018363
-0.75 -0.5 37 38 49.44756598626924 0.1609891641777691
-0.75 -0.5 38 39 48.49703353329005 0.154013752600965
-0.75 -0.5 39 40 47.47944178901395 0.1474198579202854
-0.75 -0.5 40 41 46.41191155533278 0.1411809030564267
-0.75 -0.5 41 42 45.30867841581085 0.1352726138343978
-0.75 -0.5 42 43 44.18156758455484 0.1296727795974047
-0.75 -0.5 43 44 43.0403869352495 0.1243610431589467
-0.75 -0.5 44 45 41.89325326092899 0.1193187153029286
-0.75 -0.5 45 46 40.7456397002187 0.1149077060049368
-0.75 -0.5 46 47 39.60535102813736 0.1125444921594827
-0.75 -0.5 47 48 38.47565787395359 0.1124447652495569
-0.75 -0.5 48 49 37.3602188962499 0.1145055532359419
-0.75 -0.5 49 50 36.26177955364426 0.117344004517903
-0.5 -0.25 0 1 6533.282992856462 3.406105650317275
-0.5 -0.25 1 2 -942.0783888957499 2.449540483714723
-0.5 -0.25 2 3 -5508.153380714924 1.544659388361186
-0.5 -0.25 3 4 -4539.27931197721 1.529632805145784
-0.5 -0.25 4 5 -3377.470086988429 1.42160510082952
-0.5 -0.25 5 6 -2481.439987608268 1.339342414273587
-0.5 -0.25 6 7 -1832.661727452947 1.234457246892243
-0.5 -0.25 7 8 -1365.375345929388 1.130423311188238
-0.5 -0.25 8 9 -1025.539156995925 1.034420715797878
-0.5 -0.25 9 10 -775.0116025601769 0.9482116331342167
-0.5 -0.25 10 11 -587.6621260894008 0.870841563701801
-0.5 -0.25 11 12 -445.824424817315 0.8020850819470841
-0.5 -0.25 12 13 -337.2072412165116 0.7407781639286449
-0.5 -0.25 13 14 -253.2188143760663 0.6859776528668096
-0.5 -0.25 14 15 -187.7411500432913 0.636838411047808
-0.5 -0.25 15 16 -136.3489207923055 0.5926251834989461
-0.5 -0.25 16 17 -95.79364865919456 0.5527067231335708
-0.5 -0.25 17 18 -63.65813466135 0.5165439359847535
-0.5 -0.25 18 19 -38.12130506023482 0.483676931199989
-0.5 -0.25 19 20 -17.79567016212218 0.4537129053959026
-0.5 -0.25 20 21 -1.613261629406907 0.4263155098895485
-0.5 -0.25 21 22 11.25556563505779 0.4011958026325894
-0.5 -0.25 22 23 21.46071756633364 0.378104666834046
-0.5 -0.25 23 24 29.51516035653344 0.3568265072037237
-0.5 -0.25 24 25 35.82655290406649 0.337174023397204
-0.5 -0.25 25 26 40.72087808090919 0.3189838784602603
-0.5 -0.25 26 27 44.46027289478764 0.3021131041551803
-0.5 -0.25 27 28 47.25660576064183 0.2864361107172262
-0.5 -0.25 28 29 49.28190365891294 0.2718421914249516
-0.5 -0.25 29 30 50.67642332242599 0.2582334346494684
-0.5 -0.25 30 31 51.55494463254615 0.2455229680346309
-0.5 -0.25 31 32 52.01171119231071 0.2336334788049429
-0.5 -0.25 32 33 52.12433339213555 0.2224959611985961
-0.5 -0.25 33 34 51.9568899898668 0.212048651876859
-0.5 -0.25 34 35 51.56240628964929 0.2022361225966767
-0.5 -0.25 35 36 50.98484435214345 0.1930085036704501
-0.5 -0.25 36 37 50.26070891989065 0.1843208172790059
-0.5 -0.25 37 38 49.42034906603118 0.1761324028256643
-0.5 -0.25 38 39 48.48901761231537 0.1684064211357063
-0.5 -0.25 39 40 47.48773672145489 0.1611094234591788
-0.5 -0.25 40 41 46.43400782596711 0.1542109775454933
-0.5 -0.25 41 42 45.34239572287879 0.1476833415579754
-0.5 -0.25 42 43 44.22501083837614 0.1415011779562122
-0.5 -0.25 43 44 43.09190852331864 0.1356413041281167
-0.5 -0.25 44 45 41.95142062007841 0.1300824718536954
-0.5 -0.25 45 46 40.80919586012755 0.1251611118485861
-0.5 -0.25 46 47 39.67322469327064 0.1222081085172598
-0.5 -0.25 47 48 38.54690844681778 0.1214411671726609
-0.5 -0.25 48 49 37.43402987288573 0.1227917644368245
-0.5 -0.25 49 50 36.3374435280796 0.1249655539239775
-0.25 0 0 1 6621.195506215566 3.629152464340081
-0.25 0 1 2 -862.6169627594286 3.134177194694029
-0.25 0 2 3 -5508.977514952842 1.562585857696503
-0.25 0 3 4 -4550.812401158562 1.538748845838895
-0.25 0 4 5 -3389.015215908674 1.386186960475316
-0.25 0 5 6 -2491.118147145823 1.234170170146701
-0.25 0 6 7 -1840.393572971466 1.106895314276885
-0.25 0 7 8 -1371.454956180094 1.025928019228077
-0.25 0 8 9 -1030.291348208402 0.9472455565260681
-0.25 0 9 10 -778.714178147186 0.8744155890916648
-0.25 0 10 11 -590.539049331971 0.8076004765290357
-0.25 0 11 12 -448.048232539581 0.7473425102149935
-0.25 0 12 13 -338.9127994829096 0.6929846003319412
-0.25 0 13 14 -254.5114027876239 0.6439436849457069
-0.25 0 14 15 -188.7034543405166 0.5996344681852375
-0.25 0 15 16 -137.0463253761375 0.5595133410692341
-0.25 0 16 17 -96.27820179384116 0.523093120654987
-0.25 0 17 18 -63.97152218663996 0.4899448353696059
-0.25 0 18 19 -38.29709431956394 0.4596940292172939
-0.25 0 19 20 -17.86101759443227 0.4320150644168584
-0.25 0 20 21 -1.590224230636977 0.406625027533794
-0.25 0 21 22 11.34901382777002 0.3832779482143788
-0.25 0 22 23 21.60989075752286 0.3617596059575351
-0.25 0 23 24 29.70803466366408 0.3418829977275
-0.25 0 24 25 36.05326913875388 0.3234844417916854
-0.25 0 25 26 40.97334443830175 0.3064202584587009
-0.25 0 26 27 44.73184561300036 0.2905639530356215
-0.25 0 27 28 47.54183110477447 0.2758038297600823
-0.25 0 28 29 49.57630848007079 0.2620409702700935
-0.25 0 29 30 50.97634433408507 0.2491875192941818
-0.25 0 30 31 51.85738872720481 0.2371652284000795
-0.25 0 31 32 52.31424076963685 0.2259042154434096
-0.25 0 32 33 52.42497193345969 0.2153419057856935
-0.25 0 33 34 52.25404409273517 0.2054221261783531
-0.25 0 34 35 51.85480113176311 0.1960943264241797
-0.25 0 35 36 51.27147015320446 0.1873129094584168
-0.25 0 36 37 50.5407764341989 0.1790366530514255
-0.25 0 37 38 49.69325251606426 0.1712282089629242
-0.25 0 38 39 48.75430376742486 0.1638536682211578
-0.25 0 39 40 47.74507906366102 0.1568821823324096
-0.25 0 40 41 46.68318493833925 0.1502856330801346
-0.25 0 41 42 45.58327318786661 0.1440383429041952
-0.25 0 42 43 44.45752606307025 0.1381168215425932
-0.25 0 43 44 43.31605800529883 0.1324995423244568
-0.25 0 44 45 42.1672492568884 0.127166745804167
-0.25 0 45 46 41.01678111047096 0.1224686776072925
-0.25 0 46 47 39.87268955275124 0.1197824230745422
-0.25 0 47 48 38.73839442863743 0.1193269997809848
-0.25 0 48 49 37.6176985224314 0.1210209682526686
-0.25 0 49 50 36.51347151433669 0.1235237555109886
0 0.25 0 1 6620.695956467586 3.629149150140392
0 0.25 1 2 -863.5495185558584 3.134151622764791
0 0.25 2 3 -5509.584556029495 1.562507502413438
0 0.25 3 4 -4550.986987628575 1.538684301893965
0 0.25 4 5 -3388.946793590468 1.386152678633533
0 0.25 5 6 -2490.952153280271 1.234167890594285
0 0.25 6 7 -1840.202533712071 1.106917249211107
0 0.25 7 8 -1371.271245337527 1.025964246987521
0 0.25 8 9 -1030.12696298116 0.9472874559287782
0 0.25 9 10 -778.5715933126316 0.8744562351261047
0 0.25 10 11 -590.4173847613229 0.8076406533806416
0 0.25 11 12 -447.9443128187795 0.7473794345062809
0 0.25 12 13 -338.8234761434728 0.6930177893913776
0 0.25 13 14 -254.4338313444925 0.6439731303103341
0 0.25 14 15 -188.635268140418 0.5996604003496254
0 0.25 15 16 -136.9856454679884 0.5595360928345655
0 0.25 16 17 -96.2235790761149 0.5231130517650759
0 0.25 17 18 -63.92185908158422 0.4899622944068774
0 0.25 18 19 -38.25156780479028 0.459709335693413
0 0.25 19 20 -17.8190124278176 0.4320285025527052
0 0.25 20 21 -1.551278785742625 0.4066368459787463
0 0.25 21 22 11.38524965363627 0.3832883620572698
0 0.25 22 23 21.64368726534326 0.3617688006007107
0 0.25 23 24 29.73960569516532 0.3418911323061137
0 0.25 24 25 36.08278890658892 0.3234916530069873
0 0.25 25 26 41.0009594378439 0.3064266637720408
0 0.25 26 27 44.75768290310748 0.2905696534308416
0 0.25 27 28 47.56600395814326 0.2758089123254129
0 0.25 28 29 49.59892016265462 0.2620455101574019
0 0.25 29 30 50.99749057822225 0.2491915816064118
0 0.25 30 31 51.8771593094051 0.2371688695907054
0 0.25 31 32 52.33272048857953 0.2259074844548027
0 0.25 32 33 52.44224119901764 0.2153448454695513
0 0.25 33 34 52.27017926831229 0.2054247738233845
0 0.25 34 35 51.86987473184149 0.1960967145513428
0 0.25 35 36 51.28555095955551 0.1873150667102051
0 0.25 36 37 50.55392957394304 0.1790386045228801
0 0.25 37 38 49.70553952941583 0.1712299767634775
0 0.25 38 39 48.76578267695379 0.1638552716707491
0 0.25 39 40 47.75580445639531 0.1568836386967996
0 0.25 40 41 46.69320806127007 0.1502869575011448
0 0.25 41 42 45.59264205805493 0.1440395487323722
0 0.25 42 43 44.46628559103465 0.1381179206936669
0 0.25 43 44 43.32425012873205 0.1325005453751345
0 0.25 44 45 42.17491308150198 0.1271676620872616
0 0.25 45 46 41.02395301729706 0.1224695275946681
0 0.25 46 47 39.87940345488039 0.11978326923693
0 0.25 47 48 38.74468180223892 0.1193279032961353
0 0.25 48 49 37.62358860663107 0.1210219779299834
0 0.25 49 50 36.5189914223335 0.1235248746889926
0.25 0.5 0 1 6531.858933557925 3.406097600644259
0.25 0.5 1 2 -944.7319901949563 2.449470041169381
0.25 0.5 2 3 -5509.87345839312 1.544505887766743
0.25 0.5 3 4 -4539.768967384668 1.52952373015465
0.25 0.5 4 5 -3377.273774423114 1.421560907462492
0.25 0.5 5 6 -2480.971316280054 1.339352277359117
0.25 0.5 6 7 -1832.125052882364 1.23450102836592
0.25 0.5 7 8 -1364.860987327904 1.130487079527617
0.25 0.5 8 9 -1025.079999370902 1.034491246851964
0.25 0.5 9 10 -774.6139158493306 0.9482766013480353
0.25 0.5 10 11 -587.3230009866588 0.8709071321127158
0.25 0.5 11 12 -445.5346275831098 0.8021454595322784
0.25 0.5 12 13 -336.9577718476876 0.7408327442771535
0.25 0.5 13 14 -253.0016292188898 0.6860264697773577
0.25 0.5 14 15 -187.5496168318045 0.6368818207909157
0.25 0.5 15 16 -136.1778201712925 0.5926636796884993
0.25 0.5 16 17 -95.63899226344984 0.5527408346349019
0.25 0.5 17 18 -63.51693142908471 0.5165741742969551
0.25 0.5 18 19 -37.99133589680309 0.4837037662724172
0.25 0.5 19 20 -17.67529464781182 0.4537367570992429
0.25 0.5 20 21 -1.50126261525179 0.4263367473281298
0.25 0.5 21 22 11.36010180723429 0.401214747488738
0.25 0.5 22 23 21.55849057791124 0.3781215983828209
0.25 0.5 23 24 29.60672116484079 0.3568416675242569
0.25 0.5 24 25 35.91235028094968 0.3371876223733788
0.25 0.5 25 26 40.80129112011025 0.3189960982980797
0.25 0.5 26 27 44.53563323717628 0.3021241033018735
0.25 0.5 27 28 47.32721243901972 0.2864460273130531
0.25 0.5 28 29 49.34803274667729 0.2718511462573617
0.25 0.5 29 30 50.73833399859564 0.2582415334163435
0.25 0.5 30 31 51.61288283348483 0.2455303034252915
0.25 0.5 31 32 52.06591168191687 0.2336401325896472
0.25 0.5 32 33 52.1750208340062 0.222502005120959
0.25 0.5 33 34 52.00427942204533 0.2120541496529995
0.25 0.5 34 35 51.60670326977379 0.2022411302525537
0.25 0.5 35 36 51.02624494854155 0.1930130710112062
0.25 0.5 36 37 50.29939965741926 0.1843249884117759
0.25 0.5 37 38 49.45650689238698 0.176136217052098
0.25 0.5 38 39 48.52280991794993 0.168409913264603
0.25 0.5 39 40 47.51932142830219 0.1611126245953675
0.25 0.5 40 41 46.46353354747265 0.1542139154401877
0.25 0.5 41 42 45.37000198935209 0.1476860408765582
0.25 0.5 42 43 44.25082837997155 0.1415036609474319
0.25 0.5 43 44 43.1160595983016 0.1356435905040958
0.25 0.5 44 45 41.97401937830347 0.1300845793766452
0.25 0.5 45 46 40.83034863798662 0.1251630885526069
0.25 0.5 46 47 39.69303066592624 0.1222101160760756
0.25 0.5 47 48 38.56545976298298 0.121443368798734
0.25 0.5 48 49 37.45141219571067 0.122794295433234
0.25 0.5 49 50 36.35373634475681 0.1249684267236127
0.5 0.75 0 1 6359.300670127395 3.302178834595892
0.5 0.75 1 2 -1097.412202583926 2.800732957794103
0.5 0.75 2 3 -5503.568537157349 1.566510395157907
0.5 0.75 3 4 -4511.047379729304 1.532847257182572
0.5 0.75 4 5 -3347.93835793429 1.377103627086055
0.5 0.75 5 6 -2455.337120298115 1.223892432457161
0.5 0.75 6 7 -1810.662058603898 1.090760780327583
0.5 0.75 7 8 -1347.116554373768 0.9774821055819976
0.5 0.75 8 9 -1010.442557202733 0.8946751569469965
0.5 0.75 9 10 -762.5180799436212 0.8257261418566901
0.5 0.75 10 11 -577.2922635290261 0.76248110895136
0.5 0.75 11 12 -437.1856427129242 0.7055208175426884
0.5 0.75 12 13 -329.9826924695503 0.6541597610747889
0.5 0.75 13 14 -247.154230797692 0.6078319454344019
0.5 0.75 14 15 -182.6324342695684 0.5659767106364048
0.5 0.75 15 16 -132.0317607985307 0.5280767852401145
0.5 0.75 16 17 -92.1351846391824 0.4936703471401092
0.5 0.75 17 18 -60.55039539739141 0.4623516912367758
0.5 0.75 18 19 -35.47607668097407 0.4337671794262279
0.5 0.75 19 20 -15.54049190739397 0.4076095542819079
0.5 0.75 20 21 0.3117031587344172 0.3836120182135022
0.5 0.75 21 22 12.89998239764623 0.3615426862270364
0.5 0.75 22 23 22.86601158858593 0.341199637760571
0.5 0.75 23 24 30.71604446390143 0.3224066154821912
0.5 0.75 24 25 36.85224238903709 0.305009339401692
0.5 0.75 25 26 41.59606212791289 0.2888723712432373
0.5 0.75 26 27 45.20589555005677 0.2738764575268051
0.5 0.75 27 28 47.89049719331626 0.2599162807027268
0.5 0.75 28 29 49.81929313147407 0.2468985552073241
0.5 0.75 29 30 51.13035820370203 0.2347404132713578
0.5 0.75 30 31 51.9366343827279 0.2233680343334174
0.5 0.75 31 32 52.33081112374521 0.2127154777555484
0.5 0.75 32 33 52.38917983633792 0.2027236862345889
0.5 0.75 33 34 52.1746960601231 0.1933396335564587
0.5 0.75 34 35 51.73942552898455 0.1845155914773591
0.5 0.75 35 36 51.12650808722361 0.1762085003642691
0.5 0.75 36 37 50.37174198363834 0.1683794236706756
0.5 0.75 37 38 49.50486764926802 0.1609930778089679
0.5 0.75 38 39 48.55061228495737 0.1540174218599207
0.5 0.75 39 40 47.52954309916532 0.1474233014705589
0.5 0.75 40 41 46.458766902457 0.141184137910353
0.5 0.75 41 42 45.35250552754002 0.1352756552271619
0.5 0.75 42 43 44.2225707853313 0.1296756414188564
0.5 0.75 43 44 43.07875758310502 0.1243637380298551
0.5 0.75 44 45 41.92917025275636 0.1193212548429503
0.5 0.75 45 46 40.77926990952795 0.1149101491469879
0.5 0.75 46 47 39.63685019010688 0.1125470738357973
0.5 0.75 47 48 38.50517085764977 0.1124477297979102
0.5 0.75 48 49 37.38788049111261 0.1145091074846493
0.5 0.75 49 50 36.28771492733563 0.1173481647103332
0.75 1 0 1 6103.493556570958 2.303511434621304
0.75 1 1 2 -1328.738519289291 2.071165401224339
0.75 1 2 3 -5499.436587776891 1.560022347778339
0.75 1 3 4 -4472.663467667082 1.517127995095042
0.75 1 4 5 -3307.467661281213 1.361237279247435
0.75 1 5 6 -2419.306944134739 1.210522330914758
0.75 1 6 7 -1779.983267696595 1.080355518877783
0.75 1 7 8 -1321.320157784238 0.969909996891088
0.75 1 8 9 -988.7859421057565 0.875741944199835
0.75 1 9 10 -744.2884519720037 0.7946050895361617
0.75 1 10 11 -561.8793456391741 0.7248403443095192
0.75 1 11 12 -424.0910480092816 0.6638023907096358
0.75 1 12 13 -318.8022322837787 0.6101716337046194
0.75 1 13 14 -237.5615794612647 0.5627427492744688
0.75 1 14 15 -174.3636062829985 0.5205526809920877
0.75 1 15 16 -124.8723146342754 0.4828241406778969
0.75 1 16 17 -85.91003834498292 0.4489236247144672
0.75 1 17 18 -55.11583025352797 0.4183300738400268
0.75 1 18 19 -30.71348186205705 0.3906112636261036
0.75 1 19 20 -11.35146498343261 0.3654058378006569
0.75 1 20 21 4.009208194026087 0.3424094878372242
0.75 1 21 22 16.17469872436209 0.3213642237480019
0.75 1 22 23 25.7757778361181 0.3020499562147497
0.75 1 23 24 33.3097371989769 0.2842778404336325
0.75 1 24 25 39.17132922970393 0.2678849661482551
0.75 1 25 26 43.67585690070075 0.2527300891226164
0.75 1 26 27 47.07657807517501 0.2386901747758819
0.75 1 27 28 49.57794606119649 0.2256575797952771
0.75 1 28 29 51.34576906536302 0.2135377394938723
0.75 1 29 30 52.51506739185766 0.2022472578949789
0.75 1 30 31 53.1961948940824 0.191712321895728
0.75 1 31 32 53.47964067513988 0.1818673764900773
0.75 1 32 33 53.4398194415844 0.1726540134123563
0.75 1 33 34 53.13808116990572 0.1640200334473133
0.75 1 34 35 52.62511398734318 0.1559186515869063
0.75 1 35 36 51.94287243015793 0.1483078208884332
0.75 1 36 37 51.12613218131088 0.1411496547728378
0.75 1 37 38 50.20374925792663 0.1344099307779576
0.75 1 38 39 49.19968407145979 0.128057663735418
0.75 1 39 40 48.13383746934966 0.1220647369121857
0.75 1 40 41 47.02273587994267 0.1164055814897207
0.75 1 41 42 45.88009455459252 0.1110568988420166
0.75 1 42 43 44.71728222624159 0.1059974169325098
0.75 1 43 44 43.54370549998936 0.1012076782399361
0.75 1 44 45 42.36712776259031 0.09666985298901641
0.75 1 45 46 41.19272689239102 0.09316985360598522
0.75 1 46 47 40.02800352595142 0.09364613182038245
0.75 1 47 48 38.87600030366468 0.09820923386330641
0.75 1 48 49 37.74015921812008 0.1061305377691959
0.75 1 49 50 36.62303456321936 0.1145129708439152
1 1.25 0 1 5778.278690266606 1.570476716585165
1 1.25 1 2 -1625.670208839277 0.7637778922754943
1 1.25 2 3 -5501.768890189078 2.113178248361848
1 1.25 3 4 -4434.437983112208 2.005145380509859
1 1.25 4 5 -3267.584810183809 1.763996344877157
1 1.25 5 6 -2384.892166269728 1.540725632222396
1 1.25 6 7 -1751.669347189539 1.352890210058535
1 1.25 7 8 -1298.32409834755 1.197237776561923
1 1.25 8 9 -970.1405151948238 1.067530426817758
1 1.25 9 10 -729.1364854631106 0.9582152638727701
1 1.25 10 11 -549.5150554557058 0.8657880522062025
1 1.25 11 12 -413.9631918139321 0.7863342469047462
1 1.25 12 13 -310.4746344506043 0.7175540904145328
1 1.25 13 14 -230.6903980359355 0.6575269790887691
1 1.25 14 15 -168.6765292128696 0.6047559592747572
1 1.25 15 16 -120.1524209814586 0.5580605307165849
1 1.25 16 17 -81.98347586930277 0.5164989266447992
1 1.25 17 18 -51.84243530365165 0.4793115515449308
1 1.25 18 19 -27.97961848318346 0.4458794528567181
1 1.25 19 20 -9.064527410954497 0.4156935004754503
1 1.25 20 21 5.925044828386717 0.3883312473082635
1 1.25 21 22 17.78178651317876 0.3634393588820474
1 1.25 22 23 27.12558988588773 0.3407201240359202
1 1.25 23 24 34.44491530784728 0.319920989884679
1 1.25 24 25 40.12731092991203 0.3008263644663671
1 1.25 25 26 44.48217613721795 0.2832511352116568
1 1.25 26 27 47.75791087713469 0.2670355011695824
1 1.25 27 28 50.15495563265415 0.2520408185365233
1 1.25 28 29 51.8357921109847 0.2381462365278028
1 1.25 29 30 52.93267404244466 0.2252459530797324
1 1.25 30 31 53.55364744028395 0.2132469619374691
1 1.25 31 32 53.78727088060225 0.2020671915595707
1 1.25 32 33 53.70634002719953 0.1916339583052689
1 1.25 33 34 53.37084383667241 0.1818826746320673
1 1.25 34 35 52.83032384365578 0.1727557629835989
1 1.25 35 36 52.12576672423978 0.1642017406797792
1 1.25 36 37 51.29112970348575 0.1561744425359875
1 1.25 37 38 50.35457555843504 0.1486323598722109
1 1.25 38 39 49.33947666846461 0.1415380748619962
1 1.25 39 40 48.26523445629971 0.1348577749101385
1 1.25 40 41 47.14795071142129 0.1285608345415865
1 1.25 41 42 46.00097930188326 0.1226194530744139
1 1.25 42 43 44.83538118190836 0.1170083417062078
1 1.25 43 44 43.66030068708625 0.1117044495307934
1 1.25 44 45 42.48327763688548 0.1066867251180234
1 1.25 45 46 41.30932382701684 0.1023139573585676
1 1.25 46 47 40.14573209639775 0.1000036570759295
1 1.25 47 48 38.99543123579363 0.09997715137639554
1 1.25 48 49 37.86174556112647 0.1021230774895912
1 1.25 49 50 36.74713553730712 0.1089998363308185
1.25 1.5 0 1 5405.663945871857 3.11466064416983
1.25 1.5 1 2 -1934.688923410584 3.667593139077333
1.25 1.5 2 3 -5466.556646297868 1.693386223535116
1.25 1.5 3 4 -4357.763888717045 1.62701035077443
1.25 1.5 4 5 -3195.028776522457 1.451780728223901
1.25 1.5 5 6 -2323.917089568906 1.281199047688632
1.25 1.5 6 7 -1702.028264840908 1.132928501000597
1.25 1.5 7 8 -1258.225690191849 1.007067861230257
1.25 1.5 8 9 -937.7447474783103 0.9013380495128306
1.25 1.5 9 10 -702.8834240811188 0.8101728918225387
1.25 1.5 10 11 -528.1559411626504 0.733108825177136
1.25 1.5 11 12 -396.5244470961961 0.6663337919662361
1.25 1.5 12 13 -296.1928658574136 0.6082723470012132
1.25 1.5 13 14 -218.9662720247698 0.5574264198980026
1.25 1.5 14 15 -159.036624366131 0.5126070658035753
1.25 1.5 15 16 -112.2201539931448 0.4728637927241398
1.25 1.5 16 17 -75.45716553854936 0.4374302441390368
1.25 1.5 17 18 -46.47875362432478 0.405683069564661
1.25 1.5 18 19 -23.58104772232218 0.3771108489683867
1.25 1.5 19 20 -5.469787924580487 0.3512905257711292
1.25 1.5 20 21 8.84835678051013 0.3278694115966709
1.25 1.5 21 22 20.14290677327313 0.3065513406333217
1.25 1.5 22 23 29.01504686148803 0.2870859190500345
1.25 1.5 23 24 35.9380419335057 0.2698141031177385
1.25 1.5 24 25 41.2870295570915 0.2558042514391771
1.25 1.5 25 26 45.36122163669654 0.242783984222767
1.25 1.5 26 27 48.40061633211735 0.2306628114946941
1.25 1.5 27 28 50.59869499622937 0.2193602859132413
1.25 1.5 28 29 52.11215200132153 0.2088047370696912
1.25 1.5 29 30 53.06841030100156 0.1989321729882138
1.25 1.5 30 31 53.57146963099319 0.1896853309167623
1.25 1.5 31 32 53.70648848096278 0.1810128548831422
1.25 1.5 32 33 53.54339686052361 0.172868585406338
1.25 1.5 33 34 53.13976175912308 0.1652109429265489
1.25 1.5 34 35 52.54307241241793 0.158002394364762
1.25 1.5 35 36 51.79257223016265 0.1512089888282156
1.25 1.5 36 37 50.92073433337623 0.1447999534680638
1.25 1.5 37 38 49.9544553838237 0.1387473416818678
1.25 1.5 38 39 48.91602552101659 0.1330257250764848
1.25 1.5 39 40 47.82391944141369 0.1276119240786403
1.25 1.5 40 41 46.69344406767885 0.1224847709819232
1.25 1.5 41 42 45.53727047433432 0.1176249023532769
1.25 1.5 42 43 44.36587229064213 0.1130145753919372
1.25 1.5 43 44 43.18788803052519 0.1086375063699009
1.25 1.5 44 45 42.01042141141812 0.1044787269112038
1.25 1.5 45 46 40.83813610185894 0.1008683575690589
1.25 1.5 46 47 39.67794221209303 0.0990817537063569
1.25 1.5 47 48 38.53251597742911 0.09929952403041267
1.25 1.5 48 49 37.4049391705137 0.1014267704826445
1.25 1.5 49 50 36.2974593336842 0.1042169392103314
1.5 1.75 0 1 4965.406379351191 0.9907739617323769
1.5 1.75 1 2 -2319.002036702658 0.8599634476022449
1.5 1.75 2 3 -5443.669742546496 1.766100764740344
1.5 1.75 3 4 -4278.175277492661 1.701872579490439
1.5 1.75 4 5 -3113.716136868162 1.514280643949012
1.5 1.75 5 6 -2251.758699039015 1.327143177476367
1.5 1.75 6 7 -1640.387725710364 1.163945961647254
1.5 1.75 7 8 -1206.13033469435 1.026302243277183
1.5 1.75 8 9 -893.7702077643453 0.9106516200735074
1.5 1.75 9 10 -665.6504762639447 0.8147292130070561
1.5 1.75 10 11 -496.5095341957112 0.7319840126050469
1.5 1.75 11 12 -369.49791339438 0.6617273736621653
1.5 1.75 12 13 -273.0021709016835 0.6011521098832837
1.5 1.75 13 14 -198.9749136326427 0.5485052335685945
1.5 1.75 14 15 -141.7269702130377 0.5024125966799574
1.5 1.75 15 16 -97.16959667555989 0.4617889414283228
1.5 1.75 16 17 -62.31899659047463 0.42576925602119
1.5 1.75 17 18 -34.967046246991 0.3936573943001452
1.5 1.75 18 19 -13.45876168804512 0.3648877606762007
1.5 1.75 19 20 3.460596163818764 0.33899663919786
1.5 1.75 20 21 16.75223615171467 0.3156005819153501
1.5 1.75 21 22 27.15942852971943 0.2943799833690773
1.5 1.75 22 23 35.26179311816031 0.2750664727204422
1.5 1.75 23 24 41.51478863481668 0.2574331494229082
1.5 1.75 24 25 46.27877877589265 0.2412869505114614
1.5 1.75 25 26 49.84066097251025 0.2264626308044422
1.5 1.75 26 27 52.43012400993382 0.2128179757309995
1.5 1.75 27 28 54.23198270450621 0.2002299640597535
1.5 1.75 28 29 55.39561728411263 0.1885916682914163
1.5 1.75 29 30 56.04225485750601 0.1778097340034249
1.5 1.75 30 31 56.27062799106102 0.1678023158251823
1.5 1.75 31 32 56.16140233761018 0.1584973764072306
1.5 1.75 32 33 55.78066320247456 0.1498312770996653
1.5 1.75 33 34 55.18267736447052 0.1417476033011423
1.5 1.75 34 35 54.41209287872039 0.1341961798322448
1.5 1.75 35 36 53.50570025062854 0.127132242699626
1.5 1.75 36 37 52.49384917807487 0.1205157379568415
1.5 1.75 37 38 51.40159334510037 0.1143107262274839
1.5 1.75 38 39 50.24961932628298 0.1084848746117788
1.5 1.75 39 40 49.05500321545287 0.1030090219923813
1.5 1.75 40 41 47.8318292766682 0.09785680384824064
1.5 1.75 41 42 46.59169736065343 0.09300433080884501
1.5 1.75 42 43 45.34414053856131 0.08842990808624057
1.5 1.75 43 44 44.09696978828322 0.08411379354646858
1.5 1.75 44 45 42.85655928176021 0.08003798569270043
1.5 1.75 45 46 41.62695635139843 0.07690243355871382
1.5 1.75 46 47 40.414455603401 0.07732462290211509
1.5 1.75 47 48 39.2212550966172 0.08139393376137016
1.5 1.75 48 49 38.04998746065357 0.08845558039422845
1.5 1.75 49 50 36.90251291003054 0.09591835450525443
1.75 2 0 1 4502.381375701032 1.074119685847769
1.75 2 1 2 -2705.756135020117 2.950460446689477
1.75 2 2 3 -5413.418371342143 2.878152279684143
1.75 2 3 4 -4204.314247464412 2.334162177796702
1.75 2 4 5 -3046.776363510969 1.909347313676998
1.75 2 5 6 -2197.857545918443 1.595507889769336
1.75 2 6 7 -1598.148916345875 1.359061742382323
1.75 2 7 8 -1173.180796386666 1.17567085166792
1.75 2 8 9 -867.972887606943 1.030644928217397
1.75 2 9 10 -645.3160500703093 0.9119839026605432
1.75 2 10 11 -480.4690627338537 0.8143931242156413
1.75 2 11 12 -356.7816300207764 0.732292745287889
1.75 2 12 13 -262.8987087982841 0.6624344331092907
1.75 2 13 14 -190.9398445712836 0.6023325420997727
1.75 2 14 15 -135.3394483065263 0.5501317660406878
1.75 2 15 16 -92.10119596639674 0.5044192902218883
1.75 2 16 17 -58.3111812196646 0.4641000689956636
1.75 2 17 18 -31.8147166879412 0.4283119889006153
1.75 2 18 19 -10.99809814950959 0.3963668581599428
1.75 2 19 20 5.361222302520218 0.3677085095075966
1.75 2 20 21 18.19913506805892 0.3418824946958244
1.75 2 21 22 28.23884476170679 0.3185137881710096
1.75 2 22 23 36.04395976120509 0.2972901295536061
1.75 2 23 24 42.05708444738389 0.2779494041701372
1.75 2 24 25 46.62820661017531 0.2602699605919445
1.75 2 25 26 50.03580766088976 0.2440630948313789
1.75 2 26 27 52.50272044396399 0.2291671545334594
1.75 2 27 28 54.20815308527142 0.2154428686973303
1.75 2 28 29 55.29688488854879 0.2027696143509969
1.75 2 29 30 55.88635575684361 0.1910424079757594
1.75 2 30 31 56.07217233470635 0.1801694617058675
1.75 2 31 32 55.93241395093685 0.1700701841457285
1.75 2 32 33 55.53102153090225 0.1606735347675393
1.75 2 33 34 54.92048067262681 0.151916658899418
1.75 2 34 35 54.14395766934911 0.1437437514285545
1.75 2 35 36 53.23700881228052 0.1361051036318125
1.75 2 36 37 52.22895478695079 0.1289563007174103
1.75 2 37 38 51.14399077791984 0.1222575422837824
1.75 2 38 39 50.00208685851595 0.1159730649408689
1.75 2 39 40 48.81972111596514 0.1100706486316431
1.75 2 40 41 47.61047886702897 0.1045211941841416
1.75 2 41 42 46.38554396793239 0.09929835898659953
1.75 2 42 43 45.15410305857239 0.09437824282172556
1.75 2 43 44 43.92367909975582 0.08973911491552271
1.75 2 44 45 42.7004073533241 0.08536117743635564
1.75 2 45 46 41.48817843143206 0.08162155039729475
1.75 2 46 47 40.29304454362702 0.08156670642697006
1.75 2 47 48 39.11711131199502 0.08529101944899271
1.75 2 48 49 37.96290256460873 0.0918731937238996
1.75 2 49 50 36.83218253993161 0.09881925563059746
2 2.25 0 1 4002.701795983888 1.038525611601474
2 2.25 1 2 -3099.638561895175 0.843282228701362
2 2.25 2 3 -5351.177317828815 1.648597501862374
2 2.25 3 4 -4083.637595907158 1.528131805864132
2 2.25 4 5 -2928.440159569476 1.349087314240798
2 2.25 5 6 -2093.654612996539 1.190326514961602
2 2.25 6 7 -1509.185895102846 1.056923766961051
2 2.25 7 8 -1097.913315815119 0.9446111145195262
2 2.25 8 9 -804.3499788170275 0.8498764630203098
2 2.25 9 10 -591.4044039328451 0.7685243196186673
2 2.25 10 11 -434.6145053786279 0.6984139890012291
2 2.25 11 12 -317.6109951203707 0.6374288947689468
2 2.25 12 13 -229.2908188655899 0.5839978049831643
2 2.25 13 14 -161.9816897143928 0.5368802203737939
2 2.25 14 15 -110.2866553329991 0.495085920169004
2 2.25 15 16 -70.34475613850486 0.4578162169539227
2 2.25 16 17 -39.35053810015211 0.4244206540576187
2 2.25 17 18 -15.2363666926567 0.3943647366454536
2 2.25 18 19 3.541320056069026 0.3672056099008753
2 2.25 19 20 18.14828345073329 0.3425735266846552
2 2.25 20 21 29.47420113047895 0.3201575757697588
2 2.25 21 22 38.20447046844333 0.299694590253317
2 2.25 22 23 44.87160714382742 0.2809604418246108
2 2.25 23 24 49.89251481099257 0.2637631545446716
2 2.25 24 25 53.59583364094317 0.2479374112552106
2 2.25 25 26 56.24223046302109 0.2333401396389277
2 2.25 26 27 58.03960578792885 0.2198469384935175
2 2.25 27 28 59.15459843172823 0.2073491671507956
2 2.25 28 29 59.72136494548647 0.1957515575571502
2 2.25 29 30 59.84833325839543 0.1849702452292674
2 2.25 30 31 59.62343674127703 0.1749311346590272
2 2.25 31 32 59.11819862079096 0.1655685368150761
2 2.25 32 33 58.39093969520235 0.1568240261908479
2 2.25 33 34 57.48931254829091 0.1486454780291467
2 2.25 34 35 56.45231476103567 0.1409862534483906
2 2.25 35 36 55.31189648978909 0.1338045070480002
2 2.25 36 37 54.09425028050106 0.1270625957462031
2 2.25 37 38 52.82085058856586 0.1207265720063564
2 2.25 38 39 51.50929505615284 0.1147657487244027
2 2.25 39 40 50.17398796852791 0.1091523229286671
2 2.25 40 41 48.82669759794754 0.1038610501861835
2 2.25 41 42 47.47701211078618 0.09886896222856856
2 2.25 42 43 46.13271378160084 0.0941551197804817
2 2.25 43 44 44.80008699198595 0.08970039779049148
2 2.25 44 45 43.48417242571807 0.08548729642533599
2 2.25 45 46 42.18792113460455 0.08215475092476031
2 2.25 46 47 40.91647067405557 0.08209021582996683
2 2.25 47 48 39.67119195382924 0.08535886834976106
2 2.25 48 49 38.45392891002305 0.09134365306518022
2 2.25 49 50 37.26584515454417 0.09767812567611607
2.25 2.5 0 1 3479.628194003765 1.608786712762317
2.25 2.5 1 2 -3489.048091894172 0.948654843256172
2.25 2.5 2 3 -5255.024557258716 1.687065557738
2.25 2.5 3 4 -3940.013573728108 1.555655238706953
2.25 2.5 4 5 -2799.660067584527 1.38131696235721
2.25 2.5 5 6 -1987.757603818834 1.241718492289308
2.25 2.5 6 7 -1423.936849932616 1.111822751979937
2.25 2.5 7 8 -1029.468362776168 0.9976573064262712
2.25 2.5 8 9 -749.2016671144543 0.89832612990702
2.25 2.5 9 10 -546.724848769346 0.8125472977527232
2.25 2.5 10 11 -398.2110525354979 0.7380088097568628
2.25 2.5 11 12 -287.794899048663 0.6729855135925781
2.25 2.5 12 13 -204.7585060830831 0.6159602419114824
2.25 2.5 13 14 -141.7198963144399 0.5656791464570531
2.25 2.5 14 15 -93.50107607817972 0.5211133401971279
2.25 2.5 15 16 -56.40725989991438 0.4814185544995166
2.25 2.5 16 17 -27.76018547444028 0.4458996757683859
2.25 2.5 17 18 -5.590477386397197 0.4139815382675276
2.25 2.5 18 19 11.56881398577002 0.3851855086160585
2.25 2.5 19 20 24.82318434574154 0.3591109123389732
2.25 2.5 20 21 35.01450928746772 0.3354203419502267
2.25 2.5 21 22 42.78997700804723 0.3138280191004075
2.25 2.5 22 23 48.65134415162595 0.2940905435118419
2.25 2.5 23 24 52.99059054222903 0.2759995051222219
2.25 2.5 24 25 56.11603902216507 0.2593755511855145
2.25 2.5 25 26 58.27170230563559 0.2440635959992234
2.25 2.5 26 27 59.6517596547676 0.2299289305267749
2.25 2.5 27 28 60.4114915226171 0.2168540447245458
2.25 2.5 28 29 60.6756108455304 0.20473601776421
2.25 2.5 29 30 60.54466191412354 0.1934843626828467
2.25 2.5 30 31 60.09997177090816 0.1830192375532239
2.25 2.5 31 32 59.40750806218455 0.1732699523466692
2.25 2.5 32 33 58.52090415162201 0.1641737179568754
2.25 2.5 33 34 57.48384539309819 0.1556745918913785
2.25 2.5 34 35 56.33196190766523 0.1477225867925838
2.25 2.5 35 36 55.09433766635078 0.1402729131894863
2.25 2.5 36 37 53.79471941470285 0.1332853331771794
2.25 2.5 37 38 52.45248948804459 0.1267236075211398
2.25 2.5 38 39 51.08345187803479 0.1205550204258081
2.25 2.5 39 40 49.70046982665428 0.1147499695914489
2.25 2.5 40 41 48.31398493929362 0.1092816118172634
2.25 2.5 41 42 46.93244112831962 0.1041255547280066
2.25 2.5 42 43 45.56263201168667 0.09925958979841282
2.25 2.5 43 44 44.20998635555605 0.09466345734564871
2.25 2.5 44 45 42.87880324161617 0.09031864278926408
2.25 2.5 45 46 41.57143423989012 0.08653487428796032
2.25 2.5 46 47 40.29237287690066 0.08451958620223847
2.25 2.5 47 48 39.04254774486739 0.08440765154898006
2.25 2.5 48 49 37.82337919913152 0.08624318645956915
2.25 2.5 49 50 36.63566257578398 0.0921146179753152
2.5 2.75 0 1 2902.45115682351 2.162813424128017
2.5 2.75 1 2 -3916.52452394217 1.092786647162505
2.5 2.75 2 3 -5160.594489324512 2.697838720356485
2.5 2.75 3 4 -3790.100952495682 2.593950667934035
2.5 2.75 4 5 -2660.405513341947 2.281700772908146
2.5 2.75 5 6 -1869.39629822451 1.985184155239601
2.5 2.75 6 7 -1325.635362971827 1.733841112503171
2.5 2.75 7 8 -948.1863050200132 1.525235793478901
2.5 2.75 8 9 -681.8460271000831 1.351476986826682
2.5 2.75 9 10 -490.6512330576561 1.20603014413944
2.5 2.75 10 11 -351.280859103578 1.082937737991747
2.5 2.75 11 12 -248.3054763019645 0.9778460654404423
2.5 2.75 12 13 -171.3591977635144 0.8873418073159146
2.5 2.75 13 14 -113.3363689410671 0.8087777655133962
2.5 2.75 14 15 -69.27421543327887 0.7400840111156151
2.5 2.75 15 16 -35.64563989655994 0.6796260688457811
2.5 2.75 16 17 -9.903590833661156 0.6261001549556666
2.5 2.75 17 18 9.818014510102103 0.5784559079054735
2.5 2.75 18 19 24.90425604752352 0.5358391051426374
2.5 2.75 19 20 36.39528541707023 0.4975488506318704
2.5 2.75 20 21 45.08046553448787 0.4630052760556632
2.5 2.75 21 22 51.56450518738575 0.4317249354174797
2.5 2.75 22 23 56.31458288957162 0.4033018782483278
2.5 2.75 23 24 59.69436608017838 0.3773929530860029
2.5 2.75 24 25 61.98886727348054 0.3537062939595071
2.5 2.75 25 26 63.4228075267697 0.3319922218956061
2.5 2.75 26 27 64.17432249914202 0.3120359973765234
2.5 2.75 27 28 64.38528914379413 0.2936520026572683
2.5 2.75 28 29 64.16917430041855 0.2766790381439032
2.5 2.75 29 30 63.61704798508077 0.2609764937001111
2.5 2.75 30 31 62.80222501142333 0.2464212117640088
2.5 2.75 31 32 61.78387261983204 0.2329049020848557
2.5 2.75 32 33 60.60983243524799 0.2203319985644075
2.5 2.75 33 34 59.31884100329273 0.2086178733091752
2.5 2.75 34 35 57.94228673615117 0.1976873404312005
2.5 2.75 35 36 56.50560719310363 0.1874733965160996
2.5 2.75 36 37 55.02940560333923 0.1779161558861558
2.5 2.75 37 38 53.53034701503759 0.1689619463203546
2.5 2.75 38 39 52.02188051503708 0.1605625376752172
2.5 2.75 39 40 50.51482346579357 0.152674481519403
2.5 2.75 40 41 49.01783587066279 0.1452585443763708
2.5 2.75 41 42 47.53780667930675 0.138279217612975
2.5 2.75 42 43 46.08016941578947 0.131704294916561
2.5 2.75 43 44 44.64916073741446 0.125504504358591
2.5 2.75 44 45 43.24803277694073 0.1196531884099341
2.5 2.75 45 46 41.87825800817293 0.1143513391829113
2.5 2.75 46 47 40.54343545448691 0.1104267594409991
2.5 2.75 47 48 39.24381924986994 0.1079950997578751
2.5 2.75 48 49 37.98019621537824 0.1069950701593347
2.5 2.75 49 50 36.75279913162663 0.1066015672230928
2.75 3 0 1 2269.676197409708 1.681933668656062
2.75 3 1 2 -4335.594887765835 4.280688505740008
2.75 3 2 3 -5011.039113363988 5.811875573872472
2.75 3 3 4 -3588.743410982318 4.970407113480003
2.75 3 4 5 -2479.190303042522 4.135145853654863
2.75 3 5 6 -1718.131461120323 3.469586477410247
2.75 3 6 7 -1201.783239102369 2.94979831528765
2.75 3 7 8 -847.0511990334762 2.539721829965643
2.75 3 8 9 -598.9998171097359 2.210752883163035
2.75 3 9 10 -422.4333607133174 1.942852955991671
2.75 3 10 11 -294.7877416990732 1.721354509277912
2.75 3 11 12 -201.261677456388 1.535871525040712
2.75 3 12 13 -131.9824348735108 1.378773596089761
2.75 3 13 14 -80.22426481373623 1.244379341345795
2.75 3 14 15 -41.31590277561168 1.128387292253195
2.75 3 15 16 -11.95456713966655 1.027489724460679
2.75 3 16 17 10.23314827836907 0.9391065941395723
2.75 3 17 18 26.97791301096879 0.8611991756795062
2.75 3 18 19 39.55837914512347 0.7921373691421807
2.75 3 19 20 48.93039587740031 0.7306037278914133
2.75 3 20 21 55.81604317539086 0.675523014677106
2.75 3 21 22 60.76594339537723 0.6260097817196792
2.75 3 22 23 64.20350178194496 0.5813288638714901
2.75 3 23 24 66.45673388514012 0.5408652509858149
2.75 3 24 25 67.78144228385543 0.5041008606577816
2.75 3 25 26 68.37828309183499 0.470596449131058
2.75 3 26 27 68.40546280096277 0.4399773902774687
2.75 3 27 28 67.98827396140507 0.4119223977630338
2.75 3 28 29 67.22631951106604 0.3861545078685143
2.75 3 29 30 66.19903019384788 0.3624338149276229
2.75 3 30 31 64.96990987081665 0.3405515768759525
2.75 3 31 32 63.58982457763415 0.3203254005137105
2.75 3 32 33 62.09956700188565 0.3015952840548591
2.75 3 33 34 60.53186784331109 0.2842203452301584
2.75 3 34 35 58.91298200084628 0.2680761008475446
2.75 3 35 36 57.26394581362911 0.2530521935972357
2.75 3 36 37 55.60157823967143 0.2390504822735974
2.75 3 37 38 53.93928160782264 0.2259834311120861
2.75 3 38 39 52.2876846282586 0.2137727438399696
2.75 3 39 40 50.65516061851437 0.202348201944071
2.75 3 40 41 49.04824665635127 0.1916466711329631
2.75 3 41 42 47.47198355530048 0.1816112500883139
2.75 3 42 43 45.93019248179755 0.1721905368549136
2.75 3 43 44 44.42570057088929 0.163337995737278
2.75 3 44 45 42.96052536245836 0.1550114082410962
2.75 3 45 46 41.5351063715128 0.1473302748205919
2.75 3 46 47 40.15198801666799 0.1408606583505224
2.75 3 47 48 38.81063739667636 0.1356848503268462
2.75 3 48 49 37.5111030516382 0.1317750824752995
2.75 3 49 50 36.25296147540419 0.128551371967256
3 3.25 0 1 1583.678695939279 1.184320526597149
3 3.25 1 2 -4680.436183118748 9.040695878807691
3 3.25 2 3 -4758.046716314758 9.514085583297184
3 3.25 3 4 -3307.101885715522 7.746775329826364
3 3.25 4 5 -2239.071012520828 6.289207482998266
3 3.25 5 6 -1524.00890062418 5.193302164110063
3 3.25 6 7 -1046.619373299669 4.363312125399205
3 3.25 7 8 -722.8863587605188 3.721418862771666
3 3.25 8 9 -499.1180620749133 3.214102912087766
3 3.25 9 10 -341.5746253483521 2.805561004541732
3 3.25 10 11 -228.9165055452977 2.470959524865767
3 3.25 11 12 -147.2920960579575 2.192975535860371
3 3.25 12 13 -87.54335769560134 1.959143559116098
3 3.25 13 14 -43.47935866676426 1.760313890880816
3 3.25 14 15 -10.83025017051727 1.589638939938853
3 3.25 15 16 13.40331292977771 1.441903837606264
3 3.25 16 17 31.36333127139596 1.313074559128047
3 3.25 17 18 44.60234027499621 1.199986447720356
3 3.25 18 19 54.26058337240454 1.100125317897129
3 3.25 19 20 61.18539991210855 1.011470856374046
3 3.25 20 21 66.01307668827178 0.9323827480989018
3 3.25 21 22 69.22586374363789 0.8615166254817438
3 3.25 22 23 71.19227335404105 0.797761175906072
3 3.25 23 24 72.19594633659119 0.7401904871725971
3 3.25 24 25 72.45658377460677 0.6880275197517222
3 3.25 25 26 72.14529646189311 0.6406158083787403
3 3.25 26 27 71.3959774646703 0.5973973221524388
3 3.25 27 28 70.31380836234075 0.5578949845268106
3 3.25 28 29 68.98167736352326 0.5216987546241326
3 3.25 29 30 67.4650609053308 0.4884544571965832
3 3.25 30 31 65.81576422142257 0.4578547515768988
3 3.25 31 32 64.07480722747113 0.4296317800639528
3 3.25 32 33 62.27466508841832 0.4035511446693438
3 3.25 33 34 60.44101791762097 0.3794069420495331
3 3.25 34 35 58.5941245026134 0.3570176475305378
3 3.25 35 36 56.74990619100268 0.3362226848563074
3 3.25 36 37 54.92080597405993 0.3168795523660093
3 3.25 37 38 53.11647225871582 0.2988614044093663
3 3.25 38 39 51.344305177069 0.2820550064223952
3 3.25 39 40 49.60989456543501 0.2663589982167363
3 3.25 40 41 47.91737226831415 0.2516824136476032
3 3.25 41 42 46.26969624282216 0.2379434132292271
3 3.25 42 43 44.66888030667877 0.225068195620207
3 3.25 43 44 43.11618032164819 0.2129900590578704
3 3.25 44 45 41.61224534648008 0.2016485896368148
3 3.25 45 46 40.15638786000883 0.1910973560885298
3 3.25 46 47 38.74997069180878 0.1817003628506938
3 3.25 47 48 37.3916168984621 0.1734958453667333
3 3.25 48 49 36.08057695964868 0.1664544105217574
3 3.25 49 50 34.81572047862922 0.1601674543488954
3.25 3.5 0 1 870.2778423046063 0.4351435730274496
3.25 3.5 1 2 -4842.838608825128 18.31698396120538
3.25 3.5 2 3 -4339.723903387344 14.61910927806095
3.25 3.5 3 4 -2911.378374772623 11.05702155296922
3.25 3.5 4 5 -1921.790573083276 8.628399099731533
3.25 3.5 5 6 -1277.579215178903 6.936773808066538
3.25 3.5 6 7 -855.8202366487244 5.710808649862006
3.25 3.5 7 8 -574.4156936685893 4.790556335619489
3.25 3.5 8 9 -382.7591543155058 4.079357695911874
3.25 3.5 9 10 -249.7386399447544 3.516611567773873
3.25 3.5 10 11 -155.9854259166241 3.062426131264306
3.25 3.5 11 12 -89.08581976159235 2.689780636152936
3.25 3.5 12 13 -40.92032293107945 2.379733241507403
3.25 3.5 13 14 -6.052143639066571 2.118657955546333
3.25 3.5 14 15 19.23583409271191 1.896525081222914
3.25 3.5 15 16 37.53331101232254 1.705802830903227
3.25 3.5 16 17 50.67516137765779 1.540735016632427
3.25 3.5 17 18 59.98103615163302 1.396853660192986
3.25 3.5 18 19 66.4126804270868 1.270642502510095
3.25 3.5 19 20 70.67923663013744 1.159299895246711
3.25 3.5 20 21 73.30899288880028 1.060568630358073
3.25 3.5 21 22 74.69906862237883 0.972611776104227
3.25 3.5 22 23 75.15033527657062 0.8939207162068402
3.25 3.5 23 24 74.8922938482047 0.8232461079983991
3.25 3.5 24 25 74.10101786682071 0.7595454001743187
3.25 3.5 25 26 72.91224169791644 0.7019424821439293
3.25 3.5 26 27 71.43100683551631 0.6496963348601089
3.25 3.5 27 28 69.73883897851175 0.6021764387309863
3.25 3.5 28 29 67.89913455512675 0.5588433094388372
3.25 3.5 29 30 65.96123570538663 0.5192329642464413
3.25 3.5 30 31 63.96353572833726 0.4829444290408527
3.25 3.5 31 32 61.93586160608908 0.4496296186872982
3.25 3.5 32 33 59.90131318458708 0.4189850842297772
3.25 3.5 33 34 57.87769096028893 0.3907452403163785
3.25 3.5 34 35 55.87861023138495 0.3646767742867985
3.25 3.5 35 36 53.91437460972946 0.3405740049778913
3.25 3.5 36 37 51.99266378936056 0.3182550099195966
3.25 3.5 37 38 50.1190771751607 0.2975583772449101
3.25 3.5 38 39 48.29756506050526 0.2783404693781177
3.25 3.5 39 40 46.53077164234244 0.2604731070735901
3.25 3.5 40 41 44.82030868546747 0.243841601458712
3.25 3.5 41 42 43.16697428532572 0.2283430747189903
3.25 3.5 42 43 41.57092811933674 0.2138850219909112
3.25 3.5 43 44 40.03183204103439 0.2003840752357236
3.25 3.5 44 45 38.5489629713379 0.1877649369515818
3.25 3.5 45 46 37.12054418569817 0.1760602676830587
3.25 3.5 46 47 35.74672482218361 0.1655991002043221
3.25 3.5 47 48 34.42534361074998 0.1564167339659759
3.25 3.5 48 49 33.15489270114435 0.1484875026611489
3.25 3.5 49 50 31.93357958075909 0.1414269355388666
3.5 3.75 0 1 203.3297335750526 1.606123841585159
3.5 3.75 1 2 -4657.809082483308 24.46044761864967
3.5 3.75 2 3 -3690.310507732723 16.16723065781729
3.5 3.75 3 4 -2375.616765300595 11.43496794802292
3.5 3.75 4 5 -1519.275994333673 8.579129930272199
3.5 3.75 5 6 -979.1269497018125 6.707237767248422
3.5 3.75 6 7 -633.595229553506 5.401961887990678
3.5 3.75 7 8 -407.6052518494294 4.448944241278198
3.5 3.75 8 9 -256.5518451823261 3.728084338729489
3.5 3.75 9 10 -153.6561978018613 3.167593741063411
3.5 3.75 10 11 -82.54223200687329 2.721895227494136
3.5 3.75 11 12 -32.86771209180279 2.360910657682705
3.5 3.75 12 13 2.045992848791684 2.064003521615097
3.5 3.75 13 14 26.61949064616385 1.816588082313825
3.5 3.75 14 15 43.84272335934497 1.608087302934738
3.5 3.75 15 16 55.7773800810611 1.430660255088362
3.5 3.75 16 17 63.86954788768207 1.27838212484597
3.5 3.75 17 18 69.1488492564107 1.146700346945493
3.5 3.75 18 19 72.35805784562888 1.032064642764991
3.5 3.75 19 20 74.0391631379473 0.9316696779790206
3.5 3.75 20 21 74.5915673039724 0.8432724744397505
3.5 3.75 21 22 74.31209489235323 0.7650605445457669
3.5 3.75 22 23 73.42291582403305 0.6955551270967227
3.5 3.75 23 24 72.09130099217458 0.6335391494785665
3.5 3.75 24 25 70.44377408719345 0.5780028903609991
3.5 3.75 25 26 68.57636437110381 0.5281025005884493
3.5 3.75 26 27 66.56211153021155 0.4831279902695817
3.5 3.75 27 28 64.45661086381182 0.4424782715882185
3.5 3.75 28 29 62.30214574562567 0.4056415199922666
3.5 3.75 29 30 60.13079134965903 0.3721795871517418
3.5 3.75 30 31 57.96676236816546 0.3417155300745312
3.5 3.75 31 32 55.8282003662155 0.3139235592236668
3.5 3.75 32 33 53.72854250383514 0.288520880102359
3.5 3.75 33 34 51.67757522860177 0.2652610284413335
3.5 3.75 34 35 49.68224930307207 0.2439283931068499
3.5 3.75 35 36 47.74731288759463 0.2243336890913519
3.5 3.75 36 37 45.87580511297361 0.2063101965814183
3.5 3.75 37 38 44.06944213191272 0.1897106208517632
3.5 3.75 38 39 42.32891987945595 0.1744044590196031
3.5 3.75 39 40 40.65415201305164 0.1602757825810706
3.5 3.75 40 41 39.0444572604147 0.1472213633061661
3.5 3.75 41 42 37.49870703534374 0.1351490845884681
3.5 3.75 42 43 36.01544183012682 0.1239765911353825
3.5 3.75 43 44 34.59296296994246 0.1136301397321945
3.5 3.75 44 45 33.22940485168945 0.1040436207557741
3.5 3.75 45 46 31.92216069180708 0.09530408160531127
3.5 3.75 46 47 30.67031318632708 0.0879459392949052
3.5 3.75 47 48 29.47116237420605 0.08209477870578623
3.5 3.75 48 49 28.32264366726855 0.07776766509381981
3.5 3.75 49 50 27.22249997495257 0.07442850368544296
3.75 4 0 1 -311.0098795771374 1.820851020553969
3.75 4 1 2 -3997.005429919512 27.9565160113869
3.75 4 2 3 -2795.677099904615 12.96761805828904
3.75 4 3 4 -1709.316831188623 7.570561622777578
3.75 4 4 5 -1046.941799193822 4.928749666859454
3.75 4 5 6 -644.8822035533287 3.420204644223373
3.75 4 6 7 -395.2301657392563 2.473424308820141
3.75 4 7 8 -236.2412617440878 1.840000614251806
3.75 4 8 9 -132.6973348948397 1.396444623421696
3.75 4 9 10 -64.03830957585626 1.07502598373528
3.75 4 10 11 -17.95945931894278 0.8363383930268885
3.75 4 11 12 13.16563313357256 0.6557994412217242
3.75 4 12 13 34.18204155042486 0.5176557883904711
3.75 4 13 14 48.24850556243939 0.4114584945648508
3.75 4 14 15 57.47097150909951 0.3301516816909577
3.75 4 15 16 63.28134408636657 0.2820782520107463
3.75 4 16 17 66.67001758189122 0.2597494589595388
3.75 4 17 18 68.33219743114876 0.2397630097271158
3.75 4 18 19 68.76208318143813 0.2217995949270058
3.75 4 19 20 68.31475510491998 0.205593077282758
3.75 4 20 21 67.24760612993697 0.1909202384727219
3.75 4 21 22 65.74855165043459 0.1775927248014435
3.75 4 22 23 63.95553134310768 0.1654506823744427
3.75 4 23 24 61.97017743390444 0.1663952773344505
3.75 4 24 25 59.86751390216472 0.1701213358466341
3.75 4 25 26 57.70291664066579 0.1737238705457367
3.75 4 26 27 55.51715882894931 0.1769700552193518
3.75 4 27 28 53.3401017757638 0.1797480590393169
3.75 4 28 29 51.19341716784109 0.1820175607507395
3.75 4 29 30 49.09260974613946 0.1837792535441649
3.75 4 30 31 47.04853013632595 0.1850563801095957
3.75 4 31 32 45.06851297353469 0.1858836707166734
3.75 4 32 33 43.15723752751744 0.1863007848252192
3.75 4 33 34 41.31738137745687 0.1863484843391931
3.75 4 34 35 39.55011876130466 0.1860664624790079
3.75 4 35 36 37.85550165896977 0.1854921751387789
3.75 4 36 37 36.23275187220159 0.1846602767008368
3.75 4 37 38 34.68048523924809 0.183602416546637
3.75 4 38 39 33.19688386952802 0.1823472466744275
3.75 4 39 40 31.77982840640699 0.1809205476360153
3.75 4 40 41 30.42699949301463 0.179345417128937
3.75 4 41 42 29.13595537847281 0.177642485956826
3.75 4 42 43 27.90419104621929 0.1758301410250961
3.75 4 43 44 26.72918300298296 0.1739247432165729
3.75 4 44 45 25.60842289605991 0.1719408335098745
3.75 4 45 46 24.53897448158704 0.1699478398457886
3.75 4 46 47 23.51922297814345 0.1681549655300809
3.75 4 47 48 22.54636938125898 0.1665771660242347
3.75 4 48 49 21.61816881289584 0.165194933482476
3.75 4 49 50 20.73226010632712 0.1638384312012698
4 5 0 1 -996.871020528003 2.856320991000352
4 5 1 2 -4408.694191057084 7.234575356527885
4 5 2 3 -2542.936141737687 5.414786197404284
4 5 3 4 -1396.16585356516 4.082004258671283
4 5 4 5 -770.0378487593837 3.056631735530065
4 5 5 6 -417.392726830657 2.306677496690158
4 5 6 7 -212.2929405763218 1.800361764553186
4 5 7 8 -89.79578426044873 1.457050423895383
4 5 8 9 -15.23052317337738 1.215394734303336
4 5 9 10 30.57032639602471 1.036238980535024
4 5 10 11 58.55354397010274 0.8989694426242756
4 5 11 12 75.2894212038575 0.7919162572082203
4 5 12 13 84.79836495912866 0.7059643078867526
4 5 13 14 89.59269371775258 0.6347416471854885
4 5 14 15 91.28416095896978 0.5753092501623688
4 5 15 16 90.93677726180459 0.5255543365154998
4 5 16 17 89.26344268719589 0.4831546121637571
4 5 17 18 86.74378920018455 0.4461627473598213
4 5 18 19 83.70207214502608 0.4134277111605849
4 5 19 20 80.35952084725176 0.3843442484931882
4 5 20 21 76.86827567044477 0.3584576295334901
4 5 21 22 73.33299869860869 0.3353015989232961
4 5 22 23 69.82503019993325 0.314427351043492
4 5 23 24 66.39213365720263 0.295464907758816
4 5 24 25 63.06542280367978 0.278139949781481
4 5 25 26 59.86430694733755 0.2622519844603947
4 5 26 27 56.79998867866689 0.2476437612792856
4 5 27 28 53.87791971691411 0.2341803122983437
4 5 28 29 51.09952858156576 0.2217401929058858
4 5 29 30 48.46344799198116 0.2102140470042154
4 5 30 31 45.96639739468834 0.1995053605729444
4 5 31 32 43.60382302885075 0.1895306583809917
4 5 32 33 41.37036337503156 0.1802185168856552
4 5 33 34 39.2601865150515 0.1715078019053168
4 5 34 35 37.26723270690879 0.1633457244533312
4 5 35 36 35.38538676518444 0.1556861213391183
4 5 36 37 33.60859866462116 0.1484881199907055
4 5 37 38 31.93096617172608 0.1417151773296515
4 5 38 39 30.34678976733181 0.1353344072930239
4 5 39 40 28.85060743351219 0.1293161022332495
4 5 40 41 27.43721490800968 0.1236333701277346
4 5 41 42 26.10167544936316 0.1182618385580591
4 5 42 43 24.839322117866 0.1131793958058774
4 5 43 44 23.64575478763977 0.1083659583481759
4 5 44 45 22.51683347710839 0.1038032573024474
4 5 45 46 21.44821413632403 0.09986900716618287
4 5 46 47 20.43677694235167 0.09797710586949888
4 5 47 48 19.47869027195904 0.09811580322978297
4 5 48 49 18.57079686296612 0.09986193926197864
4 5 49 50 17.70970291820285 0.1019918415487773
-5 5 0 50 -529650.9299695122 91.90056382818655
