#ylo yhi qTlo qThi PDF0  uncertainty
-5 -4 0 1 -1006.988383349654 2.81176037658989
-5 -4 1 2 -4428.345715174794 7.341085080560688
-5 -4 2 3 -2547.408007218133 5.495183974208462
-5 -4 3 4 -1396.710049229932 4.122815234907226
-5 -4 4 5 -769.3436980995666 3.0800321672116
-5 -4 5 6 -416.2762406766537 2.328517124858453
-5 -4 6 7 -211.0990721624946 1.821289128183573
-5 -4 7 8 -88.66880020302801 1.475422638668216
-5 -4 8 9 -14.2200093869028 1.230941905171061
-5 -4 9 10 31.45524268309339 1.049763533231968
-5 -4 10 11 59.32068740586874 0.910798994664189
-5 -4 11 12 75.9499387477174 0.8026174025474004
-5 -4 12 13 85.36573098196061 0.7156163539942904
-5 -4 13 14 90.07926196874121 0.6434729221322686
-5 -4 14 15 91.7009815931105 0.5832293924447313
-5 -4 15 16 91.2935496839209 0.5327576102289224
-5 -4 16 17 89.56859910177673 0.4897191620404511
-5 -4 17 18 87.00460795674928 0.4521553818723446
-5 -4 18 19 83.92480566377321 0.4189081971917341
-5 -4 19 20 80.54952867383332 0.3893666430736233
-5 -4 20 21 77.03014999711004 0.36307026025575
-5 -4 21 22 73.47067485796896 0.3395471712168968
-5 -4 22 23 69.9418812780288 0.3183434576566938
-5 -4 23 24 66.49105146174492 0.2990846854035565
-5 -4 24 25 63.14888757018178 0.2814926722402551
-5 -4 25 26 59.9344474212036 0.2653635414643196
-5 -4 26 27 56.85863369674988 0.2505370529056212
-5 -4 27 28 53.92664224915941 0.2368755958051787
-5 -4 28 29 51.13968318096019 0.2242553989975087
-5 -4 29 30 48.49620258168648 0.2125650698601086
-5 -4 30 31 45.99276024802779 0.2017063190253917
-5 -4 31 32 43.62466568909413 0.1915941265239241
-5 -4 32 33 41.38644014626348 0.1821557245511322
-5 -4 33 34 39.27215105287922 0.173328806494577
-5 -4 34 35 37.27565215119787 0.1650595589606061
-5 -4 35 36 35.39075378734856 0.1573009204835134
-5 -4 36 37 33.61134174477137 0.1500112288068333
-5 -4 37 38 31.93145837395662 0.1431532445999208
-5 -4 38 39 30.34535623990411 0.1366934664587315
-5 -4 39 40 28.8475318283943 0.1306016413152098
-5 -4 40 41 27.43274488155073 0.1248503930863569
-5 -4 41 42 26.09602738462698 0.1194149175407879
-5 -4 42 43 24.83268518372227 0.1142727185704457
-5 -4 43 44 23.6382944343984 0.1094033677804002
-5 -4 44 45 22.5086944516415 0.1047882873549282
-5 -4 45 46 21.43952259457689 0.1008025443864458
-5 -4 46 47 20.42764382168688 0.09885078264126619
-5 -4 47 48 19.4692121375312 0.09891953558149062
-5 -4 48 49 18.56105819294801 0.1005865911695763
-5 -4 49 50 17.69977708497264 0.1026348977014117
-4 -3.75 0 1 -319.3133270019694 1.812006395755174
-4 -3.75 1 2 -4016.642833377926 27.96819449120265
-4 -3.75 2 3 -2801.557734961705 12.96662120306462
-4 -3.75 3 4 -1711.145864510496 7.567232514793304
-4 -3.75 4 5 -1047.294908495648 4.925034510126307
-4 -3.75 5 6 -644.6111238969511 3.41662555977982
-4 -3.75 6 7 -394.7088784655634 2.470129228741985
-4 -3.75 7 8 -235.6402821006834 1.837077189860489
-4 -3.75 8 9 -132.0937012134118 1.393691150935999
-4 -3.75 9 10 -63.46649464976167 1.072671803078147
-4 -3.75 10 11 -17.43433708452324 0.8342418309727255
-4 -3.75 11 12 13.63940732900255 0.6539709314760507
-4 -3.75 12 13 34.60470469159384 0.5160923651348271
-4 -3.75 13 14 48.62274085852619 0.4101657793208742
-4 -3.75 14 15 57.80058556375604 0.3291440748996616
-4 -3.75 15 16 63.57055236758981 0.2824943735688696
-4 -3.75 16 17 66.9230552953947 0.2601299888320089
-4 -3.75 17 18 68.55311099272876 0.2401108018180436
-4 -3.75 18 19 68.95462497564336 0.2221173292499095
-4 -3.75 19 20 68.48233843638462 0.2058832341098061
-4 -3.75 20 21 67.39329536253376 0.1911850941340866
-4 -3.75 21 22 65.87507254837561 0.1778343581850862
-4 -3.75 22 23 64.06529244496249 0.1656709875283383
-4 -3.75 23 24 62.06529680107636 0.1673145579572863
-4 -3.75 24 25 59.94984776529142 0.1710464461640628
-4 -3.75 25 26 57.77408785218515 0.1746396985037048
-4 -3.75 26 27 55.57858391279601 0.1778674090885295
-4 -3.75 27 28 53.39301593132075 0.1806215643728756
-4 -3.75 28 29 51.23889694407924 0.1828642768086685
-4 -3.75 29 30 49.13159332322869 0.1845977850608888
-4 -3.75 30 31 47.08183528719735 0.1858463102754946
-4 -3.75 31 32 45.09685285347314 0.1866451982743253
-4 -3.75 32 33 43.18123447651313 0.1870344907698075
-4 -3.75 33 34 41.33757893669629 0.1870551805089566
-4 -3.75 34 35 39.56699210176036 0.1867470929184332
-4 -3.75 35 36 37.86946661225808 0.1861477516693335
-4 -3.75 36 37 36.2441727394699 0.1852918366772959
-4 -3.75 37 38 34.68968153645804 0.1842109955785993
-4 -3.75 38 39 33.20413615130008 0.1829338608556623
-4 -3.75 39 40 31.78538329434971 0.1814861826483874
-4 -3.75 40 41 30.43107401767163 0.1798910216009643
-4 -3.75 41 42 29.13874073026963 0.178168967888242
-4 -3.75 42 43 27.90585581953894 0.1763383661604983
-4 -3.75 43 44 26.72987600315172 0.1744155348335033
-4 -3.75 44 45 25.60827557180322 0.1724149730169297
-4 -3.75 45 46 24.5381023250627 0.1704057802047682
-4 -3.75 46 47 23.51772960142752 0.1685960255508881
-4 -3.75 47 48 22.54434579719113 0.1670003225229185
-4 -3.75 48 49 21.61569560986415 0.1655989191291704
-4 -3.75 49 50 20.72940860861652 0.1642227204190732
-3.75 -3.5 0 1 192.8990312338465 1.602663558224242
-3.75 -3.5 1 2 -4684.289846433998 24.44448273601321
-3.75 -3.5 2 3 -3699.127717052743 16.14499605598934
-3.75 -3.5 3 4 -2378.969703449447 11.41592628291422
-3.75 -3.5 4 5 -1520.522853773402 8.563333247158939
-3.75 -3.5 5 6 -979.4030702448899 6.694038266402605
-3.75 -3.5 6 7 -633.4140884617789 5.39078902588023
-3.75 -3.5 7 8 -407.2140214682647 4.439367178945642
-3.75 -3.5 8 9 -256.0739759685075 3.719779200060395
-3.75 -3.5 9 10 -153.1540254536067 3.160322235637216
-3.75 -3.5 10 11 -82.04960268769787 2.715473717332877
-3.75 -3.5 11 12 -32.40197411842064 2.355197775015941
-3.75 -3.5 12 13 2.476498435098279 2.058888293087615
-3.75 -3.5 13 14 27.01160089297002 1.811982117452558
-3.75 -3.5 14 15 44.19627061601818 1.603919258125633
-3.75 -3.5 15 16 56.09389892205786 1.426871849985828
-3.75 -3.5 16 17 64.15148861148475 1.274925231241087
-3.75 -3.5 17 18 69.39909306415575 1.143534829187856
-3.75 -3.5 18 19 72.57961832203057 1.029156732652155
-3.75 -3.5 19 20 74.23500576558394 0.9289907355984324
-3.75 -3.5 20 21 74.76450482788141 0.840798031285506
-3.75 -3.5 21 22 74.4647315943609 0.7627695562797876
-3.75 -3.5 22 23 73.55762311317113 0.6934293837012151
-3.75 -3.5 23 24 72.21021268342935 0.6315628051776581
-3.75 -3.5 24 25 70.54879364978746 0.5761620854754472
-3.75 -3.5 25 26 68.66917903778716 0.5263850550215325
-3.75 -3.5 26 27 66.64420991752246 0.4815231528480565
-3.75 -3.5 27 28 64.52930194304002 0.440976513975523
-3.75 -3.5 28 29 62.36657780794087 0.4042343657679241
-3.75 -3.5 29 30 60.1879701508681 0.370859469449847
-3.75 -3.5 30 31 58.01756799677258 0.3404756722041032
-3.75 -3.5 31 32 55.87340261814921 0.312757874155146
-3.75 -3.5 32 33 53.76881469658122 0.2874238852304978
-3.75 -3.5 33 34 51.7135064829537 0.2642277732942961
-3.75 -3.5 34 35 49.71435537788886 0.2429543974099787
-3.75 -3.5 35 36 47.77604568008394 0.2234148899747895
-3.75 -3.5 36 37 45.9015609524391 0.2054429030559472
-3.75 -3.5 37 38 44.09256899643796 0.1888914747114393
-3.75 -3.5 38 39 42.34972365967141 0.1736304012133929
-3.75 -3.5 39 40 40.67290194006118 0.1595440241966144
-3.75 -3.5 40 41 39.06139060505903 0.1465293606924632
-3.75 -3.5 41 42 37.51403317358593 0.1344945181194101
-3.75 -3.5 42 43 36.02934576033439 0.1233573472175432
-3.75 -3.5 43 44 34.60560835672045 0.1130442959083012
-3.75 -3.5 44 45 33.24093666130346 0.1034894334260415
-3.75 -3.5 45 46 31.93270641059812 0.09478037084871678
-3.75 -3.5 46 47 30.67998808027524 0.08745316970668694
-3.75 -3.5 47 48 29.48006784665864 0.08163348695216512
-3.75 -3.5 48 49 28.33086990853258 0.0773375807474703
-3.75 -3.5 49 50 27.23012712430206 0.07402722903723839
-3.5 -3.25 0 1 857.9624940124062 0.4311975312737469
-3.5 -3.25 1 2 -4876.348269168042 18.45942816003511
-3.5 -3.25 2 3 -4351.89053965671 14.69243450370144
-3.5 -3.25 3 4 -2916.579780552368 11.1025150177392
-3.5 -3.25 4 5 -1924.184223952603 8.65936599876335
-3.5 -3.25 5 6 -1278.60599614309 6.959062991557768
-3.5 -3.25 6 7 -856.1437894499149 5.727455139186985
-3.5 -3.25 7 8 -574.367423119458 4.803313236931375
-3.5 -3.25 8 9 -382.5141714762474 4.089312189393672
-3.5 -3.25 9 10 -249.3927607452326 3.524482862065808
-3.5 -3.25 10 11 -155.59546696595 3.068706181894797
-3.5 -3.25 11 12 -88.68506343645208 2.694819970523836
-3.5 -3.25 12 13 -40.52832293149868 2.383788476974642
-3.5 -3.25 13 14 -5.679989471509771 2.121921463614773
-3.5 -3.25 14 15 19.5823676626419 1.899143982403909
-3.5 -3.25 15 16 37.85179905715188 1.707891575217917
-3.5 -3.25 16 17 50.96526706897737 1.542383960005723
-3.5 -3.25 17 18 60.24368680368843 1.398135058635432
-3.5 -3.25 18 19 66.64952619875976 1.271614793559004
-3.5 -3.25 19 20 70.89229627740895 1.160010814938945
-3.5 -3.25 20 21 73.50042504580938 1.061057521239233
-3.5 -3.25 21 22 74.871027776912 0.9729113219874554
-3.5 -3.25 22 23 75.30488480229803 0.8940582641291527
-3.5 -3.25 23 24 75.03135718732841 0.8232446877158082
-3.5 -3.25 24 25 74.22635487854575 0.7594245194028254
-3.5 -3.25 25 26 73.02544125797033 0.70171875308024
-3.5 -3.25 26 27 71.53348959948198 0.6493839723554251
-3.5 -3.25 27 28 69.83186618206997 0.6017876599676389
-3.5 -3.25 28 29 67.98382008974443 0.5583886568646359
-3.5 -3.25 29 30 66.03855965452914 0.5187215686184894
-3.5 -3.25 30 31 64.03435819922271 0.4823842250758433
-3.5 -3.25 31 32 62.00093614078958 0.4490275229037721
-3.5 -3.25 32 33 59.9612993324447 0.4183471425468421
-3.5 -3.25 33 34 57.93316579776092 0.3900767512225952
-3.5 -3.25 34 35 55.93007874675459 0.3639823921042008
-3.5 -3.25 35 36 53.96227894979685 0.3398578269246827
-3.5 -3.25 36 37 52.03739142073377 0.3175206497097603
-3.5 -3.25 37 38 50.16096803806244 0.2968090278192452
-3.5 -3.25 38 39 48.33691780627981 0.2775789562902202
-3.5 -3.25 39 40 46.56784905156471 0.2597019343696321
-3.5 -3.25 40 41 44.85534236150664 0.2430629910209051
-3.5 -3.25 41 42 43.20016871128087 0.2275590003378052
-3.5 -3.25 42 43 41.6024641604256 0.2130972387820863
-3.5 -3.25 43 44 40.06186996699819 0.1995941452658805
-3.5 -3.25 44 45 38.57764506332359 0.1869742514717612
-3.5 -3.25 45 46 37.14799551565022 0.1752702591478613
-3.5 -3.25 46 47 35.77305966339368 0.1648118602950437
-3.5 -3.25 47 48 34.45066255289889 0.1556344386942226
-3.5 -3.25 48 49 33.17928566633738 0.1477121905749721
-3.5 -3.25 49 50 31.9571268983197 0.1406596957573374
-3.25 -3 0 1 1570.779163877687 1.190132315254828
-3.25 -3 1 2 -4718.293095381596 9.27542974928612
-3.25 -3 2 3 -4772.433482206992 9.673359922856504
-3.25 -3 3 4 -3313.58368479879 7.86016371475918
-3.25 -3 4 5 -2242.324892991086 6.374327307309124
-3.25 -3 5 6 -1525.656815503376 5.259734621625943
-3.25 -3 6 7 -1047.405724042614 4.416667184524731
-3.25 -3 7 8 -723.1878055712541 3.765214841411214
-3.25 -3 8 9 -499.1394612610459 3.250666811517194
-3.25 -3 9 10 -341.4329329139398 2.836506947415021
-3.25 -3 10 11 -228.6843961350626 2.49744242676449
-3.25 -3 11 12 -147.0147032903039 2.215848461769733
-3.25 -3 12 13 -87.2490851050361 1.979051786878482
-3.25 -3 13 14 -43.18585279370905 1.777755694680357
-3.25 -3 14 15 -10.54810298543794 1.605005928208443
-3.25 -3 15 16 13.66816463652799 1.455508518991036
-3.25 -3 16 17 31.60800627628453 1.325169664557861
-3.25 -3 17 18 44.82593017699844 1.210778777440223
-3.25 -3 18 19 54.46341612159995 1.109785860022994
-3.25 -3 19 20 61.36854046222811 1.020142309637299
-3.25 -3 20 21 66.17799179451481 0.9401852017389565
-3.25 -3 21 22 69.37420071072859 0.8685519073625905
-3.25 -3 22 23 71.32571766936303 0.8041162230283271
-3.25 -3 23 24 72.31613352901024 0.7459399882699319
-3.25 -3 24 25 72.56504813731237 0.6932360086368857
-3.25 -3 25 26 72.24344445388988 0.6453393379639019
-3.25 -3 26 27 71.48507727992381 0.6016848150114332
-3.25 -3 27 28 70.39498977378912 0.5617893309696249
-3.25 -3 28 29 69.05593779876125 0.5252377125421904
-3.25 -3 29 30 67.53327502127178 0.4916713941741594
-3.25 -3 30 31 65.8786951616658 0.4607792611394531
-3.25 -3 31 32 64.13311838643921 0.4322901962547988
-3.25 -3 32 33 62.32893164594071 0.4059669743913437
-3.25 -3 33 34 60.49173771066188 0.3816012299275632
-3.25 -3 34 35 58.64172800146378 0.3590092855923459
-3.25 -3 35 36 56.79476548128372 0.338028676454849
-3.25 -3 36 37 54.96324272962426 0.3185152380313727
-3.25 -3 37 38 53.15676474499412 0.3003406562866405
-3.25 -3 38 39 51.38269435155479 0.2833903956182461
-3.25 -3 39 40 49.6465893576615 0.2675619402509176
-3.25 -3 40 41 47.95255412886479 0.2527632944835611
-3.25 -3 41 42 46.30352304562714 0.2389116993371057
-3.25 -3 42 43 44.70148968911363 0.2259325303265372
-3.25 -3 43 44 43.14769253565237 0.2137583469259092
-3.25 -3 44 45 41.64276568990522 0.2023280708890493
-3.25 -3 45 46 40.1860069678836 0.1916940459137819
-3.25 -3 46 47 38.77877172261944 0.1822174014129935
-3.25 -3 47 48 37.41967151560911 0.1739355285506723
-3.25 -3 48 49 36.10794848913618 0.1668186894223531
-3.25 -3 49 50 34.84246490243544 0.1604599863714921
-3 -2.75 0 1 2257.576936564883 1.647311504677739
-3 -2.75 1 2 -4373.048273279194 4.504313659529392
-3 -2.75 2 3 -5024.793616521727 5.994495820208595
-3 -2.75 3 4 -3594.703371048566 5.109038485783662
-3 -2.75 4 5 -2482.13604269095 4.243159015709333
-3 -2.75 5 6 -1719.635109398022 3.556142723253711
-3 -2.75 6 7 -1202.527138691233 3.020788912762668
-3 -2.75 7 8 -847.3683992998376 2.599041641113078
-3 -2.75 8 9 -599.0688474401595 2.261071928759767
-3 -2.75 9 10 -422.3562836463427 1.986068293634351
-3 -2.75 10 11 -294.6292525195038 1.758851475368822
-3 -2.75 11 12 -201.0627061836369 1.568689295324391
-3 -2.75 12 13 -131.7691771933 1.407708601931112
-3 -2.75 13 14 -80.01315701500289 1.270053530423784
-3 -2.75 14 15 -41.11679950675671 1.151294310331884
-3 -2.75 15 16 -11.77288111239682 1.048026980794595
-3 -2.75 16 17 10.39496502413931 0.9575980412502965
-3 -2.75 17 18 27.11933336562493 0.8779118245936307
-3 -2.75 18 19 39.68007816717136 0.8072934802377082
-3 -2.75 19 20 49.0337516262847 0.744389956402173
-3 -2.75 20 21 55.90279780351716 0.6880973714101044
-3 -2.75 21 22 60.83797854443139 0.6375070009122248
-3 -2.75 22 23 64.26269470906868 0.5918645919739342
-3 -2.75 23 24 66.5048698493672 0.5505393509285246
-3 -2.75 24 25 67.82016548199897 0.5130000444030826
-3 -2.75 25 26 68.40907345096764 0.4787963940250631
-3 -2.75 26 27 68.42962963161477 0.4475444547363074
-3 -2.75 27 28 68.00696017379738 0.4189150230820479
-3 -2.75 28 29 67.24051205714562 0.3926243716129181
-3 -2.75 29 30 66.20957379643755 0.3684267863167801
-3 -2.75 30 31 64.97752209779321 0.3461085132143738
-3 -2.75 31 32 63.59511101844424 0.3254828147042026
-3 -2.75 32 33 62.10303578586189 0.3063859074061026
-3 -2.75 33 34 60.53394307038332 0.2886736041762673
-3 -2.75 34 35 58.91401587550314 0.2722185227491293
-3 -2.75 35 36 57.26422941805805 0.2569077536708774
-3 -2.75 36 37 55.60135096960511 0.2426409018180415
-3 -2.75 37 38 53.93873935151726 0.2293284341776889
-3 -2.75 38 39 52.28698679572079 0.2168902798377787
-3 -2.75 39 40 50.654436140103 0.2052546385283603
-3 -2.75 40 41 49.04759907339022 0.1943569628826818
-3 -2.75 41 42 47.4714953186305 0.1841390854171391
-3 -2.75 42 43 45.92992856773037 0.1745484673456559
-3 -2.75 43 44 44.42571151040008 0.1655375495225114
-3 -2.75 44 45 42.96084977446594 0.1570631905226262
-3 -2.75 45 46 41.53577126825343 0.14924158793031
-3 -2.75 46 47 40.15301610135728 0.1426288315345392
-3 -2.75 47 48 38.81204288190145 0.1373053814087349
-3 -2.75 48 49 37.51289476233646 0.1332439494494094
-3 -2.75 49 50 36.2551439107246 0.1298730676846332
-2.75 -2.5 0 1 2891.418776209395 2.206252444473951
-2.75 -2.5 1 2 -3949.622056982588 1.106643393986525
-2.75 -2.5 2 3 -5170.701721081585 2.7949997092455
-2.75 -2.5 3 4 -3793.449242831337 2.678509796819846
-2.75 -2.5 4 5 -2661.576999966592 2.352005869141031
-2.75 -2.5 5 6 -1869.71284200848 2.043855223993535
-2.75 -2.5 6 7 -1325.584723747732 1.783398488651138
-2.75 -2.5 7 8 -947.970299313547 1.56762931192473
-2.75 -2.5 8 9 -681.5582374928485 1.388162789437348
-2.75 -2.5 9 10 -490.3390115425821 1.23809918270597
-2.75 -2.5 10 11 -350.9732526050461 1.111216797047075
-2.75 -2.5 11 12 -248.0196864206157 1.00297277380845
-2.75 -2.5 12 13 -171.1051843497064 0.9098156004217507
-2.75 -2.5 13 14 -113.1191165149273 0.8289956585994221
-2.75 -2.5 14 15 -69.09525343996597 0.7583658676703208
-2.75 -2.5 15 16 -35.50415940853577 0.6962327316895335
-2.75 -2.5 16 17 -9.797284375986919 0.6412466681948228
-2.75 -2.5 17 18 9.8923285333899 0.5923213099826053
-2.75 -2.5 18 19 24.95018191834959 0.548573788689487
-2.75 -2.5 19 20 36.41653588963936 0.5092801692028331
-2.75 -2.5 20 21 45.08065350863569 0.4738418684520134
-2.75 -2.5 21 22 51.54701455628924 0.4417601000756123
-2.75 -2.5 22 23 56.28249669146703 0.4126162337146645
-2.75 -2.5 23 24 59.65043472480454 0.3860565569948218
-2.75 -2.5 24 25 61.93550371640424 0.3617803451034936
-2.75 -2.5 25 26 63.36209968237245 0.339530439511612
-2.75 -2.5 26 27 64.10805590871541 0.319085747236786
-2.75 -2.5 27 28 64.31497501086585 0.3002552233814352
-2.75 -2.5 28 29 64.09607958022548 0.2828730076753145
-2.75 -2.5 29 30 63.54222536333248 0.2667944679905316
-2.75 -2.5 30 31 62.72654143265765 0.2518929602105162
-2.75 -2.5 31 32 61.70803560101086 0.2380571582201513
-2.75 -2.5 32 33 60.53441379667493 0.2251888420064013
-2.75 -2.5 33 34 59.24429790696286 0.2132010548128743
-2.75 -2.5 34 35 57.86898009048946 0.2020165592953127
-2.75 -2.5 35 36 56.43381758163923 0.1915665395509818
-2.75 -2.5 36 37 54.95934694973801 0.1817895027381081
-2.75 -2.5 37 38 53.46217821872335 0.1726303473290783
-2.75 -2.5 38 39 51.95571529827868 0.1640395685218741
-2.75 -2.5 39 40 50.45073865903151 0.155972577882967
-2.75 -2.5 40 41 48.95587835203335 0.148389119537441
-2.75 -2.5 41 42 47.47799916130077 0.1412527661603979
-2.75 -2.5 42 43 46.02251525019426 0.1345304831399266
-2.75 -2.5 43 44 44.59364789181836 0.1281922508853879
-2.75 -2.5 44 45 43.19463711250037 0.1222107349593007
-2.75 -2.5 45 46 41.82694449180761 0.1167808811208714
-2.75 -2.5 46 47 40.49416498019986 0.1127097015716317
-2.75 -2.5 47 48 39.19654573304143 0.1101105960257283
-2.75 -2.5 48 49 37.93486961576227 0.1089260095030728
-2.75 -2.5 49 50 36.70936685419318 0.1083510902566605
-2.5 -2.25 0 1 3468.421349738398 1.705883690544447
-2.5 -2.25 1 2 -3517.001473232136 0.9560939788568955
-2.5 -2.25 2 3 -5259.95663946183 1.692317300088252
-2.5 -2.25 3 4 -3939.482966089599 1.559646115558049
-2.5 -2.25 4 5 -2798.048247647822 1.390185580393986
-2.5 -2.25 5 6 -1986.085282227204 1.252341117750421
-2.5 -2.25 6 7 -1422.45440199827 1.122647223608576
-2.5 -2.25 7 8 -1028.211743945286 1.008127869211286
-2.5 -2.25 8 9 -748.1517929208094 0.9081744385581774
-2.5 -2.25 9 10 -545.8525474528042 0.8217802412554566
-2.5 -2.25 10 11 -397.4926380871818 0.74661455894946
-2.5 -2.25 11 12 -287.2105671533177 0.6809993545592913
-2.5 -2.25 12 13 -204.2916769190283 0.6234269094514207
-2.5 -2.25 13 14 -141.3561008814384 0.572645045917489
-2.5 -2.25 14 15 -93.22728722062834 0.5276230311908625
-2.5 -2.25 15 16 -56.2115731814597 0.4875132858521199
-2.5 -2.25 16 17 -27.63170104401206 0.4516169187306983
-2.5 -2.25 17 18 -5.519272136230711 0.4193549981261551
-2.5 -2.25 18 19 11.59168915719761 0.3902453545357375
-2.5 -2.25 19 20 24.80571398529833 0.3638840933673085
-2.5 -2.25 20 21 34.96374106299982 0.3399309231037251
-2.5 -2.25 21 22 42.71206838991225 0.3180975063827993
-2.5 -2.25 22 23 48.55162414893061 0.2981381832510502
-2.5 -2.25 23 24 52.87363115431845 0.2798425529544984
-2.5 -2.25 24 25 55.98573133291757 0.2630295098998
-2.5 -2.25 25 26 58.13133308204863 0.2475424247709315
-2.5 -2.25 26 27 59.50408541739284 0.233245227303221
-2.5 -2.25 27 28 60.25880805549139 0.2200192053770845
-2.5 -2.25 28 29 60.51981694839958 0.2077603745366512
-2.5 -2.25 29 30 60.38731682952545 0.1963773051478582
-2.5 -2.25 30 31 59.94234616983283 0.1857893173041604
-2.5 -2.25 31 32 59.25062878279607 0.1759249752150689
-2.5 -2.25 32 33 58.36559307335642 0.1667208239294364
-2.5 -2.25 33 34 57.33075294250352 0.158120325531807
-2.5 -2.25 34 35 56.18159573619744 0.1500729587118799
-2.5 -2.25 35 36 54.94708705046389 0.1425334542383402
-2.5 -2.25 36 37 53.65087590952186 0.1354611423269727
-2.5 -2.25 37 38 52.31226433060368 0.1288193938839396
-2.5 -2.25 38 39 50.94699059238854 0.1225751404736735
-2.5 -2.25 39 40 49.5678644367826 0.1166984604594475
-2.5 -2.25 40 41 48.18528414660932 0.1111622201692688
-2.5 -2.25 41 42 46.80765876852365 0.1059417638994414
-2.5 -2.25 42 43 45.44175405971981 0.1010146420322093
-2.5 -2.25 43 44 44.09297671268112 0.09636037550894962
-2.5 -2.25 44 45 42.76560850267788 0.09196024855718052
-2.5 -2.25 45 46 41.46198668316285 0.08811647945066654
-2.5 -2.25 46 47 40.18659664276217 0.08600910704405997
-2.5 -2.25 47 48 38.94035840360399 0.08577220398927247
-2.5 -2.25 48 49 37.72468688222321 0.08725213062088782
-2.5 -2.25 49 50 36.54037400948604 0.09192752321703104
-2.25 -2 0 1 3989.121652819323 1.025275900044807
-2.25 -2 1 2 -3125.027071932449 0.8454630347486738
-2.25 -2 2 3 -5351.573123842289 1.649253164281145
-2.25 -2 3 4 -4079.500132771172 1.528321600000486
-2.25 -2 4 5 -2924.199143881744 1.34889140496318
-2.25 -2 5 6 -2090.078021827152 1.189880954517103
-2.25 -2 6 7 -1506.302243311458 1.056358124842471
-2.25 -2 7 8 -1095.603335058255 0.9440012009538907
-2.25 -2 8 9 -802.4915129063825 0.8492740427325043
-2.25 -2 9 10 -589.9000204089839 0.7679403458003146
-2.25 -2 10 11 -433.3948127850103 0.6978585173258821
-2.25 -2 11 12 -316.6248151543186 0.6369035982533119
-2.25 -2 12 13 -228.4994528467296 0.583501701829743
-2.25 -2 13 14 -161.3546265684697 0.5364112491699178
-2.25 -2 14 15 -109.7989107682763 0.4946417075305187
-2.25 -2 15 16 -69.97528863625212 0.4573944373292678
-2.25 -2 16 17 -39.08131260960704 0.4240191847685943
-2.25 -2 17 18 -15.05178573508442 0.3939817099992168
-2.25 -2 18 19 3.654785879876272 0.366839414892572
-2.25 -2 19 20 18.20236014279044 0.3422227879693456
-2.25 -2 20 21 29.47902140782026 0.3198211232195955
-2.25 -2 21 22 38.16875430005427 0.2993714276988367
-2.25 -2 22 23 44.80282413007967 0.2806497167402073
-2.25 -2 23 24 49.79703299390758 0.2634641324577443
-2.25 -2 24 25 53.47905621375742 0.2476494532796316
-2.25 -2 25 26 56.10872064485852 0.2330626841537628
-2.25 -2 26 27 57.89319985895918 0.2195794864514314
-2.25 -2 27 28 58.99850704055484 0.2070912699864496
-2.25 -2 28 29 59.55826303313677 0.1955028079027105
-2.25 -2 29 30 59.68043917710258 0.1847302690761641
-2.25 -2 30 31 59.4525813163217 0.1746995862014904
-2.25 -2 31 32 58.9458850161231 0.165345093287907
-2.25 -2 32 33 58.21839499174166 0.1566083846429103
-2.25 -2 33 34 57.31753194475465 0.148437352319268
-2.25 -2 34 35 56.28209927864259 0.1407853724278958
-2.25 -2 35 36 55.14388500268279 0.1336106124602269
-2.25 -2 36 37 53.92894663171484 0.1268754411284115
-2.25 -2 37 38 52.65864647069299 0.1205459216344388
-2.25 -2 38 39 51.35048926817797 0.114591376387566
-2.25 -2 39 40 50.01880258081269 0.1089840117549498
-2.25 -2 40 41 48.67529149267961 0.1036985917185776
-2.25 -2 41 42 47.32949230247448 0.09871215588082968
-2.25 -2 42 43 45.9891448640287 0.0940037726355486
-2.25 -2 43 44 44.66049900779117 0.08955432396683817
-2.25 -2 44 45 43.34856741405531 0.08534631698843922
-2.25 -2 45 46 42.05627824914563 0.0820162240655315
-2.25 -2 46 47 40.78875183617984 0.08194226575832435
-2.25 -2 47 48 39.54734438020975 0.08518886516940105
-2.25 -2 48 49 38.33388858100932 0.09114083646901565
-2.25 -2 49 50 37.14953967385679 0.0974402479762022
-2 -1.75 0 1 4484.045207741949 1.058848765021287
-2 -1.75 1 2 -2733.340078673496 2.771575097510238
-2 -1.75 2 3 -5411.623648537883 2.76063408072348
-2 -1.75 3 4 -4197.842673946077 2.25218159050928
-2 -1.75 4 5 -3040.598097433776 1.848771278588129
-2 -1.75 5 6 -2192.768101263917 1.548796226991945
-2 -1.75 6 7 -1594.108672875436 1.321895203097622
-2 -1.75 7 8 -1169.992500133186 1.145565633976851
-2 -1.75 8 9 -865.4477906891734 1.005164836681356
-2 -1.75 9 10 -643.3028530184561 0.8910291265130168
-2 -1.75 10 11 -478.8629293934387 0.7963851177387762
-2 -1.75 11 12 -355.5017076575214 0.7167989318528906
-2 -1.75 12 13 -261.8850666908759 0.6489895272610626
-2 -1.75 13 14 -190.1460257833573 0.5905795838908793
-2 -1.75 14 15 -134.7283555596164 0.5397921994553291
-2 -1.75 15 16 -91.64248052327957 0.495272489012509
-2 -1.75 16 17 -57.97958145548023 0.4559689661570929
-2 -1.75 17 18 -31.58897302763467 0.4210527798160228
-2 -1.75 18 19 -10.86021129368191 0.38986149135526
-2 -1.75 19 20 5.426528684478171 0.361859126186961
-2 -1.75 20 21 18.20482721236954 0.3366072529585775
-2 -1.75 21 22 28.19591237804786 0.3137436875903014
-2 -1.75 22 23 35.96169544910913 0.2929665669470005
-2 -1.75 23 24 41.94332305983187 0.2740222721017929
-2 -1.75 24 25 46.48953272386598 0.256696151997019
-2 -1.75 25 26 49.87773621340443 0.2408053160542929
-2 -1.75 26 27 52.32985402007841 0.2261929744949573
-2 -1.75 27 28 54.02431854869985 0.212723950465943
-2 -1.75 28 29 55.10525164298554 0.2002810897789942
-2 -1.75 29 30 55.68953768794415 0.18876236457018
-2 -1.75 30 31 55.8723153197991 0.1780785181820803
-2 -1.75 31 32 55.73127067623989 0.1681511388377079
-2 -1.75 32 33 55.33001521867368 0.1589110700127188
-2 -1.75 33 34 54.72075917394449 0.1502970933748384
-2 -1.75 34 35 53.94643923558192 0.142254830714301
-2 -1.75 35 36 53.04242071567745 0.1347358216535222
-2 -1.75 36 37 52.03786582523162 0.1276967477275579
-2 -1.75 37 38 50.95683856699918 0.1210987744661834
-2 -1.75 38 39 49.81920070434967 0.1149069922721873
-2 -1.75 39 40 48.6413411423714 0.1090899373965658
-2 -1.75 40 41 47.43677198904345 0.1036191832345037
-2 -1.75 41 42 46.2166172059662 0.09846898634068067
-2 -1.75 42 43 44.99001462265386 0.09361598146006773
-2 -1.75 43 44 43.76444760334493 0.08903891723085931
-2 -1.75 44 45 42.54601946161171 0.08471842543391329
-2 -1.75 45 46 41.33859550678019 0.08108131409466239
-2 -1.75 46 47 40.14820714850174 0.08129827039565971
-2 -1.75 47 48 38.97694423570854 0.08499938921803291
-2 -1.75 48 49 37.82731816187115 0.09154456308169642
-2 -1.75 49 50 36.70108384822174 0.09845051864872514
-1.75 -1.5 0 1 4940.836640714742 0.9746929675484279
-1.75 -1.5 1 2 -2352.895662396805 0.8561874139977558
-1.75 -1.5 2 3 -5441.743158179448 1.763804853430718
-1.75 -1.5 3 4 -4270.339862398389 1.702636481989536
-1.75 -1.5 4 5 -3105.959490509937 1.516610081934338
-1.75 -1.5 5 6 -2245.153537493321 1.329665972277445
-1.75 -1.5 6 7 -1634.977544942458 1.166037597638891
-1.75 -1.5 7 8 -1201.74045841427 1.028348698947853
-1.75 -1.5 8 9 -890.216461427588 0.9110275212350503
-1.75 -1.5 9 10 -662.705234446059 0.8150603186895998
-1.75 -1.5 10 11 -494.119877265508 0.7319649069574305
-1.75 -1.5 11 12 -367.5409426571944 0.6613940697807875
-1.75 -1.5 12 13 -271.4024357755798 0.6005812438620329
-1.75 -1.5 13 14 -197.6725032579168 0.5477586409013511
-1.75 -1.5 14 15 -140.6733387571342 0.5015391406822309
-1.75 -1.5 15 16 -96.32474149838527 0.4608267907327918
-1.75 -1.5 16 17 -61.6495446471406 0.4247480116527875
-1.75 -1.5 17 18 -34.44492465622125 0.3925998890764076
-1.75 -1.5 18 19 -13.06023880640396 0.3638115168278198
-1.75 -1.5 19 20 3.755632899014017 0.3379150248960368
-1.75 -1.5 20 21 16.96084694610181 0.3145237211505061
-1.75 -1.5 21 22 27.29608137959644 0.2933154681813357
-1.75 -1.5 22 23 35.33874683929832 0.2740199210370952
-1.75 -1.5 23 24 41.54241693421454 0.256408641195726
-1.75 -1.5 24 25 46.26584705349251 0.2402873695411154
-1.75 -1.5 25 26 49.79456385056199 0.225489932917399
-1.75 -1.5 26 27 52.35708946719819 0.2118733985398646
-1.75 -1.5 27 28 54.13724743361206 0.1993141925613572
-1.75 -1.5 28 29 55.28357709717386 0.1877049638235709
-1.75 -1.5 29 30 55.91659342221044 0.176952036204661
-1.75 -1.5 30 31 56.1344267653933 0.1669733221985064
-1.75 -1.5 31 32 56.01723423224553 0.1576966050158615
-1.75 -1.5 32 33 55.63067220477217 0.1490581150905431
-1.75 -1.5 33 34 55.02864609040796 0.1410013451713338
-1.75 -1.5 34 35 54.25549977957604 0.1334760572015498
-1.75 -1.5 35 36 53.34776798232838 0.1264374472706237
-1.75 -1.5 36 37 52.33558543966478 0.1198454389293026
-1.75 -1.5 37 38 51.24382532250996 0.1136640845977807
-1.75 -1.5 38 39 50.09302271040377 0.107861052687214
-1.75 -1.5 39 40 48.90012663318777 0.1024071917709344
-1.75 -1.5 40 41 47.67911484697731 0.09727615245230445
-1.75 -1.5 41 42 46.44149798126506 0.09244406469719645
-1.75 -1.5 42 43 45.19673441931712 0.08788925616287951
-1.75 -1.5 43 44 43.9525726679459 0.08359200879465273
-1.75 -1.5 44 45 42.71533469605458 0.07953434676923565
-1.75 -1.5 45 46 41.48902465880448 0.07641229661869781
-1.75 -1.5 46 47 40.2799002535107 0.07682860722513475
-1.75 -1.5 47 48 39.09012963495306 0.08087169448702021
-1.75 -1.5 48 49 37.92232035355104 0.08789015818396438
-1.75 -1.5 49 50 36.77831209192547 0.09530634313591951
-1.5 -1.25 0 1 5374.030092038794 3.10275968647659
-1.5 -1.25 1 2 -1978.467663229881 3.721566806559348
-1.5 -1.25 2 3 -5467.006132618397 1.691090360918973
-1.5 -1.25 3 4 -4350.242505406 1.625844161268184
-1.5 -1.25 4 5 -3186.886226369799 1.451514136181763
-1.5 -1.25 5 6 -2316.707597734147 1.281259493516162
-1.5 -1.25 6 7 -1695.983213278228 1.132974165142018
-1.5 -1.25 7 8 -1253.235946456932 1.007263310916523
-1.5 -1.25 8 9 -933.6408947510963 0.9007822320600406
-1.5 -1.25 9 10 -699.5023153090233 0.8095351335570572
-1.5 -1.25 10 11 -525.3661916781844 0.732403673860117
-1.5 -1.25 11 12 -394.2223100174961 0.6654932258425801
-1.5 -1.25 12 13 -294.2952075846276 0.6073302760778783
-1.5 -1.25 13 14 -217.4061161067627 0.5564121828654341
-1.5 -1.25 14 15 -157.7592626423263 0.5115448788515676
-1.5 -1.25 15 16 -111.180347234133 0.4717730936464388
-1.5 -1.25 16 17 -74.61714767642457 0.4363263462259024
-1.5 -1.25 17 18 -45.80678745551859 0.4045778631030702
-1.5 -1.25 18 19 -23.05034985852421 0.3760134443567991
-1.5 -1.25 19 20 -5.057701759268639 0.3502078051916267
-1.5 -1.25 20 21 9.161017624124725 0.326806485322845
-1.5 -1.25 21 22 20.37239340675251 0.3055119187110576
-1.5 -1.25 22 23 29.17511953041719 0.2860726103064066
-1.5 -1.25 23 24 36.0403440243532 0.2682746628274706
-1.5 -1.25 24 25 41.34140488185221 0.2519350856228008
-1.5 -1.25 25 26 45.37598475761843 0.2388244364083046
-1.5 -1.25 26 27 48.38278329384491 0.2269209335824376
-1.5 -1.25 27 28 50.55418030903115 0.2158210215866679
-1.5 -1.25 28 29 52.04593669158101 0.2054543324066402
-1.5 -1.25 29 30 52.98468510172688 0.195758043660053
-1.5 -1.25 30 31 53.47375681135338 0.1866759442555839
-1.5 -1.25 31 32 53.59774534367955 0.1781576259023163
-1.5 -1.25 32 33 53.42610353736734 0.1701577840303461
-1.5 -1.25 33 34 53.01599558644409 0.1626356120730615
-1.5 -1.25 34 35 52.41457086258384 0.1555542763243666
-1.5 -1.25 35 36 51.66078610663391 0.1488804599502217
-1.5 -1.25 36 37 50.78687269733143 0.1425839657467922
-1.5 -1.25 37 38 49.81952347293617 0.1366373705050004
-1.5 -1.25 38 39 48.78085673702083 0.1310157221194669
-1.5 -1.25 39 40 47.68920232739447 0.1256962753606138
-1.5 -1.25 40 41 46.55974505310581 0.1206582588646753
-1.5 -1.25 41 42 45.40505305384784 0.115882671796012
-1.5 -1.25 42 43 44.23551319541451 0.111352103105634
-1.5 -1.25 43 44 43.05969086744972 0.1070505728960675
-1.5 -1.25 44 45 41.8846281706642 0.1029633920906012
-1.5 -1.25 45 46 40.71493732635236 0.09942186608180284
-1.5 -1.25 46 47 39.5574838540719 0.09770419566677119
-1.5 -1.25 47 48 38.41490759008755 0.09798905360956607
-1.5 -1.25 48 49 37.29025942389748 0.100177974575971
-1.5 -1.25 49 50 36.18576090793704 0.1030207548937642
-1.25 -1 0 1 5739.799478326398 1.528638742165394
-1.25 -1 1 2 -1680.696283827514 0.7835931315704341
-1.25 -1 2 3 -5505.861857799247 2.098274911112748
-1.25 -1 3 4 -4428.059887720417 1.986426322936484
-1.25 -1 4 5 -3259.59530271886 1.746291307980045
-1.25 -1 5 6 -2377.432903750655 1.524697285345959
-1.25 -1 6 7 -1745.220453106078 1.338471668706792
-1.25 -1 7 8 -1292.885655279505 1.184054502740626
-1.25 -1 8 9 -965.5896360146776 1.055598794754387
-1.25 -1 9 10 -725.3345781728208 0.9479559799135073
-1.25 -1 10 11 -546.3329810252117 0.8560682198484378
-1.25 -1 11 12 -411.299973990057 0.7774394612251494
-1.25 -1 12 13 -308.2457565420821 0.7093835657490623
-1.25 -1 13 14 -228.8265386226694 0.6499952762322186
-1.25 -1 14 15 -167.1204057865543 0.597790556329946
-1.25 -1 15 16 -118.8563134268134 0.5515996664842092
-1.25 -1 16 17 -80.90735574579594 0.5104897567575498
-1.25 -1 17 18 -50.95255351299193 0.4737086127172094
-1.25 -1 18 19 -27.24742095671331 0.4406434049223754
-1.25 -1 19 20 -8.465802958940458 0.4107901038531317
-1.25 -1 20 21 6.41085002707905 0.3837305352284209
-1.25 -1 21 22 18.172131380172 0.3591149660069909
-1.25 -1 22 23 27.43530690965235 0.3366487401856978
-1.25 -1 23 24 34.68660476880234 0.3160819129903794
-1.25 -1 24 25 40.31167482506919 0.2972011328352144
-1.25 -1 25 26 44.61830208545359 0.2798232222491401
-1.25 -1 26 27 47.85351392839902 0.2637900611560811
-1.25 -1 27 28 50.21658433286836 0.2489644726250613
-1.25 -1 28 29 51.86900406214147 0.2352268918746125
-1.25 -1 29 30 52.94218537373035 0.2224726491864557
-1.25 -1 30 31 53.54345995613926 0.2106097388240047
-1.25 -1 31 32 53.76078011986681 0.1995569765400678
-1.25 -1 32 33 53.66642701912428 0.1892424684264802
-1.25 -1 33 34 53.31995295152063 0.1796023313625363
-1.25 -1 34 35 52.77052880515487 0.1705796184946864
-1.25 -1 35 36 52.0588265556089 0.162123412709829
-1.25 -1 36 37 51.21853612703205 0.1541880578855426
-1.25 -1 37 38 50.27759314880717 0.1467325040983987
-1.25 -1 38 39 49.2591768665377 0.1397197480391246
-1.25 -1 39 40 48.18252438739279 0.133116352397765
-1.25 -1 40 41 47.0635976086345 0.1268920320706469
-1.25 -1 41 42 45.9156312148134 0.1210192962465589
-1.25 -1 42 43 44.74958454387814 0.1154731377232995
-1.25 -1 43 44 43.57451522991272 0.11023076254565
-1.25 -1 44 45 42.3978890612961 0.1052713545371968
-1.25 -1 45 46 41.22465493919583 0.1009548984438799
-1.25 -1 46 47 40.06205100433553 0.09870229446716151
-1.25 -1 47 48 38.91296003627673 0.09873323815457447
-1.25 -1 48 49 37.78066678653215 0.1009322147696219
-1.25 -1 49 50 36.66759774764427 0.1083840071083652
-1 -0.75 0 1 6058.77711234436 2.241587039080535
-1 -0.75 1 2 -1395.140027356653 1.982487925887642
-1 -0.75 2 3 -5507.7815994475 1.561414821554476
-1 -0.75 3 4 -4467.708145094284 1.516368548283303
-1 -0.75 4 5 -3299.644890247796 1.359612969558389
-1 -0.75 5 6 -2411.470368648605 1.20855753442261
-1 -0.75 6 7 -1772.943994693724 1.07831016365267
-1 -0.75 7 8 -1315.233343141241 0.9679135327269593
-1 -0.75 8 9 -983.6002390671438 0.8738341656332453
-1 -0.75 9 10 -739.8964022554292 0.792775804148291
-1 -0.75 10 11 -558.160134272845 0.7231352643057356
-1 -0.75 11 12 -420.9449459602984 0.6621977652265666
-1 -0.75 12 13 -316.1411744458069 0.6086599447432901
-1 -0.75 13 14 -235.3111997874789 0.5613160649699136
-1 -0.75 14 15 -172.4613424944657 0.5192033954152449
-1 -0.75 15 16 -123.2654936968456 0.4815452681029054
-1 -0.75 16 17 -84.55421695276482 0.4477088913780214
-1 -0.75 17 18 -53.97342386972809 0.4171739154224487
-1 -0.75 18 19 -29.75264536520785 0.389508778625674
-1 -0.75 19 20 -10.54517636458627 0.3643527225529247
-1 -0.75 20 21 4.683903566120989 0.3414019661353851
-1 -0.75 21 22 16.73731646170177 0.3203989774700549
-1 -0.75 22 23 26.24292057793491 0.3011240620265358
-1 -0.75 23 24 33.69553727906134 0.283388712435779
-1 -0.75 24 25 39.48782249660758 0.2670303062556166
-1 -0.75 25 26 43.93329910610805 0.2519078445110986
-1 -0.75 26 27 47.28371299519847 0.2378985013922576
-1 -0.75 27 28 49.74223286416168 0.2248948121271598
-1 -0.75 28 29 51.47357516084151 0.2128023648155259
-1 -0.75 29 30 52.61183200845858 0.2015378951009662
-1 -0.75 30 31 53.26656781215979 0.1910277036773473
-1 -0.75 31 32 53.52759987840466 0.1812063345405201
-1 -0.75 32 33 53.46877088504436 0.172015466307167
-1 -0.75 33 34 53.1509433824782 0.1634029758914366
-1 -0.75 34 35 52.62438982682733 0.1553221461335487
-1 -0.75 35 36 51.93070995466803 0.1477309905853519
-1 -0.75 36 37 51.10437630699295 0.1405916767967257
-1 -0.75 37 38 50.17398562246456 0.1338700313587507
-1 -0.75 38 39 49.16327629866549 0.127535113586633
-1 -0.75 39 40 48.09195885484803 0.1215588473342318
-1 -0.75 40 41 46.97639635403948 0.1159157010267352
-1 -0.75 41 42 45.83016364977794 0.1105824101553445
-1 -0.75 42 43 44.66450866209351 0.1055377343588025
-1 -0.75 43 44 43.48873390241272 0.1007622456571226
-1 -0.75 44 45 42.31051295487549 0.09623814141110204
-1 -0.75 45 46 41.13494610379229 0.09274667634349593
-1 -0.75 46 47 39.96946701454226 0.09320860898473536
-1 -0.75 47 48 38.81706007701899 0.09773258986267529
-1 -0.75 48 49 37.68111697866712 0.1055931312970151
-1 -0.75 49 50 36.56414805788569 0.1139093689507168
-0.75 -0.5 0 1 6309.474335961469 3.240020807104381
-0.75 -0.5 1 2 -1173.770566019663 2.687506475135722
-0.75 -0.5 2 3 -5516.036503027705 1.569946923243197
-0.75 -0.5 3 4 -4507.661480797512 1.533996222849487
-0.75 -0.5 4 5 -3340.515096754892 1.377318051584981
-0.75 -0.5 5 6 -2447.385620287524 1.223583802009724
-0.75 -0.5 6 7 -1803.297640390662 1.090126606574378
-0.75 -0.5 7 8 -1340.635853299583 0.9766312515623298
-0.75 -0.5 8 9 -1004.859072049323 0.8995895707717479
-0.75 -0.5 9 10 -757.7490677721889 0.828545613096435
-0.75 -0.5 10 11 -573.2294250105228 0.7647709054284195
-0.75 -0.5 11 12 -433.7296831560438 0.7071031178350675
-0.75 -0.5 12 13 -327.0435161970786 0.6552010897147406
-0.75 -0.5 13 14 -244.654194500104 0.6084542443413418
-0.75 -0.5 14 15 -180.5054978824257 0.5662710258616956
-0.75 -0.5 15 16 -130.2220216340745 0.5281122385427479
-0.75 -0.5 16 17 -90.59537478569291 0.4935001796413584
-0.75 -0.5 17 18 -59.24053127024786 0.4620174323641203
-0.75 -0.5 18 19 -34.3623021105625 0.4333015829181947
-0.75 -0.5 19 20 -14.59410478093105 0.4070387044349248
-0.75 -0.5 20 21 1.115065140446177 0.3829568661328556
-0.75 -0.5 21 22 13.58102245504074 0.3608201867947546
-0.75 -0.5 22 23 23.44234374499183 0.3404236023931815
-0.75 -0.5 23 24 31.20267150991924 0.3215883602455431
-0.75 -0.5 24 25 37.26195746589826 0.3041581821840335
-0.75 -0.5 25 26 41.93978664658698 0.2879960179570603
-0.75 -0.5 26 27 45.492963886756 0.2729813044861276
-0.75 -0.5 27 28 48.12889678345653 0.2590076533623643
-0.75 -0.5 28 29 50.01586711974949 0.245980898441291
-0.75 -0.5 29 30 51.29097661257674 0.2338174441851391
-0.75 -0.5 30 31 52.06633879353888 0.2224428652740607
-0.75 -0.5 31 32 52.43393705088158 0.2117907166391662
-0.75 -0.5 32 33 52.46946031075754 0.2018015185772239
-0.75 -0.5 33 34 52.23534937267777 0.1924218896066985
-0.75 -0.5 34 35 51.78322962147047 0.1836038019522357
-0.75 -0.5 35 36 51.1558636775589 0.175303942483031
-0.75 -0.5 36 37 50.38872618677567 0.1674831600260161
-0.75 -0.5 37 38 49.51127957317789 0.1601059879118009
-0.75 -0.5 38 39 48.54801184758668 0.1531402297209266
-0.75 -0.5 39 40 47.51928411516747 0.1465565983424356
-0.75 -0.5 40 41 46.44202532269679 0.1403284012714313
-0.75 -0.5 41 42 45.33030357486325 0.134431265321842
-0.75 -0.5 42 43 44.19579761240948 0.1288428953664308
-0.75 -0.5 43 44 43.04818697972485 0.123542861205977
-0.75 -0.5 44 45 41.89547584833775 0.1185124115387256
-0.75 -0.5 45 46 40.74303792545112 0.1141121950809054
-0.75 -0.5 46 47 39.59859168528681 0.1117540006371672
-0.75 -0.5 47 48 38.46533029700771 0.1116521028194514
-0.75 -0.5 48 49 37.34684468468234 0.113702523610765
-0.75 -0.5 49 50 36.24581991832622 0.1165259463846745
-0.5 -0.25 0 1 6478.251237501895 3.334650918040726
-0.5 -0.25 1 2 -1028.717942502486 2.302539736054103
-0.5 -0.25 2 3 -5525.725905013429 1.550030350014228
-0.5 -0.25 3 4 -4537.671382433775 1.532223158546585
-0.5 -0.25 4 5 -3370.14292310522 1.453668356362507
-0.5 -0.25 5 6 -2472.876890437014 1.362535335039169
-0.5 -0.25 6 7 -1824.445418440729 1.251807668745305
-0.5 -0.25 7 8 -1358.014033549502 1.143715960796482
-0.5 -0.25 8 9 -1019.131741525659 1.044787664222763
-0.5 -0.25 9 10 -769.5052213663193 0.9564122021495003
-0.5 -0.25 10 11 -582.9506226153844 0.8773757664124101
-0.5 -0.25 11 12 -441.7996401055352 0.8073293955500408
-0.5 -0.25 12 13 -333.7674078675636 0.7450030646224508
-0.5 -0.25 13 14 -250.2748282455209 0.6893856926625505
-0.5 -0.25 14 15 -185.2170028228993 0.6395841671243044
-0.5 -0.25 15 16 -134.1805524403178 0.5948285582795925
-0.5 -0.25 16 17 -93.92734003725309 0.5544620516104817
-0.5 -0.25 17 18 -62.04889587911771 0.5179263683112765
-0.5 -0.25 18 19 -36.73142730679069 0.4847469979756569
-0.5 -0.25 19 20 -16.59348597845678 0.4545198425403219
-0.5 -0.25 20 21 -0.5721085076429517 0.4268997193040261
-0.5 -0.25 21 22 12.15820151575872 0.4015906997812259
-0.5 -0.25 22 23 22.24390494464342 0.3783380866932335
-0.5 -0.25 23 24 30.19509999602303 0.3569217861041441
-0.5 -0.25 24 25 36.41705108503197 0.3371508411544866
-0.5 -0.25 25 26 41.23373568912257 0.3188589201531359
-0.5 -0.25 26 27 44.905605898315 0.3019005848365532
-0.5 -0.25 27 28 47.64310991083175 0.2861481951880209
-0.5 -0.25 28 29 49.617073789134 0.2714893323800456
-0.5 -0.25 29 30 50.96673561048374 0.2578246472445747
-0.5 -0.25 30 31 51.80600857134664 0.2450660540140675
-0.5 -0.25 31 32 52.2283967133543 0.2331352113945368
-0.5 -0.25 32 33 52.31087754307248 0.2219622369679184
-0.5 -0.25 33 34 52.11698673760384 0.2114846180864133
-0.5 -0.25 34 35 51.69928234733283 0.2016462828004318
-0.5 -0.25 35 36 51.10132339931442 0.1923968069241724
-0.5 -0.25 36 37 50.35926614691078 0.1836907329275491
-0.5 -0.25 37 38 49.50315763419155 0.1754869844567138
-0.5 -0.25 38 39 48.55798833267033 0.1677483602001045
-0.5 -0.25 39 40 47.54455203357747 0.1604410955830102
-0.5 -0.25 40 41 46.48015096822218 0.1535344823195308
-0.5 -0.25 41 42 45.37917583644611 0.1470005360362691
-0.5 -0.25 42 43 44.25358462402301 0.1408137063101185
-0.5 -0.25 43 44 43.11329896641843 0.1349506229127831
-0.5 -0.25 44 45 41.96653321609978 0.1293898718289424
-0.5 -0.25 45 46 40.81883205949504 0.1244659942876299
-0.5 -0.25 46 47 39.67809611598568 0.1215032060725959
-0.5 -0.25 47 48 38.54764541306236 0.1207178729143722
-0.5 -0.25 48 49 37.43119168674036 0.1220412360757787
-0.5 -0.25 49 50 36.33152613136352 0.1241844060596235
-0.25 0 0 1 6564.712982684427 3.556049958570877
-0.25 0 1 2 -952.3307073582355 2.975432145355692
-0.25 0 2 3 -5527.746075513791 1.568672031151745
-0.25 0 3 4 -4549.68472905168 1.54178434624827
-0.25 0 4 5 -3381.852864507938 1.387903404526233
-0.25 0 5 6 -2482.571319403255 1.235126537642006
-0.25 0 6 7 -1832.122655935628 1.127098315038289
-0.25 0 7 8 -1364.006419687007 1.041619584972133
-0.25 0 8 9 -1023.78361951325 0.9596562445819207
-0.25 0 9 10 -773.1045279655777 0.8843782846432421
-0.25 0 10 11 -585.7264738601339 0.8156689355928892
-0.25 0 11 12 -443.9272147333168 0.753934731631516
-0.25 0 12 13 -335.3827581772989 0.698402728999134
-0.25 0 13 14 -251.483635588457 0.6484150049486813
-0.25 0 14 15 -186.1019251756125 0.6033331631437263
-0.25 0 15 16 -134.8067175964059 0.5625750706646208
-0.25 0 16 17 -94.34642573473548 0.5256250414855147
-0.25 0 17 18 -62.3021696435469 0.4920326481088467
-0.25 0 18 19 -36.85202819950632 0.4614070343792716
-0.25 0 19 20 -16.60815334991867 0.4334098548179486
-0.25 0 20 21 -0.5025047256133348 0.4077482281883759
-0.25 0 21 22 12.2944692014994 0.3841682787346222
-0.25 0 22 23 22.43248778619841 0.3624494535254077
-0.25 0 23 24 30.42428154343395 0.3423996302762063
-0.25 0 24 25 36.67725122447905 0.3238509547646727
-0.25 0 25 26 41.51711517724152 0.3066563202115745
-0.25 0 26 27 45.20574912571203 0.2906863971759766
-0.25 0 27 28 47.95476905082285 0.2758271302129655
-0.25 0 28 29 49.93596146713617 0.2619776245352191
-0.25 0 29 30 51.28935617402283 0.24904836085229
-0.25 0 30 31 52.12952025092773 0.2369596814706308
-0.25 0 31 32 52.5504986342828 0.2256405061180613
-0.25 0 32 33 52.62971682363332 0.2150272362909947
-0.25 0 33 34 52.43108189200609 0.205062820123558
-0.25 0 34 35 52.00745997623483 0.1956959506421651
-0.25 0 35 36 51.40266574352017 0.1868803764006292
-0.25 0 36 37 50.65306755557452 0.1785743075952763
-0.25 0 37 38 49.78888836451256 0.1707399017827446
-0.25 0 38 39 48.83526439956927 0.1633428184135352
-0.25 0 39 40 47.81311006100429 0.1563518313565667
-0.25 0 40 41 46.73982718724704 0.1497384903378352
-0.25 0 41 42 45.62988852722896 0.1434768260748201
-0.25 0 42 43 44.49531942403661 0.1375430901981799
-0.25 0 43 44 43.34609656742958 0.1319155283198275
-0.25 0 44 45 42.19047905880149 0.1265741785563913
-0.25 0 45 46 41.03404070087407 0.1218671000441456
-0.25 0 46 47 39.8847249353588 0.1191637503521106
-0.25 0 47 48 38.74586743727781 0.1186818089137195
-0.25 0 48 49 37.62119749785452 0.1203398773863957
-0.25 0 49 50 36.51351915846104 0.1228037569060706
0 0.25 0 1 6564.219024946035 3.556046481540929
0 0.25 1 2 -953.2531034034182 2.97540461685573
0 0.25 2 3 -5528.346986117323 1.568592898333716
0 0.25 3 4 -4549.858025462265 1.541719491849056
0 0.25 4 5 -3381.785605076795 1.38786919107616
0 0.25 5 6 -2482.407314612285 1.23512453900976
0 0.25 6 7 -1831.933712065077 1.127120239219536
0 0.25 7 8 -1363.824631901415 1.041655652986829
0 0.25 8 9 -1023.620907106797 0.9596979609784793
0 0.25 9 10 -772.9633704797843 0.8844188162268475
0 0.25 10 11 -585.6060163218995 0.8157089879014139
0 0.25 11 12 -443.8243239452077 0.753971558857786
0 0.25 12 13 -335.2943218558603 0.6984358443215741
0 0.25 13 14 -251.4068393426228 0.6484443949093551
0 0.25 14 15 -186.0344259837279 0.6033590535961265
0 0.25 15 16 -134.7466544311762 0.56259779063542
0 0.25 16 17 -94.29236279820225 0.525644947937158
0 0.25 17 18 -62.25301911046972 0.4920500874714809
0 0.25 18 19 -36.80697416812291 0.4614223246405631
0 0.25 19 20 -16.56658579930172 0.4334232792345745
0 0.25 20 21 -0.4639659100787412 0.4077600345877952
0 0.25 21 22 12.33032643218962 0.3841786817858965
0 0.25 22 23 22.46593141422682 0.3624586381751096
0 0.25 23 24 30.45552351788695 0.3424077555775878
0 0.25 24 25 36.70646415070644 0.3238581572820797
0 0.25 25 26 41.54444413398801 0.3066627171643718
0 0.25 26 27 45.23131988480816 0.2906920896765047
0 0.25 27 28 47.97869368893748 0.2758322051940576
0 0.25 28 29 49.95834212262901 0.2619821572177946
0 0.25 29 30 51.31028750635323 0.249052416124616
0 0.25 30 31 52.14909101187231 0.2369633159592445
0 0.25 31 32 52.56879264313659 0.2256437687730783
0 0.25 32 33 52.64681355530684 0.2150301698804527
0 0.25 33 34 52.44705681936603 0.2050654618839397
0 0.25 34 35 52.02238476775005 0.1956983331885348
0 0.25 35 36 51.41660838020317 0.1868825283443013
0 0.25 36 37 50.66609240962555 0.1785762540199244
0 0.25 37 38 49.80105626558799 0.1707416647047717
0 0.25 38 39 48.84663270424574 0.1633444173294603
0 0.25 39 40 47.82373273352664 0.1563532833026674
0 0.25 40 41 46.74975489335247 0.1497398105929436
0 0.25 41 42 45.63916874325724 0.1434780279037527
0 0.25 42 43 44.50399655797128 0.1375441856412321
0 0.25 43 44 43.35421209100349 0.1319165277225868
0 0.25 44 45 42.1980716461548 0.1265750914562953
0 0.25 45 46 41.04114633373655 0.1218679466823248
0 0.25 46 47 39.89137715786927 0.1191645928270711
0 0.25 47 48 38.75209738506084 0.1186827079685414
0 0.25 48 49 37.62703409572538 0.1203408814601087
0 0.25 49 50 36.51898922998637 0.1228048693137399
0.25 0.5 0 1 6476.843962142193 3.334642668391581
0.25 0.5 1 2 -1031.341000157075 2.302464534997726
0.25 0.5 2 3 -5527.427463874402 1.549876742564553
0.25 0.5 3 4 -4538.157050645856 1.532113555391722
0.25 0.5 4 5 -3369.950042307756 1.453624459305773
0.25 0.5 5 6 -2472.414190141475 1.362544470996748
0.25 0.5 6 7 -1823.915076342694 1.251850420454508
0.25 0.5 7 8 -1357.505514365356 1.143778656368552
0.25 0.5 8 9 -1018.67768240588 1.044857252437759
0.25 0.5 9 10 -769.111897079265 0.9564765111780698
0.25 0.5 10 11 -582.6151937195373 0.8774407248554686
0.25 0.5 11 12 -441.5129963537165 0.8073892832763145
0.25 0.5 12 13 -333.5206564719283 0.7450572528551712
0.25 0.5 13 14 -250.0600156215776 0.689434195185701
0.25 0.5 14 15 -185.0275680665284 0.6396273235360501
0.25 0.5 15 16 -134.0113308122827 0.5948668488665075
0.25 0.5 16 17 -93.77438410216178 0.5544959946826272
0.25 0.5 17 18 -61.90924490052112 0.517956467284524
0.25 0.5 18 19 -36.60288458642162 0.484773716519629
0.25 0.5 19 20 -16.47442771933197 0.454543595639129
0.25 0.5 20 21 -0.4613300631194761 0.4269208723750895
0.25 0.5 21 22 12.2616041941576 0.4016095717124151
0.25 0.5 22 23 22.34062393417571 0.3783549545483845
0.25 0.5 23 24 30.28568002882696 0.3569368902514229
0.25 0.5 24 25 36.50193565344694 0.3371643902121265
0.25 0.5 25 26 41.31329925940781 0.3188710952057397
0.25 0.5 26 27 44.98017594226405 0.3019115436447918
0.25 0.5 27 28 47.71298162525193 0.2861580751356269
0.25 0.5 28 29 49.6825196659297 0.2714982538560151
0.25 0.5 29 30 51.02801145414651 0.2578327153634258
0.25 0.5 30 31 51.86335712385289 0.2450733613751397
0.25 0.5 31 32 52.28204970814863 0.2331418391674924
0.25 0.5 32 33 52.36105677026853 0.2219682570775821
0.25 0.5 33 34 52.16390451362952 0.2114900936031434
0.25 0.5 34 35 51.74314165845749 0.2016512699455351
0.25 0.5 35 36 51.14231788998745 0.1924013551591646
0.25 0.5 36 37 50.39758006390588 0.1836948862814246
0.25 0.5 37 38 49.53896578927009 0.1754907821246567
0.25 0.5 38 39 48.59145611914954 0.1677518368386538
0.25 0.5 39 40 47.57583550992092 0.1604442823360232
0.25 0.5 40 41 46.50939701339371 0.1535374067323337
0.25 0.5 41 42 45.40652236927826 0.1470032227444594
0.25 0.5 42 43 44.27916087987717 0.140816177514393
0.25 0.5 43 44 43.13722581901663 0.1349528982486977
0.25 0.5 44 45 41.9889235348266 0.1293919690496291
0.25 0.5 45 46 40.83979099773063 0.1244679610489817
0.25 0.5 46 47 39.69772175640048 0.1215052028790059
0.25 0.5 47 48 38.56602889709757 0.1207200617222679
0.25 0.5 48 49 37.44841774869812 0.1220437511062731
0.25 0.5 49 50 36.34767340311905 0.124187259628997
0.5 0.75 0 1 6307.24007408763 3.240019705738371
0.5 0.75 1 2 -1177.920223837481 2.687479784918884
0.5 0.75 2 3 -5518.700288884989 1.569825582269193
0.5 0.75 3 4 -4508.390672840274 1.533874137999837
0.5 0.75 4 5 -3340.179522608651 1.377250342404623
0.5 0.75 5 6 -2446.63762894824 1.223573437287576
0.5 0.75 6 7 -1802.454910932155 1.090153789250427
0.5 0.75 7 8 -1339.835885821319 0.9766815258494779
0.5 0.75 8 9 -1004.149882629344 0.8996320592801973
0.5 0.75 9 10 -757.1380983287431 0.8286055623895894
0.5 0.75 10 11 -572.7105288222524 0.76482092349999
0.5 0.75 11 12 -433.2875259513917 0.7071487665780681
0.5 0.75 12 13 -326.6635503359328 0.6552420177760337
0.5 0.75 13 14 -244.3236355772353 0.6084905825938188
0.5 0.75 14 15 -180.213925816073 0.5663031319255173
0.5 0.75 15 16 -129.9613129024783 0.5281405582644113
0.5 0.75 16 17 -90.35937514378793 0.4935251729556761
0.5 0.75 17 18 -59.02466500315882 0.4620395353073363
0.5 0.75 18 19 -34.16320515912321 0.4333211901248669
0.5 0.75 19 20 -14.40931452550285 0.4070561629177724
0.5 0.75 20 21 1.287356947768785 0.382972475697022
0.5 0.75 21 22 13.74215876156745 0.3608342031517742
0.5 0.75 22 23 23.59334262602147 0.340436242308208
0.5 0.75 23 24 31.34432793128008 0.3215998065644051
0.5 0.75 24 25 37.39491540347865 0.3041685889239232
0.5 0.75 25 26 42.0645890925415 0.2880055149859463
0.5 0.75 26 27 45.61008672777257 0.2729900013377749
0.5 0.75 27 28 48.23877115490325 0.2590156428678744
0.5 0.75 28 29 50.11889368741299 0.2459882594069903
0.5 0.75 29 30 51.38753432420981 0.2338242439367659
0.5 0.75 30 31 52.15678993268034 0.2224491616437068
0.5 0.75 31 32 52.51862989537767 0.211796559449864
0.5 0.75 32 33 52.54873030385522 0.2018069511415262
0.5 0.75 33 34 52.30951942621016 0.1924269495633802
0.5 0.75 34 35 51.85260996429491 0.1836085225139996
0.5 0.75 35 36 51.22075151677547 0.1753083528108113
0.5 0.75 36 37 50.44940534478894 0.1674872858999057
0.5 0.75 37 38 49.56802019714763 0.1601098524962451
0.5 0.75 38 39 48.60107023816443 0.153143853575648
0.5 0.75 39 40 47.56890269385826 0.1465599999112808
0.5 0.75 40 41 46.48843273554564 0.1403315972333382
0.5 0.75 41 42 45.37371492185366 0.1344342707872042
0.5 0.75 42 43 44.23641478442676 0.1288457239313116
0.5 0.75 43 44 43.08619908429625 0.1235455254385088
0.5 0.75 44 45 41.93105970236041 0.1185149226406744
0.5 0.75 45 46 40.7763584845527 0.1141146115120781
0.5 0.75 46 47 39.62980291379489 0.1117565550769912
0.5 0.75 47 48 38.49457543327497 0.1116550373565485
0.5 0.75 48 49 37.3742570157417 0.1137060431567825
0.5 0.75 49 50 36.2715232294816 0.1165300669882083
0.75 1 0 1 6055.770754563756 2.241508230694408
0.75 1 1 2 -1400.719403776653 1.981964824095636
0.75 1 2 3 -5511.355845500888 1.56079023145236
0.75 1 3 4 -4468.678800523125 1.516334615778963
0.75 1 4 5 -3299.185322331303 1.360046553858553
0.75 1 5 6 -2410.458002894432 1.209199834294632
0.75 1 6 7 -1771.805423926554 1.078985647686637
0.75 1 7 8 -1314.153069470708 0.9685323818863258
0.75 1 8 9 -982.6427222305697 0.8743711915417923
0.75 1 9 10 -739.0715448566921 0.7932404831431088
0.75 1 10 11 -557.4597058570662 0.723510880063801
0.75 1 11 12 -420.3483247439017 0.6625047817145384
0.75 1 12 13 -315.6287906485068 0.6089092856838404
0.75 1 13 14 -234.865836709512 0.5615177035140753
0.75 1 14 15 -172.0689461918164 0.5193659821144677
0.75 1 15 16 -122.9150861280357 0.4816761097150176
0.75 1 16 17 -84.2374608565392 0.4478140627438788
0.75 1 17 18 -53.68410186832921 0.417258413574319
0.75 1 18 19 -29.48617025109456 0.3895766821052898
0.75 1 19 20 -10.29817655401257 0.3644073396744293
0.75 1 20 21 4.913914596839049 0.3414459670571071
0.75 1 21 22 16.95219351203673 0.3204345087487412
0.75 1 22 23 26.4440752282618 0.3011528430570015
0.75 1 23 24 33.88407480713954 0.2834121169054837
0.75 1 24 25 39.66463920172805 0.2670494289271855
0.75 1 25 26 44.09915005687321 0.2519235562239382
0.75 1 26 27 47.43925816985541 0.2379114938002915
0.75 1 27 28 49.88806781630149 0.224905633995138
0.75 1 28 29 51.61025081940136 0.2128114509414532
0.75 1 29 30 52.73986700161083 0.2015455900524099
0.75 1 30 31 53.38645577063642 0.1910342800958038
0.75 1 31 32 53.63981346240041 0.1812120084342457
0.75 1 32 33 53.57376375338902 0.172020408590468
0.75 1 33 34 53.2491509415056 0.1634073221322831
0.75 1 34 35 52.71622931652701 0.1553260038266208
0.75 1 35 36 52.01658023678897 0.1477344449822257
0.75 1 36 37 51.18465758167309 0.1405947957848893
0.75 1 37 38 50.24903920454193 0.1338728690572362
0.75 1 38 39 49.23344452588378 0.127537713138063
0.75 1 39 40 48.15756515501522 0.1215612434907596
0.75 1 40 41 47.03774547460927 0.1159179215964518
0.75 1 41 42 45.88754203714404 0.1105844777577872
0.75 1 42 43 44.71818497082819 0.1055396672727605
0.75 1 43 44 43.53895961049841 0.1007640590333062
0.75 1 44 45 42.35752306048704 0.09623984746528222
0.75 1 45 46 41.17895971589928 0.0927483442600594
0.75 1 46 47 40.01068856822866 0.09321051575381864
0.75 1 47 48 38.85567967650297 0.09773499901212511
0.75 1 48 49 37.71731145608464 0.105596233753219
0.75 1 49 50 36.59808158328968 0.1139131425506383
1 1.25 0 1 5736.106690017536 1.528906000688792
1 1.25 1 2 -1687.569837122757 0.7857539188589854
1 1.25 2 3 -5510.303043322858 2.098634987231596
1 1.25 3 4 -4429.306644053109 1.986107471004902
1 1.25 4 5 -3259.065198117319 1.745672400400342
1 1.25 5 6 -2376.199578013895 1.524064241192328
1 1.25 6 7 -1743.81369413422 1.337934780759208
1 1.25 7 8 -1291.538985319667 1.1838279939702
1 1.25 8 9 -964.3894809048015 1.055081029233869
1 1.25 9 10 -724.2957816802077 0.9477039543969967
1 1.25 10 11 -545.4480531195336 0.8558884360861976
1 1.25 11 12 -410.5448477766822 0.7773071565779177
1 1.25 12 13 -307.5968989728003 0.7092879985682728
1 1.25 13 14 -228.2628951722004 0.6499283307015676
1 1.25 14 15 -166.6245811249696 0.597745983787965
1 1.25 15 16 -118.4145786632239 0.5515725602607865
1 1.25 16 17 -80.50918109085615 0.5104762083414855
1 1.25 17 18 -50.59000655509044 0.4737054845816787
1 1.25 18 19 -26.91458568908706 0.4406481729794791
1 1.25 19 20 -8.158280716811532 0.4108007416149075
1 1.25 20 21 6.696342550535064 0.3837454235584853
1 1.25 21 22 18.43807271990659 0.3591328201366366
1 1.25 22 23 27.68360367207174 0.3366685490988994
1 1.25 23 24 34.9187620633495 0.316102889398364
1 1.25 24 25 40.52891846155262 0.2972226704126463
1 1.25 25 26 44.82166452012552 0.2798448611193784
1 1.25 26 27 48.04389356367767 0.2638114581928804
1 1.25 27 28 50.39478561167527 0.2489853777878548
1 1.25 28 29 52.03576397162919 0.2352471283324572
1 1.25 29 30 53.09819051570366 0.2224920974617889
1 1.25 30 31 53.68935720223499 0.2106283236042268
1 1.25 31 32 53.89718301330618 0.1995746568121576
1 1.25 32 33 53.79391944028612 0.1892592285916875
1 1.25 33 34 53.43909109960288 0.1796181748772692
1 1.25 34 35 52.88184220286485 0.1705945628447345
1 1.25 35 36 52.16281854683285 0.1621374852621878
1 1.25 36 37 51.31568416490734 0.1542012925198236
1 1.25 37 38 50.36834905437428 0.1467449391494778
1 1.25 38 39 49.3439671605401 0.1397314241218572
1 1.25 39 40 48.26175074241064 0.1331273113194566
1 1.25 40 41 47.13763743888978 0.1269023155763432
1 1.25 41 42 45.98483839585583 0.1210289453304256
1 1.25 42 43 44.81429024897676 0.1154821921530857
1 1.25 43 44 43.63502885829575 0.1102392604964989
1 1.25 44 45 42.45449923653285 0.1052793324014315
1 1.25 45 46 41.27763029605381 0.1009624909325811
1 1.25 46 47 40.11164195038253 0.09870999326487931
1 1.25 47 48 38.95939907238559 0.09874152859828803
1 1.25 48 49 37.82416993029085 0.1009414698955116
1 1.25 49 50 36.7083653337406 0.1083937962450095
1.25 1.5 0 1 5370.028898981714 3.102960720750243
1.25 1.5 1 2 -1985.873687370608 3.722428731734272
1.25 1.5 2 3 -5471.724225259006 1.692804767824787
1.25 1.5 3 4 -4351.509212779152 1.626283957035151
1.25 1.5 4 5 -3186.274648725367 1.450958057308759
1.25 1.5 5 6 -2315.37620089758 1.280191732191795
1.25 1.5 6 7 -1694.489657821733 1.13174752147869
1.25 1.5 7 8 -1251.819580051885 1.005753839312206
1.25 1.5 8 9 -932.3841368950466 0.8999593862734081
1.25 1.5 9 10 -698.4232668433933 0.8087259711078032
1.25 1.5 10 11 -524.4468997891427 0.7316550441219978
1.25 1.5 11 12 -393.4380354544569 0.6648840207515542
1.25 1.5 12 13 -293.6202807766922 0.6068408614940599
1.25 1.5 13 14 -216.818042257011 0.5560229603456418
1.25 1.5 14 15 -157.2397492889515 0.5112380933882334
1.25 1.5 15 16 -110.7151636995666 0.4715334167496279
1.25 1.5 16 17 -74.1955345103097 0.4361408931662837
1.25 1.5 17 18 -45.42075943845066 0.4044359745125139
1.25 1.5 18 19 -22.69404500894188 0.3759063903020053
1.25 1.5 19 20 -4.726832923240408 0.350128484087808
1.25 1.5 20 21 9.469598122376738 0.3267491482459933
1.25 1.5 21 22 20.66102585424096 0.305471929112609
1.25 1.5 22 23 29.44558265860019 0.2860462403280344
1.25 1.5 23 24 36.29403250731934 0.2682589234598026
1.25 1.5 24 25 41.57945461984627 0.2519275864017197
1.25 1.5 25 26 45.59935933542079 0.2388232798500563
1.25 1.5 26 27 48.59233222230489 0.2269245211514534
1.25 1.5 27 28 50.75067718162234 0.2158280951280533
1.25 1.5 28 29 52.23010333704826 0.205463911134833
1.25 1.5 29 30 53.15720619053116 0.195769365805931
1.25 1.5 30 31 53.63528812457878 0.1866884209693397
1.25 1.5 31 32 53.74891797233261 0.1781708046313691
1.25 1.5 32 33 53.56752558565739 0.1701713195929515
1.25 1.5 33 34 53.14825244920661 0.162649243520167
1.25 1.5 34 35 52.53822478366862 0.15556780875769
1.25 1.5 35 36 51.77637547087909 0.1488937500579826
1.25 1.5 36 37 50.89491133107276 0.1425969104895501
1.25 1.5 37 38 49.920500110099 0.1366498980239554
1.25 1.5 38 39 48.8752347231403 0.1310277846328734
1.25 1.5 39 40 47.77741958724738 0.1257078434225098
1.25 1.5 40 41 46.64221431458213 0.1206693174274454
1.25 1.5 41 42 45.48216230081664 0.115893216128299
1.25 1.5 42 43 44.3076263165986 0.1113621364311294
1.25 1.5 43 44 43.12714846304368 0.1070601044359064
1.25 1.5 44 45 41.94774848031273 0.1029724350388672
1.25 1.5 45 46 40.77401704610872 0.09943055228480441
1.25 1.5 46 47 39.61279970290693 0.09771307391310875
1.25 1.5 47 48 38.46671685453961 0.09799867518357645
1.25 1.5 48 49 37.33880136691437 0.1001887674095738
1.25 1.5 49 50 36.23125759702197 0.1030327074596612
1.5 1.75 0 1 4936.539009661832 0.9764238027173924
1.5 1.75 1 2 -2360.839173864324 0.8659599621862012
1.5 1.75 2 3 -5446.779529378456 1.767780988712613
1.5 1.75 3 4 -4271.659778886204 1.703344017341541
1.5 1.75 4 5 -3105.265881828551 1.515138993948016
1.5 1.75 5 6 -2243.696132117628 1.327314575664893
1.5 1.75 6 7 -1633.355227389946 1.163563336518949
1.5 1.75 7 8 -1200.203053781821 1.02595880976611
1.5 1.75 8 9 -888.845793510598 0.9103708960030129
1.5 1.75 9 10 -661.5647013462658 0.8122935813654125
1.5 1.75 10 11 -493.1329506371162 0.7306620480936474
1.5 1.75 11 12 -366.7007882268426 0.6603484053433404
1.5 1.75 12 13 -270.6810035253259 0.5997486815192423
1.5 1.75 13 14 -197.0453083895475 0.5470997827398625
1.5 1.75 14 15 -140.1205014516408 0.5010205251371908
1.5 1.75 15 16 -95.8307983004604 0.4604207305492294
1.5 1.75 16 17 -61.20279360235145 0.4244319247818678
1.5 1.75 17 18 -34.03666616140413 0.3923555102322845
1.5 1.75 18 19 -12.68407126699162 0.3636241468770159
1.5 1.75 19 20 4.104404596009772 0.3377728730549197
1.5 1.75 20 21 17.28568040381697 0.3144173503948841
1.5 1.75 21 22 27.59955438882162 0.293237338276389
1.5 1.75 22 23 35.62282239428237 0.2739640149609889
1.5 1.75 23 24 41.80863492433127 0.256370163631116
1.5 1.75 24 25 46.51545994518528 0.2402625028554564
1.5 1.75 25 26 50.02863070453077 0.2254756418915843
1.5 1.75 26 27 52.57653964111489 0.2118672728208989
1.5 1.75 27 28 54.34292266026648 0.1993143207225787
1.5 1.75 28 29 55.47625844595541 0.1877098330246835
1.5 1.75 29 30 56.09701790916768 0.1769604510149733
1.5 1.75 30 31 56.30329705330303 0.1669843405389223
1.5 1.75 31 32 56.17522385256302 0.1577094862801408
1.5 1.75 32 33 55.7784279972426 0.149072279393539
1.5 1.75 33 34 55.16678901628063 0.141016340127876
1.5 1.75 34 35 54.38462487644097 0.1334915318764823
1.5 1.75 35 36 53.468443955368 0.1264531311598239
1.5 1.75 36 37 52.44835419757362 0.1198611254853146
1.5 1.75 37 38 51.34920163114998 0.1136796174188277
1.5 1.75 38 39 50.1914940557229 0.1078763155036625
1.5 1.75 39 40 48.99215332580701 0.1024220993619754
1.5 1.75 40 41 47.76513036702397 0.09729064445968337
1.5 1.75 41 42 46.52190954248761 0.0924580998879122
1.5 1.75 42 43 45.27192372107135 0.08790280827398643
1.5 1.75 43 44 44.02289679770053 0.08360506323151805
1.5 1.75 44 45 42.78112714831809 0.07954689782594171
1.5 1.75 45 46 41.55059622499255 0.07642443825923545
1.5 1.75 46 47 40.33754069381172 0.0768407659816536
1.5 1.75 47 48 39.14410827330977 0.08088428222081036
1.5 1.75 48 49 37.97288757622357 0.08790347106556975
1.5 1.75 49 50 36.82570021660086 0.09532034699406787
1.75 2 0 1 4479.730243198473 1.059080668362604
1.75 2 1 2 -2741.333064436093 2.771915256438059
1.75 2 2 3 -5416.738806064859 2.760718806288613
1.75 2 3 4 -4199.255118921278 2.251916734029766
1.75 2 4 5 -3039.982923564988 1.848358504496948
1.75 2 5 6 -2191.358828425547 1.548405059191314
1.75 2 6 7 -1592.504774547422 1.321583491462667
1.75 2 7 8 -1168.456539169524 1.145336542923671
1.75 2 8 9 -864.0761513287248 1.004925851823766
1.75 2 9 10 -642.1182137172577 0.8910011538878894
1.75 2 10 11 -477.8492583964085 0.7963104252760161
1.75 2 11 12 -354.6341926314399 0.7167517868807071
1.75 2 12 13 -261.136994359362 0.6489632980359955
1.75 2 13 14 -189.4936006906546 0.5905694610916297
1.75 2 14 15 -134.1520143212747 0.5397945401371409
1.75 2 15 16 -91.12686785182632 0.495284423252553
1.75 2 16 17 -57.51299001988559 0.4559881737824621
1.75 2 17 18 -31.16263753572434 0.4210773630786548
1.75 2 18 19 -10.46763375826254 0.3898898964889378
1.75 2 19 20 5.79015399890045 0.3618900885961623
1.75 2 20 21 18.54307351365128 0.336639754471885
1.75 2 21 22 28.51147278018777 0.3137769192432147
1.75 2 22 23 36.25664495016599 0.2929998967888015
1.75 2 23 24 42.21930847590954 0.2740552158458663
1.75 2 24 25 46.74790737614808 0.2567283473958935
1.75 2 25 26 50.11965342860719 0.2408365005541644
1.75 2 26 27 52.55633062679044 0.2262229657583062
1.75 2 27 28 54.23627696114033 0.2127526302144971
1.75 2 28 29 55.30354697121618 0.2003083899738126
1.75 2 29 30 55.8749745983954 0.1887882558896115
1.75 2 30 31 56.04565805133245 0.1781030012269346
1.75 2 31 32 55.893248621304 0.168174235991601
1.75 2 32 33 55.48132574681563 0.158932819611157
1.75 2 33 34 54.8620688367933 0.1503175452981789
1.75 2 34 35 54.07838411359302 0.1422740419893339
1.75 2 35 36 53.16560639270028 0.1347538538234754
1.75 2 36 37 52.15286729087853 0.1277136647390079
1.75 2 37 38 51.06420022069989 0.121114640737621
1.75 2 38 39 49.91943654447823 0.1149218712591757
1.75 2 39 40 48.73493517681851 0.1091038913927295
1.75 2 40 41 47.52417886080906 0.1036322718427549
1.75 2 41 42 46.29826301730151 0.09848126665312414
1.75 2 42 43 45.0662979216383 0.09362750767043841
1.75 2 43 44 43.83574050228225 0.08904974037742285
1.75 2 44 45 42.61266884946133 0.08472859340375222
1.75 2 45 46 41.40092405759182 0.08109099038126051
1.75 2 46 47 40.20651532237727 0.0813078534278372
1.75 2 47 48 39.03151083894517 0.08500930965400751
1.75 2 48 49 37.87840203649293 0.09155513949842181
1.75 2 49 50 36.74892485464369 0.09846174806368145
2 2.25 0 1 3984.750934122311 1.025218250665387
2 2.25 1 2 -3133.088299510901 0.8449148987269202
2 2.25 2 3 -5356.652558538724 1.648866412282437
2 2.25 3 4 -4080.793904467962 1.528157599464427
2 2.25 4 5 -2923.451171463462 1.349014838171831
2 2.25 5 6 -2088.559822109905 1.190184019448478
2 2.25 6 7 -1504.621514742646 1.056727979402154
2 2.25 7 8 -1094.018369092186 0.9443770143521708
2 2.25 8 9 -801.0923814534253 0.8496112463117934
2 2.25 9 10 -588.7014659287279 0.7682381126409045
2 2.25 10 11 -432.3780054944175 0.698112771131575
2 2.25 11 12 -315.7612029423021 0.6371178529813145
2 2.25 12 13 -227.7601662854875 0.5836810558715241
2 2.25 13 14 -160.7143843952961 0.5365610097970056
2 2.25 14 15 -109.2370984295133 0.4947667909261687
2 2.25 15 16 -69.4757830066394 0.4574991475932459
2 2.25 16 17 -38.6318288010275 0.4241071723092583
2 2.25 17 18 -14.6431145962199 0.3940560112066742
2 2.25 18 19 4.029487462225688 0.366902524065169
2 2.25 19 20 18.54816682350634 0.3422767369506332
2 2.25 20 21 29.7997145408109 0.3198675586605923
2 2.25 21 22 38.46718569997154 0.2994116793046727
2 2.25 22 23 45.0811868926254 0.2806848574347974
2 2.25 23 24 50.05705864961362 0.2634950270653478
2 2.25 24 25 53.7221554701963 0.2476768000507334
2 2.25 25 26 56.33608202973699 0.2330870478056164
2 2.25 26 27 58.10585759468847 0.2196013250469281
2 2.25 27 28 59.19738684407957 0.2071109564791042
2 2.25 28 29 59.74421235875241 0.195520647258932
2 2.25 29 30 59.854246695651 0.184746511970943
2 2.25 30 31 59.61498909815793 0.1747144397596539
2 2.25 31 32 59.09759588874152 0.1653587297682325
2 2.25 32 33 58.36007680037937 0.156620948073879
2 2.25 33 34 57.44981990986969 0.1484489640798227
2 2.25 34 35 56.40559725042272 0.1407961354180329
2 2.25 35 36 55.25916614315008 0.133620614394806
2 2.25 36 37 54.03655385687534 0.1268847575507394
2 2.25 37 38 52.75909285744632 0.1205546175898416
2 2.25 38 39 51.44425853547625 0.114599508863894
2 2.25 39 40 50.10634970289539 0.1089916302619021
2 2.25 40 41 48.75704345782367 0.1037057400205017
2 2.25 41 42 47.40584901221473 0.09871887260479621
2 2.25 42 43 46.06048015443091 0.09401009219288783
2 2.25 43 44 44.72716176812196 0.08956027708710991
2 2.25 44 45 43.41088277501765 0.085351931133456
2 2.25 45 46 42.11454857275362 0.08202161340127452
2 2.25 46 47 40.84325859250589 0.08194785782721775
2 2.25 47 48 39.59834871896999 0.0851950653795485
2 2.25 48 49 38.3816329248211 0.0911479384641997
2 2.25 49 50 37.19424863500186 0.09744822584146977
2.25 2.5 0 1 3464.536036716564 1.705872612112667
2.25 2.5 1 2 -3524.080045421631 0.9559252191546675
2.25 2.5 2 3 -5264.284601134164 1.692158648058344
2.25 2.5 3 4 -3940.482497313718 1.55954003404378
2.25 2.5 4 5 -2797.334508818466 1.390179134184689
2.25 2.5 5 6 -1984.764106176289 1.252402005222112
2.25 2.5 6 7 -1421.02726894135 1.122736131418015
2.25 2.5 7 8 -1026.882094808013 1.008216077925879
2.25 2.5 8 9 -746.9855404726463 0.9082623865840745
2.25 2.5 9 10 -544.8562970471335 0.8218558141232624
2.25 2.5 10 11 -396.6472966959705 0.7466803621379886
2.25 2.5 11 12 -286.4905980315207 0.6810564418623408
2.25 2.5 12 13 -203.6722884294672 0.6234766105970994
2.25 2.5 13 14 -140.8160978176609 0.5726886265021904
2.25 2.5 14 15 -92.74970872204608 0.5276615820649017
2.25 2.5 15 16 -55.78338039467712 0.4875477053262431
2.25 2.5 16 17 -27.24312826797404 0.4516479288706056
2.25 2.5 17 18 -5.163127275479837 0.4193831715820734
2.25 2.5 18 19 11.92065357259821 0.3902711417030463
2.25 2.5 19 20 25.11131891313573 0.3639078474811252
2.25 2.5 20 21 35.24878575923913 0.3399529210628217
2.25 2.5 21 22 42.97863528192738 0.3181179662867157
2.25 2.5 22 23 48.80130199256257 0.2981572781304944
2.25 2.5 23 24 53.10767444172154 0.2798604216147469
2.25 2.5 24 25 56.20517158800862 0.2630462656117614
2.25 2.5 25 26 58.33705477264846 0.2475581613159589
2.25 2.5 26 27 59.69687641451878 0.2332600239017036
2.25 2.5 27 28 60.439392164575 0.2200331303624545
2.25 2.5 28 29 60.68887407876127 0.2077734879152686
2.25 2.5 29 30 60.54549484437831 0.196389660409879
2.25 2.5 30 31 60.09026729779197 0.1858009629436052
2.25 2.5 31 32 59.38889260673187 0.1759359555632936
2.25 2.5 32 33 58.49477748091664 0.1667311800490326
2.25 2.5 33 34 57.45141396593579 0.1581300954926637
2.25 2.5 34 35 56.29426688485529 0.1500821781966851
2.25 2.5 35 36 55.05227851496772 0.1425421566247281
2.25 2.5 36 37 53.74907385985762 0.1354693588919819
2.25 2.5 37 38 52.40393042560765 0.1288271540288242
2.25 2.5 38 39 51.0325617533415 0.1225824719862168
2.25 2.5 39 40 49.64775288923448 0.1167053891235716
2.25 2.5 40 41 48.25987771626524 0.1111687705252066
2.25 2.5 41 42 46.877321396854 0.105947958684167
2.25 2.5 42 43 45.50682650273887 0.1010205027452793
2.25 2.5 43 44 44.153777385068 0.096365922260413
2.25 2.5 44 45 42.82243442868173 0.09196550017426305
2.25 2.5 45 46 41.51511437913283 0.08812154914495617
2.25 2.5 46 47 40.23628350026001 0.0860144530597539
2.25 2.5 47 48 38.98684342581856 0.08577829505613337
2.25 2.5 48 49 37.76819200726504 0.08725935100000816
2.25 2.5 49 50 36.58110491210891 0.09193565123042827
2.5 2.75 0 1 2887.932708770369 2.206256502098394
2.5 2.75 1 2 -3955.947213138244 1.106646168992401
2.5 2.75 2 3 -5174.524049969315 2.794941085620133
2.5 2.75 3 4 -3794.284513524232 2.678416388765234
2.5 2.75 4 5 -2660.894612249571 2.351933790444221
2.5 2.75 5 6 -1868.503346763166 2.043820403227501
2.5 2.75 6 7 -1324.291716471939 1.783392023322326
2.5 2.75 7 8 -946.7716599214646 1.567636237892398
2.5 2.75 8 9 -680.5103206454019 1.388181494403909
2.5 2.75 9 10 -489.4461852057091 1.238119628910996
2.5 2.75 10 11 -350.217496403262 1.111238243341258
2.5 2.75 11 12 -247.3775938096408 1.002994088612556
2.5 2.75 12 13 -170.55422651255 0.9098362942104741
2.5 2.75 13 14 -112.6400984167042 0.8290155492617453
2.5 2.75 14 15 -68.67283014933901 0.7583849097135491
2.5 2.75 15 16 -35.12652718334584 0.6962509341287264
2.5 2.75 16 17 -9.455585448548845 0.6412640574647915
2.5 2.75 17 18 10.20463824097828 0.5923379146236528
2.5 2.75 18 19 25.23789766026107 0.5485896344919492
2.5 2.75 19 20 36.68316783946705 0.50929527825829
2.5 2.75 20 21 45.32878849082761 0.4738562603057977
2.5 2.75 21 22 51.77858836737903 0.4417737929413632
2.5 2.75 22 23 56.49899357903712 0.4126292455003029
2.5 2.75 23 24 59.85303016273292 0.386068906449366
2.5 2.75 24 25 62.12516442982383 0.3617920519754861
2.5 2.75 25 26 63.5396522374532 0.3395415249186473
2.5 2.75 26 27 64.27423267268898 0.3190962337228244
2.5 2.75 27 28 64.47044414183199 0.3002651344365065
2.5 2.75 28 29 64.24146397220903 0.2828823678438726
2.5 2.75 29 30 63.67811412054073 0.2668033024581309
2.5 2.75 30 31 62.85349642335791 0.2519012943734796
2.5 2.75 31 32 61.82659487842602 0.2380650174574821
2.5 2.75 32 33 60.64509311590484 0.2251962516401199
2.5 2.75 33 34 59.34759116712837 0.2132080394761509
2.5 2.75 34 35 57.96535924394846 0.2020231431757732
2.5 2.75 35 36 56.52373235378354 0.1915727458878794
2.5 2.75 36 37 55.04322457349656 0.1817953539113654
2.5 2.75 37 38 53.5404232998871 0.1726358647996602
2.5 2.75 38 39 52.02870985989114 0.1640447725465567
2.5 2.75 39 40 50.51884238232367 0.1559774878408574
2.5 2.75 40 41 49.01942900267892 0.1483937536746247
2.5 2.75 41 42 47.53731317842909 0.1412571415734186
2.5 2.75 42 43 46.07788847202724 0.1345346160237447
2.5 2.75 43 44 44.64535638533755 0.1281961562617419
2.5 2.75 44 45 43.24293808143989 0.1222144270569779
2.5 2.75 45 46 41.87207710318435 0.1167844425381931
2.5 2.75 46 47 40.53635163155195 0.1127134688261873
2.5 2.75 47 48 39.2359927274488 0.1101149285966017
2.5 2.75 48 49 37.97176835382382 0.1089312296915015
2.5 2.75 49 50 36.74389455320144 0.1083572573274978
2.75 3 0 1 2254.576171402479 1.647321884735891
2.75 3 1 2 -4378.438635501101 4.504334211695374
2.75 3 2 3 -5027.958270327275 5.994488019936147
2.75 3 3 4 -3595.299972340664 5.108995292727822
2.75 3 4 5 -2481.473478967887 4.24310985165172
2.75 3 5 6 -1718.561397514143 3.55610473292929
2.75 3 6 7 -1201.408042679354 3.020763490714819
2.75 3 7 8 -846.3447405518905 2.599023888885688
2.75 3 8 9 -598.181674599241 2.261062622113875
2.75 3 9 10 -421.6053139501796 1.986062362852716
2.75 3 10 11 -293.9968861728623 1.758848603165424
2.75 3 11 12 -200.5278432557775 1.568688682900572
2.75 3 12 13 -131.3120576284869 1.407709712994761
2.75 3 13 14 -79.61717116423779 1.270055977906472
2.75 3 14 15 -40.76876987857327 1.151297796405348
2.75 3 15 16 -11.46271488887828 1.048031265969162
2.75 3 16 17 10.67482533384896 0.9576029283946883
2.75 3 17 18 27.37446791192235 0.8779171498214984
2.75 3 18 19 39.91457840939904 0.8072991072355574
2.75 3 19 20 49.25061709110025 0.7443957722659099
2.75 3 20 21 56.10424350076778 0.6881032833545875
2.75 3 21 22 61.02566545869593 0.6375129335158429
2.75 3 22 23 64.4378982664241 0.5918704847137782
2.75 3 23 24 66.66860041664654 0.5505451560417592
2.75 3 24 25 67.97325285698571 0.5130057249160218
2.75 3 25 26 68.55222494527629 0.4788019220401001
2.75 3 26 27 68.5634691667322 0.447549810024754
2.75 3 27 28 68.13205398391335 0.4189201916164942
2.75 3 28 29 67.35738511630325 0.3926293445220044
2.75 3 29 30 66.31871995795069 0.3684315588613352
2.75 3 30 31 65.07941007227186 0.3461130839887313
2.75 3 31 32 63.69018768185464 0.3254871849136304
2.75 3 32 33 62.19172784452888 0.3063900802407687
2.75 3 33 34 60.61665777714904 0.2886775843375458
2.75 3 34 35 58.99114125097651 0.2722223160099805
2.75 3 35 36 57.33613426809967 0.256911366688724
2.75 3 36 37 55.66838487613353 0.2426443417031277
2.75 3 37 38 54.0012327328983 0.2293317083216904
2.75 3 38 39 52.34525108695132 0.2168933957926667
2.75 3 39 40 50.70876410807293 0.205257603880541
2.75 3 40 41 49.09826526300321 0.1943597850403889
2.75 3 41 42 47.51875661557506 0.1841417716704021
2.75 3 42 43 45.97402485622442 0.1745510247620272
2.75 3 43 44 44.46686640683541 0.1655399848713585
2.75 3 44 45 42.99927141127063 0.157065510334178
2.75 3 45 46 41.57165301310485 0.1492438443921621
2.75 3 46 47 40.18653758844405 0.1426312480348599
2.75 3 47 48 38.84337062082258 0.1373082059702371
2.75 3 48 49 37.54218311970916 0.1332474195652114
2.75 3 49 50 36.28253570385002 0.1298772503932143
3 3.25 0 1 1568.285825810434 1.190136628137967
3 3.25 1 2 -4722.708069386703 9.275435026693202
3 3.25 2 3 -4774.914569432804 9.673353917363452
3 3.25 3 4 -3313.933459772914 7.860139067746821
3 3.25 4 5 -2241.683066897917 6.374300739846592
3 3.25 5 6 -1524.723320253675 5.259715832579086
3 3.25 6 7 -1046.466127605709 4.416656351047168
3 3.25 7 8 -722.3449093466247 3.765208493427678
3 3.25 8 9 -498.4186426188164 3.250665214970858
3 3.25 9 10 -340.8291378270496 2.836506882810011
3 3.25 10 11 -228.1804349175318 2.497443697105525
3 3.25 11 12 -146.5918025334913 2.215850602789732
3 3.25 12 13 -86.89027768065444 1.97905451108798
3 3.25 13 14 -42.87713320172793 1.777758812565869
3 3.25 14 15 -10.2784730506969 1.605009306972678
3 3.25 15 16 13.90708028015183 1.455512061224806
3 3.25 16 17 31.82246145362421 1.325173296816762
3 3.25 17 18 45.02053892395759 1.210782443567556
3 3.25 18 19 54.64156374301899 1.109789516921191
3 3.25 19 20 61.53271248374881 1.020145924308101
3 3.25 20 21 66.33002668161623 0.9401887491703257
3 3.25 21 22 69.5154784583973 0.8685553688245367
3 3.25 22 23 71.45729737788633 0.804119584915392
3 3.25 23 24 72.43885185508009 0.7459432409935277
3 3.25 24 25 72.67958852135916 0.6932391458585737
3 3.25 25 26 72.35038496928706 0.6453423560112058
3 3.25 26 27 71.58492312256618 0.6016877122328456
3 3.25 27 28 70.48819489774996 0.5617921074291327
3 3.25 28 29 69.14291901155434 0.5252403695709789
3 3.25 29 30 67.61442093450637 0.4916739341215998
3 3.25 30 31 65.95437170436026 0.4607816870411579
3 3.25 31 32 64.20367208123582 0.4322925117948186
3 3.25 32 33 62.39469147569423 0.4059691835539483
3 3.25 33 34 60.55301613963326 0.3816033369779893
3 3.25 34 35 58.69882152322265 0.359011294935951
3 3.25 35 36 56.84795493493493 0.3380305925249012
3 3.25 36 37 55.01279353443962 0.3185170653246229
3 3.25 37 38 53.20292713995065 0.3003423991182088
3 3.25 38 39 51.42570368642163 0.2833920582922014
3 3.25 39 40 49.68666645651422 0.2675635268864436
3 3.25 40 41 47.98990572627781 0.2527648090286305
3 3.25 41 42 46.338342292954 0.2389131456405782
3 3.25 42 43 44.7339567156603 0.2259339119717197
3 3.25 43 44 43.17797505383007 0.2137596673753907
3 3.25 44 45 41.67101962947788 0.2023293334161352
3 3.25 45 46 40.21237705975969 0.1916952807151033
3 3.25 46 47 38.80339227031601 0.1822187405549836
3 3.25 47 48 37.44266691166143 0.1739371221819796
3 3.25 48 49 36.12943396308674 0.166820687857646
3 3.25 49 50 34.86254697389627 0.1604624430794854
3.25 3.5 0 1 855.9345021153197 0.4311877055926859
3.25 3.5 1 2 -4879.8672116134 18.45943018097368
3.25 3.5 2 3 -4353.740469512957 14.69243323749696
3.25 3.5 3 4 -2916.697664438804 11.10250230610102
3.25 3.5 4 5 -1923.556508565357 8.659350643649416
3.25 3.5 5 6 -1277.797604343679 6.959051212991303
3.25 3.5 6 7 -855.3667512289053 5.727447265288269
3.25 3.5 7 8 -573.6894052196435 4.803307293434986
3.25 3.5 8 9 -381.9458874490783 4.08930870954039
3.25 3.5 9 10 -248.9245420967793 3.524479995375014
3.25 3.5 10 11 -155.2103153416735 3.06870403411762
3.25 3.5 11 12 -88.3661979947758 2.694818393863382
3.25 3.5 12 13 -40.26122823294509 2.383787383704155
3.25 3.5 13 14 -5.452962075273035 2.121920788657302
3.25 3.5 14 15 19.77839481742376 1.899143669058312
3.25 3.5 15 16 38.02367829699494 1.707891571192983
3.25 3.5 16 17 51.11809557249001 1.542384217027208
3.25 3.5 17 18 60.38122053101006 1.398135532903864
3.25 3.5 18 19 66.7745217012656 1.27161544606618
3.25 3.5 19 20 71.00677921358363 1.160011611519331
3.25 3.5 20 21 73.60589430331129 1.061058432320615
3.25 3.5 21 22 74.96860699328715 0.9729123222454763
3.25 3.5 22 23 75.39543275890958 0.8940593320291769
3.25 3.5 23 24 75.1155469845026 0.8232458051334883
3.25 3.5 24 25 74.30472992194296 0.7594256711371817
3.25 3.5 25 26 73.09845431739006 0.7017199265226828
3.25 3.5 26 27 71.60152969304704 0.6493851571087681
3.25 3.5 27 28 69.89527682315355 0.6017888475238935
3.25 3.5 28 29 68.04291148963023 0.558389840343378
3.25 3.5 29 30 66.09361675638723 0.518722742511828
3.25 3.5 30 31 64.08564588148147 0.4823853850478708
3.25 3.5 31 32 62.0487025347536 0.4490286655666965
3.25 3.5 32 33 60.00577791351242 0.4183482653812565
3.25 3.5 33 34 57.97457670064807 0.3900778523197875
3.25 3.5 34 35 55.96862960926612 0.3639834701587474
3.25 3.5 35 36 53.99816548836682 0.3398588810666131
3.25 3.5 36 37 52.07079786580465 0.3175216794724093
3.25 3.5 37 38 50.1920675089616 0.2968100329991426
3.25 3.5 38 39 48.36587267425728 0.2775799369546816
3.25 3.5 39 40 46.59481131446492 0.2597028907610684
3.25 3.5 40 41 44.88045404075712 0.2430639235382583
3.25 3.5 41 42 43.22356227434588 0.2275599095031035
3.25 3.5 42 43 41.62426296522187 0.2130981252013985
3.25 3.5 43 44 40.08218872210364 0.1995950095880265
3.25 3.5 44 45 38.59659029870767 0.1869750944231007
3.25 3.5 45 46 37.16566602097056 0.1752711013960699
3.25 3.5 46 47 35.78954700184848 0.1648127988787335
3.25 3.5 47 48 34.46605147045385 0.155635587756598
3.25 3.5 48 49 33.19365460822026 0.147713668136245
3.25 3.5 49 50 31.97054832216376 0.1406615497587045
3.5 3.75 0 1 191.2872670698574 1.602657234513592
3.5 3.75 1 2 -4687.015916550133 24.44448292864383
3.5 3.75 2 3 -3700.434396061954 16.1449953023745
3.5 3.75 3 4 -2378.903625457507 11.4159193176452
3.5 3.75 4 5 -1519.925288125355 8.563325066534627
3.5 3.75 5 6 -978.7172247014432 6.694032484961621
3.5 3.75 6 7 -632.7879171562001 5.390785527816606
3.5 3.75 7 8 -406.6855640031042 4.439364346572895
3.5 3.75 8 9 -255.6421474720805 3.719777716048249
3.5 3.75 9 10 -152.8058665691483 3.160320668290665
3.5 3.75 10 11 -81.76879136836965 2.715472314761164
3.5 3.75 11 12 -32.17379937057126 2.355196519105403
3.5 3.75 12 13 2.664197227549266 2.058887189240962
3.5 3.75 13 14 27.16837487040186 1.811981171248517
3.5 3.75 14 15 44.3294017234507 1.603918469266744
3.5 3.75 15 16 56.20883671679951 1.42687121274911
3.5 3.75 16 17 64.25226355032123 1.274924736451355
3.5 3.75 17 18 69.48866573060332 1.143534466020409
3.5 3.75 18 19 72.66015780106738 1.029156489841341
3.5 3.75 19 20 74.30810376671769 0.9289906020327033
3.5 3.75 20 21 74.83133643428351 0.840797996413214
3.5 3.75 21 22 74.52617379779889 0.7627696102121311
3.5 3.75 22 23 73.61434099329807 0.6934295172583507
3.5 3.75 23 24 72.26272132497144 0.6315630098785728
3.5 3.75 24 25 70.59750216214155 0.5761623535707316
3.5 3.75 25 26 68.71442154615397 0.5263853794049744
3.5 3.75 26 27 66.68626717650972 0.4815235271104727
3.5 3.75 27 28 64.56841626961045 0.4409769322881056
3.5 3.75 28 29 62.40296330485961 0.4042348229214177
3.5 3.75 29 30 60.22181964213803 0.3708599607854361
3.5 3.75 30 31 58.04905769632242 0.3404761936052349
3.5 3.75 31 32 55.90269525273675 0.3127584219871379
3.5 3.75 32 33 53.79606159168179 0.2874244563390906
3.5 3.75 33 34 51.738848964216 0.2642283649011488
3.5 3.75 34 35 49.73792573051503 0.2429550071997489
3.5 3.75 35 36 47.79796782978224 0.2234155159490919
3.5 3.75 36 37 45.92195097820399 0.2054435435271913
3.5 3.75 37 38 44.11153554392359 0.1888921283559018
3.5 3.75 38 39 42.36736830233832 0.1736310669609418
3.5 3.75 39 40 40.68931951305747 0.1595447011692918
3.5 3.75 40 41 39.07666952840401 0.1465300483959285
3.5 3.75 41 42 37.52825577170297 0.1344952161709471
3.5 3.75 42 43 36.04258858104572 0.123358055509377
3.5 3.75 43 44 34.6179424897216 0.1130450144814094
3.5 3.75 44 45 33.25242805514567 0.1034901626295491
3.5 3.75 45 46 31.94341617504266 0.09478113136759439
3.5 3.75 46 47 30.68997277854463 0.08745406239468767
3.5 3.75 47 48 29.48937980205253 0.08163463333590079
3.5 3.75 48 49 28.33955752148398 0.07733910330602084
3.5 3.75 49 50 27.23823506744284 0.07402917098973295
3.75 4 0 1 -320.5391335431789 1.812002604345487
3.75 4 1 2 -4018.654514698412 27.96819422267498
3.75 4 2 3 -2802.411680063385 12.96662095416399
3.75 4 3 4 -1710.964461602502 7.567230734615061
3.75 4 4 5 -1046.765924448769 4.925033636737687
3.75 4 5 6 -644.0632676829973 3.416626500845246
3.75 4 6 7 -394.2348752413013 2.470130845917814
3.75 4 7 8 -235.2548267733641 1.837076938631337
3.75 4 8 9 -131.7877291374882 1.393691830155382
3.75 4 9 10 -63.22590153610599 1.072669839934403
3.75 4 10 11 -17.24462353364447 0.8342390165255854
3.75 4 11 12 13.7903046957706 0.6539672275515832
3.75 4 12 13 34.72631261627464 0.5160879498164214
3.75 4 13 14 48.72232674117402 0.4101607985524601
3.75 4 14 15 57.8835818471382 0.3291386607620633
3.75 4 15 16 63.640968688557 0.2824889631949014
3.75 4 16 17 66.98382776533066 0.2601250068822051
3.75 4 17 18 68.60638023009324 0.2401062646809615
3.75 4 18 19 69.0019497178356 0.2221132361244593
3.75 4 19 20 68.52485593636158 0.2058795735788536
3.75 4 20 21 67.43183988334152 0.1911818479312411
3.75 4 21 22 65.9102618276255 0.1778315039149218
3.75 4 22 23 64.09759016221739 0.1656684999436909
3.75 4 23 24 62.09505732805704 0.167312574275426
3.75 4 24 25 59.97734798323327 0.1710448977990178
3.75 4 25 26 57.79954961540116 0.1746385014862508
3.75 4 26 27 55.60218980170103 0.1778664935098913
3.75 4 27 28 53.4149202283067 0.1806208735030536
3.75 4 28 29 51.25923323195514 0.1828637651515646
3.75 4 29 30 49.15047971599918 0.1845974161700933
3.75 4 30 31 47.09937801284443 0.1858460550038043
3.75 4 31 32 45.1131487011223 0.1866450333377754
3.75 4 32 33 43.19637246867649 0.1870343974919643
3.75 4 33 34 41.35164147836574 0.1870551438099693
3.75 4 34 35 39.58005578170986 0.186747100755541
3.75 4 35 36 37.88160277642049 0.1861477942333344
3.75 4 36 37 36.2554479171619 0.1852919061109718
3.75 4 37 38 34.70015777454741 0.1842110855062643
3.75 4 38 39 33.21387129116955 0.182933966122112
3.75 4 39 40 31.79443121398248 0.1814862990993132
3.75 4 40 41 30.43948485393052 0.1798911458707601
3.75 4 41 42 29.1465610884438 0.1781690972722511
3.75 4 42 43 27.91312897541604 0.1763384984924605
3.75 4 43 44 26.7366420988771 0.17441566835559
3.75 4 44 45 25.61457180733463 0.1724151063593808
3.75 4 45 46 24.54396315188622 0.1704059175982268
3.75 4 46 47 23.52318685058354 0.1685961904807833
3.75 4 47 48 22.54942890313736 0.1670005404872338
3.75 4 48 49 21.62043177969248 0.1655992146527757
3.75 4 49 50 20.73382293344037 0.1642231002025051
4 5 0 1 -1008.53390309039 2.805033132595768
4 5 1 2 -4430.779094268241 7.329509964603814
4 5 2 3 -2548.243778164221 5.489517756757804
4 5 3 4 -1396.251842162997 4.133878444517237
4 5 4 5 -768.5585548948272 3.092978485689764
4 5 5 6 -415.5690542730304 2.334101944594887
4 5 6 7 -210.5402743521008 1.822355050495569
4 5 7 8 -88.2399453494204 1.475354637583117
4 5 8 9 -13.89213109021512 1.230967822221881
4 5 9 10 31.70815959996855 1.049755574892403
4 5 10 11 59.5171608593256 0.9107828521443736
4 5 11 12 76.10411652930532 0.8024390796298271
4 5 12 13 85.48840113485471 0.7153608940968029
4 5 13 14 90.17831965011919 0.6431788904738517
4 5 14 15 91.78225570290476 0.5829242271569272
4 5 15 16 91.36132387483457 0.5324591682774439
4 5 16 17 89.62601493577455 0.4894402392958868
4 5 17 18 87.05397033934719 0.4519042169225482
4 5 18 19 83.96780976659613 0.4186884657135393
4 5 19 20 80.58742686119433 0.3891786142273854
4 5 20 21 77.06387402685641 0.3629122652142935
4 5 21 22 73.5009248546759 0.339416617816349
4 5 22 23 69.96919006109849 0.3182373597269926
4 5 23 24 66.51583076003277 0.2989999414048561
4 5 24 25 63.17146109547411 0.2814262490098344
4 5 25 26 59.95507450731634 0.2653126064762265
4 5 26 27 56.87752620053558 0.2504990554531021
4 5 27 28 53.94397664072204 0.2368482999287444
4 5 28 29 51.15560919853799 0.2242368814251212
4 5 29 30 48.51084943301493 0.2125536969460034
4 5 30 31 46.00624106389672 0.2017007155151596
4 5 31 32 43.63708073628615 0.1915931423206727
4 5 32 33 41.3978791638343 0.1821584032489279
4 5 33 34 39.28269497042997 0.1733343571138589
4 5 34 35 37.28537437351332 0.1650673305670973
4 5 35 36 35.39972117384559 0.1573103800806082
4 5 36 37 33.61961537426435 0.1500219423429463
4 5 37 38 31.93909415782165 0.1431648602142208
4 5 38 39 30.35240542665349 0.1367057005369932
4 5 39 40 28.85404143013686 0.1306142665181512
4 5 40 41 27.43875804283028 0.1248632280959903
4 5 41 42 26.10158370753964 0.1194278193498149
4 5 42 43 24.83782101946069 0.1142855745852942
4 5 43 44 23.64304314733252 0.1094160909133297
4 5 44 45 22.51308666122544 0.1048008107840104
4 5 45 46 21.44358635376783 0.1008148643696577
4 5 46 47 20.43140492952692 0.09886294606696021
4 5 47 48 19.47269421861741 0.09893160468471789
4 5 48 49 18.56428292547209 0.100598594737372
4 5 49 50 17.70276432323968 0.1026467952337807
-5 5 0 50 -531243.8911784935 92.20493042800285
