#ylo yhi qTlo qThi PDF0  uncertainty
-5 -4 0 1 -1006.359424766047 2.95369983297998
-5 -4 1 2 -4447.729031242695 7.042948775463022
-5 -4 2 3 -2566.573998172687 5.23946851912073
-5 -4 3 4 -1407.676505246241 3.938780519988772
-5 -4 4 5 -774.9427054635294 2.957938796930363
-5 -4 5 6 -418.9659535413637 2.249830283304821
-5 -4 6 7 -212.2157978279563 1.773191455978764
-5 -4 7 8 -88.93463911693038 1.44750662889529
-5 -4 8 9 -14.03634852087362 1.21488252198342
-5 -4 9 10 31.86366182118081 1.040092163393026
-5 -4 10 11 59.825967634883 0.904922893276746
-5 -4 11 12 76.48060729813619 0.7984932408150962
-5 -4 12 13 85.88187162093186 0.7121264558423021
-5 -4 13 14 90.55921269385567 0.6399292552069613
-5 -4 14 15 92.13387568588865 0.5792947961713185
-5 -4 15 16 91.67485851254958 0.5282498469937864
-5 -4 16 17 89.89750457282548 0.4845517877308208
-5 -4 17 18 87.28244313186559 0.4463202292427895
-5 -4 18 19 84.1541111651411 0.4124438100810228
-5 -4 19 20 80.73347055105148 0.3823284720233794
-5 -4 20 21 77.17215956594058 0.3555173837227336
-5 -4 21 22 73.57422938900183 0.331540181307887
-5 -4 22 23 70.01037423073808 0.3099441066364609
-5 -4 23 24 66.52771882065358 0.290353848938014
-5 -4 24 25 63.15676894560227 0.2724876799867106
-5 -4 25 26 59.91636869501511 0.2561364143322774
-5 -4 26 27 56.81720307012193 0.2411340339631752
-5 -4 27 28 53.86425457044973 0.2273375305677617
-5 -4 28 29 51.05852922861591 0.2146183971170403
-5 -4 29 30 48.3982811017508 0.2028611079124219
-5 -4 30 31 45.8798912949069 0.1919636911879057
-5 -4 31 32 43.4985043318763 0.181837777849208
-5 -4 32 33 41.24848995675634 0.1724075303503948
-5 -4 33 34 39.12377702970547 0.1636078400553526
-5 -4 34 35 37.11809288996885 0.1553823615012895
-5 -4 35 36 35.22513280554151 0.1476817710884522
-5 -4 36 37 33.438677934795 0.1404624037108074
-5 -4 37 38 31.75267559310685 0.1336852574244781
-5 -4 38 39 30.16129207195915 0.1273152853002641
-5 -4 39 40 28.65894556210956 0.1213208799843331
-5 -4 40 41 27.2403247598453 0.1156734783597591
-5 -4 41 42 25.90039717991016 0.1103472358491898
-5 -4 42 43 24.63441015548953 0.1053187423985006
-5 -4 43 44 23.43788672254565 0.1005667681618574
-5 -4 44 45 22.30661795742871 0.09607203118666101
-5 -4 45 46 21.23619353320833 0.09220637045396911
-5 -4 46 47 20.22344683752241 0.09036993474317202
-5 -4 47 48 19.26449178778625 0.09056452338138522
-5 -4 48 49 18.35612603416481 0.09238456140805479
-5 -4 49 50 17.49491436760708 0.09461574559156585
-4 -3.75 0 1 -319.9811003903893 1.85534214458876
-4 -3.75 1 2 -4036.690398731735 28.06061224556002
-4 -3.75 2 3 -2826.439253398511 13.06638965776234
-4 -3.75 3 4 -1729.079147608483 7.650909093777155
-4 -3.75 4 5 -1059.417250564692 4.994529725667444
-4 -3.75 5 6 -652.880044488958 3.474966672296727
-4 -3.75 6 7 -400.4330846054429 2.519712723602022
-4 -3.75 7 8 -239.6576893377339 1.879588745165689
-4 -3.75 8 9 -134.9462431994984 1.430654289001581
-4 -3.75 9 10 -65.51037399473228 1.104722466682271
-4 -3.75 10 11 -18.90546592027715 0.8621919462769904
-4 -3.75 11 12 12.58011543319401 0.6782715651288017
-4 -3.75 12 13 33.84563881144652 0.5370471362795866
-4 -3.75 13 14 48.08501378373739 0.4279308888113258
-4 -3.75 14 15 57.42750954349435 0.3437417355706086
-4 -3.75 15 16 63.32079217985017 0.2833752219971803
-4 -3.75 16 17 66.76608169465192 0.2608623550313788
-4 -3.75 17 18 68.46612332565957 0.2407202189774379
-4 -3.75 18 19 68.92043075565306 0.2226241238852411
-4 -3.75 19 20 68.48786793835774 0.2063037677036024
-4 -3.75 20 21 67.42854508925137 0.1915326673654159
-4 -3.75 21 22 65.9323431949017 0.178119880591169
-4 -3.75 22 23 64.13863225371159 0.1659034792950318
-4 -3.75 23 24 62.15009023866855 0.1604545821597188
-4 -3.75 24 25 60.04250839439749 0.16394447011532
-4 -3.75 25 26 57.87182682465584 0.167486700834106
-4 -3.75 26 27 55.67923396262589 0.1707858123902967
-4 -3.75 27 28 53.49489651945379 0.1736879632697771
-4 -3.75 28 29 51.34071020258759 0.1761250850768185
-4 -3.75 29 30 49.23234325197433 0.1780796318307269
-4 -3.75 30 31 47.18076464309178 0.1795628653943359
-4 -3.75 31 32 45.19339360149806 0.1806016498946978
-4 -3.75 32 33 43.27496870645543 0.18123049681252
-4 -3.75 33 34 41.42820790455364 0.1814868278196087
-4 -3.75 34 35 39.65431161669949 0.1814082066948792
-4 -3.75 35 36 37.95334740463881 0.1810307758977595
-4 -3.75 36 37 36.32454475717397 0.1803884287684633
-4 -3.75 37 38 34.76652135469242 0.1795124281776391
-4 -3.75 38 39 33.27745685863417 0.1784312929294468
-4 -3.75 39 40 31.8552263561116 0.1771708409486035
-4 -3.75 40 41 30.49750272388852 0.1757543203007297
-4 -3.75 41 42 29.20183491748617 0.1742025854599699
-4 -3.75 42 43 27.96570761784216 0.1725342925719248
-4 -3.75 43 44 26.78658641380298 0.1707660979726189
-4 -3.75 44 45 25.66195171504613 0.1689128509299789
-4 -3.75 45 46 24.58885198159518 0.1670454157373807
-4 -3.75 46 47 23.56566938516249 0.1653770183280633
-4 -3.75 47 48 22.58958984044976 0.1639227692665498
-4 -3.75 48 49 21.65835767353108 0.1626629389205349
-4 -3.75 49 50 20.76960177666342 0.1614245665678656
-3.75 -3.5 0 1 193.7296995570248 1.637265337406897
-3.75 -3.5 1 2 -4704.485132936541 24.58607994170061
-3.75 -3.5 2 3 -3727.042345366189 16.28932259246925
-3.75 -3.5 3 4 -2399.196713053654 11.53372383040354
-3.75 -3.5 4 5 -1534.104819979291 8.659433955095029
-3.75 -3.5 5 6 -988.5839641075838 6.773769045794099
-3.75 -3.5 6 7 -639.7094161789307 5.458065858555059
-3.75 -3.5 7 8 -411.5910012406321 4.496968480125564
-3.75 -3.5 8 9 -259.1524169753557 3.769711361652625
-3.75 -3.5 9 10 -155.3398861919679 3.204053064400759
-3.75 -3.5 10 11 -83.6086378837233 2.754112103241768
-3.75 -3.5 11 12 -33.51416341973641 2.389593966952715
-3.75 -3.5 12 13 1.687182150674062 2.089707054495347
-3.75 -3.5 13 14 26.45814038260914 1.839751647148703
-3.75 -3.5 14 15 43.81655718629929 1.629065282798279
-3.75 -3.5 15 16 55.84294669204689 1.449741879576189
-3.75 -3.5 16 17 63.99629564053521 1.295806148192592
-3.75 -3.5 17 18 69.3151821739857 1.162665867952469
-3.75 -3.5 18 19 72.54866573595723 1.046739210639129
-3.75 -3.5 19 20 74.2431878422251 0.9451954543571414
-3.75 -3.5 20 21 74.80132745330189 0.8557709802101242
-3.75 -3.5 21 22 74.52218953785251 0.7766363609845282
-3.75 -3.5 22 23 73.62958855389456 0.7062988134279371
-3.75 -3.5 23 24 72.29198525269845 0.643529566213773
-3.75 -3.5 24 25 70.63676584499513 0.5873090665601834
-3.75 -3.5 25 26 68.76058507097457 0.5367851474642298
-3.75 -3.5 26 27 66.73693558336669 0.4912407376640363
-3.75 -3.5 27 28 64.62173957520002 0.4500686855942385
-3.75 -3.5 28 29 62.45751486783328 0.4127519459415062
-3.75 -3.5 29 30 60.27650311843763 0.3788478522594941
-3.75 -3.5 30 31 58.1030354489823 0.3479755325584341
-3.75 -3.5 31 32 55.95533296255928 0.3198057647594264
-3.75 -3.5 32 33 53.84688517256762 0.2940527420659018
-3.75 -3.5 33 34 51.78751087994993 0.2704673455040308
-3.75 -3.5 34 35 49.78417853301895 0.248831614187695
-3.75 -3.5 35 36 47.84164327710513 0.2289541746431456
-3.75 -3.5 36 37 45.96294348469456 0.2106664427815946
-3.75 -3.5 37 38 44.14978901276376 0.1938194524012608
-3.75 -3.5 38 39 42.4028656120615 0.1782811949869437
-3.75 -3.5 39 40 40.72207409695348 0.1639343787646441
-3.75 -3.5 40 41 39.10671861084897 0.1506745344495145
-3.75 -3.5 41 42 37.55565492483527 0.1384084080883606
-3.75 -3.5 42 43 36.06740733545324 0.127052594671637
-3.75 -3.5 43 44 34.64026079190459 0.1165323734961379
-3.75 -3.5 44 45 33.27233340678181 0.1067807152973997
-3.75 -3.5 45 46 31.96099741704681 0.09788095115746942
-3.75 -3.5 46 47 30.70533003891383 0.09035450422098694
-3.75 -3.5 47 48 29.5026112407551 0.08432201716503607
-3.75 -3.5 48 49 28.35076199143867 0.07980008450802262
-3.75 -3.5 49 50 27.24751174218841 0.07626436929919392
-3.5 -3.25 0 1 861.0723076411217 0.4361064968499343
-3.5 -3.25 1 2 -4891.994690304622 18.49883130735612
-3.5 -3.25 2 3 -4379.007682008152 14.76885447121496
-3.5 -3.25 3 4 -2936.728191082467 11.17194143360822
-3.5 -3.25 4 5 -1937.771858493496 8.719000000970981
-3.5 -3.25 5 6 -1287.774347675837 7.010200407094569
-3.5 -3.25 6 7 -862.4036426769649 5.771662487813604
-3.5 -3.25 7 8 -578.6963155446774 4.841893969852843
-3.5 -3.25 8 9 -385.5409233090436 4.123293171383668
-3.5 -3.25 9 10 -251.5292041720356 3.554652923839754
-3.5 -3.25 10 11 -157.1102787180537 3.09568644692876
-3.5 -3.25 11 12 -89.7595452948492 2.719100242409066
-3.5 -3.25 12 13 -41.28681858727873 2.405760623150574
-3.5 -3.25 13 14 -6.209376838616436 2.141902796242609
-3.5 -3.25 14 15 19.22037499609587 1.917394369526429
-3.5 -3.25 15 16 37.6127234609836 1.724626077858238
-3.5 -3.25 16 17 50.81664974419004 1.557782271821153
-3.5 -3.25 17 18 60.16158691445412 1.412348642680168
-3.5 -3.25 18 19 66.61612842745944 1.284772342676766
-3.5 -3.25 19 20 70.8942479929749 1.172222477645967
-3.5 -3.25 20 21 73.5276624850128 1.072418207710049
-3.5 -3.25 21 22 74.91593560908507 0.9835033169093261
-3.5 -3.25 22 23 75.36168662442196 0.9039533112603095
-3.5 -3.25 23 24 75.09566835159939 0.83250566789391
-3.5 -3.25 24 25 74.29485098861767 0.768106812305667
-3.5 -3.25 25 26 73.09561010775803 0.7098713510643408
-3.5 -3.25 26 27 71.60344399219179 0.6570503979445799
-3.5 -3.25 27 28 69.9002016259343 0.6090067265695018
-3.5 -3.25 28 29 68.04950588666685 0.5651951038613676
-3.5 -3.25 29 30 66.100855049779 0.5251465942084405
-3.5 -3.25 30 31 64.09274748684169 0.4884559362384785
-3.5 -3.25 31 32 62.05507820799227 0.4547713169265585
-3.5 -3.25 32 33 60.01098827644168 0.4237860325936882
-3.5 -3.25 33 34 57.97830008166898 0.3952316449228397
-3.5 -3.25 34 35 55.97063697632862 0.3688723313900265
-3.5 -3.25 35 36 53.99830081089681 0.3445001950436389
-3.5 -3.25 36 37 52.06896265478431 0.3219313508477168
-3.5 -3.25 37 38 50.18820859008241 0.3010026433079089
-3.5 -3.25 38 39 48.35997247576373 0.2815688811274498
-3.5 -3.25 39 40 46.58688012175247 0.2635004967637931
-3.5 -3.25 40 41 44.87052379859691 0.2466815574711716
-3.5 -3.25 41 42 43.21168161077765 0.2310080682533898
-3.5 -3.25 42 43 41.61049318752711 0.216386518360279
-3.5 -3.25 43 44 40.06660058906331 0.2027326320642654
-3.5 -3.25 44 45 38.57926141435921 0.1899702909347455
-3.5 -3.25 45 46 37.14667469540584 0.1781311871201982
-3.5 -3.25 46 47 35.76898278765687 0.1675426656140415
-3.5 -3.25 47 48 34.44400162378949 0.1582389694739998
-3.5 -3.25 48 49 33.17020697017128 0.1501937648875819
-3.5 -3.25 49 50 31.94579106458241 0.1430230240641225
-3.25 -3 0 1 1576.011361465628 1.209526920962211
-3.25 -3 1 2 -4727.087295270514 9.246867861396586
-3.25 -3 2 3 -4796.126159390439 9.685686444375186
-3.25 -3 3 4 -3331.957642924432 7.878828404686089
-3.25 -3 4 5 -2254.897709701671 6.393444269587879
-3.25 -3 5 6 -1534.19366467509 5.277859854163816
-3.25 -3 6 7 -1053.250960842013 4.433454732070022
-3.25 -3 7 8 -727.2360187454028 3.780646287421407
-3.25 -3 8 9 -501.9735624514124 3.264837756635774
-3.25 -3 9 10 -343.4371628960366 2.849530276379932
-3.25 -3 10 11 -230.1098679002291 2.509438742418716
-3.25 -3 11 12 -148.0309802192935 2.226927699671914
-3.25 -3 12 13 -87.97239882952636 1.989311991469045
-3.25 -3 13 14 -43.69732567278311 1.787282967345126
-3.25 -3 14 15 -10.90527804451381 1.613875420417185
-3.25 -3 15 16 13.42388534758925 1.463785732334701
-3.25 -3 16 17 31.44646652552967 1.332911752621989
-3.25 -3 17 18 44.72493593903823 1.218035732215656
-3.25 -3 18 19 54.40649294857485 1.116601548147902
-3.25 -3 19 20 61.3433758744759 1.026555358872885
-3.25 -3 20 21 66.17533655461102 0.9462297513985253
-3.25 -3 21 22 69.38708274696842 0.8742582409098937
-3.25 -3 22 23 71.34887242976072 0.8095113007322496
-3.25 -3 23 24 72.34558638409919 0.7510478960641294
-3.25 -3 24 25 72.59780506270636 0.6980783371334021
-3.25 -3 25 26 72.27726078330181 0.6499355035482014
-3.25 -3 26 27 71.51828339167554 0.6060523326099401
-3.25 -3 27 28 70.42635872174577 0.5659440466951192
-3.25 -3 28 29 69.08458414039882 0.5291940027027873
-3.25 -3 29 30 67.55857704438722 0.4954423362497683
-3.25 -3 30 31 65.90023479782297 0.464376781113786
-3.25 -3 31 32 64.15063458966563 0.4357251961641429
-3.25 -3 32 33 62.34228408509932 0.4092494429065417
-3.25 -3 33 34 60.50087841102351 0.3847403387346012
-3.25 -3 34 35 58.64667914180359 0.3620134736538584
-3.25 -3 35 36 56.79560198213247 0.3409057237625875
-3.25 -3 36 37 54.96007858599455 0.3212723305553102
-3.25 -3 37 38 53.14974229529994 0.3029844431078582
-3.25 -3 38 39 51.37197585816639 0.2859270396520998
-3.25 -3 39 40 49.63235041174798 0.2699971630068094
-3.25 -3 40 41 47.93497849696746 0.2551024159139416
-3.25 -3 41 42 46.28279866173207 0.2411596735394204
-3.25 -3 42 43 44.67780555244715 0.2280939770463445
-3.25 -3 43 44 43.12123633135818 0.2158375802014412
-3.25 -3 44 45 41.61372198255529 0.2043291244420549
-3.25 -3 45 46 40.15455207676615 0.1936209467146211
-3.25 -3 46 47 38.74508422962097 0.1840747595720251
-3.25 -3 47 48 37.38392011912418 0.1757276478106819
-3.25 -3 48 49 36.07029526881183 0.1685494913100127
-3.25 -3 49 50 34.80306561981517 0.1621325084723749
-3 -2.75 0 1 2264.548013191886 1.695413538051969
-3 -2.75 1 2 -4374.562797748802 4.41667469460297
-3 -2.75 2 3 -5043.878025355955 5.957301356471985
-3 -2.75 3 4 -3610.538156111355 5.089826194840248
-3 -2.75 4 5 -2493.284465337915 4.232640935191666
-3 -2.75 5 6 -1727.337778717214 3.550449143813731
-3 -2.75 6 7 -1207.870954879433 3.017994012030627
-3 -2.75 7 8 -851.1132980012108 2.598074637220848
-3 -2.75 8 9 -601.7226221707738 2.261304586595442
-3 -2.75 9 10 -424.2587473315371 1.98709676649812
-3 -2.75 10 11 -296.0045251937879 1.760418964823345
-3 -2.75 11 12 -202.0631603357729 1.570622228422554
-3 -2.75 12 13 -132.49980949272 1.409887614465917
-3 -2.75 13 14 -80.54757486753329 1.272394885009418
-3 -2.75 14 15 -41.50742589206288 1.153738321487316
-3 -2.75 15 16 -12.05757860503491 1.050530575343918
-3 -2.75 16 17 10.18851489211875 0.9601298458304965
-3 -2.75 17 18 26.97068149230245 0.8804488446972818
-3 -2.75 18 19 39.57398748301625 0.80981880896823
-3 -2.75 19 20 48.95878961795745 0.7468911644873322
-3 -2.75 20 21 55.85034083373057 0.6905653578557565
-3 -2.75 21 22 60.80149748979761 0.6399351609429706
-3 -2.75 22 23 64.23723583656215 0.5942482066132683
-3 -2.75 23 24 66.48667319772846 0.5528751344871624
-3 -2.75 24 25 67.80638141015243 0.5152858056749589
-3 -2.75 25 26 68.39755014557034 0.4810307800242736
-3 -2.75 26 27 68.41875249144516 0.4497267556919975
-3 -2.75 27 28 67.9955295135145 0.4210450228228297
-3 -2.75 28 29 67.22764938245399 0.3947022321507151
-3 -2.75 29 30 66.19464956452026 0.3704529583161861
-3 -2.75 30 31 64.96009975940103 0.3480836662244777
-3 -2.75 31 32 63.57490348543877 0.32740778255439
-3 -2.75 32 33 62.07987144066323 0.3082616454464676
-3 -2.75 33 34 60.50773914681764 0.2905011555616603
-3 -2.75 34 35 58.88475756138058 0.2739989919218596
-3 -2.75 35 36 57.23195342156225 0.2586422856366812
-3 -2.75 36 37 55.56613258277412 0.2443306655236101
-3 -2.75 37 38 53.9006822617028 0.230974609603714
-3 -2.75 38 39 52.24621506467514 0.2184940480377194
-3 -2.75 39 40 50.61108789898711 0.206817173532437
-3 -2.75 40 41 49.00182157572561 0.1958794255949915
-3 -2.75 41 42 47.4234410740105 0.1856226190319523
-3 -2.75 42 43 45.87975233433099 0.1759941936049526
-3 -2.75 43 44 44.37356797190748 0.1669465661904317
-3 -2.75 44 45 42.90689176152244 0.1584365694410598
-3 -2.75 45 46 41.48014521238937 0.150580620993337
-3 -2.75 46 47 40.0958709403956 0.1439354370101813
-3 -2.75 47 48 38.75351949068684 0.1385810372760127
-3 -2.75 48 49 37.45312860595877 0.1344896846914556
-3 -2.75 49 50 36.19426547342547 0.1310892483383284
-2.75 -2.5 0 1 2899.819756498503 2.230435568213319
-2.75 -2.5 1 2 -3944.1936203511 1.110928959039943
-2.75 -2.5 2 3 -5184.686137843313 2.777328786834697
-2.75 -2.5 3 4 -3806.304338085522 2.670210417048837
-2.75 -2.5 4 5 -2671.014219569365 2.348222431710507
-2.75 -2.5 5 6 -1876.412880372884 2.04251382156205
-2.75 -2.5 6 7 -1330.337148762686 1.783463831891605
-2.75 -2.5 7 8 -951.3716129997674 1.568527621816764
-2.75 -2.5 8 9 -684.0222432646251 1.389571013971506
-2.75 -2.5 9 10 -492.1489714905647 1.239806669983968
-2.75 -2.5 10 11 -352.3187305371343 1.113099370201168
-2.75 -2.5 11 12 -249.0310590360116 1.004949101698943
-2.75 -2.5 12 13 -171.873158736877 0.9118326227322352
-2.75 -2.5 13 14 -113.7078375764718 0.8310183855713222
-2.75 -2.5 14 15 -69.5507851617258 0.7603711302069556
-2.75 -2.5 15 16 -35.86004487576906 0.6982052427898705
-2.75 -2.5 16 17 -10.07825066860937 0.6431764794281923
-2.75 -2.5 17 18 9.667859036829213 0.5942021340395172
-2.75 -2.5 18 19 24.76836025164823 0.5504018722880525
-2.75 -2.5 19 20 36.26687341764182 0.5110535236645208
-2.75 -2.5 20 21 44.95515889978424 0.4755597372275789
-2.75 -2.5 21 22 51.43957111414431 0.4434225858248485
-2.75 -2.5 22 23 56.18840732452747 0.4142240343724365
-2.75 -2.5 23 24 59.56608556156971 0.3876107780108203
-2.75 -2.5 24 25 61.85811283928217 0.363282364275207
-2.75 -2.5 25 26 63.28952769395471 0.3409818100850039
-2.75 -2.5 26 27 64.03866192681949 0.32048812773069
-2.75 -2.5 27 28 64.24750638943613 0.3016103267482472
-2.75 -2.5 28 29 64.02958690155901 0.2841825651690018
-2.75 -2.5 29 30 63.47599653182982 0.2680602031259945
-2.75 -2.5 30 31 62.66005031419616 0.2531165700353695
-2.75 -2.5 31 32 61.64090182180416 0.2392403007109137
-2.75 -2.5 32 33 60.46637115230664 0.2263331274242945
-2.75 -2.5 33 34 59.17516945829067 0.2143080399243399
-2.75 -2.5 34 35 57.79865847561473 0.2030877441647641
-2.75 -2.5 35 36 56.36224941855193 0.1926033657962886
-2.75 -2.5 36 37 54.88652045824267 0.182793353070212
-2.75 -2.5 37 38 53.38811338820182 0.1736025457813545
-2.75 -2.5 38 39 51.88045607152213 0.1649813817904946
-2.75 -2.5 39 40 50.37434672272718 0.156885216603676
-2.75 -2.5 40 41 48.87842820530236 0.1492737400611908
-2.75 -2.5 41 42 47.39957420668625 0.1421104724228904
-2.75 -2.5 42 43 45.94320470435906 0.1353623290959628
-2.75 -2.5 43 44 44.513544350676 0.1289992421960657
-2.75 -2.5 44 45 43.11383464472894 0.1229938314683958
-2.75 -2.5 45 46 41.74553465935134 0.1175413049325373
-2.75 -2.5 46 47 40.41224358981165 0.1134495454735109
-2.75 -2.5 47 48 39.11420412915189 0.1108317472530699
-2.75 -2.5 48 49 37.85219646454954 0.1096302796180531
-2.75 -2.5 49 50 36.62644859885583 0.1090395109272508
-2.5 -2.25 0 1 3477.639798316216 1.725567682513339
-2.5 -2.25 1 2 -3505.840189808015 0.9593897051388044
-2.5 -2.25 2 3 -5269.61916195173 1.695921313276231
-2.5 -2.25 3 4 -3949.980017399574 1.562566770510609
-2.5 -2.25 4 5 -2806.248784843334 1.395690030063393
-2.5 -2.25 5 6 -1992.125106913613 1.257804735970793
-2.5 -2.25 6 7 -1426.852610673272 1.127855803907227
-2.5 -2.25 7 8 -1031.426712519491 1.012804706652674
-2.5 -2.25 8 9 -750.5251959787379 0.9129790855876624
-2.5 -2.25 9 10 -547.625472316276 0.8260578361900504
-2.5 -2.25 10 11 -398.8319750792566 0.7506114650489495
-2.5 -2.25 11 12 -288.2330770809208 0.6847376693179742
-2.5 -2.25 12 13 -205.0799072939089 0.6269280921886985
-2.5 -2.25 13 14 -141.9692463067968 0.5759291213324469
-2.5 -2.25 14 15 -93.70840140171913 0.5307083219202479
-2.5 -2.25 15 16 -56.59238666940132 0.4904163895131172
-2.5 -2.25 16 17 -27.93587910615815 0.454352795849923
-2.5 -2.25 17 18 -5.764650327637355 0.4219371057494618
-2.5 -2.25 18 19 11.39154708929391 0.3926857930762075
-2.5 -2.25 19 20 24.64041372370536 0.3661937515268874
-2.5 -2.25 20 21 34.82526620503984 0.3421196124710382
-2.5 -2.25 21 22 42.59420434757499 0.3201740837884944
-2.5 -2.25 22 23 48.44953357635529 0.3001106597127951
-2.5 -2.25 23 24 52.78353748675954 0.2817181899147018
-2.5 -2.25 24 25 55.90468048924902 0.2648149041199818
-2.5 -2.25 25 26 58.05701237742278 0.2492435819882396
-2.5 -2.25 26 27 59.43468481511854 0.2348676274085301
-2.5 -2.25 27 28 60.19291307939363 0.2215678591612653
-2.5 -2.25 28 29 60.45632548704282 0.2092398733570977
-2.5 -2.25 29 30 60.32537412262639 0.1977918645717366
-2.5 -2.25 30 31 59.88129373983259 0.1871428154505675
-2.5 -2.25 31 32 59.18996413405853 0.1772209864255569
-2.5 -2.25 32 33 58.30493775906916 0.1679626486969308
-2.5 -2.25 33 34 57.26982717123309 0.1593110164579254
-2.5 -2.25 34 35 56.12019811549521 0.1512153444233894
-2.5 -2.25 35 36 54.88507838702759 0.14363015941791
-2.5 -2.25 36 37 53.58816622178051 0.1365146065028951
-2.5 -2.25 37 38 52.24880242118223 0.1298318878124943
-2.5 -2.25 38 39 50.88275566263945 0.1235487806812425
-2.5 -2.25 39 40 49.50285933655442 0.1176352225594667
-2.5 -2.25 40 41 48.11952994094986 0.1120639506272442
-2.5 -2.25 41 42 46.74119036095146 0.1068101903854798
-2.5 -2.25 42 43 45.37461667109281 0.1018513832328393
-2.5 -2.25 43 44 44.02522305170524 0.09716695004595749
-2.5 -2.25 44 45 42.69729649519201 0.0927380819600666
-2.5 -2.25 45 46 41.39317583067492 0.08886617833093409
-2.5 -2.25 46 47 40.1173525527015 0.08672844677502788
-2.5 -2.25 47 48 38.87074573260571 0.08645926446483665
-2.5 -2.25 48 49 37.65477018561964 0.08790694155132805
-2.5 -2.25 49 50 36.47021811347946 0.09221978287515807
-2.25 -2 0 1 4000.404590399495 1.034606275896861
-2.25 -2 1 2 -3104.753762454164 0.8512141584913481
-2.25 -2 2 3 -5353.073688207781 1.65507433842263
-2.25 -2 3 4 -4084.828815196331 1.533803061223134
-2.25 -2 4 5 -2929.479097772387 1.35343095159365
-2.25 -2 5 6 -2094.620704977737 1.193414901842417
-2.25 -2 6 7 -1510.07720733019 1.059037503653858
-2.25 -2 7 8 -1098.726378491395 0.9460198277024812
-2.25 -2 8 9 -805.0918755071061 0.8507864174502598
-2.25 -2 9 10 -592.0890709412479 0.7690822449101702
-2.25 -2 10 11 -435.2582315071488 0.6987210869350404
-2.25 -2 11 12 -318.2286339113668 0.6375552238054445
-2.25 -2 12 13 -229.8942153611877 0.583992261248561
-2.25 -2 13 14 -162.5792831193207 0.5367774036021715
-2.25 -2 14 15 -110.8837662934334 0.4949106912778746
-2.25 -2 15 16 -70.94416625642816 0.4575867180497473
-2.25 -2 16 17 -39.95313077014794 0.424150324197322
-2.25 -2 17 18 -15.84171213941727 0.3940636724769967
-2.25 -2 18 19 2.934482747236416 0.3668814961900927
-2.25 -2 19 20 17.54167593305669 0.3422322810276692
-2.25 -2 20 21 28.86973690172329 0.3198038022375069
-2.25 -2 21 22 37.60407012267069 0.2993319027437046
-2.25 -2 22 23 44.27707928328994 0.280591698050461
-2.25 -2 23 24 49.30548588483089 0.2633906275956004
-2.25 -2 24 25 53.0177128004284 0.2475629176918507
-2.25 -2 25 26 55.67419847646454 0.2329651356463412
-2.25 -2 26 27 57.48261972382954 0.2194725932388892
-2.25 -2 27 28 58.6094060346619 0.2069764201525389
-2.25 -2 28 29 59.18852438439251 0.1953811626781933
-2.25 -2 29 30 59.32823527058349 0.1846028056812648
-2.25 -2 30 31 59.11632719258319 0.1745671311081676
-2.25 -2 31 32 58.62420022771641 0.1652083495805165
-2.25 -2 32 33 57.91007217077902 0.1564679532502465
-2.25 -2 33 34 57.02151078558853 0.1482937496382587
-2.25 -2 34 35 55.997444912866 0.1406390442741776
-2.25 -2 35 36 54.86976995394519 0.1334619458041905
-2.25 -2 36 37 53.66463569848094 0.1267247732825988
-2.25 -2 37 38 52.40348401788378 0.1203935479845782
-2.25 -2 38 39 51.10388850330742 0.1144375571470472
-2.25 -2 39 40 49.78023647587548 0.108828976741485
-2.25 -2 40 41 48.44428507295623 0.1035425449665219
-2.25 -2 41 42 47.10561607551563 0.09855527940391369
-2.25 -2 42 43 45.77200920188159 0.093846229320806
-2.25 -2 43 44 44.44974933164264 0.0893962603361729
-2.25 -2 44 45 43.14388005161217 0.08518786502191704
-2.25 -2 45 46 41.85735657683003 0.08185992435095518
-2.25 -2 46 47 40.59532463865295 0.0817993804204727
-2.25 -2 47 48 39.35916180859729 0.0850705721681257
-2.25 -2 48 49 38.15072000533189 0.09105575679196105
-2.25 -2 49 50 36.9711727451643 0.09738837396547693
-2 -1.75 0 1 4494.378429575385 1.065598847801695
-2 -1.75 1 2 -2708.799570553689 2.769519418539659
-2 -1.75 2 3 -5407.02362537509 2.783304481520238
-2 -1.75 3 4 -4197.32499871413 2.277090604621958
-2 -1.75 4 5 -3040.637704735805 1.872654015132585
-2 -1.75 5 6 -2192.744268934878 1.57083060592419
-2 -1.75 6 7 -1593.95381928034 1.34190705175028
-2 -1.75 7 8 -1169.748904109296 1.163611898102284
-2 -1.75 8 9 -865.1636087343059 1.021319249471939
-2 -1.75 9 10 -643.0164726456833 0.9057092958841106
-2 -1.75 10 11 -478.5931393371511 0.8095264013490743
-2 -1.75 11 12 -355.2603419719662 0.7286551013190946
-2 -1.75 12 13 -261.6772872628806 0.6597129116266631
-2 -1.75 13 14 -189.9734002816595 0.6003042916776655
-2 -1.75 14 15 -134.5904100978421 0.5486350548018908
-2 -1.75 15 16 -91.53763280018757 0.5033347651029408
-2 -1.75 16 17 -57.9056925444213 0.4633383266255618
-2 -1.75 17 18 -31.54366975919697 0.4278051525778829
-2 -1.75 18 19 -10.84107196406308 0.3960627602167853
-2 -1.75 19 20 5.421869722158135 0.3675666068356986
-2 -1.75 20 21 18.17862304158587 0.3418709564341459
-2 -1.75 21 22 28.15027548518162 0.3186073905650164
-2 -1.75 22 23 35.89858649027656 0.2974687151193235
-2 -1.75 23 24 41.86454945040657 0.2781967399387466
-2 -1.75 24 25 46.39675285192686 0.260572882389147
-2 -1.75 25 26 49.7724667435383 0.244410859838588
-2 -1.75 26 27 52.21347875136121 0.2295509461463215
-2 -1.75 27 28 53.89809789690639 0.2158554141472112
-2 -1.75 28 29 54.97033219055606 0.2032048874312586
-2 -1.75 29 30 55.54696147289201 0.1914953953482254
-2 -1.75 30 31 55.72302867787823 0.1806359782765593
-2 -1.75 31 32 55.5761325399879 0.1705467258762444
-2 -1.75 32 33 55.16980483099388 0.1611571602226449
-2 -1.75 33 34 54.55618320871343 0.1524048943234738
-2 -1.75 34 35 53.77813833924739 0.1442345127747648
-2 -1.75 35 36 52.87097549475385 0.1365966333850373
-2 -1.75 36 37 51.86380231182392 0.1294471159382387
-2 -1.75 37 38 50.78063319892965 0.1227463912864836
-2 -1.75 38 39 49.64128485493524 0.1164588917237382
-2 -1.75 39 40 48.46210523759225 0.1105525634405693
-2 -1.75 40 41 47.25656924469354 0.1049984482391463
-2 -1.75 41 42 46.03576702047161 0.0997703236735423
-2 -1.75 42 43 44.80880565366243 0.0948443921754871
-2 -1.75 43 44 43.5831405594148 0.09019901060840889
-2 -1.75 44 45 42.36484963282237 0.0858144559860039
-2 -1.75 45 46 41.15777445071828 0.08206447278588858
-2 -1.75 46 47 39.96792722649951 0.08145516316887162
-2 -1.75 47 48 38.79737810533766 0.08515881505915185
-2 -1.75 48 49 37.64862105316476 0.09171493742850362
-2 -1.75 49 50 36.52339692666951 0.09863355712462796
-1.75 -1.5 0 1 4949.817023700663 0.9687608544488755
-1.75 -1.5 1 2 -2325.39177331643 0.7885415357983202
-1.75 -1.5 2 3 -5434.650183998638 1.718899563639058
-1.75 -1.5 3 4 -4269.758084756355 1.663044764992099
-1.75 -1.5 4 5 -3107.382880087746 1.485671635633728
-1.75 -1.5 5 6 -2247.158673578395 1.307116605825708
-1.75 -1.5 6 7 -1637.059640311993 1.1502881344528
-1.75 -1.5 7 8 -1203.717207285255 1.017129152412775
-1.75 -1.5 8 9 -892.0301444816191 0.9046515048593116
-1.75 -1.5 9 10 -664.3812304159078 0.8111834735929863
-1.75 -1.5 10 11 -495.626040906503 0.7299267344240636
-1.75 -1.5 11 12 -368.9065129018391 0.6608339695091247
-1.75 -1.5 12 13 -272.6426497396963 0.6011064379719434
-1.75 -1.5 13 14 -198.8017829756916 0.5490814662639191
-1.75 -1.5 14 15 -141.7046953467852 0.5034469729860136
-1.75 -1.5 15 16 -97.26965444978487 0.4631610025551656
-1.75 -1.5 16 17 -62.51803401754592 0.4273892331128303
-1.75 -1.5 17 18 -35.24569367578943 0.3954576080986537
-1.75 -1.5 18 19 -13.80083356856699 0.3668166660072459
-1.75 -1.5 19 20 3.068669282395604 0.341014637615311
-1.75 -1.5 20 21 16.32183451734522 0.3176770339086928
-1.75 -1.5 21 22 26.70008037693822 0.2964910466695029
-1.75 -1.5 22 23 34.78145137912463 0.277193517216331
-1.75 -1.5 23 24 41.02006395000194 0.2595615809398815
-1.75 -1.5 24 25 45.77513871694055 0.2434053272461981
-1.75 -1.5 25 26 49.33260166533046 0.228561992650893
-1.75 -1.5 26 27 51.92131834501743 0.2148913297390098
-1.75 -1.5 27 28 53.72540824743294 0.2022718861214787
-1.75 -1.5 28 29 54.89366640051242 0.1905979920956354
-1.75 -1.5 29 30 55.54682921240885 0.1797773057105435
-1.75 -1.5 30 31 55.78321933877328 0.1697287994444844
-1.75 -1.5 31 32 55.68316132822838 0.1603810987810101
-1.75 -1.5 32 33 55.31245776355456 0.1516711025076299
-1.75 -1.5 33 34 54.72514205913927 0.1435428327108944
-1.75 -1.5 34 35 53.96567049308999 0.1359464686290033
-1.75 -1.5 35 36 53.07067672006752 0.1288375338603201
-1.75 -1.5 36 37 52.07038282904017 0.1221762069470296
-1.75 -1.5 37 38 50.98973930740982 0.115926736024626
-1.75 -1.5 38 39 49.84934985356568 0.1100569384555909
-1.75 -1.5 39 40 48.6662245534045 0.1045377725515231
-1.75 -1.5 40 41 47.45439562793723 0.09934296810966396
-1.75 -1.5 41 42 46.22542241157544 0.09444870852749103
-1.75 -1.5 42 43 44.98880694719207 0.08983335480007451
-1.75 -1.5 43 44 43.75233696895452 0.08547720553927918
-1.75 -1.5 44 45 42.5223697719947 0.08136228862612196
-1.75 -1.5 45 46 41.30294260021077 0.07818830434889437
-1.75 -1.5 46 47 40.10033956119892 0.07857128058437857
-1.75 -1.5 47 48 38.91675629108505 0.08259811500655304
-1.75 -1.5 48 49 37.75482407658023 0.08961103391296256
-1.75 -1.5 49 50 36.61640420443615 0.09702056164736773
-1.5 -1.25 0 1 5381.432896527751 3.12699870915888
-1.5 -1.25 1 2 -1946.953770048958 3.760106424943018
-1.5 -1.25 2 3 -5454.110271414163 1.670655882634452
-1.5 -1.25 3 4 -4344.850252551088 1.606297698531798
-1.5 -1.25 4 5 -3184.476620293138 1.43473375695514
-1.5 -1.25 5 6 -2315.627610055961 1.267761293191225
-1.5 -1.25 6 7 -1695.544452013374 1.122491840684174
-1.5 -1.25 7 8 -1253.127676484016 0.9989684105278326
-1.5 -1.25 8 9 -933.710361003561 0.8950464996371571
-1.5 -1.25 9 10 -699.6755161036081 0.8052223826152604
-1.5 -1.25 10 11 -525.5964530647661 0.7292192276421953
-1.5 -1.25 11 12 -394.4851010608554 0.6632624944737505
-1.5 -1.25 12 13 -294.5751587705706 0.6058459257532646
-1.5 -1.25 13 14 -217.6937098214664 0.555514017957556
-1.5 -1.25 14 15 -158.0485362322997 0.5111085763143831
-1.5 -1.25 15 16 -111.4675618492988 0.4717015757670461
-1.5 -1.25 16 17 -74.89998458614059 0.4365432991260938
-1.5 -1.25 17 18 -46.08384710193218 0.4050228940432324
-1.5 -1.25 18 19 -23.32083201163846 0.3766384575734577
-1.5 -1.25 19 20 -5.321197692651594 0.3509742760675519
-1.5 -1.25 20 21 8.904661840202834 0.3276833954505737
-1.5 -1.25 21 22 20.12316756106998 0.306474179510749
-1.5 -1.25 22 23 28.93290966502286 0.2870998505120744
-1.5 -1.25 23 24 35.8049727250168 0.2693502872537916
-1.5 -1.25 24 25 41.11265811032524 0.2530455405788884
-1.5 -1.25 25 26 45.15362962511608 0.2402093915947374
-1.5 -1.25 26 27 48.16657971889049 0.2283141833691214
-1.5 -1.25 27 28 50.34388854179201 0.2172144088656145
-1.5 -1.25 28 29 51.84132204733771 0.2068412947297154
-1.5 -1.25 29 30 52.78552081544296 0.1971333155174101
-1.5 -1.25 30 31 53.27982563687567 0.1880353187943831
-1.5 -1.25 31 32 53.40884032055612 0.1794977630055757
-1.5 -1.25 32 33 53.24202821530076 0.1714760552532985
-1.5 -1.25 33 34 52.83656390314866 0.1639299745922852
-1.5 -1.25 34 35 52.23960681009117 0.1568231700178223
-1.5 -1.25 35 36 51.49012327264796 0.1501227233773953
-1.5 -1.25 36 37 50.62035374427558 0.1437987665906187
-1.5 -1.25 37 38 49.65699959144604 0.1378241483120623
-1.5 -1.25 38 39 48.6221871007462 0.1321741413872666
-1.5 -1.25 39 40 47.53425356277603 0.1268261858307557
-1.5 -1.25 40 41 46.40839073489752 0.1217596632775539
-1.5 -1.25 41 42 45.25717323026862 0.116955698084811
-1.5 -1.25 42 43 44.0909939455583 0.1123969821491225
-1.5 -1.25 43 44 42.91842389034787 0.1080676194827884
-1.5 -1.25 44 45 41.74651040579312 0.1039529883586848
-1.5 -1.25 45 46 40.57987232881237 0.100387658525008
-1.5 -1.25 46 47 39.42537763982168 0.09866131549035924
-1.5 -1.25 47 48 38.28567220304947 0.09895048139755599
-1.5 -1.25 48 49 37.16381082663946 0.1011493311474412
-1.5 -1.25 49 50 36.06202018772296 0.1039958485302674
-1.25 -1 0 1 5745.441840359531 1.5215231764895
-1.25 -1 1 2 -1645.378147125341 0.7847970429940873
-1.25 -1 2 3 -5487.100146460491 2.097321275749453
-1.25 -1 3 4 -4418.128345256174 1.984838929076317
-1.25 -1 4 5 -3253.987542833873 1.745197972861258
-1.25 -1 5 6 -2374.156121683193 1.524227853260794
-1.25 -1 6 7 -1743.293013924571 1.33851103606407
-1.25 -1 7 8 -1291.784157276609 1.184646148123977
-1.25 -1 8 9 -965.0159264525141 1.056014120018657
-1.25 -1 9 10 -725.1059196893389 0.9486971065062851
-1.25 -1 10 11 -546.3385782671544 0.8568791841742993
-1.25 -1 11 12 -411.4636671728517 0.7782720762572034
-1.25 -1 12 13 -308.5170584091807 0.7102105589233368
-1.25 -1 13 14 -229.1707004827645 0.6507995966089346
-1.25 -1 14 15 -167.5131255823962 0.5985619270157071
-1.25 -1 15 16 -119.280385166511 0.552332277957406
-1.25 -1 16 17 -81.35048534945577 0.5111807366945229
-1.25 -1 17 18 -51.4059004965759 0.474357010166386
-1.25 -1 18 19 -27.70460514238857 0.4412495140688055
-1.25 -1 19 20 -8.922216451586792 0.4113550118545183
-1.25 -1 20 21 5.958526336771911 0.3842558179060617
-1.25 -1 21 22 17.72627188095566 0.3596024833098695
-1.25 -1 22 23 26.99758884572304 0.3371004977761693
-1.25 -1 23 24 34.25818815648779 0.3164999701495023
-1.25 -1 24 25 39.89333436722541 0.2975875403541542
-1.25 -1 25 26 44.21052466638298 0.2801799825617715
-1.25 -1 26 27 47.45657118839483 0.2641191027730465
-1.25 -1 27 28 49.83058703910899 0.249267634917374
-1.25 -1 28 29 51.49394307397608 0.2355059168647629
-1.25 -1 29 30 52.57796265841205 0.2227291778191214
-1.25 -1 30 31 53.18991217142479 0.2108453114652537
-1.25 -1 31 32 53.41769660373086 0.1997730346959294
-1.25 -1 32 33 53.33356354707189 0.1894403579613517
-1.25 -1 33 34 52.99704227653467 0.1797833072656231
-1.25 -1 34 35 52.45728873315471 0.1707448497406942
-1.25 -1 35 36 51.75496613063365 0.1622739868980748
-1.25 -1 36 37 50.92376035767131 0.1543249867668884
-1.25 -1 37 38 49.99160660416283 0.146856728414768
-1.25 -1 38 39 48.98168639659178 0.1398321425143225
-1.25 -1 39 40 47.91324116017677 0.1332177301905927
-1.25 -1 40 41 46.80223861611506 0.1269831494412355
-1.25 -1 41 42 45.66192036299395 0.121100856386695
-1.25 -1 42 43 44.50325341900191 0.1155457948582668
-1.25 -1 43 44 43.33530361154772 0.1102951255010814
-1.25 -1 44 45 42.16554523933888 0.1053279901840399
-1.25 -1 45 46 40.99893849400411 0.1010064855915375
-1.25 -1 46 47 39.84272530630739 0.09875909390908254
-1.25 -1 47 48 38.69979985142251 0.09880456838358458
-1.25 -1 48 49 37.5734554238791 0.1010236243385047
-1.25 -1 49 50 36.46612753764748 0.1086442233087246
-1 -0.75 0 1 6061.940722862171 2.211915381763581
-1 -0.75 1 2 -1358.056050647463 1.976388418679975
-1 -0.75 2 3 -5485.889187590185 1.55887664914712
-1 -0.75 3 4 -4455.879218838894 1.515049341828755
-1 -0.75 4 5 -3293.113728716731 1.358763924675544
-1 -0.75 5 6 -2407.86186915674 1.207784965938388
-1 -0.75 6 7 -1771.023155636681 1.07746117957804
-1 -0.75 7 8 -1314.324951944467 0.9669563489306634
-1 -0.75 8 9 -983.3157441643039 0.8727893173303283
-1 -0.75 9 10 -740.0025329749415 0.7916817461883379
-1 -0.75 10 11 -558.5148246765061 0.7220063096555022
-1 -0.75 11 12 -421.4547995185012 0.6610613418489526
-1 -0.75 12 13 -316.7458038743521 0.6075322191078397
-1 -0.75 13 14 -235.9704958786442 0.5602083672499535
-1 -0.75 14 15 -173.1483823129499 0.5181233527284237
-1 -0.75 15 16 -123.9621082964652 0.4804977763499557
-1 -0.75 16 17 -85.24814739441103 0.4466968723177731
-1 -0.75 17 18 -54.65645526575736 0.4161988816003996
-1 -0.75 18 19 -30.41935929309579 0.3885712466376385
-1 -0.75 19 20 -11.1921032724772 0.3634525130785464
-1 -0.75 20 21 4.058868075138207 0.3405384202577131
-1 -0.75 21 22 16.1353182707569 0.3195711137106762
-1 -0.75 22 23 25.66443309733813 0.3003306888471112
-1 -0.75 23 24 33.14056427890455 0.2826285101015829
-1 -0.75 24 25 38.95604287029573 0.2663018851940493
-1 -0.75 25 26 43.42417069975829 0.251209787446145
-1 -0.75 26 27 46.79654732943709 0.2372293929993446
-1 -0.75 27 28 49.27624899053262 0.2242532599669743
-1 -0.75 28 29 51.02793846830173 0.2121870135116427
-1 -0.75 29 30 52.18568210601222 0.200947436016407
-1 -0.75 30 31 52.85903844937491 0.1904608807310923
-1 -0.75 31 32 53.13783303885839 0.180661947677283
-1 -0.75 32 33 53.09592660494479 0.171492372957845
-1 -0.75 33 34 52.79420642717798 0.162900091509941
-1 -0.75 34 35 52.28297406128115 0.1548384427266392
-1 -0.75 35 36 51.60386101852208 0.1472654960896985
-1 -0.75 36 37 50.79137305303027 0.1401434725456465
-1 -0.75 37 38 49.87414065343347 0.1334382502637409
-1 -0.75 38 39 48.87593585790819 0.1271189377261259
-1 -0.75 39 40 47.81650225439154 0.1211575055163157
-1 -0.75 40 41 46.712235083878 0.1155284659699999
-1 -0.75 41 42 45.57674027005578 0.110208596733624
-1 -0.75 42 43 44.42129555753075 0.1051766967498097
-1 -0.75 43 44 43.25523195602256 0.1004133750547509
-1 -0.75 44 45 42.08625018350608 0.09590086404731026
-1 -0.75 45 46 40.91948008030147 0.09242074592325909
-1 -0.75 46 47 39.76237270638887 0.09289482512443147
-1 -0.75 47 48 38.6179394658987 0.09743166451017655
-1 -0.75 48 49 37.48959384613693 0.1053054273633106
-1 -0.75 49 50 36.37986824860027 0.1136348691550098
-0.75 -0.5 0 1 6310.903250418097 3.194382494189512
-0.75 -0.5 1 2 -1134.070223821353 2.661601015268245
-0.75 -0.5 2 3 -5489.964864485648 1.56287733004763
-0.75 -0.5 3 4 -4492.470261605404 1.528501706776861
-0.75 -0.5 4 5 -3331.427352318144 1.373028551272157
-0.75 -0.5 5 6 -2441.819426005558 1.220183388547782
-0.75 -0.5 6 7 -1799.850271180812 1.087386681304417
-0.75 -0.5 7 8 -1338.514057958307 0.9743884860007684
-0.75 -0.5 8 9 -1003.592937352432 0.8859022168339672
-0.75 -0.5 9 10 -757.0487218471199 0.8162566317247388
-0.75 -0.5 10 11 -572.9122159707804 0.7536660914815357
-0.75 -0.5 11 12 -433.6731800460316 0.69701426777485
-0.75 -0.5 12 13 -327.1657732086796 0.6459881636436289
-0.75 -0.5 13 14 -244.8988704425676 0.6000018804368924
-0.75 -0.5 14 15 -180.83324210602 0.5584836324724395
-0.75 -0.5 15 16 -130.6050066735547 0.520910042650342
-0.75 -0.5 16 17 -91.01373434138145 0.4868161128554914
-0.75 -0.5 17 18 -59.6799865925791 0.4557946924251498
-0.75 -0.5 18 19 -34.81254909678046 0.4274917225781131
-0.75 -0.5 19 20 -15.04769918981083 0.4016001263029071
-0.75 -0.5 20 21 0.663489751318366 0.3778536304796654
-0.75 -0.5 21 22 13.13531062048878 0.3560210599047834
-0.75 -0.5 22 23 23.00521783494673 0.3359012923066919
-0.75 -0.5 23 24 30.77602216320395 0.3173188974124798
-0.75 -0.5 24 25 36.84705654376262 0.3001204151656945
-0.75 -0.5 25 26 41.53744464671013 0.2841711990661806
-0.75 -0.5 26 27 45.10364713446359 0.2693527478832278
-0.75 -0.5 27 28 47.75281522295847 0.2555604504513475
-0.75 -0.5 28 29 49.65304043188644 0.2427016801824106
-0.75 -0.5 29 30 50.94128423218137 0.2306941812238521
-0.75 -0.5 30 31 51.72955788125068 0.2194646990703587
-0.75 -0.5 31 32 52.10977139759314 0.2089478158081068
-0.75 -0.5 32 33 52.15756237448943 0.1990849565518571
-0.75 -0.5 33 34 51.93533708946006 0.1898235394000143
-0.75 -0.5 34 35 51.49469921971297 0.1811162462271763
-0.75 -0.5 35 36 50.87839942568297 0.172920394960446
-0.75 -0.5 36 37 50.12190777785082 0.1651973978692747
-0.75 -0.5 37 38 49.25468768465134 0.1579122926911256
-0.75 -0.5 38 39 48.3012322891754 0.1510333357512854
-0.75 -0.5 39 40 47.28191088206637 0.1445316473649356
-0.75 -0.5 40 41 46.21366279981697 0.138380902621497
-0.75 -0.5 41 42 45.11056808261031 0.132557061143086
-0.75 -0.5 42 43 43.98431844306657 0.1270381287835038
-0.75 -0.5 43 44 42.84460703986628 0.1218039496084313
-0.75 -0.5 44 45 41.69945199770888 0.1168360212066819
-0.75 -0.5 45 46 40.55424538797456 0.1124998119092672
-0.75 -0.5 46 47 39.41671194156174 0.1102240873486276
-0.75 -0.5 47 48 38.2900630012669 0.1102232130548489
-0.75 -0.5 48 49 37.1779029218942 0.1123871517262748
-0.75 -0.5 49 50 36.08293116659729 0.1153190260490072
-0.5 -0.25 0 1 6478.538096357843 3.299620227115441
-0.5 -0.25 1 2 -986.7745776540546 2.3214836965303
-0.5 -0.25 2 3 -5496.322638135415 1.539416481793527
-0.5 -0.25 3 4 -4519.877733935133 1.523394561381354
-0.5 -0.25 4 5 -3359.162199932584 1.411076143526766
-0.5 -0.25 5 6 -2465.94491321207 1.326118612801948
-0.5 -0.25 6 7 -1820.008221680024 1.220519176992729
-0.5 -0.25 7 8 -1355.170101767794 1.116606585651876
-0.5 -0.25 8 9 -1017.336125819716 1.021090804432808
-0.5 -0.25 9 10 -768.4159075653074 0.9355242687361752
-0.5 -0.25 10 11 -582.3480771742288 0.858826931191587
-0.5 -0.25 11 12 -441.53543227001 0.7907453139012277
-0.5 -0.25 12 13 -333.7406934989103 0.7300859870607305
-0.5 -0.25 13 14 -250.4153782085568 0.6758956067678433
-0.5 -0.25 14 15 -185.4751169397105 0.6273255844599543
-0.5 -0.25 15 16 -134.5205929968745 0.5836406695277943
-0.5 -0.25 16 17 -94.32348058471189 0.5442113396201583
-0.5 -0.25 17 18 -62.48226451502069 0.508501015170261
-0.5 -0.25 18 19 -37.18814982071422 0.4760526077129466
-0.5 -0.25 19 20 -17.06332257618578 0.4464761371957924
-0.5 -0.25 20 21 -1.047489761399675 0.4194379616180804
-0.5 -0.25 21 22 11.68286552170844 0.3946516630007575
-0.5 -0.25 22 23 21.77272560308302 0.371870441541397
-0.5 -0.25 23 24 29.73107736394741 0.3508808076332304
-0.5 -0.25 24 25 35.96234558287608 0.3314973637796201
-0.5 -0.25 25 26 40.78987086824588 0.3135584869740823
-0.5 -0.25 26 27 44.47362092775961 0.2969227500650288
-0.5 -0.25 27 28 47.22367503338876 0.2814659482374687
-0.5 -0.25 28 29 49.21057826731317 0.2670786198439623
-0.5 -0.25 29 30 50.57335506967206 0.2536639725640922
-0.5 -0.25 30 31 51.42575680018888 0.2411361425065491
-0.5 -0.25 31 32 51.86116565899579 0.2294187256146841
-0.5 -0.25 32 33 51.95646828555505 0.2184435369712315
-0.5 -0.25 33 34 51.77513353118388 0.2081495551319906
-0.5 -0.25 34 35 51.36967130872966 0.1984820242622151
-0.5 -0.25 35 36 50.78360704079427 0.1893916844158456
-0.5 -0.25 36 37 50.0530746745664 0.1808341121407808
-0.5 -0.25 37 38 49.20810771488948 0.1727691515522386
-0.5 -0.25 38 39 48.27368987951149 0.1651604235392306
-0.5 -0.25 39 40 47.27061343014748 0.1579748996812613
-0.5 -0.25 40 41 46.21618306582428 0.1511825324729013
-0.5 -0.25 41 42 45.12479498204016 0.1447559322993937
-0.5 -0.25 42 43 44.00841492366345 0.138670085145087
-0.5 -0.25 43 44 42.87697394415051 0.1329021057454239
-0.5 -0.25 44 45 41.73869699734706 0.1274310195482246
-0.5 -0.25 45 46 40.59914494726297 0.1225967531825004
-0.5 -0.25 46 47 39.46622145066812 0.1197421907881844
-0.5 -0.25 47 48 38.34326360436017 0.1190843317925815
-0.5 -0.25 48 49 37.23399540268082 0.120548514237104
-0.5 -0.25 49 50 36.14122139147022 0.1228268536276759
-0.25 0 0 1 6564.246144944082 3.52583792475149
-0.25 0 1 2 -909.5897095822434 3.01808240376421
-0.25 0 2 3 -5497.158494703659 1.559055242847968
-0.25 0 3 4 -4531.161656314137 1.533911000467686
-0.25 0 4 5 -3370.513950805063 1.381367903300356
-0.25 0 5 6 -2475.520897987411 1.229606776836886
-0.25 0 6 7 -1827.713766003529 1.097179684297658
-0.25 0 7 8 -1361.278223423293 1.010890925121451
-0.25 0 8 9 -1022.154257062845 0.9329260815496244
-0.25 0 9 10 -772.2090501060561 0.8609065358844319
-0.25 0 10 11 -585.3308455373394 0.7948855102116268
-0.25 0 11 12 -443.8740841790341 0.7353967134433402
-0.25 0 12 13 -335.5656619238557 0.6817606883998603
-0.25 0 13 14 -251.8288659261975 0.6333898048244682
-0.25 0 14 15 -186.5576811213421 0.5896990755702664
-0.25 0 15 16 -135.3361563104481 0.5501474840300036
-0.25 0 16 17 -94.92310188883016 0.5142513993800525
-0.25 0 17 18 -62.9069771328268 0.4815856847991257
-0.25 0 18 19 -37.471110235688 0.4517796608804938
-0.25 0 19 20 -17.23145035814559 0.4245112454457189
-0.25 0 20 21 -1.122730453870417 0.3995007916950694
-0.25 0 21 22 11.68255911438951 0.3765052885252147
-0.25 0 22 23 21.83262441075885 0.3553131749512347
-0.25 0 23 24 29.83906863365291 0.3357398270327152
-0.25 0 24 25 36.10844964005446 0.3176236869966914
-0.25 0 25 26 40.96585417671304 0.3008229693982424
-0.25 0 26 27 44.6726844534594 0.2852128696801241
-0.25 0 27 28 47.44020195127337 0.2706832009924001
-0.25 0 28 29 49.4399287559088 0.2571363940627562
-0.25 0 29 30 50.81169870737222 0.2444858014949957
-0.25 0 30 31 51.6699351568293 0.2326542585189159
-0.25 0 31 32 52.1085792581074 0.2215728563767922
-0.25 0 32 33 52.20498332984573 0.2111798972691885
-0.25 0 33 34 52.0230047182057 0.2014199987279036
-0.25 0 34 35 51.61547779781745 0.192243325309609
-0.25 0 35 36 51.02619920615024 0.1836049273663849
-0.25 0 36 37 50.29152973248858 0.1754641700463538
-0.25 0 37 38 49.4416926728037 0.1677842391201601
-0.25 0 38 39 48.50183054311134 0.1605317120265824
-0.25 0 39 40 47.49286843482525 0.1536761838835207
-0.25 0 40 41 46.43222208607841 0.1471899421928356
-0.25 0 41 42 45.33438042050744 0.141047680706364
-0.25 0 42 43 44.21138650608532 0.1352262496820111
-0.25 0 43 44 43.07323574521718 0.1297044351974302
-0.25 0 44 45 41.92820650287661 0.1244627656743866
-0.25 0 45 46 40.78189727069963 0.1198549550978981
-0.25 0 46 47 39.64226114689137 0.117269782469737
-0.25 0 47 48 38.51265834997406 0.1169251495020839
-0.25 0 48 49 37.39683697856233 0.118733123012893
-0.25 0 49 50 36.29762066031918 0.1213399303544266
0 0.25 0 1 6563.767740347451 3.52583524653095
0 0.25 1 2 -910.4837002542349 3.018060485961249
0 0.25 2 3 -5497.742186970617 1.558986022388975
0 0.25 3 4 -4531.331529618248 1.533850414463518
0 0.25 4 5 -3370.450419689355 1.381333066918788
0 0.25 5 6 -2475.363062394531 1.229600878395906
0 0.25 6 7 -1827.531306780319 1.097196378761759
0 0.25 7 8 -1361.102408454437 1.010921599408247
0 0.25 8 9 -1021.99676576985 0.9329625886315113
0 0.25 9 10 -772.0723627125258 0.8609423019152719
0 0.25 10 11 -585.2141708993413 0.7949212898352352
0 0.25 11 12 -443.7744027109297 0.7354297975187045
0 0.25 12 13 -335.4799623297363 0.6817905645394421
0 0.25 13 14 -251.7544209377684 0.6334164134145371
0 0.25 14 15 -186.4922191621781 0.5897225893397777
0 0.25 15 16 -135.2778733981909 0.5501681786270889
0 0.25 16 17 -94.87060715897496 0.5142695822633361
0 0.25 17 18 -62.85921797487617 0.4816016581268894
0 0.25 18 19 -37.42729837472575 0.4517937039737985
0 0.25 19 20 -17.19099757329354 0.4245236082684063
0 0.25 20 21 -1.085196365651427 0.3995116936859884
0 0.25 21 22 11.71750765121214 0.376514920296787
0 0.25 22 23 21.86524392373303 0.3553217011675072
0 0.25 23 24 29.86956156208043 0.3357473895647947
0 0.25 24 25 36.13698057476495 0.3176304078924771
0 0.25 25 26 40.99256134551104 0.300828953806957
0 0.25 26 27 44.69768769677398 0.2852182083453891
0 0.25 27 28 47.46360815205969 0.2706879722331016
0 0.25 28 29 49.4618354620527 0.2571406657768197
0 0.25 29 30 50.83219649035789 0.2444896325220938
0 0.25 30 31 51.68910910545992 0.2326576999661243
0 0.25 31 32 52.12650989516192 0.2215759528949401
0 0.25 32 33 52.22174715215829 0.2111826877984734
0 0.25 33 34 52.03867450233111 0.2014225172828344
0 0.25 34 35 51.6301227667638 0.1922456017989045
0 0.25 35 36 51.03988511967685 0.1836069879496092
0 0.25 36 37 50.30431894390347 0.1754660379187601
0 0.25 37 38 49.45364417602462 0.1677859345724659
0 0.25 38 39 48.51300002480411 0.160533252905364
0 0.25 39 40 47.50330834014625 0.153677586214701
0 0.25 40 41 46.44198169865587 0.1471912199571419
0 0.25 41 42 45.34350595918346 0.141048846338257
0 0.25 42 43 44.21992123477901 0.13522731425131
0 0.25 43 44 43.08122009425222 0.1297054086839903
0 0.25 44 45 41.93567819886692 0.124463656600308
0 0.25 45 46 40.78889143467461 0.1198557832455902
0 0.25 46 47 39.64881053670365 0.11727060864722
0 0.25 47 48 38.5187933868541 0.1169260333933917
0 0.25 48 49 37.40258593666206 0.1187341122157441
0 0.25 49 50 36.30300977084389 0.1213410279597569
0.25 0.5 0 1 6477.169459034487 3.299611782626812
0.25 0.5 1 2 -989.3275883500892 2.321409490649894
0.25 0.5 2 3 -5497.982630616547 1.53926790335014
0.25 0.5 3 4 -4520.356001914185 1.523294440468158
0.25 0.5 4 5 -3358.979025613292 1.41104056283676
0.25 0.5 5 6 -2465.497339696328 1.326134257941485
0.25 0.5 6 7 -1819.493375007265 1.220565827817766
0.25 0.5 7 8 -1354.675607828235 1.116670880826834
0.25 0.5 8 9 -1016.894177634219 1.021160383931546
0.25 0.5 9 10 -768.0328734623658 0.9355876489181124
0.25 0.5 10 11 -582.0213236179006 0.8588903370693309
0.25 0.5 11 12 -441.2561526509326 0.7908033843966967
0.25 0.5 12 13 -333.5002497482728 0.7301382772670428
0.25 0.5 13 14 -250.2060272531671 0.6759422383458864
0.25 0.5 14 15 -185.2904643303177 0.6273669566901816
0.25 0.5 15 16 -134.3556024875766 0.5836772930020148
0.25 0.5 16 17 -94.17430274093545 0.5442437455541421
0.25 0.5 17 18 -62.34601308358424 0.5085297095856426
0.25 0.5 18 19 -37.06268491483593 0.4760780511386637
0.25 0.5 19 20 -16.947064155421 0.4464987382231881
0.25 0.5 20 21 -0.9392673945847037 0.4194580774750726
0.25 0.5 21 22 11.78392860238068 0.3946696039290964
0.25 0.5 22 23 21.8672992332522 0.3718864755520964
0.25 0.5 23 24 29.81968771512288 0.350895166378366
0.25 0.5 24 25 36.04542030508571 0.3315102474921884
0.25 0.5 25 26 40.86777062928672 0.3135700689004117
0.25 0.5 26 27 44.54666097373274 0.2969331806981516
0.25 0.5 27 28 47.29213958088553 0.2814753583147006
0.25 0.5 28 29 49.27472984608266 0.2670871234071185
0.25 0.5 29 30 50.63344038062098 0.2536716694562978
0.25 0.5 30 31 51.48201022611534 0.2411431200288619
0.25 0.5 31 32 51.91381123599172 0.2294250606329252
0.25 0.5 32 33 52.00572070487465 0.2184492971029557
0.25 0.5 33 34 51.82119855953033 0.20815480005631
0.25 0.5 34 35 51.41274589005093 0.1984868067172877
0.25 0.5 35 36 50.8238792490111 0.1893960510875354
0.25 0.5 36 37 50.09072362493202 0.1808381044890136
0.25 0.5 37 38 49.24330349760925 0.172772806327096
0.25 0.5 38 39 48.30659354729545 0.1651637735966973
0.25 0.5 39 40 47.30137705582604 0.1579779741599656
0.25 0.5 40 41 46.24494987169419 0.1511853573744341
0.25 0.5 41 42 45.15169953507603 0.1447585308402322
0.25 0.5 42 43 44.03358338947709 0.1386724782815614
0.25 0.5 43 44 42.90052438658341 0.1329043119786036
0.25 0.5 44 45 41.76073971488682 0.1274330555968438
0.25 0.5 45 46 40.61978274438303 0.1225986654243164
0.25 0.5 46 47 39.48555025971547 0.1197441369291776
0.25 0.5 47 48 38.36137260316423 0.1190864713028791
0.25 0.5 48 49 37.25096753077551 0.120550979333385
0.25 0.5 49 50 36.15713364150727 0.1228296562609527
0.5 0.75 0 1 6308.719461059792 3.194380523468288
0.5 0.75 1 2 -1138.129298298084 2.661571870386215
0.5 0.75 2 3 -5492.576845512483 1.56276427713534
0.5 0.75 3 4 -4493.192750715588 1.528394823217958
0.5 0.75 4 5 -3331.106603781731 1.372972344512764
0.5 0.75 5 6 -2441.092102969186 1.220177788820297
0.5 0.75 6 7 -1799.027646686783 1.087413538995251
0.5 0.75 7 8 -1337.731597336686 0.9744354677362881
0.5 0.75 8 9 -1002.897655559801 0.8855414518975405
0.5 0.75 9 10 -756.4506608237543 0.8167205843094599
0.5 0.75 10 11 -572.4033947716557 0.753712427824637
0.5 0.75 11 12 -433.239488187598 0.6970566385923571
0.5 0.75 12 13 -326.7930315344045 0.6460262730748758
0.5 0.75 13 14 -244.5745794168745 0.6000358500682126
0.5 0.75 14 15 -180.5471943337659 0.5585137813416183
0.5 0.75 15 16 -130.3492342179977 0.5209367671091129
0.5 0.75 16 17 -90.78219551176744 0.4868398217059595
0.5 0.75 17 18 -59.46818681604191 0.4558157733505272
0.5 0.75 18 19 -34.61718305431214 0.4275105265286605
0.5 0.75 19 20 -14.86634731908111 0.4016169621987842
0.5 0.75 20 21 0.8326034547908421 0.3778687650938292
0.5 0.75 21 22 13.29350422527045 0.3560347212289499
0.5 0.75 22 23 23.15348950989073 0.3359136736567312
0.5 0.75 23 24 30.91515031134441 0.3173301623398078
0.5 0.75 24 25 36.97767083620408 0.3001307016292326
0.5 0.75 25 26 41.66007532120079 0.2841806239084788
0.5 0.75 26 27 45.21875842336055 0.2693614098289806
0.5 0.75 27 28 47.86082742968767 0.2555684337436006
0.5 0.75 28 29 49.75434404735529 0.2427090566833726
0.5 0.75 29 30 51.03624859257752 0.2307010127329985
0.5 0.75 30 31 51.81853617122874 0.2194710389286544
0.5 0.75 31 32 52.19310328290408 0.2089537103289193
0.5 0.75 32 33 52.23557516020685 0.1990904461694895
0.5 0.75 33 34 52.00834601611393 0.1898286599096626
0.5 0.75 34 35 51.5630073055251 0.181121028826496
0.5 0.75 35 36 50.94229712001828 0.1729248677584615
0.5 0.75 36 37 50.1816725885991 0.1652015856039435
0.5 0.75 37 38 49.31058387475969 0.1579162178231382
0.5 0.75 38 39 48.35351069064626 0.1510370183574533
0.5 0.75 39 40 47.33080884524975 0.1445351054801726
0.5 0.75 40 41 46.25940427856494 0.1383841528182115
0.5 0.75 41 42 45.15336384285843 0.1325601181461533
0.5 0.75 42 43 44.02436637932499 0.1270410063749297
0.5 0.75 43 44 42.88209257908971 0.1218066601540497
0.5 0.75 44 45 41.73454857151324 0.1168385760262651
0.5 0.75 45 46 40.58711483916704 0.1125022696327755
0.5 0.75 46 47 39.44750538000892 0.1102266810371145
0.5 0.75 47 48 38.31892104435525 0.1102261846411983
0.5 0.75 48 49 37.20495645211417 0.1123907049758075
0.5 0.75 49 50 36.10830176552662 0.1153231758376956
0.75 1 0 1 6058.999794803913 2.21183821105543
0.75 1 1 2 -1363.517155090337 1.97589360309499
0.75 1 2 3 -5489.394527165804 1.558289169319159
0.75 1 3 4 -4456.83996218072 1.514996952331423
0.75 1 4 5 -3292.673345812667 1.359135498291154
0.75 1 5 6 -2406.877158484169 1.208350492172706
0.75 1 6 7 -1769.911949702554 1.078062818225631
0.75 1 7 8 -1313.268796600232 0.9675114966528121
0.75 1 8 9 -982.3785875116905 0.8732740364803944
0.75 1 9 10 -739.1946419694505 0.7921042282161832
0.75 1 10 11 -557.8284707943003 0.7223487871555124
0.75 1 11 12 -420.8699667608348 0.6613423688520735
0.75 1 12 13 -316.2434095016927 0.6077612937929804
0.75 1 13 14 -235.5337105537017 0.5603942935119538
0.75 1 14 15 -172.7634497107827 0.5182738395188105
0.75 1 15 16 -123.6182748673646 0.4806193764667122
0.75 1 16 17 -84.93724375218608 0.4467950576802668
0.75 1 17 18 -54.37238939308759 0.4162781675003734
0.75 1 18 19 -30.15763804511971 0.3886353269314183
0.75 1 19 20 -10.94942639319561 0.3635043894316296
0.75 1 20 21 4.284932155193246 0.3405805193624536
0.75 1 21 22 16.34658113749515 0.3196053886469322
0.75 1 22 23 25.86227153464642 0.3003587066179884
0.75 1 23 24 33.32605483117527 0.2826515240967454
0.75 1 24 25 39.13005751578203 0.2663208961740898
0.75 1 25 26 43.58744345212347 0.25122559270084
0.75 1 26 27 46.94971958466556 0.2372426271919011
0.75 1 27 28 49.41989964953416 0.2242644277139026
0.75 1 28 29 51.16260336188043 0.2121965159445596
0.75 1 29 30 52.31186606086874 0.2009555918400733
0.75 1 30 31 52.97722241102667 0.1904679431757922
0.75 1 31 32 53.24847796920767 0.1806681183422253
0.75 1 32 33 53.19947535581537 0.1714978121065824
0.75 1 33 34 52.89108441553753 0.1629049267841232
0.75 1 34 35 52.37358929471515 0.1548427764048278
0.75 1 35 36 51.68860383159023 0.1472694096666033
0.75 1 36 37 50.87061577731095 0.1401470315578869
0.75 1 37 38 49.94823735157746 0.1334415074369322
0.75 1 38 39 48.94522219036537 0.1271219356525261
0.75 1 39 40 47.88129550864051 0.1211602786728612
0.75 1 40 41 46.772834366327 0.1155310426959959
0.75 1 41 42 45.63342684996513 0.1102110001343186
0.75 1 42 43 44.4743333423288 0.1051789458840334
0.75 1 43 44 43.30486807371392 0.1004154858065918
0.75 1 44 45 42.13271564880102 0.09590284971183285
0.75 1 45 46 40.96299035618455 0.09242267587349877
0.75 1 46 47 39.80312889274802 0.09289697361448819
0.75 1 47 48 38.65612861654171 0.09743429279142045
0.75 1 48 49 37.52539000287658 0.1053087253123802
0.75 1 49 50 36.41343303127965 0.1136388163641565
1 1.25 0 1 5741.824376206562 1.521738612477685
1 1.25 1 2 -1652.113156813935 0.7865466740899814
1 1.25 2 3 -5491.456083175948 2.09761518186378
1 1.25 3 4 -4419.357371244701 1.984567897114042
1 1.25 4 5 -3253.475400358751 1.744672197919476
1 1.25 5 6 -2372.953074999233 1.523688134474793
1 1.25 6 7 -1741.91812470015 1.338051763837257
1 1.25 7 8 -1290.467245682677 1.184279359610179
1 1.25 8 9 -963.8400386187691 1.05612687384494
1 1.25 9 10 -724.089747967922 0.9480878023002698
1 1.25 10 11 -545.4720843761406 0.8567246891492686
1 1.25 11 12 -410.724171404433 0.7781587364722032
1 1.25 12 13 -307.8815353677312 0.7101291968754792
1 1.25 13 14 -228.6185282847405 0.6507432261885178
1 1.25 14 15 -167.0272598589231 0.5985251323240518
1 1.25 15 16 -118.8473744763635 0.5523107817532461
1 1.25 16 17 -80.96001647781554 0.5111711161266544
1 1.25 17 18 -51.05020940937266 0.4743565080070317
1 1.25 18 19 -27.37790705156522 0.4412559067374543
1 1.25 19 20 -8.620215715759969 0.4113665107290854
1 1.25 20 21 6.239031210005805 0.3842709922806755
1 1.25 21 22 17.98769351547685 0.3596201969748986
1 1.25 22 23 27.24177988141923 0.3371198567721606
1 1.25 23 24 34.48660876343661 0.3165202780602697
1 1.25 24 25 40.10717230862952 0.2976082615938506
1 1.25 25 26 44.41077968958666 0.280200711409903
1 1.25 26 27 47.64411319258841 0.264139537303161
1 1.25 27 28 50.00619534426198 0.249287555868442
1 1.25 28 29 51.65833231721297 0.2355251701788459
1 1.25 29 30 52.73179941409217 0.2227476605568826
1 1.25 30 31 53.33382526615082 0.2108629599473345
1 1.25 31 32 53.55228325651831 0.1997898154424362
1 1.25 32 33 53.45939283040059 0.1894562605767766
1 1.25 33 34 53.11465693058699 0.1797983379601627
1 1.25 34 35 52.56720603430705 0.1707590269547992
1 1.25 35 36 51.85767827171873 0.1622873380943123
1 1.25 36 37 51.01973463520937 0.1543375450284456
1 1.25 37 38 50.0812855878076 0.1468685306117187
1 1.25 38 39 49.06548818069007 0.1398432273503449
1 1.25 39 40 47.99155974437213 0.1332281374333491
1 1.25 40 41 46.87544442810918 0.1269929186244289
1 1.25 41 42 45.73036091904078 0.1211100262301533
1 1.25 42 43 44.56725410448394 0.1155544028542733
1 1.25 43 44 43.3951685590373 0.1103032077426933
1 1.25 44 45 42.22155827977753 0.1053355807864575
1 1.25 45 46 41.05136390679701 0.1010137146694377
1 1.25 46 47 39.89180952608572 0.09876643963741473
1 1.25 47 48 38.74577176893396 0.09881250454378365
1 1.25 48 49 37.61652777026151 0.1010325174153826
1 1.25 49 50 36.5064976575355 0.1086536479926372
1.25 1.5 0 1 5377.488822364932 3.127146874989143
1.25 1.5 1 2 -1954.256928029051 3.760758257145699
1.25 1.5 2 3 -5458.769352305155 1.672051351027612
1.25 1.5 3 4 -4346.109678330678 1.606708949469096
1.25 1.5 4 5 -3183.882565258548 1.434319650374873
1.25 1.5 5 6 -2314.320251121921 1.26689453347129
1.25 1.5 6 7 -1694.074003101652 1.121466992946041
1.25 1.5 7 8 -1251.731770243459 0.997966882812595
1.25 1.5 8 9 -932.4720246858924 0.8941116566588756
1.25 1.5 9 10 -698.607709078462 0.8044577446240837
1.25 1.5 10 11 -524.6884517417293 0.7285684380903501
1.25 1.5 11 12 -393.7103111683055 0.6627310466003887
1.25 1.5 12 13 -293.9083368919651 0.6054180111493533
1.25 1.5 13 14 -217.1126838252649 0.5551732839537267
1.25 1.5 14 15 -157.5352505478118 0.5108399247998495
1.25 1.5 15 16 -111.0079567115217 0.4714918159728187
1.25 1.5 16 17 -74.48342281018313 0.4363812523176316
1.25 1.5 17 18 -45.70243086667006 0.4048992573157416
1.25 1.5 18 19 -22.96876227062376 0.3765455776580591
1.25 1.5 19 20 -4.994233359964483 0.3509059052515376
1.25 1.5 20 21 9.20963383295225 0.3276344622032951
1.25 1.5 21 22 20.40846058784541 0.3064405845275274
1.25 1.5 22 23 29.2002806670107 0.2870782919082149
1.25 1.5 23 24 36.05579798988742 0.2693381137784061
1.25 1.5 24 25 41.34805742954143 0.2530406296279882
1.25 1.5 25 26 45.37455203540128 0.2402100425807264
1.25 1.5 26 27 48.37386129934896 0.2283189708029452
1.25 1.5 27 28 50.53829030591316 0.2172222166784809
1.25 1.5 28 29 52.02355394547976 0.2068512532139805
1.25 1.5 29 30 52.95625626198444 0.197144749653077
1.25 1.5 30 31 53.43970974027013 0.188047707320313
1.25 1.5 31 32 53.55849406610048 0.179510706110816
1.25 1.5 32 33 53.38205016211077 0.1714892486435424
1.25 1.5 33 34 52.96753045770225 0.1639431890274059
1.25 1.5 34 35 52.36207177961592 0.1568362351187483
1.25 1.5 35 36 51.60461714893967 0.150135514474054
1.25 1.5 36 37 50.72738299287533 0.143811194980499
1.25 1.5 37 38 49.75704610071466 0.1378361530663439
1.25 1.5 38 39 48.7157078673232 0.1321856827165293
1.25 1.5 39 40 47.62168063708805 0.1268372404990644
1.25 1.5 40 41 46.49013142102154 0.1217702201925123
1.25 1.5 41 42 45.33361051334026 0.1169657559894845
1.25 1.5 42 43 44.16248711433877 0.112406546300499
1.25 1.5 43 44 42.98530931848973 0.1080767002775053
1.25 1.5 44 45 41.80910245326487 0.1039615998450442
1.25 1.5 45 46 40.63846413088982 0.10039592912503
1.25 1.5 46 47 39.48024265869103 0.09866977693866495
1.25 1.5 47 48 38.33706473995395 0.09895966898122938
1.25 1.5 48 49 37.21196741124834 0.1011596634730815
1.25 1.5 49 50 36.1071603874515 0.1040073189219065
1.5 1.75 0 1 4945.573482795858 0.9699803349305778
1.5 1.75 1 2 -2333.233794871756 0.7962360305665743
1.5 1.75 2 3 -5439.622144990315 1.722042360185478
1.5 1.75 3 4 -4271.064759067687 1.663730208118315
1.5 1.75 4 5 -3106.70464240329 1.484586578972598
1.5 1.75 5 6 -2245.726544581733 1.305249498072118
1.5 1.75 6 7 -1635.4634648614 1.148263122825538
1.5 1.75 7 8 -1202.207113988325 1.01566871707001
1.5 1.75 8 9 -890.6833983181423 0.9027919007216606
1.5 1.75 9 10 -663.2499974888069 0.8096017077854533
1.5 1.75 10 11 -494.6530631616179 0.7288074619851491
1.5 1.75 11 12 -368.0779513494581 0.6599310500544247
1.5 1.75 12 13 -271.9309122856425 0.6003848367716251
1.5 1.75 13 14 -198.1827644301552 0.5485088821258353
1.5 1.75 14 15 -141.1588185556116 0.5029954379115702
1.5 1.75 15 16 -96.78169270803323 0.4628070722073277
1.5 1.75 16 17 -62.07646903279169 0.4271136083207905
1.5 1.75 17 18 -34.84196810714343 0.3952445712803387
1.5 1.75 18 19 -13.42865637135537 0.3666535015948469
1.5 1.75 19 20 3.413906731212137 0.3408911032249703
1.5 1.75 20 21 16.64352150932018 0.3175849043064565
1.5 1.75 21 22 27.00074012497748 0.2964237312708854
1.5 1.75 22 23 35.06300270905535 0.277145744666055
1.5 1.75 23 24 41.28401052083518 0.2595291415697258
1.5 1.75 24 25 46.02270287094382 0.2433848640359468
1.5 1.75 25 26 49.56481708814715 0.22855083250235
1.5 1.75 26 27 52.13909275974561 0.2148873472080208
1.5 1.75 27 28 53.92956474175116 0.2022733940092308
1.5 1.75 28 29 55.08496982219128 0.1906036535422399
1.5 1.75 29 30 55.72600235234381 0.1797860638914066
1.5 1.75 30 31 55.95095230198865 0.1697398208098044
1.5 1.75 31 32 55.8401165010099 0.1603937281484822
1.5 1.75 32 33 55.45927205184131 0.1516848265416446
1.5 1.75 33 34 54.86242753998505 0.143557251146512
1.5 1.75 34 35 54.0940142374485 0.1359612712094187
1.5 1.75 35 36 53.19064027545568 0.1288524815262224
1.5 1.75 36 37 52.18250166294888 0.122191117383857
1.5 1.75 37 38 51.09452238256955 0.1159414716295812
1.5 1.75 38 39 49.94727942264149 0.1100713971741209
1.5 1.75 39 40 48.75775620430073 0.104551880007519
1.5 1.75 40 41 47.53995857641524 0.09935667192324898
1.5 1.75 41 42 46.30542001930553 0.09446197336814653
1.5 1.75 42 43 45.06361743175927 0.08984615868502815
1.5 1.75 43 44 43.82231426998118 0.08548953674475099
1.5 1.75 44 45 42.58784453652595 0.08137414325272697
1.5 1.75 45 46 41.36422304551689 0.07819977471571636
1.5 1.75 46 47 40.15771311368235 0.07858278019869719
1.5 1.75 47 48 38.97049016351357 0.08261004410429919
1.5 1.75 48 49 37.80516674216051 0.08962368323142156
1.5 1.75 49 50 36.66358624888318 0.09703390098024528
1.75 2 0 1 4490.092784172532 1.065793713084483
1.75 2 1 2 -2716.733212647663 2.769810416557089
1.75 2 2 3 -5412.093310402041 2.783372409017431
1.75 2 3 4 -4198.719182404758 2.27684868878331
1.75 2 4 5 -3040.023551078809 1.87228115428933
1.75 2 5 6 -2191.345521767166 1.570479064021177
1.75 2 6 7 -1592.363872070729 1.341597930297237
1.75 2 7 8 -1168.226936256861 1.163270336525612
1.75 2 8 9 -863.8058344979336 1.021618640336957
1.75 2 9 10 -641.843757263156 0.9053419636678584
1.75 2 10 11 -477.5899350322147 0.8094630862579141
1.75 2 11 12 -354.4019003955921 0.7286165628847714
1.75 2 12 13 -260.9370671204001 0.6596930844372361
1.75 2 13 14 -189.3277838074075 0.6002987851484743
1.75 2 14 15 -134.0199950095937 0.5486405562070787
1.75 2 15 16 -91.02720146810361 0.5033486780930475
1.75 2 16 17 -57.4436519333467 0.4633585638416843
1.75 2 17 18 -31.12134829913043 0.4278300153899468
1.75 2 18 19 -10.45204830674811 0.3960908643347473
1.75 2 19 20 5.782338435944666 0.3675968300345558
1.75 2 20 21 18.51405806979608 0.3419023983220802
1.75 2 21 22 28.46332662558041 0.3186393385369247
1.75 2 22 23 36.19129225982647 0.2975006142787759
1.75 2 23 24 42.13852563111652 0.2782281670442315
1.75 2 24 25 46.65332611566782 0.2606035224961173
1.75 2 25 26 50.01276733944269 0.2444404864627568
1.75 2 26 27 52.43850337786137 0.2295794037446464
1.75 2 27 28 54.10875130254897 0.2158826039006813
1.75 2 28 29 55.16745390530855 0.2032307546910967
1.75 2 29 30 55.73134236917872 0.191519919848918
1.75 2 30 31 55.89542074398503 0.1806591656388757
1.75 2 31 32 55.7372542638351 0.170568601158978
1.75 2 32 33 55.32034385784777 0.161177762436349
1.75 2 33 34 54.69679740804662 0.1524242720669732
1.75 2 34 35 53.9094560321318 0.1442527210478828
1.75 2 35 36 52.9935953253526 0.1366137311246249
1.75 2 36 37 51.97829306089142 0.1294631635127512
1.75 2 37 38 50.88753370775936 0.1227614495094151
1.75 2 38 39 49.74110414561778 0.1164730206697358
1.75 2 39 40 48.55532286102044 0.1105658213273247
1.75 2 40 41 47.34363585150692 0.1050108911532432
1.75 2 41 42 46.11710513542783 0.09978200522202058
1.75 2 42 43 44.88481061895078 0.09485536289829236
1.75 2 43 44 43.65418161263011 0.09020931843826474
1.75 2 44 45 42.43127108531519 0.08582414576658866
1.75 2 45 46 41.21989666897755 0.08207370913183322
1.75 2 46 47 40.02604858972194 0.08146442426542677
1.75 2 47 48 38.85177555663932 0.08516843474391821
1.75 2 48 49 37.69955176053435 0.09172523127253324
1.75 2 49 50 36.57109924626766 0.09864452045673891
2 2.25 0 1 3996.06728377211 1.034549119642346
2 2.25 1 2 -3112.749473623323 0.850690484250571
2 2.25 2 3 -5358.108625572071 1.654705441530898
2 2.25 3 4 -4086.113316635669 1.533634898619359
2 2.25 4 5 -2928.744069252377 1.353526813947738
2 2.25 5 6 -2093.123713860392 1.193679472222845
2 2.25 6 7 -1508.418403882743 1.05936767444348
2 2.25 7 8 -1097.160326810255 0.9463014428291744
2 2.25 8 9 -803.7099865388045 0.8511538870257358
2 2.25 9 10 -590.9040185147423 0.7693543639327879
2 2.25 10 11 -434.2522906790671 0.6989544367895452
2 2.25 11 12 -317.3736963986539 0.6377526272868509
2 2.25 12 13 -229.1618213475535 0.5841581372270406
2 2.25 13 14 -161.9445003557012 0.5369164538107468
2 2.25 14 15 -110.3262672155374 0.4950273148440933
2 2.25 15 16 -70.44805974789824 0.4576847868350972
2 2.25 16 17 -39.50631795066897 0.4242331319479498
2 2.25 17 18 -15.43513238862101 0.3941339636054076
2 2.25 18 19 3.307554151375598 0.3669415272498463
2 2.25 19 20 17.88621933850754 0.3422838917104661
2 2.25 20 21 29.18945854211358 0.3198484840235177
2 2.25 21 22 37.90176195736035 0.299370861232435
2 2.25 22 23 44.55488669421288 0.2806259061823433
2 2.25 23 24 49.56510234679536 0.2634208711308823
2 2.25 24 25 53.26051865248951 0.2475898315956469
2 2.25 25 26 55.90135800066037 0.2329892345485426
2 2.25 26 27 57.695147776986 0.2194942957969689
2 2.25 27 28 58.80821286189757 0.2069960679790686
2 2.25 28 29 59.37444507736802 0.1953990363066385
2 2.25 29 30 59.50204862177873 0.1846191365499865
2 2.25 30 31 59.27876738191338 0.1745821114248301
2 2.25 31 32 58.77596378314706 0.1652221399024214
2 2.25 32 33 58.0518219127307 0.1564806887208459
2 2.25 33 34 57.15387793119618 0.1483055446509491
2 2.25 34 35 56.12103012902463 0.1406499965828025
2 2.25 35 36 54.98514387676482 0.1334721391252062
2 2.25 36 37 53.77233924660862 0.1267342800898285
2 2.25 37 38 52.50402869429263 0.1204024314175711
2 2.25 38 39 51.19775679359878 0.1144458723467114
2 2.25 39 40 49.86788239440398 0.1088367722964181
2 2.25 40 41 48.5261348669178 0.1035498638189894
2 2.25 41 42 47.18206908136898 0.09856215989435015
2 2.25 42 43 45.84343883116307 0.09385270551112614
2 2.25 43 44 44.51650416143855 0.08940236286961439
2 2.25 44 45 43.20628499069832 0.0851936215130482
2 2.25 45 46 41.91571383937733 0.08186544879575271
2 2.25 46 47 40.64991559674212 0.08180509950201227
2 2.25 47 48 39.41024756231181 0.08507689076556237
2 2.25 48 49 38.19854296258495 0.0910629685716686
2 2.25 49 50 37.01595753081938 0.09739645386140409
2.25 2.5 0 1 3473.748817479533 1.725556987237263
2.25 2.5 1 2 -3512.927400514051 0.9592247372480781
2.25 2.5 2 3 -5273.95120657336 1.69576509969801
2.25 2.5 3 4 -3950.981708219705 1.562461217888023
2.25 2.5 4 5 -2805.537281024174 1.39568191702411
2.25 2.5 5 6 -1990.805713204204 1.257862592228096
2.25 2.5 6 7 -1425.426360871836 1.12794138057121
2.25 2.5 7 8 -1030.097141611949 1.012895884400681
2.25 2.5 8 9 -749.3584420560233 0.9130583765015993
2.25 2.5 9 10 -546.6284128719376 0.826131531545212
2.25 2.5 10 11 -397.9856638826759 0.7506758806242154
2.25 2.5 11 12 -287.5120719111567 0.6847937596245112
2.25 2.5 12 13 -204.4594675491601 0.6269770958153135
2.25 2.5 13 14 -141.4282023502521 0.5759722290776891
2.25 2.5 14 15 -93.22980438267132 0.5307465663979599
2.25 2.5 15 16 -56.16320313549727 0.4904506246688538
2.25 2.5 16 17 -27.54634584464429 0.4543837103200347
2.25 2.5 17 18 -5.407576604791302 0.421965246983552
2.25 2.5 18 19 11.72140775012554 0.3927115927897758
2.25 2.5 19 20 24.94688140616086 0.3662175487435049
2.25 2.5 20 21 35.11113938232245 0.3421416737239074
2.25 2.5 21 22 42.86156480641637 0.3201946192467023
2.25 2.5 22 23 48.6999696336128 0.3001298367516748
2.25 2.5 23 24 53.01830344021619 0.2817361432891628
2.25 2.5 24 25 56.12480793322732 0.2648317439513131
2.25 2.5 25 26 58.26338611265044 0.2492594001251355
2.25 2.5 26 27 59.62809329100151 0.2348825016814728
2.25 2.5 27 28 60.37408089649932 0.2215818569724466
2.25 2.5 28 29 60.62593353283182 0.2092530542872036
2.25 2.5 29 30 60.48407138621758 0.1978042817858423
2.25 2.5 30 31 60.02970368793422 0.1871545174236424
2.25 2.5 31 32 59.32868766757474 0.1772320176651999
2.25 2.5 32 33 58.43455413413204 0.1679730503884127
2.25 2.5 33 34 57.39089381386782 0.159320827022852
2.25 2.5 34 35 56.23324993266056 0.1512245997150738
2.25 2.5 35 36 54.99062695314348 0.1436388932189745
2.25 2.5 36 37 53.68669906292939 0.1365228504640755
2.25 2.5 37 38 52.34078251375337 0.129839671582633
2.25 2.5 38 39 50.96862119797794 0.123556132322641
2.25 2.5 39 40 49.58302375829413 0.1176421683197139
2.25 2.5 40 41 48.19438223593579 0.1120705151052963
2.25 2.5 41 42 46.81109557294798 0.1068163967753025
2.25 2.5 42 43 45.43991659891125 0.1018572532535263
2.25 2.5 43 44 44.08623709299206 0.09717250391279926
2.25 2.5 44 45 42.75432259861009 0.09274333882817888
2.25 2.5 45 46 41.44649137722746 0.08887125148548257
2.25 2.5 46 47 40.1672157484436 0.08673379458221174
2.25 2.5 47 48 38.91739633946463 0.08646535609891168
2.25 2.5 48 49 37.69843085011556 0.08791416232494563
2.25 2.5 49 50 36.51109517041394 0.09222794316463227
2.5 2.75 0 1 2896.319978602512 2.230438495591992
2.5 2.75 1 2 -3950.540952914296 1.110921582724016
2.5 2.75 2 3 -5188.519043282822 2.777268875019927
2.5 2.75 3 4 -3807.141791588076 2.670120919519187
2.5 2.75 4 5 -2670.331968621521 2.348156010504073
2.5 2.75 5 6 -1875.203000587932 2.042483841375956
2.5 2.75 6 7 -1329.043264560536 1.783460803058041
2.5 2.75 7 8 -950.171670526885 1.568536776420337
2.5 2.75 8 9 -682.9727359849508 1.389591191331033
2.5 2.75 9 10 -491.2544017518253 1.239828063804392
2.5 2.75 10 11 -351.5611579590507 1.113121454431101
2.5 2.75 11 12 -248.3871241845486 1.00497086124085
2.5 2.75 12 13 -171.3203577224242 0.9118536358728565
2.5 2.75 13 14 -113.2269889675758 0.8310385102899887
2.5 2.75 14 15 -69.12655285200162 0.7603903458011982
2.5 2.75 15 16 -35.48063240919419 0.698223574535082
2.5 2.75 16 17 -9.734807253690178 0.6431939651198382
2.5 2.75 17 18 9.981870611670956 0.5942188105046906
2.5 2.75 18 19 25.05772870426176 0.5504177714909462
2.5 2.75 19 20 36.53510302845552 0.5110686723734293
2.5 2.75 20 21 45.20483150275709 0.4755741586177566
2.5 2.75 21 22 51.67261857563369 0.4434363006594904
2.5 2.75 22 23 56.40631107815796 0.414237062792285
2.5 2.75 23 24 59.77001935692942 0.387623140119228
2.5 2.75 24 25 62.04904268474422 0.3632940810135487
2.5 2.75 25 26 63.4682803288747 0.3409929033317918
2.5 2.75 26 27 64.20597064846436 0.3204986205440893
2.5 2.75 27 28 64.4040409064221 0.301620243171258
2.5 2.75 28 29 64.17597214839941 0.2841919299820457
2.5 2.75 29 30 63.61282402327743 0.268069041596833
2.5 2.75 30 31 62.78788459385095 0.2531249077189303
2.5 2.75 31 32 61.76028379169276 0.2392481631258854
2.5 2.75 32 33 60.57781951418224 0.2263405398335115
2.5 2.75 33 34 59.27918109303369 0.214315027019192
2.5 2.75 34 35 57.89570830283361 0.2030943301907829
2.5 2.75 35 36 56.45279007703238 0.1926095739422824
2.5 2.75 36 37 54.97098201166745 0.1827992056509804
2.5 2.75 37 38 53.46690316772464 0.1736080643309386
2.5 2.75 38 39 51.95395870643034 0.164986586599897
2.5 2.75 39 40 50.44292437078752 0.1568901269376881
2.5 2.75 40 41 48.94242097391071 0.1492783741806958
2.5 2.75 41 42 47.45930074041948 0.1421148475165266
2.5 2.75 42 43 45.99896291037533 0.135366461250443
2.5 2.75 43 44 44.56561223203397 0.1290031465042243
2.5 2.75 44 45 43.16247121191398 0.1229975221616276
2.5 2.75 45 46 41.79098076042885 0.1175448647472641
2.5 2.75 46 47 40.45472318797152 0.1134533116061837
2.5 2.75 47 48 39.1539249795008 0.1108360800072314
2.5 2.75 48 49 37.88935131453655 0.1096355022852659
2.5 2.75 49 50 36.66121591269444 0.109045683271681
2.75 3 0 1 2261.526464353961 1.695421524776625
2.75 3 1 2 -4379.989227483551 4.416691576994597
2.75 3 2 3 -5047.063170867101 5.957292159711644
2.75 3 3 4 -3611.140203591804 5.089785258259474
2.75 3 4 5 -2492.621003899127 4.232595929276084
2.75 3 5 6 -1726.260778846474 3.550415265021542
2.75 3 6 7 -1206.747575497138 3.017971938415986
2.75 3 7 8 -850.0850464331634 2.598059400832332
2.75 3 8 9 -600.830917016277 2.261297179939072
2.75 3 9 10 -423.5034925138145 1.987092248548186
2.75 3 10 11 -295.3681770870758 1.760417168150615
2.75 3 11 12 -201.5246169222992 1.570622447992622
2.75 3 12 13 -132.0392825932947 1.409889377322016
2.75 3 13 14 -80.1484201969904 1.27239784759579
2.75 3 14 15 -41.15643401945363 1.153742216973525
2.75 3 15 16 -11.74463078948702 1.050535187147264
2.75 3 16 17 10.4709957210332 0.9601349943018094
2.75 3 17 18 27.22828968214765 0.8804543795744113
2.75 3 18 19 39.81082464162898 0.8098246046320341
2.75 3 19 20 49.17786264196252 0.7468971164950933
2.75 3 20 21 56.05387035939839 0.6905713801713019
2.75 3 21 22 60.99114915122072 0.6399411833966863
2.75 3 22 23 64.4142892570394 0.5942541729025911
2.75 3 23 24 66.65214281931617 0.5528810001726466
2.75 3 24 25 67.96110117044816 0.5152915363446773
2.75 3 25 26 68.54223164523728 0.4810363498580212
2.75 3 26 27 68.55402411007162 0.4497321460158725
2.75 3 27 28 68.12196209017384 0.4210502209167008
2.75 3 28 29 67.34577260014856 0.3947072301134638
2.75 3 29 30 66.30496203569999 0.3704577522251822
2.75 3 30 31 65.0630749504827 0.3480882552713169
2.75 3 31 32 63.67099297352161 0.3274121684057849
2.75 3 32 33 62.16950653527448 0.3082658316775455
2.75 3 33 34 60.59133156803864 0.2905051471878997
2.75 3 34 35 58.96269963337318 0.274002795042532
2.75 3 35 36 57.30461806819216 0.2586459070179967
2.75 3 36 37 55.6338733034753 0.2443341124479475
2.75 3 37 38 53.96383318294818 0.2309778896824972
2.75 3 38 39 52.3050911162932 0.2184971688469644
2.75 3 39 40 50.66598512905827 0.2068201427797825
2.75 3 40 41 49.05301759989351 0.1958822507874867
2.75 3 41 42 47.47119564380824 0.1856253075364212
2.75 3 42 43 45.92430800252228 0.1759967524997619
2.75 3 43 44 44.4151508340901 0.1669490024009943
2.75 3 44 45 42.94571225048344 0.1584388894305414
2.75 3 45 46 41.51639882408696 0.15058287721965
2.75 3 46 47 40.1297392822982 0.1439378535271591
2.75 3 47 48 38.78517089414723 0.1385838628240831
2.75 3 48 49 37.48271912076328 0.1344931575306668
2.75 3 49 50 36.22193946946115 0.1310934358090784
3 3.25 0 1 1573.493827211479 1.209529654109418
3 3.25 1 2 -4731.545181491057 9.24687181028712
3 3.25 2 3 -4798.632596992972 9.685679698780119
3 3.25 3 4 -3332.314047374607 7.878805094166451
3 3.25 4 5 -2254.253747710678 6.393420303429539
3 3.25 5 6 -1533.254721092614 5.277843724210174
3 3.25 6 7 -1052.304838569592 4.433446117922514
3 3.25 7 8 -726.3865407241192 3.780641642992085
3 3.25 8 9 -501.2465621755291 3.264837463079198
3 3.25 9 10 -342.8277578426719 2.849531193510914
3 3.25 10 11 -229.6008765953909 2.509440765970953
3 3.25 11 12 -147.6035746189059 2.226930425968682
3 3.25 12 13 -87.60953663656028 1.989315175020373
3 3.25 13 14 -43.38492780874753 1.787286448177061
3 3.25 14 15 -10.63228332513927 1.613879087141883
3 3.25 15 16 13.66590253457753 1.46378950364616
3 3.25 16 17 31.66379842893195 1.332915567480304
3 3.25 17 18 44.92222530590345 1.218039544193599
3 3.25 18 19 54.5871463716843 1.116605321846285
3 3.25 19 20 61.50989478094994 1.026559067407299
3 3.25 20 21 66.3295715639008 0.9462333745863066
3 3.25 21 22 69.53042349577106 0.874261763881326
3 3.25 22 23 71.48238603463005 0.8095147128699586
3 3.25 23 24 72.47011650143145 0.751051190149618
3 3.25 24 25 72.71404151514616 0.6980815087324073
3 3.25 25 26 72.38578765779295 0.6499385504108781
3 3.25 26 27 71.61961167113515 0.6060552542557526
3 3.25 27 28 70.52094799481813 0.5659468440636954
3 3.25 28 29 69.17285672432587 0.5291966777981049
3 3.25 29 30 67.64092693745857 0.4954448919527576
3 3.25 30 31 65.97703317989516 0.4643792208949362
3 3.25 31 32 64.22223307864414 0.4357275240352353
3 3.25 32 33 62.40901658399974 0.4092516630543691
3 3.25 33 34 60.56306210930671 0.3847424556901863
3 3.25 34 35 58.7046150488323 0.362015491938139
3 3.25 35 36 56.84957523206796 0.3409076479360594
3 3.25 36 37 55.01035866518029 0.3212741651956375
3 3.25 37 38 53.19658327899472 0.302986192643288
3 3.25 38 39 51.41561670215415 0.2859287084376356
3 3.25 39 40 49.67301531850396 0.2699987551782984
3 3.25 40 41 47.97287735852547 0.2551039355205561
3 3.25 41 42 46.31812757260064 0.2411611243940744
3 3.25 42 43 44.71074738024529 0.2280953628460351
3 3.25 43 44 43.15196133175357 0.2158389043734558
3 3.25 44 45 41.64238844332147 0.2043303903047687
3 3.25 45 46 40.18130691102928 0.193622184647746
3 3.25 46 47 38.77006376342183 0.1840761023976743
3 3.25 47 48 37.40725061246064 0.1757292465181339
3 3.25 48 49 36.09209367686911 0.1685514970768605
3 3.25 49 50 34.8234400542142 0.1621349750737149
3.25 3.5 0 1 859.018598015844 0.4360958666067852
3.25 3.5 1 2 -4895.559469951053 18.49883311090802
3.25 3.5 2 3 -4380.884593164875 14.76885306653369
3.25 3.5 3 4 -2936.852282650198 11.17192926423782
3.25 3.5 4 5 -1937.14043327953 8.718985595936534
3.25 3.5 5 6 -1286.958740626489 7.0101895184958
3.25 3.5 6 7 -861.6185787370673 5.771655273149891
3.25 3.5 7 8 -578.0105974508569 4.841888457923729
3.25 3.5 8 9 -384.9656900677805 4.123289979015309
3.25 3.5 9 10 -251.0548871789917 3.554650242083991
3.25 3.5 10 11 -156.7198165887369 3.095684426226078
3.25 3.5 11 12 -89.43604365622218 2.719098758446151
3.25 3.5 12 13 -41.0156416417492 2.405759601295198
3.25 3.5 13 14 -5.978714038267299 2.141902178560485
3.25 3.5 14 15 19.41967818164699 1.917394103369479
3.25 3.5 15 16 37.78758725935245 1.724626113386191
3.25 3.5 16 17 50.97222237759593 1.55778256242908
3.25 3.5 17 18 60.30166196403593 1.412349145795192
3.25 3.5 18 19 66.74348991523414 1.284773020243827
3.25 3.5 19 20 71.01094166104144 1.172223296263019
3.25 3.5 20 21 73.63520209413059 1.072419138416296
3.25 3.5 21 22 75.01545609584082 0.9835043348475175
3.25 3.5 22 23 75.45405567963826 0.9039543952868521
3.25 3.5 23 24 75.18156642688001 0.8325068001701769
3.25 3.5 24 25 74.3748278469518 0.7681079778560574
3.25 3.5 25 26 73.17012425315556 0.7098725374473793
3.25 3.5 26 27 71.67288978667631 0.6570515948648726
3.25 3.5 27 28 69.96492767529747 0.6090079256232767
3.25 3.5 28 29 68.10982731854949 0.5651962982156931
3.25 3.5 29 30 66.15706158276839 0.5251477784126657
3.25 3.5 30 31 64.14510864384056 0.4884571059632941
3.25 3.5 31 32 62.10384663067174 0.454772468838062
3.25 3.5 32 33 60.05640180559033 0.4237871641366949
3.25 3.5 33 34 58.02058305922418 0.3952327542480558
3.25 3.5 34 35 56.01000107745568 0.3688734171705293
3.25 3.5 35 36 54.03494560886668 0.3445012564272643
3.25 3.5 36 37 52.10307604863749 0.3219323873503622
3.25 3.5 37 38 50.21996717511925 0.3010036547679629
3.25 3.5 38 39 48.38954190483321 0.281569867579032
3.25 3.5 39 40 46.61441548060068 0.2635014584919162
3.25 3.5 40 41 44.89617000602735 0.2466824948504798
3.25 3.5 41 42 43.23557384612931 0.2310089818217114
3.25 3.5 42 43 41.63275734082055 0.2163874087205326
3.25 3.5 43 44 40.08735372911497 0.2027334998873777
3.25 3.5 44 45 38.59861226753038 0.1899711369529103
3.25 3.5 45 46 37.16472409032646 0.1781320320822942
3.25 3.5 46 47 35.78582418259147 0.167543606969019
3.25 3.5 47 48 34.45972152000944 0.1582401218266215
3.25 3.5 48 49 33.18488543950046 0.1501952467944507
3.25 3.5 49 50 31.95950206924736 0.1430248837542336
3.5 3.75 0 1 192.0915051997364 1.637259493172797
3.5 3.75 1 2 -4707.257988449359 24.58608020678766
3.5 3.75 2 3 -3728.375724790922 16.28932188423394
3.5 3.75 3 4 -2399.135538656929 11.5337169641533
3.5 3.75 4 5 -1533.502095080657 8.659425865339019
3.5 3.75 5 6 -987.88980840047 6.773763231387808
3.5 3.75 6 7 -639.074570316297 5.45806220013215
3.5 3.75 7 8 -411.0545553837635 4.496963555146842
3.5 3.75 8 9 -258.7136168817808 3.769711685243337
3.5 3.75 9 10 -154.985760801874 3.204051262932448
3.5 3.75 10 11 -83.32273912232404 2.754110501092876
3.5 3.75 11 12 -33.28162071241559 2.389592550133944
3.5 3.75 12 13 1.878679299554506 2.089705826107806
3.5 3.75 13 14 26.6182684328902 1.839750607878901
3.5 3.75 14 15 43.95269627982771 1.629064426886768
3.5 3.75 15 16 55.96062014926156 1.449741196195659
3.5 3.75 16 17 64.09958770265462 1.295805623801184
3.5 3.75 17 18 69.40709181569048 1.162665488116075
3.5 3.75 18 19 72.63138906864958 1.046738961139272
3.5 3.75 19 20 74.31833549749729 0.9451953217551147
3.5 3.75 20 21 74.87008783508406 0.8557709520993952
3.5 3.75 21 22 74.58544920543511 0.7766364259833137
3.5 3.75 22 23 73.68801972326884 0.7062989611687143
3.5 3.75 23 24 72.34610862952297 0.6435297873089075
3.5 3.75 24 25 70.6869952601877 0.5873093524987119
3.5 3.75 25 26 68.80725887010487 0.5367854905692632
3.5 3.75 26 27 66.78033848595157 0.491241131042196
3.5 3.75 27 28 64.66211774950239 0.450069123069482
3.5 3.75 28 29 62.49508622562283 0.4127524220071619
3.5 3.75 29 30 60.31146427867824 0.3788483620493016
3.5 3.75 30 31 58.13556640702905 0.3479760717577426
3.5 3.75 31 32 55.98560019888237 0.3198063296020913
3.5 3.75 32 33 53.87504371761514 0.2940533293027572
3.5 3.75 33 34 51.8137056922171 0.2704679522905347
3.5 3.75 34 35 49.80854543636423 0.2488322381184002
3.5 3.75 35 36 47.86430962247965 0.2289548136678431
3.5 3.75 36 37 45.9840286462948 0.2106670952090887
3.5 3.75 37 38 44.16940479050092 0.193820116856153
3.5 3.75 38 39 42.4211165834727 0.1782818703642135
3.5 3.75 39 40 40.73905794621969 0.1639350642143175
3.5 3.75 40 41 39.12252645010979 0.1506752293983847
3.5 3.75 41 42 37.57037161359767 0.1384091121751525
3.5 3.75 42 43 36.08111180221611 0.1270533077196119
3.5 3.75 43 44 34.65302635653622 0.1165330955783511
3.5 3.75 44 45 33.28422810245297 0.106781446665254
3.5 3.75 45 46 31.97208429795134 0.09788171243068029
3.5 3.75 46 47 30.71566748021837 0.09035539588484599
3.5 3.75 47 48 29.51225325079128 0.08432316060276862
3.5 3.75 48 49 28.35975853702648 0.07980160296894002
3.5 3.75 49 50 27.25590894907387 0.0762663077140904
3.75 4 0 1 -321.2321649146679 1.855337919643584
3.75 4 1 2 -4038.746480384422 28.06061194245361
3.75 4 2 3 -2827.318020814722 13.0663894205019
3.75 4 3 4 -1728.90184920051 7.650906885527448
3.75 4 4 5 -1058.883165681219 4.994527928916557
3.75 4 5 6 -652.3244299079781 3.474966457937155
3.75 4 6 7 -399.9511675857054 2.519713153925582
3.75 4 7 8 -239.2650546514089 1.87958928580478
3.75 4 8 9 -134.6340229334126 1.430650983169286
3.75 4 9 10 -65.26445097713918 1.104720543844623
3.75 4 10 11 -18.71119857905899 0.8621885054078119
3.75 4 11 12 12.7349472040006 0.678267396813357
3.75 4 12 13 33.97069990824718 0.5370424084714358
3.75 4 13 14 48.18768336771745 0.4279257342002037
3.75 4 14 15 57.51330503704332 0.3437362675851974
3.75 4 15 16 63.39378507884419 0.2833696376722313
3.75 4 16 17 66.82925164488188 0.2608572894726719
3.75 4 17 18 68.52164076235039 0.2407156644690526
3.75 4 18 19 68.96987441538255 0.2226200613327692
3.75 4 19 20 68.5323883260902 0.2063001717322864
3.75 4 20 21 67.46898527262215 0.1915295093610299
3.75 4 21 22 65.96932692306314 0.1781171301424315
3.75 4 22 23 64.17262757159369 0.1659011053662608
3.75 4 23 24 62.181455003081 0.1604526260024247
3.75 4 24 25 60.07152257969136 0.1639429599804859
3.75 4 25 26 57.89871527919817 0.1674855493843579
3.75 4 26 27 55.7041823215468 0.1707849466010908
3.75 4 27 28 53.51806225178987 0.1736873238907659
3.75 4 28 29 51.36223022595567 0.1761246246974489
3.75 4 29 30 49.25233914600295 0.1780793128118878
3.75 4 30 31 47.19934619815211 0.1795626577964098
3.75 4 31 32 45.21066122402698 0.1806015299522608
3.75 4 32 33 43.29101504809985 0.1812304456168116
3.75 4 33 34 41.44311897172562 0.1814868302587165
3.75 4 34 35 39.66816753675407 0.1814082506947527
3.75 4 35 36 37.96622296993584 0.1810308518036329
3.75 4 36 37 36.33650982836447 0.1803885288640599
3.75 4 37 38 34.77764117703822 0.179512546219855
3.75 4 38 39 33.28779232660739 0.1784314239433127
3.75 4 39 40 31.86483424747411 0.1771709809524047
3.75 4 40 41 30.50643591798767 0.1757544661090057
3.75 4 41 42 29.21014260315702 0.1742027345435371
3.75 4 42 43 27.97343549743479 0.1725344428876957
3.75 4 43 44 26.79377690199694 0.1707662479332372
3.75 4 44 45 25.66864413525818 0.1689129992695555
3.75 4 45 46 24.59508276545666 0.1670455671503334
3.75 4 46 47 23.57147220636592 0.1653771978407694
3.75 4 47 48 22.59499584631492 0.163923003971754
3.75 4 48 49 21.66339566192336 0.1626632548313195
3.75 4 49 50 20.77429831308064 0.1614249707620517
4 5 0 1 -1007.951594349888 2.94867257526227
4 5 1 2 -4450.247441870084 7.032797260584388
4 5 2 3 -2567.458657485876 5.234022745849952
4 5 3 4 -1407.223871533423 3.950065308721739
4 5 4 5 -774.1447993772013 2.971032549893783
4 5 5 6 -418.2434736147768 2.255113944996887
4 5 6 7 -211.6432120910977 1.774031214503513
4 5 7 8 -88.49393313423229 1.447453611836982
4 5 8 9 -13.69668795861571 1.21487727002897
4 5 9 10 32.12622409109156 1.040110804340159
4 5 10 11 60.03198778123033 0.9048167800207561
4 5 11 12 76.64307571648965 0.7982833639896262
4 5 12 13 86.01201793005009 0.7118371888415671
4 5 13 14 90.66503611869143 0.6396039456692472
4 5 14 15 92.22130326404385 0.5789625158095102
4 5 15 16 91.74825766673035 0.5279285328792968
4 5 16 17 89.96008488013211 0.484253911982055
4 5 17 18 87.33656359635989 0.4460536345770689
4 5 18 19 84.20150987539563 0.4122117173087089
4 5 19 20 80.77543426526512 0.3821306641365972
4 5 20 21 77.20964816962473 0.3553517350288075
4 5 21 22 73.60796664140744 0.3314037097005831
4 5 22 23 70.04091340015358 0.3098335058376187
4 5 23 24 66.55548981293597 0.2902657543480399
4 5 24 25 63.18211199043685 0.2724188402470572
4 5 25 26 59.93955838377715 0.2560838155887582
4 5 26 27 56.83846550941533 0.2410949760891818
4 5 27 28 53.88377962898838 0.2273096559548706
4 5 28 29 51.07647928611983 0.2145996839794558
4 5 29 30 48.41479730508507 0.2028498431843757
4 5 30 31 45.89509804347077 0.1919584353246288
4 5 31 32 43.51251250985332 0.1818373285985626
4 5 32 33 41.26139928356359 0.172410888940336
4 5 33 34 39.13567779171836 0.1636141808709287
4 5 34 35 37.12906723959613 0.155391005434082
4 5 35 36 35.23525575844185 0.147692162267886
4 5 36 37 33.44801815501271 0.1404740893513386
4 5 37 38 31.76129602955191 0.1336978707287708
4 5 38 39 30.16925048831332 0.1273285305351202
4 5 39 40 28.66629499041267 0.121334520033337
4 5 40 41 27.24711389750446 0.1156873245098788
4 5 41 42 25.90667074367626 0.110361138695685
4 5 42 43 24.64020920118516 0.1053325849680869
4 5 43 44 23.4432489378898 0.1005804596005144
4 5 44 45 22.31157793094192 0.09608550208457274
4 5 45 46 21.24078294905743 0.09221962337726665
4 5 46 47 20.22769484229931 0.090383036786173
4 5 47 48 19.26842506412787 0.09057755382991572
4 5 48 49 18.35976906292411 0.09239755419682899
4 5 49 50 17.49828956737135 0.09462864978967017
-5 5 0 50 -531399.1522203697 92.52429382478729
