#ylo yhi qTlo qThi PDF0  uncertainty
-5 -4 0 1 -967.5615775364075 3.044274162832901
-5 -4 1 2 -4353.530766234375 7.238453399791296
-5 -4 2 3 -2516.096511640779 5.381057594097379
-5 -4 3 4 -1386.231097533083 4.013361363405439
-5 -4 4 5 -767.9488631788549 2.9955169332747
-5 -4 5 6 -418.5222766083582 2.268997011214835
-5 -4 6 7 -214.668921533585 1.779326177783029
-5 -4 7 8 -92.56316659975096 1.444661624873882
-5 -4 8 9 -18.00596284051653 1.207463454626512
-5 -4 9 10 27.94753630319155 1.030758106417419
-5 -4 10 11 56.14747743900909 0.8949768932872578
-5 -4 11 12 73.11225397183205 0.7890327839827361
-5 -4 12 13 82.84338496989142 0.7036266169040178
-5 -4 13 14 87.84338056671129 0.6326369429251026
-5 -4 14 15 89.72091125057398 0.5732895341405803
-5 -4 15 16 89.53988065094904 0.523548268494731
-5 -4 16 17 88.01441894576499 0.4811152393173424
-5 -4 17 18 85.62587915734798 0.4440598005997234
-5 -4 18 19 82.70033258395341 0.411249413478963
-5 -4 19 20 79.4607502068248 0.3820934562470075
-5 -4 20 21 76.06087029746246 0.3561449955195599
-5 -4 21 22 72.60678354577445 0.3329403752548198
-5 -4 22 23 69.171086842954 0.3120308811667776
-5 -4 23 24 65.80263868040569 0.2930458102449482
-5 -4 24 25 62.53350286260124 0.2757099292925935
-5 -4 25 26 59.38391212817436 0.2598217489010626
-5 -4 26 27 56.36578318278484 0.2452229275776769
-5 -4 27 28 53.48518790364506 0.2317773314272028
-5 -4 28 29 50.74409427638683 0.2193623326965124
-5 -4 29 30 48.14160516807884 0.2078674382093686
-5 -4 30 31 45.67485059279345 0.1971950899129976
-5 -4 31 32 43.33963610685028 0.1872608847691532
-5 -4 32 33 41.13091536876944 0.177992592107157
-5 -4 33 34 39.04313355884652 0.1693283829454695
-5 -4 34 35 37.07047511181328 0.1612148738806678
-5 -4 35 36 35.2070404858984 0.1536053933779517
-5 -4 36 37 33.44697050661528 0.1464586341579356
-5 -4 37 38 31.78453219260427 0.1397376815845202
-5 -4 38 39 30.21417641233329 0.133409332638817
-5 -4 39 40 28.7305750205191 0.127443609651084
-5 -4 40 41 27.32864313457532 0.1218133920586205
-5 -4 41 42 26.00355064853121 0.1164941144169966
-5 -4 42 43 24.7507260269952 0.1114635034074836
-5 -4 43 44 23.56585463177797 0.1067013409433878
-5 -4 44 45 22.44487319689837 0.1021892471116734
-5 -4 45 46 21.38350980403216 0.09830712676755933
-5 -4 46 47 20.37870006979441 0.09647874054065124
-5 -4 47 48 19.42667140986217 0.09669611228868048
-5 -4 48 49 18.52431678202204 0.09853687977726212
-5 -4 49 50 17.66828778177015 0.100771619259927
-4 -3.75 0 1 -292.4872663824644 1.837189544401141
-4 -3.75 1 2 -3957.317364664202 27.64395392507171
-4 -3.75 2 3 -2771.881803764936 12.78426744423841
-4 -3.75 3 4 -1697.634602091571 7.448008093592974
-4 -3.75 4 5 -1041.940089699103 4.840500774413655
-4 -3.75 5 6 -643.2221466948754 3.353550109517193
-4 -3.75 6 7 -395.2410860837163 2.42141084420769
-4 -3.75 7 8 -237.0749156791667 1.798524211525263
-4 -3.75 8 9 -133.9125356399684 1.362671411852599
-4 -3.75 9 10 -65.40174775378682 1.047402523305781
-4 -3.75 10 11 -19.3504616053475 0.8135376808175414
-4 -3.75 11 12 11.80987554281796 0.6369795961464711
-4 -3.75 12 13 32.8925969913015 0.5022161045246348
-4 -3.75 13 14 47.03918367373046 0.3989873831729128
-4 -3.75 14 15 56.34615438431706 0.3203797461782168
-4 -3.75 15 16 62.24031693071447 0.281743857949332
-4 -3.75 16 17 65.70939543751115 0.2593458692682251
-4 -3.75 17 18 67.44729516891192 0.239309212351777
-4 -3.75 18 19 67.94768928732566 0.2213101924306001
-4 -3.75 19 20 67.56556484304781 0.2050793665410438
-4 -3.75 20 21 66.55845835808532 0.1903910000713264
-4 -3.75 21 22 65.11455188770816 0.1770548068278444
-4 -3.75 22 23 63.37210893532358 0.1654479975647296
-4 -3.75 23 24 61.43310479847997 0.1689324002595956
-4 -3.75 24 25 59.37290433133731 0.1726005072351393
-4 -3.75 25 26 57.24721040949177 0.1760728981922063
-4 -3.75 26 27 55.09710337311051 0.1791500661227114
-4 -3.75 27 28 52.95272933179405 0.1817409407282867
-4 -3.75 28 29 50.83602184613721 0.1838178881861374
-4 -3.75 29 30 48.76272515222382 0.1853892067309877
-4 -3.75 30 31 46.74390814046149 0.1864825691418629
-4 -3.75 31 32 44.78710392017993 0.1871351558836001
-4 -3.75 32 33 42.89717199435938 0.187387844193073
-4 -3.75 33 34 41.07695348550905 0.1872818497851065
-4 -3.75 34 35 39.32777097865772 0.1868568512080964
-4 -3.75 35 36 37.64981100953574 0.1861500082719892
-4 -3.75 36 37 36.04241744534094 0.1851955173444361
-4 -3.75 37 38 34.50431689321493 0.1840244837215355
-4 -3.75 38 39 33.03379202262997 0.1826649773874169
-4 -3.75 39 40 31.62881481490609 0.1811421895888858
-4 -3.75 40 41 30.28714892211127 0.1794786400591972
-4 -3.75 41 42 29.0064280782873 0.1776944043288091
-4 -3.75 42 43 27.78421595551591 0.1758073428991455
-4 -3.75 43 44 26.61805160624385 0.1738333224052332
-4 -3.75 44 45 25.50548367039944 0.1717864226033861
-4 -3.75 45 46 24.44363100250181 0.1697351100763132
-4 -3.75 46 47 23.43092078890773 0.1678865140701857
-4 -3.75 47 48 22.46460037270785 0.1662556959978186
-4 -3.75 48 49 21.54246428494278 0.1648236905803677
-4 -3.75 49 50 20.66218843694763 0.1634220911050234
-3.75 -3.5 0 1 221.2846592291866 1.616693001508446
-3.75 -3.5 1 2 -4617.529403573029 24.33603082018492
-3.75 -3.5 2 3 -3662.944469984021 16.05803373785809
-3.75 -3.5 3 4 -2360.786022582749 11.34885096453291
-3.75 -3.5 4 5 -1512.000066868495 8.509980842375688
-3.75 -3.5 5 6 -975.9065393482913 6.650329374641637
-3.75 -3.5 6 7 -632.5551593630003 5.354128838965861
-3.75 -3.5 7 8 -407.7382972801643 4.40804917242056
-3.75 -3.5 8 9 -257.307255075553 3.692627373166275
-3.75 -3.5 9 10 -154.7252586261206 3.136504818878216
-3.75 -3.5 10 11 -83.75462345507572 2.69437601157937
-3.75 -3.5 11 12 -34.12694718947546 2.336356262791468
-3.75 -3.5 12 13 0.7942175626931203 2.041944875224133
-3.75 -3.5 13 14 25.40529559195659 1.796654738681264
-3.75 -3.5 14 15 42.68216358185612 1.589982042207043
-3.75 -3.5 15 16 54.67824442443225 1.414141289754374
-3.75 -3.5 16 17 62.83474268191435 1.263250353739638
-3.75 -3.5 17 18 68.17840350891515 1.132790042031191
-3.75 -3.5 18 19 71.45032742548176 1.019236522829088
-3.75 -3.5 19 20 73.19156190521875 0.9198056751621658
-3.75 -3.5 20 21 73.8010146652984 0.8322717229699125
-3.75 -3.5 21 22 73.57529098910044 0.7548362665567222
-3.75 -3.5 22 23 72.73651058937691 0.6860321862627681
-3.75 -3.5 23 24 71.45199709202399 0.6246521088716855
-3.75 -3.5 24 25 69.8483882519688 0.5696944555333362
-3.75 -3.5 25 26 68.02186232785249 0.5203222602078216
-3.75 -3.5 26 27 66.04562609349568 0.4758313892903479
-3.75 -3.5 27 28 63.97544926445323 0.4356257675265655
-3.75 -3.5 28 29 61.8537901102365 0.3991978849770284
-3.75 -3.5 29 30 59.71289487038044 0.3661133268685783
-3.75 -3.5 30 31 57.57714282954908 0.3359983970359126
-3.75 -3.5 31 32 55.46483212878044 0.308530143281499
-3.75 -3.5 32 33 53.38954767256945 0.2834282618322134
-3.75 -3.5 33 34 51.36121449063762 0.2604484847281178
-3.75 -3.5 34 35 49.38691275395928 0.239377146195358
-3.75 -3.5 35 36 47.47151105383188 0.2200266919617123
-3.75 -3.5 36 37 45.6181603050824 0.2022319489456877
-3.75 -3.5 37 38 43.82868020821815 0.1858470114210153
-3.75 -3.5 38 39 42.10386246692559 0.1707426301482462
-3.75 -3.5 39 40 40.44370920537972 0.1568040144174954
-3.75 -3.5 40 41 38.847620798333 0.1439289754136431
-3.75 -3.5 41 42 37.31454396102849 0.1320263526237994
-3.75 -3.5 42 43 35.8430886010777 0.1210146782665776
-3.75 -3.5 43 44 34.43162001250468 0.110821041039206
-3.75 -3.5 44 45 33.07833153081366 0.1013801207160963
-3.75 -3.5 45 46 31.78067432668306 0.09278244022408311
-3.75 -3.5 46 47 30.53777485971563 0.08557487349814107
-3.75 -3.5 47 48 29.3469828105378 0.07988827558535422
-3.75 -3.5 48 49 28.2062758942255 0.07574118866423615
-3.75 -3.5 49 50 27.11343737680265 0.07258663993739799
-3.5 -3.25 0 1 886.1277749283083 0.4380877269810057
-3.5 -3.25 1 2 -4806.997527426013 18.24773973680714
-3.5 -3.25 2 3 -4312.689390199975 14.54984268020789
-3.5 -3.25 3 4 -2895.833684640097 11.00076874000951
-3.5 -3.25 4 5 -1913.673555409378 8.582644088620594
-3.5 -3.25 5 6 -1273.622025695221 6.898836675672981
-3.5 -3.25 6 7 -854.1839713346953 5.678760067420566
-3.5 -3.25 7 8 -574.0782920858085 4.76305361648051
-3.5 -3.25 8 9 -383.1460370532745 4.055439058812674
-3.5 -3.25 9 10 -250.5195192071385 3.495587143014395
-3.5 -3.25 10 11 -156.973049990723 3.043775312954633
-3.5 -3.25 11 12 -90.1707292711335 2.673107231511437
-3.5 -3.25 12 13 -42.03829013751601 2.364728675889366
-3.5 -3.25 13 14 -7.165348283257345 2.105077667671743
-3.5 -3.25 14 15 18.14952696453588 1.884172262367854
-3.5 -3.25 15 16 36.48657034399776 1.694516960192066
-3.5 -3.25 16 17 49.67486278695628 1.530383606569938
-3.5 -3.25 17 18 59.03046858674963 1.387326200077615
-3.5 -3.25 18 19 65.51289460720238 1.261845938513102
-3.5 -3.25 19 20 69.82988293115272 1.151155204958575
-3.5 -3.25 20 21 72.50885057585583 1.053008190503113
-3.5 -3.25 21 22 73.94638539233097 0.9655773141800154
-3.5 -3.25 22 23 74.44304822302513 0.8873616980071447
-3.5 -3.25 23 24 74.22817499728814 0.8171184550311035
-3.5 -3.25 24 25 73.47777087196528 0.7538104595515213
-3.5 -3.25 25 26 72.32756634562764 0.6965661919996309
-3.5 -3.25 26 27 70.88264197248321 0.6446485425360183
-3.5 -3.25 27 28 69.22459074010459 0.5974303397359378
-3.5 -3.25 28 29 67.41689443899401 0.554374982422242
-3.5 -3.25 29 30 65.50899154951361 0.5150209830841208
-3.5 -3.25 30 31 63.53937768795777 0.4789695373004946
-3.5 -3.25 31 32 61.53798459226562 0.4458744548638164
-3.5 -3.25 32 33 59.52801680033718 0.4154339486762519
-3.5 -3.25 33 34 57.52737767992517 0.3873838963503531
-3.5 -3.25 34 35 55.54978236548652 0.3614922780056823
-3.5 -3.25 35 36 53.60563045470448 0.3375545586878418
-3.5 -3.25 36 37 51.70269325521068 0.3153898354621292
-3.5 -3.25 37 38 49.84665711080498 0.2948376062991563
-3.5 -3.25 38 39 48.0415544376585 0.2757550476415646
-3.5 -3.25 39 40 46.2901067158538 0.2580147109165618
-3.5 -3.25 40 41 44.59399821902943 0.2415025645358505
-3.5 -3.25 41 42 42.95409490161211 0.2261163236838896
-3.5 -3.25 42 43 41.3706198197487 0.2117640195464932
-3.5 -3.25 43 44 39.8432939234396 0.1983627700422242
-3.5 -3.25 44 45 38.37144916243305 0.1858377189462871
-3.5 -3.25 45 46 36.95336359982569 0.1742221801188807
-3.5 -3.25 46 47 35.58922799191078 0.1638465872037727
-3.5 -3.25 47 48 34.27692871624546 0.154746888723457
-3.5 -3.25 48 49 33.01499874948142 0.1468978018195289
-3.5 -3.25 49 50 31.80168504866006 0.1399142260944594
-3.25 -3 0 1 1597.114997620119 1.190519956162845
-3.25 -3 1 2 -4651.164639605449 9.273010015929517
-3.25 -3 2 3 -4733.262275304078 9.631444701863691
-3.25 -3 3 4 -3292.106278196266 7.818720811581843
-3.25 -3 4 5 -2230.904401064989 6.337714300369527
-3.25 -3 5 6 -1519.809422577356 5.227876367931274
-3.25 -3 6 7 -1044.694249295184 4.388871031384249
-3.25 -3 7 8 -722.2656575989336 3.740724160945253
-3.25 -3 8 9 -499.2458253764155 3.228964861542384
-3.25 -3 9 10 -342.1256197050352 2.817117301694087
-3.25 -3 10 11 -229.7037742599521 2.480000834849176
-3.25 -3 11 12 -148.2046081634198 2.200065332247933
-3.25 -3 12 13 -88.51461314786707 1.964693797723436
-3.25 -3 13 14 -44.46903728017469 1.764632810275973
-3.25 -3 14 15 -11.81370023312797 1.592961723899755
-3.25 -3 15 16 12.44118780053736 1.444412950258809
-3.25 -3 16 17 30.43168625500198 1.314913618807962
-3.25 -3 17 18 43.7065636033509 1.201269927110643
-3.25 -3 18 19 53.40362929540709 1.100945472087624
-3.25 -3 19 20 60.36862295503943 1.011902764463858
-3.25 -3 20 21 65.23676558331783 0.9324880439193077
-3.25 -3 21 22 68.48959127084527 0.8613462991288811
-3.25 -3 22 23 70.49513105947221 0.7973577060640336
-3.25 -3 23 24 71.53670563190826 0.739589483741363
-3.25 -3 24 25 71.83380879648405 0.6872590031672131
-3.25 -3 25 26 71.55742450292183 0.6397052159085671
-3.25 -3 26 27 70.8413770299299 0.5963663069928482
-3.25 -3 27 28 69.79082140276847 0.5567620553512062
-3.25 -3 28 29 68.48865006055587 0.5204797919192454
-3.25 -3 29 30 67.00036601024516 0.4871631325527736
-3.25 -3 30 31 65.37781706657017 0.4565028709392924
-3.25 -3 31 32 63.66207694228376 0.4282295663085695
-3.25 -3 32 33 61.88568215144494 0.4021074714518292
-3.25 -3 33 34 60.07437890440912 0.3779295285166843
-3.25 -3 34 35 58.24849468429267 0.3555132213510368
-3.25 -3 35 36 56.42402049471721 0.3346971190721094
-3.25 -3 36 37 54.61346870524324 0.3153379810593055
-3.25 -3 37 38 52.82655590057874 0.2973083208218575
-3.25 -3 38 39 51.07074851473797 0.2804943463140432
-3.25 -3 39 40 49.35170033146846 0.2647942112970093
-3.25 -3 40 41 47.67360446342724 0.2501165246619476
-3.25 -3 41 42 46.03947725316124 0.2363790745323825
-3.25 -3 42 43 44.45138791076155 0.2235077326467419
-3.25 -3 43 44 42.91064465933559 0.2114355095757426
-3.25 -3 44 45 41.41794590505503 0.2001017378233217
-3.25 -3 45 46 39.97265375997949 0.1895598629940954
-3.25 -3 46 47 38.57616949927129 0.1801742568262277
-3.25 -3 47 48 37.22716002252858 0.1719833680830717
-3.25 -3 48 49 35.924913738558 0.1649578489692796
-3.25 -3 49 50 34.66833742606033 0.1586884552348467
-3 -2.75 0 1 2282.097172990309 1.585321875720323
-3 -2.75 1 2 -4310.319269803953 4.554625149220313
-3 -2.75 2 3 -4988.078483855292 5.987448374660291
-3 -2.75 3 4 -3574.465417367848 5.092621406254703
-3 -2.75 4 5 -2471.28460306232 4.225652035181312
-3 -2.75 5 6 -1714.003888886142 3.539478113838038
-3 -2.75 6 7 -1199.846903376107 3.005407538635114
-3 -2.75 7 8 -846.3819844761774 2.58497120796603
-3 -2.75 8 9 -599.062708376538 2.248209429529336
-3 -2.75 9 10 -422.9145078849037 1.974295120992566
-3 -2.75 10 11 -295.5064891666646 1.748044476166047
-3 -2.75 11 12 -202.1106690008526 1.558738601292198
-3 -2.75 12 13 -132.8972329746932 1.39851786216756
-3 -2.75 13 14 -81.16555092864974 1.26153923156308
-3 -2.75 14 15 -42.2593111430408 1.143384316553161
-3 -2.75 15 16 -12.88481159916068 1.040658951139145
-3 -2.75 16 17 9.325714102369602 0.9507179631291305
-3 -2.75 17 18 26.09934295132507 0.8714727353498387
-3 -2.75 18 19 38.71237667163712 0.801254383128158
-3 -2.75 19 20 48.11908555247999 0.7387149128260129
-3 -2.75 20 21 55.04046307051669 0.6827547448108693
-3 -2.75 21 22 60.02636921557382 0.6324688273398745
-3 -2.75 22 23 63.49966726530033 0.5871060556795823
-3 -2.75 23 24 65.7879855456124 0.546038346193206
-3 -2.75 24 25 67.14685127270684 0.5087368080917617
-3 -2.75 25 26 67.77672806249734 0.4747531963151793
-3 -2.75 26 27 67.83569244955191 0.4437053381149218
-3 -2.75 27 28 67.44895482235438 0.4152655803732828
-3 -2.75 28 29 66.71607272355863 0.3891515571859379
-3 -2.75 29 30 65.71645981106337 0.3651187546652206
-3 -2.75 30 31 64.51362456147712 0.3429544800178705
-3 -2.75 31 32 63.15845409681219 0.3224729372350507
-3 -2.75 32 33 61.69177449155598 0.3035111810937065
-3 -2.75 33 34 60.1463587949375 0.2859257724775189
-3 -2.75 34 35 58.54851054725555 0.2695899990606122
-3 -2.75 35 36 56.91931889289361 0.2543915526588986
-3 -2.75 36 37 55.27565807033028 0.2402305792849527
-3 -2.75 37 38 53.6309868376606 0.2270180343191567
-3 -2.75 38 39 51.99599045197652 0.2146742884300884
-3 -2.75 39 40 50.37909810576193 0.2031279417447224
-3 -2.75 40 41 48.78690148611599 0.192314810581671
-3 -2.75 41 42 47.22449431641593 0.1821770585657542
-3 -2.75 42 43 45.69574866771575 0.1726624489033166
-3 -2.75 43 44 44.20354036916788 0.1637236985947506
-3 -2.75 44 45 42.74993332217574 0.1553179188034977
-3 -2.75 45 46 41.3354138894446 0.1475626172496084
-3 -2.75 46 47 39.96256378157906 0.1410183176913517
-3 -2.75 47 48 38.63089199629962 0.1357664829719372
-3 -2.75 48 49 37.34048374562386 0.1317796360920557
-3 -2.75 49 50 36.0909518265232 0.1284822054183519
-2.75 -2.5 0 1 2915.350096974389 2.077647200335247
-2.75 -2.5 1 2 -3891.025424890116 1.110009205263151
-2.75 -2.5 2 3 -5138.052577283326 2.882553402688353
-2.75 -2.5 3 4 -3776.135965766196 2.724595835343003
-2.75 -2.5 4 5 -2652.7193072847 2.379014053332187
-2.75 -2.5 5 6 -1865.434851576663 2.060476747614078
-2.75 -2.5 6 7 -1323.827944500758 1.793764011878734
-2.75 -2.5 7 8 -947.6174577512234 1.573975026304605
-2.75 -2.5 8 9 -681.9872767263828 1.391796115478438
-2.75 -2.5 9 10 -491.1944555014315 1.23985239206939
-2.75 -2.5 10 11 -352.0500595087506 1.111630774278124
-2.75 -2.5 11 12 -249.1970971656433 1.002417563187922
-2.75 -2.5 12 13 -172.3117131490233 0.9085507381891392
-2.75 -2.5 13 14 -114.3125735304607 0.8272074510381495
-2.75 -2.5 14 15 -70.25118827584492 0.7561906456906035
-2.75 -2.5 15 16 -36.60901300680075 0.6937718674815934
-2.75 -2.5 16 17 -10.8442424087898 0.6385765585914823
-2.75 -2.5 17 18 8.905893597017666 0.5895001810556761
-2.75 -2.5 18 19 24.02431326260853 0.5456464356067807
-2.75 -2.5 19 20 35.54970847391564 0.5062813206409097
-2.75 -2.5 20 21 44.27042394306375 0.4707986155817042
-2.75 -2.5 21 22 50.79043863976904 0.4386936764077773
-2.75 -2.5 22 23 55.57639761806104 0.4095433365412469
-2.75 -2.5 23 24 58.99157427701903 0.382990341192301
-2.75 -2.5 24 25 61.32068991966821 0.3587311778565522
-2.75 -2.5 25 26 62.78825261881479 0.3365064797460572
-2.75 -2.5 26 27 63.57224591714976 0.3160933942863032
-2.75 -2.5 27 28 63.81444268854591 0.2972994669647174
-2.75 -2.5 28 29 63.62824386477183 0.2799577037518005
-2.75 -2.5 29 30 63.10468390607144 0.2639225567744922
-2.75 -2.5 30 31 62.3170660964222 0.2490666400337103
-2.75 -2.5 31 32 61.32456499205801 0.2352780249109172
-2.75 -2.5 32 33 60.17504411267123 0.2224580013733443
-2.75 -2.5 33 34 58.90727295984061 0.2105192130990665
-2.75 -2.5 34 35 57.55268107074829 0.1993840977079833
-2.75 -2.5 35 36 56.13675293390332 0.1889835740479209
-2.75 -2.5 36 37 54.68014259065944 0.1792559337806142
-2.75 -2.5 37 38 53.19956823915703 0.1701459002322906
-2.75 -2.5 38 39 51.70853322275684 0.1616038271948865
-2.75 -2.5 39 40 50.21790930035979 0.1535850122988201
-2.75 -2.5 40 41 48.73641026461161 0.1460491086615325
-2.75 -2.5 41 42 47.2709776794313 0.1389596168246461
-2.75 -2.5 42 43 45.82709609041061 0.1322834460566703
-2.75 -2.5 43 44 44.40905128518827 0.1259905334125712
-2.75 -2.5 44 45 43.02014243432436 0.1200535122570281
-2.75 -2.5 45 46 41.66188952456125 0.1146703611632651
-2.75 -2.5 46 47 40.33793022777823 0.1106600300238479
-2.75 -2.5 47 48 39.04856146012946 0.1081379290369673
-2.75 -2.5 48 49 37.79460782637798 0.1070446912382573
-2.75 -2.5 49 50 36.57633960249305 0.1065630593057152
-2.5 -2.25 0 1 3493.75765104905 1.604998271294493
-2.5 -2.25 1 2 -3459.995179196245 0.9645662684615983
-2.5 -2.25 2 3 -5231.908241889686 1.697802884522334
-2.5 -2.25 3 4 -3926.280266969303 1.563711208966257
-2.5 -2.25 4 5 -2792.373550641612 1.425346060423788
-2.5 -2.25 5 6 -1984.184024891758 1.276545623190847
-2.5 -2.25 6 7 -1422.456858567146 1.139957898285818
-2.5 -2.25 7 8 -1029.161327458275 1.020836629986438
-2.5 -2.25 8 9 -749.5473315934792 0.9176643621912971
-2.5 -2.25 9 10 -547.4263415711971 0.8289506609055227
-2.5 -2.25 10 11 -399.1025785677439 0.7520629593975118
-2.5 -2.25 11 12 -288.7814014135679 0.6851421906041921
-2.5 -2.25 12 13 -205.7851467108219 0.6265619900412008
-2.5 -2.25 13 14 -142.7545817952785 0.5749905366030073
-2.5 -2.25 14 15 -94.52472061204412 0.5293420698967495
-2.5 -2.25 15 16 -57.40833581100219 0.4887300390483368
-2.5 -2.25 16 17 -28.73165558632013 0.4524273544035902
-2.5 -2.25 17 18 -6.528053789809746 0.4198342939778276
-2.5 -2.25 18 19 10.66767143739639 0.3904531036207597
-2.5 -2.25 19 20 23.95985638741945 0.3638680330888983
-2.5 -2.25 20 21 34.18957409418317 0.3397296521452012
-2.5 -2.25 21 22 42.00343634980493 0.3177424952032964
-2.5 -2.25 22 23 47.90277462610106 0.2976552826340406
-2.5 -2.25 23 24 52.27925066909711 0.2792531400110494
-2.5 -2.25 24 25 55.44094918285145 0.2623513690917832
-2.5 -2.25 25 26 57.63170695349629 0.2467904319389712
-2.5 -2.25 26 27 59.04557711004759 0.2324318857653099
-2.5 -2.25 27 28 59.83775445212268 0.2191550707603431
-2.5 -2.25 28 29 60.13289934581326 0.2068543930528725
-2.5 -2.25 29 30 60.03153048974099 0.1954370852618185
-2.5 -2.25 30 31 59.61497115582415 0.1848213504239249
-2.5 -2.25 31 32 58.94920264967044 0.1749348143289757
-2.5 -2.25 32 33 58.08788567176509 0.1657132310278256
-2.5 -2.25 33 34 57.07474340731261 0.1570993923425849
-2.5 -2.25 34 35 55.94545161428107 0.1490422073257072
-2.5 -2.25 35 36 54.72914546288399 0.1414959205507333
-2.5 -2.25 36 37 53.44962660339445 0.1344194456015747
-2.5 -2.25 37 38 52.12633446810031 0.1277757961139832
-2.5 -2.25 38 39 50.7751311166877 0.1215315953181177
-2.5 -2.25 39 40 49.40893786161257 0.1156566555322255
-2.5 -2.25 40 41 48.03825362758226 0.1101236128554416
-2.5 -2.25 41 42 46.67157831840512 0.104907611145546
-2.5 -2.25 42 43 45.31575978940344 0.09998602719777713
-2.5 -2.25 43 44 43.97627898531505 0.0953382302381737
-2.5 -2.25 44 45 42.6574849021473 0.0909453720661894
-2.5 -2.25 45 46 41.3617793024348 0.08711221650919801
-2.5 -2.25 46 47 40.09369688105872 0.08502913917734754
-2.5 -2.25 47 48 38.85421137491718 0.08483117278219171
-2.5 -2.25 48 49 37.64478312130615 0.08636127901311949
-2.5 -2.25 49 50 36.46624698119717 0.09180173737432919
-2.25 -2 0 1 4019.097369487892 1.034500861180165
-2.25 -2 1 2 -3063.141710126247 0.8591846336705175
-2.25 -2 2 3 -5324.001651992666 1.659868982091595
-2.25 -2 3 4 -4067.872222699255 1.537169298961906
-2.25 -2 4 5 -2920.345467204339 1.356028009682029
-2.25 -2 5 6 -2089.975281058492 1.195469724855379
-2.25 -2 6 7 -1507.978119756285 1.060577383306222
-2.25 -2 7 8 -1098.067881618542 0.9473703566322009
-2.25 -2 8 9 -805.2419835849846 0.8517719672077881
-2.25 -2 9 10 -592.6794001016651 0.7698290042782002
-2.25 -2 10 11 -436.0760934561426 0.6992803916601101
-2.25 -2 11 12 -319.1485069957771 0.6379640364946539
-2.25 -2 12 13 -230.8420845775586 0.5842802930081715
-2.25 -2 13 14 -163.5118051223224 0.5369684489582933
-2.25 -2 14 15 -111.7761427945943 0.4950238068856066
-2.25 -2 15 16 -71.78294292250644 0.4576372006732339
-2.25 -2 16 17 -40.73183923004899 0.4241504950463456
-2.25 -2 17 18 -16.55818798974178 0.3940234964176443
-2.25 -2 18 19 2.279774075560681 0.366809065658071
-2.25 -2 19 20 16.94669602806903 0.3421341952599207
-2.25 -2 20 21 28.33154682363875 0.3196854628492495
-2.25 -2 21 22 37.11925990907116 0.2991977463513401
-2.25 -2 22 23 43.84204192317748 0.2804453795352964
-2.25 -2 23 24 48.91659066398745 0.2632351655384307
-2.25 -2 24 25 52.67141300901073 0.2474008097827201
-2.25 -2 25 26 55.3670960744646 0.2327984515318952
-2.25 -2 26 27 57.21150172555429 0.2193030494854614
-2.25 -2 27 28 58.37126234966115 0.2068054403583929
-2.25 -2 28 29 58.98055358919078 0.1952099269264001
-2.25 -2 29 30 59.14784264054026 0.1844322906559571
-2.25 -2 30 31 58.96111790172824 0.1743981433430574
-2.25 -2 31 32 58.49196966767227 0.1650415526209126
-2.25 -2 32 33 57.79879469770708 0.1563038903124354
-2.25 -2 33 34 56.92932776870202 0.1481328625096445
-2.25 -2 34 35 55.92265265543841 0.1404816889588733
-2.25 -2 35 36 54.81080785857995 0.1333084056310258
-2.25 -2 36 37 53.62007490744452 0.1265752700759664
-2.25 -2 37 38 52.37201666188787 0.1202482514836301
-2.25 -2 38 39 51.08431763116482 0.1142965926452195
-2.25 -2 39 40 49.77146669274072 0.1086924320862546
-2.25 -2 40 41 48.44531388377715 0.1034104759761164
-2.25 -2 41 42 47.11552591528385 0.09842771492711852
-2.25 -2 42 43 45.78996012176668 0.09372317534204105
-2.25 -2 43 44 44.47497230087728 0.08927770325477451
-2.25 -2 44 45 43.17567083653867 0.08507377524808442
-2.25 -2 45 46 41.89507417213923 0.08174788836184019
-2.25 -2 46 47 40.63837466350407 0.08167855902198236
-2.25 -2 47 48 39.40700327203254 0.08493051623328612
-2.25 -2 48 49 38.20285699304131 0.09088878385952878
-2.25 -2 49 50 37.02715095716582 0.0971945690964857
-2 -1.75 0 1 4518.299232767781 1.066703772321474
-2 -1.75 1 2 -2666.898714262081 2.748385945437864
-2 -1.75 2 3 -5384.980394290367 2.744557293889192
-2 -1.75 3 4 -4186.938943470352 2.242231607076594
-2 -1.75 4 5 -3036.769234520651 1.842961810099081
-2 -1.75 5 6 -2192.21117829648 1.545597089366562
-2 -1.75 6 7 -1595.06112642413 1.320300638365466
-2 -1.75 7 8 -1171.60567084136 1.144885842334664
-2 -1.75 8 9 -867.3016701337756 1.005165170475104
-2 -1.75 9 10 -645.1913457511491 0.8913095335812984
-2 -1.75 10 11 -480.6847357221131 0.7968473133780767
-2 -1.75 11 12 -357.2107242776549 0.7173523888702239
-2 -1.75 12 13 -263.4636792154076 0.6495778462121695
-2 -1.75 13 14 -191.5914083922801 0.5911683759014336
-2 -1.75 14 15 -136.045182948093 0.5403608892990237
-2 -1.75 15 16 -92.8389953832509 0.4958092340080304
-2 -1.75 16 17 -59.0654608602008 0.4564674686538556
-2 -1.75 17 18 -32.57417883116614 0.4215102634962675
-2 -1.75 18 19 -11.75438688945565 0.3902774023201094
-2 -1.75 19 20 4.614355629580359 0.3622342924258157
-2 -1.75 20 21 17.46637056265274 0.3369433364367072
-2 -1.75 21 22 27.52365824635206 0.3140428253955019
-2 -1.75 22 23 35.34888162208961 0.293231137320326
-2 -1.75 23 24 41.38389235452019 0.2742547416223207
-2 -1.75 24 25 45.97807476678508 0.2568989775695268
-2 -1.75 25 26 49.40942586432675 0.2409808832312964
-2 -1.75 26 27 51.90039098211196 0.226343560427485
-2 -1.75 27 28 53.62987053209758 0.2128517028336565
-2 -1.75 28 29 54.74240218552779 0.2003880171111889
-2 -1.75 29 30 55.35523899391387 0.1888503330394861
-2 -1.75 30 31 55.56384607132463 0.1781492542462821
-2 -1.75 31 32 55.44619854521096 0.1682062333298746
-2 -1.75 32 33 55.0661637029317 0.1589519854648712
-2 -1.75 33 34 54.47617834097611 0.1503251716087093
-2 -1.75 34 35 53.71937995773533 0.1422713001560901
-2 -1.75 35 36 52.83131199819883 0.13474180671699
-2 -1.75 36 37 51.84129486213396 0.1276932757111967
-2 -1.75 37 38 50.77353319386617 0.121086783817902
-2 -1.75 38 39 49.64801395046749 0.1148873394526485
-2 -1.75 39 40 48.4812376234479 0.1090634041705735
-2 -1.75 40 41 47.28681590696999 0.1035864823818332
-2 -1.75 41 42 46.0759617575672 0.0984307680449788
-2 -1.75 42 43 44.85789263894878 0.09357283848271847
-2 -1.75 43 44 43.64016326757081 0.08899138966342772
-2 -1.75 44 45 42.4289409713443 0.08466700568894625
-2 -1.75 45 46 41.22815106500914 0.08121794110421346
-2 -1.75 46 47 40.04387267067426 0.0814225971310137
-2 -1.75 47 48 38.87824471901448 0.08511694739359021
-2 -1.75 48 49 37.73382045985517 0.09166040544726324
-2 -1.75 49 50 36.61239445328647 0.09856674160493949
-1.75 -1.5 0 1 4980.274183680654 0.9790185111539779
-1.75 -1.5 1 2 -2281.207611827307 0.8187752125032017
-1.75 -1.5 2 3 -5417.715528270634 1.74149749274396
-1.75 -1.5 3 4 -4263.818124974967 1.681451893896306
-1.75 -1.5 4 5 -3106.66923538566 1.499897159446264
-1.75 -1.5 5 6 -2248.785404008848 1.317823064788564
-1.75 -1.5 6 7 -1639.63263241543 1.15825488482807
-1.75 -1.5 7 8 -1206.571692052084 1.022921663265348
-1.75 -1.5 8 9 -894.8439185797833 0.9094148508013398
-1.75 -1.5 9 10 -666.9804022339185 0.8141079610355488
-1.75 -1.5 10 11 -498.0025272684125 0.7322771637579537
-1.75 -1.5 11 12 -371.0316930223739 0.662527034340858
-1.75 -1.5 12 13 -274.525907122478 0.602295237310884
-1.75 -1.5 13 14 -200.4613579891313 0.549880086037644
-1.75 -1.5 14 15 -143.1618792580791 0.5039414461597274
-1.75 -1.5 15 16 -98.54591727022171 0.4634169708147033
-1.75 -1.5 16 17 -63.63367103638143 0.4274573337174183
-1.75 -1.5 17 18 -36.21925876724322 0.3953772982802738
-1.75 -1.5 18 19 -14.64897578858199 0.3666189711588376
-1.75 -1.5 19 20 2.331168543340482 0.340724150718695
-1.75 -1.5 20 21 15.68193129933934 0.3173133886567707
-1.75 -1.5 21 22 26.14630146793638 0.2960700159285925
-1.75 -1.5 22 23 34.30372044792625 0.2767278411507468
-1.75 -1.5 23 24 40.60953497466096 0.259061598375055
-1.75 -1.5 24 25 45.42404322202458 0.2428794611984889
-1.75 -1.5 25 26 49.03411204569238 0.2280171278111637
-1.75 -1.5 26 27 51.66942736515307 0.214333107658232
-1.75 -1.5 27 28 53.51482373552574 0.2017049383267417
-1.75 -1.5 28 29 54.71971970218749 0.1900261249999004
-1.75 -1.5 29 30 55.40539583704413 0.1792036493109981
-1.75 -1.5 30 31 55.67065027076762 0.1691559262326345
-1.75 -1.5 31 32 55.59622358905835 0.159811120079675
-1.75 -1.5 32 33 55.24828296113969 0.1511057473989764
-1.75 -1.5 33 34 54.68118181253669 0.1429835119062291
-1.75 -1.5 34 35 53.93965776962375 0.1353943272399053
-1.75 -1.5 35 36 53.06059225336094 0.1282934950846799
-1.75 -1.5 36 37 52.07442590405452 0.1216410076770781
-1.75 -1.5 37 38 51.00630230444199 0.1154009571241181
-1.75 -1.5 38 39 49.87699602906252 0.1095410295347149
-1.75 -1.5 39 40 48.70366861298049 0.1040320729527037
-1.75 -1.5 40 41 47.50048671115871 0.09884772412241537
-1.75 -1.5 41 42 46.27912916346691 0.09396408857581688
-1.75 -1.5 42 43 45.0492043988973 0.08935946126454516
-1.75 -1.5 43 44 43.81859498795052 0.08501408594753854
-1.75 -1.5 44 45 42.59374287873163 0.08090994388035185
-1.75 -1.5 45 46 41.37876266978199 0.07774608479489624
-1.75 -1.5 46 47 40.18000317465584 0.07813659408332417
-1.75 -1.5 47 48 38.99972233091944 0.08216940927195629
-1.75 -1.5 48 49 37.84060568541017 0.08918856936408337
-1.75 -1.5 49 50 36.70456359894948 0.09660588397947828
-1.5 -1.25 0 1 5418.162987254832 3.10609630530616
-1.5 -1.25 1 2 -1901.502952003731 3.724899188526743
-1.5 -1.25 2 3 -5443.360438544126 1.683868900495932
-1.5 -1.25 3 4 -4344.599804161155 1.618406207548954
-1.5 -1.25 4 5 -3188.188983125765 1.445107547375188
-1.5 -1.25 5 6 -2320.614421262906 1.276410196821684
-1.5 -1.25 6 7 -1700.672710103146 1.129633656728142
-1.5 -1.25 7 8 -1257.935027134321 1.005181958142912
-1.5 -1.25 8 9 -938.035165042982 0.8996905115980083
-1.5 -1.25 9 10 -703.4824391579186 0.8092034044568935
-1.5 -1.25 10 11 -528.9145781476391 0.7326337607187881
-1.5 -1.25 11 12 -397.3605046963053 0.666143780747355
-1.5 -1.25 12 13 -297.0599451183527 0.6082909308651522
-1.5 -1.25 13 14 -219.8380483001724 0.5575992913236213
-1.5 -1.25 14 15 -159.897909105345 0.5128949787335683
-1.5 -1.25 15 16 -113.0619991991114 0.473237890498162
-1.5 -1.25 16 17 -76.27418485592852 0.4378689584750092
-1.5 -1.25 17 18 -47.2676566824457 0.4061700349790263
-1.5 -1.25 18 19 -24.33983540105032 0.3776334770989261
-1.5 -1.25 19 20 -6.19730504995664 0.3518390160204869
-1.5 -1.25 20 21 8.152677110418608 0.3284360524474537
-1.5 -1.25 21 22 19.4791969280775 0.3071300096313516
-1.5 -1.25 22 23 28.38310434896425 0.2876717194708501
-1.5 -1.25 23 24 35.3374000727265 0.2698491038645186
-1.5 -1.25 24 25 40.71701198878691 0.2534806008983232
-1.5 -1.25 25 26 44.82098705776104 0.2397947484639713
-1.5 -1.25 26 27 47.88919654292908 0.2278793970732203
-1.5 -1.25 27 28 50.11502773184031 0.2167638798334589
-1.5 -1.25 28 29 51.65510927441528 0.2063787159466094
-1.5 -1.25 29 30 52.63682267692195 0.1966617933163697
-1.5 -1.25 30 31 53.16414675743886 0.1875574709634134
-1.5 -1.25 31 32 53.32223617563079 0.1790157989962128
-1.5 -1.25 32 33 53.18103107919035 0.1709918414451181
-1.5 -1.25 33 34 52.79811977167691 0.1634450884573228
-1.5 -1.25 34 35 52.22102152828069 0.1563389444309305
-1.5 -1.25 35 36 51.48901639760942 0.1496402839903323
-1.5 -1.25 36 37 50.63461892957343 0.143319062856901
-1.5 -1.25 37 38 49.68477048359119 0.1373479792776563
-1.5 -1.25 38 39 48.66180790556291 0.1317021776701189
-1.5 -1.25 39 40 47.5842535829604 0.1263589879133055
-1.5 -1.25 40 41 46.4674622891726 0.1212976973852435
-1.5 -1.25 41 42 45.32415246252003 0.1164993494138013
-1.5 -1.25 42 43 44.16484410863382 0.1119465659051951
-1.5 -1.25 43 44 42.99822075542085 0.1076233907991517
-1.5 -1.25 44 45 41.83142950073784 0.1035151507523466
-1.5 -1.25 45 46 40.66917827730305 0.09995751795010384
-1.5 -1.25 46 47 39.51841257528866 0.09824467484609914
-1.5 -1.25 47 48 38.38184891041718 0.09855446711022875
-1.5 -1.25 48 49 37.26260449303385 0.1007814217463115
-1.5 -1.25 49 50 36.16296157713279 0.1036589418574914
-1.25 -1 0 1 5788.99389367821 1.561793732501241
-1.25 -1 1 2 -1597.515178880974 0.7246565354206219
-1.25 -1 2 3 -5481.723218611367 2.069357249925466
-1.25 -1 3 4 -4422.934849382369 1.970758249642229
-1.25 -1 4 5 -3261.577070157438 1.737442167298847
-1.25 -1 5 6 -2382.001097834316 1.519801091821177
-1.25 -1 6 7 -1750.512662215457 1.336008535806126
-1.25 -1 7 8 -1298.124185459928 1.18313487700715
-1.25 -1 8 9 -970.4649704304588 1.055674779780367
-1.25 -1 9 10 -729.744284176857 0.9486783425410024
-1.25 -1 10 11 -550.2671338527311 0.8572107101935011
-1.25 -1 11 12 -414.7858816743419 0.7788519575155549
-1.25 -1 12 13 -311.325350675485 0.7109650323828052
-1.25 -1 13 14 -231.5448634184943 0.6516768016590565
-1.25 -1 14 15 -169.5206854889807 0.599524671687914
-1.25 -1 15 16 -120.9779677360193 0.5533534637325205
-1.25 -1 16 17 -82.78541363913951 0.5122403673274991
-1.25 -1 17 18 -52.6177131007255 0.475440183346554
-1.25 -1 18 19 -28.7263868327384 0.4423450399016685
-1.25 -1 19 20 -9.781720981708986 0.4124544436456675
-1.25 -1 20 21 5.237946673019906 0.3853527610063489
-1.25 -1 21 22 17.12490382511851 0.3606920932725042
-1.25 -1 22 23 26.49873527574789 0.3381791125744541
-1.25 -1 23 24 33.84765956067508 0.317564836008785
-1.25 -1 24 25 39.55903320987829 0.2986366060125503
-1.25 -1 25 26 43.94210488975557 0.2812117433420927
-1.25 -1 26 27 47.24515843294876 0.2651324806215269
-1.25 -1 27 28 49.66854797145515 0.25026188641087
-1.25 -1 28 29 51.3746945173516 0.2364805614290314
-1.25 -1 29 30 52.4958130766255 0.2236839418865907
-1.25 -1 30 31 53.13992953361549 0.2117800839676324
-1.25 -1 31 32 53.39559784142227 0.2006878324843374
-1.25 -1 32 33 53.33562174403664 0.1903352984010933
-1.25 -1 33 34 53.02000847871329 0.1806585857407436
-1.25 -1 34 35 52.49832585626422 0.1716007220382934
-1.25 -1 35 36 51.81159291290567 0.1631107555953199
-1.25 -1 36 37 50.99380368630227 0.1551429893406578
-1.25 -1 37 38 50.07316084273202 0.1476563284506592
-1.25 -1 38 39 49.07307858735027 0.1406137219612251
-1.25 -1 39 40 48.0130011724454 0.1339816839301163
-1.25 -1 40 41 46.90907346991014 0.1277298801757154
-1.25 -1 41 42 45.77469208929978 0.1218307710396869
-1.25 -1 42 43 44.62095992497353 0.1162593010305747
-1.25 -1 43 44 43.45706210375556 0.1109926297247471
-1.25 -1 44 45 42.29057783178251 0.1060098953508862
-1.25 -1 45 46 41.12655898730668 0.101672457016794
-1.25 -1 46 47 39.97233027109388 0.09940615209184692
-1.25 -1 47 48 38.83085711383387 0.09943038811904713
-1.25 -1 48 49 37.70549629912716 0.101628288205721
-1.25 -1 49 50 36.59873939286973 0.1089609121130107
-1 -0.75 0 1 6111.714481391494 2.303399770390658
-1 -0.75 1 2 -1308.513226850852 2.065647978976987
-1 -0.75 2 3 -5485.461585259854 1.564679034580629
-1 -0.75 3 4 -4465.169225384282 1.521134508562756
-1 -0.75 4 5 -3304.058185740987 1.364403688571551
-1 -0.75 5 6 -2418.129850603872 1.212928295676706
-1 -0.75 6 7 -1779.984442453398 1.082155642785781
-1 -0.75 7 8 -1321.921028204558 0.9712553186056813
-1 -0.75 8 9 -989.6758277349977 0.8767357970900151
-1 -0.75 9 10 -745.3024078244043 0.7953090868906629
-1 -0.75 10 11 -562.9247134730699 0.7253551679608226
-1 -0.75 11 12 -425.1254130870775 0.6641576303955492
-1 -0.75 12 13 -319.803681238641 0.6104014543250762
-1 -0.75 13 14 -238.5201738094686 0.562873020142406
-1 -0.75 14 15 -175.2755805864358 0.5206032209290518
-1 -0.75 15 16 -125.7369972500258 0.4828103172599665
-1 -0.75 16 17 -86.72824467949818 0.4488575022471583
-1 -0.75 17 18 -55.88904530599007 0.4182212408530059
-1 -0.75 18 19 -31.44345930875079 0.390467432529802
-1 -0.75 19 20 -12.04004080925142 0.3652332815994718
-1 -0.75 20 21 3.36019554917857 0.3422133608601133
-1 -0.75 21 22 15.56343828075592 0.321148798870833
-1 -0.75 22 23 25.20049473787435 0.3018188031069353
-1 -0.75 23 24 32.76869394413461 0.2840339601689938
-1 -0.75 24 25 38.66282556588351 0.2676308951081458
-1 -0.75 25 26 43.19823062872581 0.2524679801481541
-1 -0.75 26 27 46.62820720715411 0.238421860402174
-1 -0.75 27 28 49.15725203977513 0.2253846243252401
-1 -0.75 28 29 50.95122053530315 0.2132614799405444
-1 -0.75 29 30 52.14518403388809 0.2019688383518875
-1 -0.75 30 31 52.84955093702422 0.1914327212668043
-1 -0.75 31 32 53.15486783329141 0.1815874327840745
-1 -0.75 32 33 53.13560913366041 0.1723744428917355
-1 -0.75 33 34 52.85318596789739 0.1637414476879679
-1 -0.75 34 35 52.35834830924574 0.155641571819963
-1 -0.75 35 36 51.69311253022903 0.1480326899850717
-1 -0.75 36 37 50.8923155195659 0.1408768480393175
-1 -0.75 37 38 49.98487334121995 0.1341397645720414
-1 -0.75 38 39 48.99480486069791 0.1277904036521128
-1 -0.75 39 40 47.94206744659579 0.1218006042506371
-1 -0.75 40 41 46.84324185674581 0.1161447591662802
-1 -0.75 41 42 45.71209529982104 0.110799536332119
-1 -0.75 42 43 44.56004597753747 0.1057436347865431
-1 -0.75 43 44 43.39654741346834 0.100957571997176
-1 -0.75 44 45 42.22940734575468 0.09642349631346363
-1 -0.75 45 46 41.06384727435682 0.09292589207482094
-1 -0.75 46 47 39.90740375516265 0.09339785519335915
-1 -0.75 47 48 38.76315816612129 0.09794931844360213
-1 -0.75 48 49 37.63458700443456 0.1058525681944654
-1 -0.75 49 50 36.52427746779523 0.1142149258487207
-0.75 -0.5 0 1 6365.512895806876 3.302463238013173
-0.75 -0.5 1 2 -1083.997229812369 2.77963918121235
-0.75 -0.5 2 3 -5494.304596584722 1.567352981228674
-0.75 -0.5 3 4 -4506.071140653814 1.534218971112063
-0.75 -0.5 4 5 -3345.682751554254 1.378633709997008
-0.75 -0.5 5 6 -2454.559152873825 1.225389644196142
-0.75 -0.5 6 7 -1810.655879065649 1.092157922566296
-0.75 -0.5 7 8 -1347.496526086441 0.9787508844148807
-0.75 -0.5 8 9 -1011.004362532546 0.9023582669928779
-0.75 -0.5 9 10 -763.1521160290577 0.8316718797438061
-0.75 -0.5 10 11 -577.9410042133818 0.7680726582852859
-0.75 -0.5 11 12 -437.8225280617103 0.7104795761175592
-0.75 -0.5 12 13 -330.5949346112309 0.6585860188817561
-0.75 -0.5 13 14 -247.7366024611038 0.6118055595589562
-0.75 -0.5 14 15 -183.1834471831003 0.5695620935544717
-0.75 -0.5 15 16 -132.55168010633 0.5313265013098601
-0.75 -0.5 16 17 -92.62502646153621 0.4966277480448058
-0.75 -0.5 17 18 -61.01144303562091 0.4650528758443958
-0.75 -0.5 18 19 -35.90966376975553 0.4362424716957017
-0.75 -0.5 19 20 -15.9479176722009 0.409884630954309
-0.75 -0.5 20 21 -0.07080264359797184 0.3857087801041876
-0.75 -0.5 21 22 12.54121125318329 0.3634799381989575
-0.75 -0.5 22 23 22.52983620231271 0.3429936249770323
-0.75 -0.5 23 24 30.40136254004631 0.3240714508320146
-0.75 -0.5 24 25 36.55798109598675 0.3065573465622873
-0.75 -0.5 25 26 41.32117412515674 0.290314362809092
-0.75 -0.5 26 27 44.94935771968903 0.2752219621363711
-0.75 -0.5 27 28 47.65131131755902 0.2611737301433277
-0.75 -0.5 28 29 49.5964877638736 0.2480754387504686
-0.75 -0.5 29 30 50.92299110923568 0.2358434073097093
-0.75 -0.5 30 31 51.74379508895504 0.224403109984834
-0.75 -0.5 31 32 52.15162326595714 0.2136879924401735
-0.75 -0.5 32 33 52.22280311127224 0.2036384608760875
-0.75 -0.5 33 34 52.02032768711558 0.1942010182034884
-0.75 -0.5 34 35 51.59630119269269 0.1853275217588865
-0.75 -0.5 35 36 50.99390237551421 0.1769745456787823
-0.75 -0.5 36 37 50.24896836262724 0.169102829253975
-0.75 -0.5 37 38 49.39127803353944 0.1616768001662759
-0.75 -0.5 38 39 48.44559626851566 0.1546641606127739
-0.75 -0.5 39 40 47.43252690919633 0.1480355266038711
-0.75 -0.5 40 41 46.36921213892589 0.141764113392841
-0.75 -0.5 41 42 45.26990774266585 0.1358254602533026
-0.75 -0.5 42 43 44.14645795307428 0.130197188624592
-0.75 -0.5 43 44 43.00868849928798 0.1248587899845969
-0.75 -0.5 44 45 41.86473290081364 0.1197914380882357
-0.75 -0.5 45 46 40.72008090951033 0.1153546539284884
-0.75 -0.5 46 47 39.5825501868681 0.1129562987424616
-0.75 -0.5 47 48 38.45542591488555 0.1128111949418718
-0.75 -0.5 48 49 37.34237941642891 0.1148182377096043
-0.75 -0.5 49 50 36.24616808966584 0.1176026823070588
-0.5 -0.25 0 1 6536.632099768741 3.398425091175842
-0.5 -0.25 1 2 -936.4448510813786 2.388947027247792
-0.5 -0.25 2 3 -5504.183915342875 1.545135928796929
-0.5 -0.25 3 4 -4536.613072104986 1.530172606595935
-0.5 -0.25 4 5 -3375.786032306559 1.451566248671216
-0.5 -0.25 5 6 -2480.418029884924 1.363491336823707
-0.5 -0.25 6 7 -1832.077026969536 1.254325058705336
-0.5 -0.25 7 8 -1365.076134582935 1.147067827268207
-0.5 -0.25 8 9 -1025.425437883614 1.048582388598395
-0.5 -0.25 9 10 -775.0177623092427 0.9604216804293239
-0.5 -0.25 10 11 -587.7434572324141 0.881476995041845
-0.5 -0.25 11 12 -445.9527458325701 0.8114372629452757
-0.5 -0.25 12 13 -337.3634372849406 0.7490670304947558
-0.5 -0.25 13 14 -253.3901000449812 0.693374294305752
-0.5 -0.25 14 15 -187.918952251302 0.6434781148443072
-0.5 -0.25 15 16 -136.5275019034896 0.5986164891906801
-0.5 -0.25 16 17 -95.96919983513999 0.5581378390458245
-0.5 -0.25 17 18 -63.82817107335222 0.52148737600807
-0.5 -0.25 18 19 -38.28425717507275 0.4881929241029804
-0.5 -0.25 19 20 -17.95060410431029 0.4578519422424654
-0.5 -0.25 20 21 -1.759685689869229 0.4301202749315596
-0.5 -0.25 21 22 11.11783621393988 0.4047026562153663
-0.5 -0.25 22 23 21.33165587285384 0.3813447986672149
-0.5 -0.25 23 24 29.39459539694644 0.3598268419744305
-0.5 -0.25 24 25 35.71421777490229 0.3399579405427308
-0.5 -0.25 25 26 40.61644439867416 0.3215717882681456
-0.5 -0.25 26 27 44.36337541481748 0.3045229139470689
-0.5 -0.25 27 28 47.16685994379918 0.2886836040438856
-0.5 -0.25 28 29 49.19891813742277 0.2739413401105326
-0.5 -0.25 29 30 50.5998086618772 0.2601966555690158
-0.5 -0.25 30 31 51.48431939486125 0.2473613376798794
-0.5 -0.25 31 32 51.94670602830149 0.2353569122652154
-0.5 -0.25 32 33 52.06459369680852 0.2241133628491819
-0.5 -0.25 33 34 51.90207751177275 0.2135680430123715
-0.5 -0.25 34 35 51.51219997946293 0.2036647495433253
-0.5 -0.25 35 36 50.93894066721441 0.1943529306655958
-0.5 -0.25 36 37 50.21882173715306 0.1855870056197765
-0.5 -0.25 37 38 49.38220932473234 0.1773257796724081
-0.5 -0.25 38 39 48.45437277027088 0.1695319381157599
-0.5 -0.25 39 40 47.45635008978292 0.1621716084355007
-0.5 -0.25 40 41 46.40565782906759 0.1552139794080882
-0.5 -0.25 41 42 45.3168751180948 0.148630968885246
-0.5 -0.25 42 43 44.20212592212755 0.1423969340153266
-0.5 -0.25 43 44 43.07147833854901 0.1364884164634714
-0.5 -0.25 44 45 41.93327618139421 0.1308839191871811
-0.5 -0.25 45 46 40.79317989442546 0.1259171944625198
-0.5 -0.25 46 47 39.65918941029901 0.1229099230749062
-0.5 -0.25 47 48 38.53471632680277 0.1220791227035723
-0.5 -0.25 48 49 37.42355253932018 0.1233583215651824
-0.5 -0.25 49 50 36.32856097344211 0.1254619393102103
-0.25 0 0 1 6624.186699371578 3.617223268808226
-0.25 0 1 2 -859.0981687905132 3.050077462118743
-0.25 0 2 3 -5506.727626882556 1.562875913487727
-0.25 0 3 4 -4549.364117023357 1.53948977684016
-0.25 0 4 5 -3388.199683688812 1.387070960166141
-0.25 0 5 6 -2490.733745348672 1.235050309759306
-0.25 0 6 7 -1840.291622201627 1.132819014337414
-0.25 0 7 8 -1371.531858929785 1.047609680997625
-0.25 0 8 9 -1030.478004420675 0.9656543133178492
-0.25 0 9 10 -778.965308364749 0.8902483323161862
-0.25 0 10 11 -590.8238303660087 0.8213584981604956
-0.25 0 11 12 -448.3480518072784 0.7594094953605599
-0.25 0 12 13 -339.2154128279262 0.7036516768374346
-0.25 0 13 14 -254.8090572617602 0.6534374619210478
-0.25 0 14 15 -188.9913431321727 0.608134169109615
-0.25 0 15 16 -137.3215839972472 0.5671627356014951
-0.25 0 16 17 -96.53925098825948 0.5300090039218928
-0.25 0 17 18 -64.21763388620548 0.4962231671189626
-0.25 0 18 19 -38.52810225206895 0.4654144550403888
-0.25 0 19 20 -18.07712265491409 0.4372442976708455
-0.25 0 20 21 -1.79186262389635 0.4114194147647671
-0.25 0 21 22 11.16126039624419 0.3876854406345289
-0.25 0 22 23 21.43535642257871 0.3658212927668468
-0.25 0 23 24 29.54601127769786 0.3456343108190671
-0.25 0 24 25 35.90303472945948 0.3269561128102523
-0.25 0 25 26 40.83418234979138 0.3096390852350322
-0.25 0 26 27 44.60305714618642 0.2935534192562641
-0.25 0 27 28 47.42274360766328 0.278584609309915
-0.25 0 28 29 49.46628024990946 0.2646313413625352
-0.25 0 29 30 50.87476729223636 0.2516037064302256
-0.25 0 30 31 51.76368954388192 0.2394216865003484
-0.25 0 31 32 52.22788092247208 0.2280138678216841
-0.25 0 32 33 52.34544704519465 0.2173163439409757
-0.25 0 33 34 52.18088279251515 0.2072717790532145
-0.25 0 34 35 51.7875636164444 0.1978286036379109
-0.25 0 35 36 51.20974657469247 0.188940324285951
-0.25 0 36 37 50.48418519925349 0.1805649274274939
-0.25 0 37 38 49.6414385630793 0.1726643638215336
-0.25 0 38 39 48.70693686044393 0.1652041018063775
-0.25 0 39 40 47.70185213541583 0.1581527380777754
-0.25 0 40 41 46.64381249806024 0.1514816586298878
-0.25 0 41 42 45.54748980844721 0.1451647417730102
-0.25 0 42 43 44.42508495150901 0.1391780981577815
-0.25 0 43 44 43.2867296604573 0.1334998421462264
-0.25 0 44 45 42.14082021414384 0.1281098898444029
-0.25 0 45 46 40.99305312533556 0.12335514808452
-0.25 0 46 47 39.85147731810093 0.1206013817648596
-0.25 0 47 48 38.71952574516285 0.1200671753910123
-0.25 0 48 49 37.60101302506854 0.1216741981928607
-0.25 0 49 50 36.4988196133676 0.1240928314792974
0 0.25 0 1 6623.687046773234 3.617220389161625
0 0.25 1 2 -860.030597597527 3.050054056607412
0 0.25 2 3 -5507.334032138671 1.562803618939631
0 0.25 3 4 -4549.537988839411 1.539428460339972
0 0.25 4 5 -3388.1308356896 1.387037192059917
0 0.25 5 6 -2490.567656272399 1.235046430779467
0 0.25 6 7 -1840.100723161288 1.132837559838969
0 0.25 7 8 -1371.348420457617 1.04764169795735
0 0.25 8 9 -1030.313946260861 0.9656918278468728
0 0.25 9 10 -778.8230557463503 0.8902848016199174
0 0.25 10 11 -590.7024758521284 0.8213948497971663
0 0.25 11 12 -448.2444056887143 0.7594430255585753
0 0.25 12 13 -339.126321570071 0.7036819061287815
0 0.25 13 14 -254.7316764972013 0.6534643534217809
0 0.25 14 15 -188.9233091311567 0.6081579115086468
0 0.25 15 16 -137.2610220603319 0.5671836163419244
0 0.25 16 17 -96.48471670705521 0.5300273391261177
0 0.25 17 18 -64.16803431009771 0.4962392656011685
0 0.25 18 19 -38.48261864846927 0.4654286013669679
0 0.25 19 20 -18.03514360803752 0.4372567458148034
0 0.25 20 21 -1.752929831053052 0.4114303874767747
0 0.25 21 22 11.19749420723724 0.3876951311703368
0 0.25 22 23 21.46915917887077 0.3658298678779229
0 0.25 23 24 29.57759485507006 0.34564191403386
0 0.25 24 25 35.93257173046823 0.3269628676977252
0 0.25 25 26 40.86181796414871 0.3096450981003261
0 0.25 26 27 44.628917384072 0.2935587816708891
0 0.25 27 28 47.44694090799999 0.2785894004352836
0 0.25 28 29 49.48891722215672 0.264635629709881
0 0.25 29 30 50.89593915790158 0.2516075513140355
0 0.25 30 31 51.78348568689375 0.2394251395761605
0 0.25 31 32 52.24638584548734 0.2280169740265069
0 0.25 32 33 52.36274093834152 0.2173191425172772
0 0.25 33 34 52.19704186118315 0.2072743042807471
0 0.25 34 35 51.80266026604403 0.1978308856931072
0 0.25 35 36 51.22384951545899 0.1889423895120537
0 0.25 36 37 50.49735951745839 0.1805667989553523
0 0.25 37 38 49.65374578012467 0.1726660622855314
0 0.25 38 39 48.7184349986274 0.1652056450962597
0 0.25 39 40 47.71259579370098 0.1581541423022852
0 0.25 40 41 46.65385294540488 0.1514829378149999
0 0.25 41 42 45.55687509076046 0.1451659084852995
0 0.25 42 43 44.43386001282266 0.139179163503334
0 0.25 43 44 43.29493647532274 0.1335008160501301
0 0.25 44 45 42.14849792654155 0.1281107810735715
0 0.25 45 46 41.0002381560746 0.1233559764064807
0 0.25 46 47 39.85820361863233 0.1206022086956287
0 0.25 47 48 38.72582483023513 0.1200680614051883
0 0.25 48 49 37.60691417142564 0.1216751918117656
0 0.25 49 50 36.50434997058008 0.1240939361454204
0.25 0.5 0 1 6535.203432547301 3.398417126314488
0.25 0.5 1 2 -939.1064058487827 2.388875975604997
0.25 0.5 2 3 -5505.907966765794 1.544986758936467
0.25 0.5 3 4 -4537.102564569408 1.530069188668403
0.25 0.5 4 5 -3375.587862058626 1.451527816356237
0.25 0.5 5 6 -2479.94724919352 1.363503891208624
0.25 0.5 6 7 -1831.53849491125 1.254369052128694
0.25 0.5 7 8 -1364.560277505782 1.14713011123817
0.25 0.5 8 9 -1024.965106393032 1.048650475178138
0.25 0.5 9 10 -774.6191571163317 0.960483795613758
0.25 0.5 10 11 -587.4036104454194 0.8815395869165848
0.25 0.5 11 12 -445.6623681570168 0.8114947564949985
0.25 0.5 12 13 -337.1134892433497 0.7491189202115688
0.25 0.5 13 14 -253.1725095927136 0.6934206572953971
0.25 0.5 14 15 -187.7270671889369 0.6435193175206541
0.25 0.5 15 16 -136.3560890992712 0.5986530175513489
0.25 0.5 16 17 -95.81426150568495 0.558170205718319
0.25 0.5 17 18 -63.68670976404928 0.5215160727134681
0.25 0.5 18 19 -38.1540494633482 0.4882184002408318
0.25 0.5 19 20 -17.83000663211169 0.4578745977174147
0.25 0.5 20 21 -1.647479288675868 0.4301404603566538
0.25 0.5 21 22 11.22256662424547 0.4047206765061839
0.25 0.5 22 23 21.42961101455467 0.3813609178892968
0.25 0.5 23 24 29.48632703085684 0.3598412887592515
0.25 0.5 24 25 35.80017533283603 0.3399709127627955
0.25 0.5 25 26 40.69700754869234 0.3215834576502848
0.25 0.5 26 27 44.43887632372071 0.3045334295052514
0.25 0.5 27 28 47.23759814206994 0.2886930958691161
0.25 0.5 28 29 49.26517017937294 0.2739499216305684
0.25 0.5 29 30 50.6618341960833 0.2602044262811408
0.25 0.5 30 31 51.5423648167158 0.247368384781305
0.25 0.5 31 32 52.00100655039637 0.2353633125179195
0.25 0.5 32 33 52.11537441946348 0.2241191839683541
0.25 0.5 33 34 51.94955389560334 0.2135733446608885
0.25 0.5 34 35 51.55657798933964 0.2036695848002868
0.25 0.5 35 36 50.98041676115787 0.1943573463462706
0.25 0.5 36 37 50.25758281172762 0.1855910433921489
0.25 0.5 37 38 49.4184326803192 0.1773294764669147
0.25 0.5 38 39 48.48822613036879 0.1695353269903687
0.25 0.5 39 40 47.48799168984573 0.1621747187738125
0.25 0.5 40 41 46.43523657670016 0.1552168373719293
0.25 0.5 41 42 45.34453081899937 0.1486335980585745
0.25 0.5 42 43 44.22798956296305 0.1423993553032739
0.25 0.5 43 44 43.09567241707782 0.1364906487468598
0.25 0.5 44 45 41.95591506978536 0.1308859793431022
0.25 0.5 45 46 40.81437013594467 0.1259191293250196
0.25 0.5 46 47 39.67903037080492 0.1229118926285953
0.25 0.5 47 48 38.5533003321259 0.1220812889234975
0.25 0.5 48 49 37.44096541655026 0.1233608193381128
0.25 0.5 49 50 36.34488236123477 0.1254647814685367
0.5 0.75 0 1 6363.239242020819 3.302461392943143
0.5 0.75 1 2 -1088.218917159795 2.779610289548098
0.5 0.75 2 3 -5497.01270200135 1.567232682100533
0.5 0.75 3 4 -4506.810578203509 1.53410393126213
0.5 0.75 4 5 -3345.339606225524 1.378573023406541
0.5 0.75 5 6 -2453.797135740579 1.225383800870734
0.5 0.75 6 7 -1809.797884502613 1.092187287870338
0.5 0.75 7 8 -1346.682209622546 0.9788018571085337
0.5 0.75 8 9 -1010.281698596394 0.90200356781797
0.5 0.75 9 10 -762.5308963414268 0.8321360370078643
0.5 0.75 10 11 -577.4127126985722 0.7681217866308468
0.5 0.75 11 12 -437.3723303663583 0.710524343697132
0.5 0.75 12 13 -330.2080470409842 0.658626155766158
0.5 0.75 13 14 -247.4000326173471 0.6118412327954854
0.5 0.75 14 15 -182.8866034531668 0.5695936708449991
0.5 0.75 15 16 -132.2863025698871 0.531354424130969
0.5 0.75 16 17 -92.38485459584626 0.4966524642520417
0.5 0.75 17 18 -60.79181912830245 0.4650748061270945
0.5 0.75 18 19 -35.70716061565281 0.4362619942744448
0.5 0.75 19 20 -15.760023790491 0.4099020768777498
0.5 0.75 20 21 0.104328421792161 0.3857244345268425
0.5 0.75 21 22 12.70495278933709 0.3634940439736043
0.5 0.75 22 23 22.68323083971472 0.3430063877417269
0.5 0.75 23 24 30.54522554287405 0.3240830440610438
0.5 0.75 24 25 36.69297358725089 0.3065679164730463
0.5 0.75 25 26 41.44785388369814 0.2903240329556608
0.5 0.75 26 27 45.06821361904952 0.2752308371118601
0.5 0.75 27 28 47.76278607497295 0.2611818987199342
0.5 0.75 28 29 49.70099250029625 0.2480829768548096
0.5 0.75 29 30 51.02091429728205 0.2358503799011201
0.5 0.75 30 31 51.83550774469245 0.2244095733791855
0.5 0.75 31 32 52.23748170936085 0.2136939951785632
0.5 0.75 32 33 52.30315021047056 0.2036440455832118
0.5 0.75 33 34 52.09549321918598 0.1942062220252375
0.5 0.75 34 35 51.66660173808583 0.1853323777802756
0.5 0.75 35 36 51.05964101620606 0.1769790830422185
0.5 0.75 36 37 50.31043435274262 0.1691070738789357
0.5 0.75 37 38 49.44874653890031 0.1616807753571914
0.5 0.75 38 39 48.49932822232029 0.1546678872772399
0.5 0.75 39 40 47.48276900536104 0.148039023545668
0.5 0.75 40 41 46.41619696046331 0.1417673976830441
0.5 0.75 41 42 45.31385401443146 0.1358285473709045
0.5 0.75 42 43 44.18757090083375 0.130200092640244
0.5 0.75 43 44 43.04716029628185 0.1248615236667401
0.5 0.75 44 45 41.90074318165966 0.1197940132906956
0.5 0.75 45 46 40.75379721416198 0.1153571299481717
0.5 0.75 46 47 39.61412885833818 0.1129589116448202
0.5 0.75 47 48 38.48501237150958 0.1128141901418125
0.5 0.75 48 49 37.37010894632772 0.114821822931758
0.5 0.75 49 50 36.27216631308886 0.1176068740359863
0.75 1 0 1 6108.660709364956 2.303325232865819
0.75 1 1 2 -1314.179026268489 2.065167266595912
0.75 1 2 3 -5489.088671236268 1.564081545185094
0.75 1 3 4 -4466.152023520677 1.521084724383273
0.75 1 4 5 -3303.589829067489 1.364789019373177
0.75 1 5 6 -2417.101273532339 1.213511897958133
0.75 1 6 7 -1778.828307674353 1.082775051035171
0.75 1 7 8 -1320.824294760655 0.9718257499892149
0.75 1 8 9 -988.7037393450864 0.8772331022187391
0.75 1 9 10 -744.464933780986 0.7957422642840566
0.75 1 10 11 -562.2134861918134 0.7257058205808998
0.75 1 11 12 -424.5195045806086 0.6644451540574899
0.75 1 12 13 -319.2832458693251 0.6106356993856488
0.75 1 13 14 -238.0677565268481 0.5630630736203914
0.75 1 14 15 -174.8769345389821 0.5207570142821666
0.75 1 15 16 -125.3809939636953 0.4829345772509555
0.75 1 16 17 -86.40643206316167 0.4489578367419667
0.75 1 17 18 -55.59511924131129 0.4183022717070845
0.75 1 18 19 -31.17276716447554 0.3905329371208255
0.75 1 19 20 -11.7891613251561 0.3652863273196862
0.75 1 20 21 3.593787163465322 0.3422564260622229
0.75 1 21 22 15.78162693756508 0.3211838776286738
0.75 1 22 23 25.40471635077142 0.3018474943368606
0.75 1 23 24 32.96007403956639 0.284057542899212
0.75 1 24 25 38.84227779173739 0.2676503900342883
0.75 1 25 26 43.36652531580398 0.2524842004354225
0.75 1 26 27 46.78601805682752 0.2384354534620911
0.75 1 27 28 49.30518715549977 0.2253961047813749
0.75 1 28 29 51.08984245792988 0.2132712568986692
0.75 1 29 30 52.27502221950886 0.201977236871561
0.75 1 30 31 52.97110915722885 0.1914399999341711
0.75 1 31 32 53.26862826433444 0.1815937970121257
0.75 1 32 33 53.24203436819039 0.1723800565013084
0.75 1 33 34 52.95271979178017 0.1637464411668141
0.75 1 34 35 52.45141581187312 0.1556460493616619
0.75 1 35 36 51.78011991228175 0.1480367352464919
0.75 1 36 37 50.97364982913905 0.1408805278757456
0.75 1 37 38 50.06090227083473 0.1341431330267177
0.75 1 38 39 49.06587667587786 0.1277935044205434
0.75 1 39 40 48.00851107444873 0.1218034727930702
0.75 1 40 41 46.90536713823894 0.1161474243828337
0.75 1 41 42 45.77019339222988 0.1108020220759841
0.75 1 42 43 44.61438988639981 0.1057459607967738
0.75 1 43 44 43.44739263037718 0.1009597545902561
0.75 1 44 45 42.27699256822018 0.09642554906382417
0.75 1 45 46 41.10839501571587 0.09292788630578011
0.75 1 46 47 39.94912158780699 0.09340007147777454
0.75 1 47 48 38.80223907716649 0.09795202383148471
0.75 1 48 49 37.67121047717396 0.1058559564359612
0.75 1 49 50 36.55861010744658 0.114218975476017
1 1.25 0 1 5785.254101568218 1.562016263564662
1 1.25 1 2 -1604.472623793125 0.7266560151709469
1 1.25 2 3 -5486.212376204009 2.069665891902052
1 1.25 3 4 -4424.188996595652 1.970464885142635
1 1.25 4 5 -3261.035343204171 1.73688414181853
1 1.25 5 6 -2380.750795715466 1.519233377632803
1 1.25 6 7 -1749.089072247336 1.335528826298314
1 1.25 7 8 -1296.762661365548 1.182954862126273
1 1.25 8 9 -969.2522293149809 1.055193361763446
1 1.25 9 10 -728.6949381589156 0.9484542980975033
1 1.25 10 11 -549.3733730627055 0.8570528253814846
1 1.25 11 12 -414.0232423615748 0.7787366579375447
1 1.25 12 13 -310.6699887430702 0.7108826558489744
1 1.25 13 14 -230.9754826109672 0.6516200501484466
1 1.25 14 15 -169.0197111784976 0.5994879249843409
1 1.25 15 16 -120.53154220855 0.553332306729067
1 1.25 16 17 -82.38291665742599 0.5122312818398986
1 1.25 17 18 -52.25114976266286 0.4754403442355898
1 1.25 18 19 -28.38979832269683 0.442352174266501
1 1.25 19 20 -9.470679256476842 0.4124667270985194
1 1.25 20 21 5.526745417294478 0.3853687363388483
1 1.25 21 22 17.3939529456286 0.3607106053162036
1 1.25 22 23 26.74995272108072 0.338199253425364
1 1.25 23 24 34.08255975683369 0.3175858997975821
1 1.25 24 25 39.7788501861487 0.298658050809593
1 1.25 25 26 44.14787878895879 0.2812331592646301
1 1.25 26 27 47.43779512911169 0.2651535635995228
1 1.25 27 28 49.84885932153156 0.2502824163858484
1 1.25 28 29 51.54342492233673 0.2365003845573149
1 1.25 29 30 52.65365654776315 0.2237029558949731
1 1.25 30 31 53.28754031307528 0.2117982266729889
1 1.25 31 32 53.53359675292904 0.2007050721901534
1 1.25 32 33 53.46459980716634 0.1903516263994982
1 1.25 33 34 53.14052883918106 0.1806740101953679
1 1.25 34 35 52.61092474889955 0.1716152637509322
1 1.25 35 36 51.91678012508066 0.1631244438065668
1 1.25 36 37 51.09206282022939 0.1551558591620679
1 1.25 37 38 50.16494955739176 0.1476684184956867
1 1.25 38 39 49.15882892067509 0.1406250729089256
1 1.25 39 40 48.09311998984884 0.1339923372281193
1 1.25 40 41 46.98394305573692 0.1277398767716553
1 1.25 41 42 45.84467087360542 0.1218401511351481
1 1.25 42 43 44.68638332842835 0.1162681037014587
1 1.25 43 44 43.5182434779465 0.1110008920929735
1 1.25 44 45 42.3478094712147 0.106017652739
1 1.25 45 46 41.18011293287782 0.1016798427239579
1 1.25 46 47 40.02246007959457 0.09941365453810697
1 1.25 47 48 38.87779820089077 0.09943849102482771
1 1.25 48 49 37.74946737667466 0.1016373656385276
1 1.25 49 50 36.63994328210481 0.1089705558954744
1.25 1.5 0 1 5414.102375790409 3.106259302469445
1.25 1.5 1 2 -1909.018416135068 3.725608885694054
1.25 1.5 2 3 -5448.147119997606 1.685325998650171
1.25 1.5 3 4 -4345.88345159657 1.618805183455351
1.25 1.5 4 5 -3187.566611735897 1.444646706054457
1.25 1.5 5 6 -2319.261819429364 1.275491403720632
1.25 1.5 6 7 -1699.155731844985 1.128563196910493
1.25 1.5 7 8 -1256.496493708874 1.003818851085608
1.25 1.5 8 9 -936.7586967026841 0.8989873823678394
1.25 1.5 9 10 -702.3863062372725 0.8084949907580882
1.25 1.5 10 11 -527.9806974931353 0.7319674447067812
1.25 1.5 11 12 -396.563750419602 0.6656008473196355
1.25 1.5 12 13 -296.3742852211317 0.6078545525132804
1.25 1.5 13 14 -219.2406656616497 0.5572523535594637
1.25 1.5 14 15 -159.370243976487 0.5126218182666226
1.25 1.5 15 16 -112.5896075443809 0.4730248967825682
1.25 1.5 16 17 -75.84614049007496 0.4377046394510168
1.25 1.5 17 18 -46.87584542979198 0.4060448518025882
1.25 1.5 18 19 -23.97829577263155 0.3775395979026239
1.25 1.5 19 20 -5.861672776830801 0.3517700574276629
1.25 1.5 20 21 8.46561006298748 0.3283868390716978
1.25 1.5 21 22 19.77181878903662 0.3070963626798792
1.25 1.5 22 23 28.65723262957897 0.2876502759839375
1.25 1.5 23 24 35.59446146237451 0.2698371660735548
1.25 1.5 24 25 40.95816937818245 0.2534760102580494
1.25 1.5 25 26 45.04722724714156 0.2397957771350987
1.25 1.5 26 27 48.1013893743426 0.2278846088954591
1.25 1.5 27 28 50.31396487666098 0.2167721396807737
1.25 1.5 28 29 51.84152883248123 0.2063891395929503
1.25 1.5 29 30 52.811424100463 0.1966736951395087
1.25 1.5 30 31 53.32759934621083 0.1875703221313084
1.25 1.5 31 32 53.47518344156413 0.1790291941209582
1.25 1.5 32 33 53.3240925715703 0.1710054724558992
1.25 1.5 33 34 52.93189144985269 0.1634587234415008
1.25 1.5 34 35 52.34607539397842 0.1563524116724843
1.25 1.5 35 36 51.60589985023955 0.1496534578694589
1.25 1.5 36 37 50.74385412109547 0.143331854455419
1.25 1.5 37 38 49.78685383189105 0.1373603276543609
1.25 1.5 38 39 48.75720984343855 0.1317140435361842
1.25 1.5 39 40 47.67341856695117 0.1263703485142016
1.25 1.5 40 41 46.55080906183144 0.1213085424857805
1.25 1.5 41 42 45.40207454247792 0.1165096782960507
1.25 1.5 42 43 44.23771047412845 0.1119563849464189
1.25 1.5 43 44 43.06637668397065 0.1076327110912992
1.25 1.5 44 45 41.89519752829489 0.103523987236691
1.25 1.5 45 46 40.72885903960434 0.09996600247787621
1.25 1.5 46 47 39.57428641613254 0.09825335185696568
1.25 1.5 47 48 38.43417643736447 0.09856388382983017
1.25 1.5 48 49 37.31162801679358 0.1007920048702484
1.25 1.5 49 50 36.20890595916049 0.1036706827716912
1.5 1.75 0 1 4975.925061780796 0.9803728465018445
1.5 1.75 1 2 -2289.243802798212 0.8269560498035636
1.5 1.75 2 3 -5422.806866137094 1.74482135787182
1.5 1.75 3 4 -4265.149516109766 1.682102766981384
1.5 1.75 4 5 -3105.965899625722 1.498686872129525
1.5 1.75 5 6 -2247.311297294023 1.315823174005073
1.5 1.75 6 7 -1637.992630489999 1.156118532098946
1.5 1.75 7 8 -1205.015159684942 1.021059649911075
1.5 1.75 8 9 -893.4669109485781 0.908667867023066
1.5 1.75 9 10 -665.8220009001952 0.8116148561362695
1.5 1.75 10 11 -497.0048516075335 0.7311235417372686
1.5 1.75 11 12 -370.1822211581843 0.6615988533546148
1.5 1.75 12 13 -273.796309466197 0.6015550132997733
1.5 1.75 13 14 -199.8269163074808 0.5492937614854306
1.5 1.75 14 15 -142.6025304446243 0.5034797900020731
1.5 1.75 15 16 -98.0460592203201 0.4630556219612686
1.5 1.75 16 17 -63.18149928752268 0.4271763195399623
1.5 1.75 17 18 -35.80599882885667 0.3951604010615441
1.5 1.75 18 19 -14.26817144455663 0.3664531003061008
1.5 1.75 19 20 2.684252624524106 0.3405987805663422
1.5 1.75 20 21 16.0107829735573 0.3172200788056658
1.5 1.75 21 22 26.45352204415292 0.2960020115233329
1.5 1.75 22 23 34.59129198109213 0.2766797455187081
1.5 1.75 23 24 40.87901351346216 0.2590291057553397
1.5 1.75 24 25 45.67669552120503 0.2428591413340316
1.5 1.75 25 26 49.27101024221633 0.2280062513836955
1.5 1.75 26 27 51.89151308115129 0.2143295065225375
1.5 1.75 27 28 53.72295038801542 0.2017068928294801
1.5 1.75 28 29 54.91467958191242 0.1900322738895731
1.5 1.75 29 30 55.58793677106553 0.1792129173439592
1.5 1.75 30 31 55.84148533234475 0.1691674662052359
1.5 1.75 31 32 55.75603631035813 0.1598242668224788
1.5 1.75 32 33 55.39772975526216 0.1511199802530247
1.5 1.75 33 34 54.82089276829953 0.1429984256315807
1.5 1.75 34 35 54.07023659021377 0.1354096079993015
1.5 1.75 35 36 53.18261583820043 0.1283089015161838
1.5 1.75 36 37 52.18844388038758 0.1216563562456885
1.5 1.75 37 38 51.11283668369015 0.1154161095556812
1.5 1.75 38 39 49.97654107624834 0.1095558835811675
1.5 1.75 39 40 48.79669096344884 0.104046554628631
1.5 1.75 40 41 47.58742573126614 0.0988617813212521
1.5 1.75 41 42 46.36039753333068 0.09397768679145638
1.5 1.75 42 43 45.12518888366162 0.08937257932490004
1.5 1.75 43 44 43.88965736314157 0.0850267128658002
1.5 1.75 44 45 42.66022097013155 0.08092207677864305
1.5 1.75 45 46 41.44097126571211 0.07775781874460012
1.5 1.75 46 47 40.2382357220954 0.07814835191254524
1.5 1.75 47 48 39.05425154916537 0.08218159966886822
1.5 1.75 48 49 37.89168508783732 0.08920148844344727
1.5 1.75 49 50 36.7524283799317 0.09661950034504115
1.75 2 0 1 4513.933890847356 1.066907771495817
1.75 2 1 2 -2674.980646228822 2.748690483442707
1.75 2 2 3 -5390.143991403488 2.744625293571331
1.75 2 3 4 -4188.355139788633 2.241974760699515
1.75 2 4 5 -3036.137790144053 1.842570895859433
1.75 2 5 6 -2190.781055429542 1.545231321250913
1.75 2 6 7 -1593.437702724898 1.320012610381354
1.75 2 7 8 -1170.05261127555 1.144728623778385
1.75 2 8 9 -865.9174105375741 1.005056396240879
1.75 2 9 10 -643.9953330016556 0.8911164971802871
1.75 2 10 11 -479.6620874106247 0.7967837474269958
1.75 2 11 12 -356.3357619777726 0.7173142073062904
1.75 2 12 13 -262.7093074836357 0.6495587638874436
1.75 2 13 14 -190.933543491353 0.5911638700593165
1.75 2 14 15 -135.4640506245014 0.5403675622729694
1.75 2 15 16 -92.31908921526406 0.495824430369316
1.75 2 16 17 -58.59496673109697 0.4564890569714223
1.75 2 17 18 -32.14425671277991 0.4215365108290274
1.75 2 18 19 -11.35848671987537 0.3903068973968866
1.75 2 19 20 4.981075951257935 0.3622658917777256
1.75 2 20 21 17.80750992931576 0.3369761233080999
1.75 2 21 22 27.84192834030125 0.3140760748962952
1.75 2 22 23 35.64637136995691 0.2932642859087466
1.75 2 23 24 41.66225954641209 0.2742873600716203
1.75 2 24 25 46.23868186497793 0.2569307474653316
1.75 2 25 26 49.65343422922058 0.2410115764627453
1.75 2 26 27 52.12882482023622 0.2263730212954269
1.75 2 27 28 53.84365924890835 0.2128798334206261
1.75 2 28 29 54.9424076415429 0.2004147645864952
1.75 2 29 30 55.54227243613559 0.1888756794060574
1.75 2 30 31 55.73867817083271 0.178173207948083
1.75 2 31 32 55.60956497469334 0.1682288224173122
1.75 2 32 33 55.21876794149853 0.1589732519444046
1.75 2 33 34 54.61869285710799 0.1503451672594053
1.75 2 34 35 53.85244653209259 0.1422900832791953
1.75 2 35 36 52.95554167870779 0.1347594388669437
1.75 2 36 37 51.95726785092438 0.1277098204872528
1.75 2 37 38 50.88179883974084 0.1211023046971001
1.75 2 38 39 49.74909093273999 0.1149018989709157
1.75 2 39 40 48.57561436019512 0.1090770630648549
1.75 2 40 41 47.37495118328638 0.1035992990782666
1.75 2 41 42 46.15828555406927 0.0984427980777302
1.75 2 42 43 44.93480712689467 0.0935841345371999
1.75 2 43 44 43.71204393575925 0.08900200138722124
1.75 2 44 45 42.49613785004533 0.08467697961369403
1.75 2 45 46 41.29098974814588 0.08122741724782979
1.75 2 46 47 40.10265632088291 0.08143200104727299
1.75 2 47 48 38.93325464863639 0.08512671129610522
1.75 2 48 49 37.78531783106055 0.0916708486311225
1.75 2 49 50 36.66062127019816 0.09857785906965551
2 2.25 0 1 4014.702920986161 1.034442255726338
2 2.25 1 2 -3071.244261792506 0.8586538585051211
2 2.25 2 3 -5329.104123932669 1.659494595830231
2 2.25 3 4 -4069.170942913743 1.537001000524781
2 2.25 4 5 -2919.595265392297 1.356128643916063
2 2.25 5 6 -2088.453051748471 1.195741057457671
2 2.25 6 7 -1506.293042546523 1.060998652847379
2 2.25 7 8 -1096.479161394622 0.9476255440544984
2 2.25 8 9 -803.8392638877463 0.8520829899409842
2 2.25 9 10 -591.4775303711267 0.7701049347826943
2 2.25 10 11 -435.0561532772811 0.6995167560848548
2 2.25 11 12 -318.2818682045959 0.6381638211221677
2 2.25 12 13 -230.0998242560825 0.5844480529843339
2 2.25 13 14 -162.8686115153366 0.5371089940331762
2 2.25 14 15 -111.2113898219241 0.4951416205922361
2 2.25 15 16 -71.28050961113831 0.4577362206025584
2 2.25 16 17 -40.27945150715914 0.4242340664782475
2 2.25 17 18 -16.1466520714439 0.3940944040218847
2 2.25 18 19 2.657284435690826 0.3668695977706292
2 2.25 19 20 17.29523919382041 0.3421862162626267
2 2.25 20 21 28.65488970921058 0.3197304837397935
2 2.25 21 22 37.42024241094509 0.2992369878178143
2 2.25 22 23 44.12284798544772 0.2804798266892404
2 2.25 23 24 49.17894539351403 0.2632656130753095
2 2.25 24 25 52.91672320780344 0.2474279000488637
2 2.25 25 26 55.59654858084843 0.2328227047910924
2 2.25 26 27 57.42613094864942 0.2193248887252156
2 2.25 27 28 58.57199572801505 0.2068252105774805
2 2.25 28 29 59.16824151141725 0.1952279113315995
2 2.25 29 30 59.32327763521891 0.1844487226840414
2 2.25 30 31 59.12504656747603 0.1744132169118233
2 2.25 31 32 58.64509981625321 0.1650554295502376
2 2.25 32 33 57.94179943797093 0.1563167066292516
2 2.25 33 34 57.06284771837613 0.1481447335471179
2 2.25 34 35 56.04729708277091 0.140492712917675
2 2.25 35 36 54.92715527499001 0.133318666816319
2 2.25 36 37 53.72867344276807 0.1265848414334075
2 2.25 37 38 52.47338442229568 0.120257196371418
2 2.25 38 39 51.17894314708326 0.1143049665749161
2 2.25 39 40 49.85980950893048 0.1087002837498008
2 2.25 40 41 48.52780530609925 0.103417848673588
2 2.25 41 42 47.19256990469751 0.09843464698098946
2 2.25 42 43 45.86193431604909 0.09372970097268828
2 2.25 43 44 44.54222913765113 0.08928385351304551
2 2.25 44 45 43.23853875023065 0.08507957749651211
2 2.25 45 46 41.95385859549026 0.08175345768247941
2 2.25 46 47 40.69335990742988 0.08168432591463926
2 2.25 47 48 39.45845311836382 0.08493688896274876
2 2.25 48 49 38.25101629834796 0.09089605825060433
2 2.25 49 50 37.07224657993626 0.09720271928904327
2.25 2.5 0 1 3489.839974233924 1.604986922640256
2.25 2.5 1 2 -3467.134718562454 0.964403265338044
2.25 2.5 2 3 -5236.276586392464 1.697645382252929
2.25 2.5 3 4 -3927.291705382896 1.563601749074103
2.25 2.5 4 5 -2791.655204891969 1.425334236135401
2.25 2.5 5 6 -1982.85143008995 1.276600009855331
2.25 2.5 6 7 -1421.016487717935 1.140041069476246
2.25 2.5 7 8 -1027.818876321987 1.020920366234167
2.25 2.5 8 9 -748.3695776806453 0.9177490140648166
2.25 2.5 9 10 -546.4201022149473 0.8290239007435187
2.25 2.5 10 11 -398.248673240636 0.7521271570158232
2.25 2.5 11 12 -288.0541042498226 0.6851982066041495
2.25 2.5 12 13 -205.159459187895 0.6266110068019253
2.25 2.5 13 14 -142.209120370703 0.5750337113415341
2.25 2.5 14 15 -94.04236654443571 0.529380414777529
2.25 2.5 15 16 -56.97592359191594 0.4887643955086937
2.25 2.5 16 17 -28.33932036359215 0.4524584034378787
2.25 2.5 17 18 -6.168526800490554 0.4198625781881973
2.25 2.5 18 19 10.99969673023861 0.3904790517377777
2.25 2.5 19 20 24.26824660337718 0.3638919821886345
2.25 2.5 20 21 34.47716411820363 0.3397518674205403
2.25 2.5 21 22 42.27233681140672 0.3177631860002765
2.25 2.5 22 23 48.15459701434679 0.2976746156965026
2.25 2.5 23 24 52.51526818178831 0.279271249465305
2.25 2.5 24 25 55.66220906954743 0.2623683646855167
2.25 2.5 25 26 57.83910717819458 0.2468064049854849
2.25 2.5 26 27 59.23991734506137 0.2324469138797663
2.25 2.5 27 28 60.01976898669341 0.2191692211112856
2.25 2.5 28 29 60.30327752223616 0.2068677247016235
2.25 2.5 29 30 60.19092874142996 0.1954496513985915
2.25 2.5 30 31 59.7640195532814 0.1848331991240885
2.25 2.5 31 32 59.08850798513095 0.1749459899297431
2.25 2.5 32 33 58.21803248181027 0.1657237746697376
2.25 2.5 33 34 57.19629386637865 0.1571093422116161
2.25 2.5 34 35 56.05894491084587 0.1490515993192956
2.25 2.5 35 36 54.83509703850751 0.1415047882080958
2.25 2.5 36 37 53.54852748199335 0.1344278206291367
2.25 2.5 37 38 52.21865079253979 0.1277837080721266
2.25 2.5 38 39 50.86130394690821 0.121539072345114
2.25 2.5 39 40 49.4893832408539 0.1156637237773619
2.25 2.5 40 41 48.1133628990583 0.1101302969517363
2.25 2.5 41 42 46.74171866271885 0.1049139343420644
2.25 2.5 42 43 45.38127494289216 0.09999201119815045
2.25 2.5 43 44 44.03749010334613 0.09534389541009797
2.25 2.5 44 45 42.71469152729122 0.09095073747548713
2.25 2.5 45 46 41.41526026189379 0.08711739697216647
2.25 2.5 46 47 40.14371169296305 0.08503459950088145
2.25 2.5 47 48 38.90100099171411 0.08483738754986568
2.25 2.5 48 49 37.68857127065561 0.08636863573276743
2.25 2.5 49 50 36.50724097872421 0.09180994144724558
2.5 2.75 0 1 2911.845500340396 2.077650966462783
2.5 2.75 1 2 -3897.385220580287 1.11000776085239
2.5 2.75 2 3 -5141.897512074807 2.882496266073631
2.5 2.75 3 4 -3776.977792249716 2.724505641207983
2.5 2.75 4 5 -2652.034484634431 2.378944994171633
2.5 2.75 5 6 -1864.219357200534 2.060444001808528
2.5 2.75 6 7 -1322.528046518562 1.793758772603242
2.5 2.75 7 8 -946.4121940142281 1.573982599721261
2.5 2.75 8 9 -680.9334207585598 1.391815168215337
2.5 2.75 9 10 -490.2964606719852 1.239873011163206
2.5 2.75 10 11 -351.2898433754328 1.111652316397627
2.5 2.75 11 12 -248.551146720145 1.002438940291811
2.5 2.75 12 13 -171.7573899788806 0.9085714806167923
2.5 2.75 13 14 -113.83058673459 0.8272273852620214
2.5 2.75 14 15 -69.82611535794604 0.7562097299572106
2.5 2.75 15 16 -36.22899016931024 0.6937901126443167
2.5 2.75 16 17 -10.50036656943621 0.6385939922820554
2.5 2.75 17 18 9.220200249678328 0.5895168327820687
2.5 2.75 18 19 24.31387101339635 0.5456623318164121
2.5 2.75 19 20 35.8180461910141 0.5062964840190601
2.5 2.75 20 21 44.5201426424079 0.4708130659883788
2.5 2.75 21 22 51.02348516981124 0.4387074320073754
2.5 2.75 22 23 55.79426512093437 0.4095564153379172
2.5 2.75 23 24 59.19544565230558 0.3830027616052761
2.5 2.75 24 25 61.51153832013392 0.3587429592986907
2.5 2.75 25 26 62.96691035374374 0.3365176429340433
2.5 2.75 26 27 63.73945061550694 0.3161039611551212
2.5 2.75 27 28 63.97086741548321 0.2973094606825359
2.5 2.75 28 29 63.77451614285087 0.2799671483060279
2.5 2.75 29 30 63.24139723302216 0.2639314768341084
2.5 2.75 30 31 62.44478652163048 0.2490750605562973
2.5 2.75 31 32 61.44383454796872 0.2352859710052808
2.5 2.75 32 33 60.28638233622706 0.2224654977872278
2.5 2.75 33 34 59.0111773351897 0.2105262843665102
2.5 2.75 34 35 57.64962693998734 0.1993907675773552
2.5 2.75 35 36 56.22719321671241 0.1889898655357364
2.5 2.75 36 37 54.76450752219671 0.1792618690992264
2.5 2.75 37 38 53.27826523736752 0.1701515006430591
2.5 2.75 38 39 51.78194693893863 0.1616091128751241
2.5 2.75 39 40 50.28640186568319 0.1535900024790556
2.5 2.75 40 41 48.80032172285297 0.1460538214337239
2.5 2.75 41 42 47.33062658509368 0.1389640693444222
2.5 2.75 42 43 45.88278024160618 0.1322876543461513
2.5 2.75 43 44 44.46104856246106 0.1259945125401496
2.5 2.75 44 45 43.06871171735241 0.1200572763964459
2.5 2.75 45 46 41.70727152695278 0.114673994224187
2.5 2.75 46 47 40.38034877422029 0.1106638745648694
2.5 2.75 47 48 39.08822416827954 0.1081423507014372
2.5 2.75 48 49 37.83170730807268 0.1070500168239034
2.5 2.75 49 50 36.61105418916691 0.1065693472233587
2.75 3 0 1 2279.088011712221 1.585330967919223
2.75 3 1 2 -4315.726318878945 4.554642788823965
2.75 3 2 3 -4991.255635054046 5.987439719543146
2.75 3 3 4 -3575.067088392919 5.092579557415339
2.75 3 4 5 -2470.622076534086 4.225605346823133
2.75 3 5 6 -1712.927777982204 3.539442638929877
2.75 3 6 7 -1198.724530898075 3.00538423888341
2.75 3 7 8 -845.3549523123766 2.584955104707119
2.75 3 8 9 -598.1724011873398 2.248201405985156
2.75 3 9 10 -422.1607528528953 1.974290164411766
2.75 3 10 11 -294.8716889482437 1.748042354025318
2.75 3 11 12 -201.573684359355 1.558738569825294
2.75 3 12 13 -132.4382534066772 1.398519424600381
2.75 3 13 14 -80.76791888099046 1.261542029742749
2.75 3 14 15 -41.90980872854516 1.14338807450184
2.75 3 15 16 -12.57331397953681 1.040663446428175
2.75 3 16 17 9.606788915050856 0.9507230121533468
2.75 3 17 18 26.35559348512243 0.8714781850797334
2.75 3 18 19 38.94790806829747 0.8012601059141774
2.75 3 19 20 48.33690755687576 0.7387208026861543
2.75 3 20 21 55.24279842797671 0.6827607143891014
2.75 3 21 22 60.21488490708884 0.6324748054856916
2.75 3 22 23 63.67564351648014 0.5871119852018221
2.75 3 23 24 65.9524367100272 0.5460441818165452
2.75 3 24 25 67.3006105863426 0.508742514729708
2.75 3 25 26 67.92050590298254 0.4747587475779583
2.75 3 26 27 67.97011554815009 0.4437107147164636
2.75 3 27 28 67.57459203734965 0.4152707690900728
2.75 3 28 29 66.83345151130152 0.3891565496766679
2.75 3 29 30 65.82607638895456 0.3651235465628185
2.75 3 30 31 64.61594989817394 0.3429590701183925
2.75 3 31 32 63.25393722569362 0.3224773269215081
2.75 3 32 33 61.78084417720021 0.3035153735527821
2.75 3 33 34 60.22942424827147 0.2859297725447998
2.75 3 34 35 58.62596164687307 0.2695938124563183
2.75 3 35 36 56.99152620147061 0.2543951860261608
2.75 3 36 37 55.34297282572442 0.2402340396735092
2.75 3 37 38 53.69374101429457 0.2270213290979239
2.75 3 38 39 52.05449694295001 0.2146774251127446
2.75 3 39 40 50.43365104072151 0.2031309278223723
2.75 3 40 41 48.83777668032752 0.1923176534766681
2.75 3 41 42 47.27194983776175 0.182179765495537
2.75 3 42 43 45.74002549840958 0.1726650268584126
2.75 3 43 44 44.24486314323775 0.1637261543681165
2.75 3 44 45 42.78851111487157 0.155320258848557
2.75 3 45 46 41.37144093976474 0.1475648942992108
2.75 3 46 47 39.99622052923269 0.1410207576302978
2.75 3 47 48 38.662345694088 0.1357693365894703
2.75 3 48 49 37.36988944609325 0.1317831433499011
2.75 3 49 50 36.11845297875237 0.1284864336761659
3 3.25 0 1 1594.620697888994 1.19052311093037
3 3.25 1 2 -4655.582954795313 9.273014481346122
3 3.25 2 3 -4735.748002783789 9.631438347839641
3 3.25 3 4 -3292.459541425249 7.818696889319654
3 3.25 4 5 -2230.264067969509 6.337689071350542
3 3.25 5 6 -1518.875975081216 5.22785894689715
3 3.25 6 7 -1043.753801850368 4.388841380258675
3 3.25 7 8 -721.4219389438954 3.740740730844281
3 3.25 8 9 -498.5239846295681 3.228963973431378
3 3.25 9 10 -341.5208656947045 2.817117777333789
3 3.25 10 11 -229.1989543858917 2.480002521593179
3 3.25 11 12 -147.7809519709031 2.200067795272211
3 3.25 12 13 -88.15514266667196 1.964696770924239
3 3.25 13 14 -44.15973225695097 1.764636119970923
3 3.25 14 15 -11.54354825552946 1.592965249462467
3 3.25 15 16 12.68057417128807 1.444416603836379
3 3.25 16 17 30.64657041836733 1.314917334619349
3 3.25 17 18 43.90156689765752 1.201273655222948
3 3.25 18 19 53.58214246647105 1.10094917436793
3 3.25 19 20 60.53313553482462 1.011906411952613
3 3.25 20 21 65.38911898316553 0.9324916147600593
3 3.25 21 22 68.63116767176507 0.8613497771070606
3 3.25 22 23 70.62699121794924 0.7973610794933762
3 3.25 23 24 71.65968750030504 0.739592744561002
3 3.25 24 25 71.94859687072938 0.6872621461751182
3 3.25 25 26 71.66459775571974 0.6397082382799952
3 3.25 26 27 70.94144145622101 0.5963692077245222
3 3.25 27 28 69.88423169192254 0.5567648349795727
3 3.25 28 29 68.57582371440225 0.5204824520662198
3 3.25 29 30 67.08169230673701 0.4871656757707115
3 3.25 30 31 65.45366258041525 0.4565053004860828
3 3.25 31 32 63.73278882339343 0.4282318858817914
3 3.25 32 33 61.9515899930941 0.4021096850961263
3 3.25 33 34 60.13579576271718 0.377931640541469
3 3.25 34 35 58.30571762512301 0.3555152361233531
3 3.25 35 36 56.4773309087407 0.3346990410408991
3 3.25 36 37 54.66313254055339 0.3153398146376222
3 3.25 37 38 52.87282390154274 0.2973100703305553
3 3.25 38 39 51.11385651209267 0.2804960160038855
3 3.25 39 40 49.3918696052018 0.2647958052615471
3 3.25 40 41 47.71104217937719 0.2501180467886942
3 3.25 41 42 46.07437696883179 0.2363805286599567
3 3.25 42 43 44.48393013735856 0.2235091223365817
3 3.25 43 44 42.94099746747216 0.2114368381883517
3 3.25 44 45 41.44626555958951 0.2001030086439922
3 3.25 45 46 39.9990853049174 0.1895611064881517
3 3.25 46 47 38.60084753009397 0.1801756064087821
3 3.25 47 48 37.2502092035798 0.1719849754984789
3 3.25 48 49 35.9464495524243 0.1649598661261819
3 3.25 49 50 34.68846662714583 0.1586909361306294
3.25 3.5 0 1 884.1038904734568 0.4380777912718789
3.25 3.5 1 2 -4810.510695689005 18.24774166573489
3.25 3.5 2 3 -4314.538575008333 14.54984140257961
3.25 3.5 3 4 -2895.953971458546 11.00075639452146
3.25 3.5 4 5 -1913.048351394844 8.582629278433684
3.25 3.5 5 6 -1272.815396526285 6.898825363012668
3.25 3.5 6 7 -853.4080518962369 5.678752509551831
3.25 3.5 7 8 -573.4009783309466 4.763047854175757
3.25 3.5 8 9 -382.5782146160732 4.055435681701548
3.25 3.5 9 10 -250.0516222097849 3.495584323024598
3.25 3.5 10 11 -156.5881407642701 3.043773181532947
3.25 3.5 11 12 -89.85205938126933 2.673105653610492
3.25 3.5 12 13 -41.77136121928743 2.364727570773848
3.25 3.5 13 14 -6.938465739370713 2.105076974138553
3.25 3.5 14 15 18.34542562085653 1.88417192605014
3.25 3.5 15 16 36.65833500471535 1.694516930355161
3.25 3.5 16 17 49.82758922051119 1.530383836089021
3.25 3.5 17 18 59.16791179826066 1.387326646086357
3.25 3.5 18 19 65.6378103690322 1.261846562754157
3.25 3.5 19 20 69.94429617148444 1.151155973810228
3.25 3.5 20 21 72.61425945131327 1.053009074874114
3.25 3.5 21 22 74.04391279697472 0.9655782890318028
3.25 3.5 22 23 74.53355218899134 0.8873627420459633
3.25 3.5 23 24 74.3123278815209 0.817119550264048
3.25 3.5 24 25 73.55611535601201 0.7538115908444976
3.25 3.5 25 26 72.40055450567456 0.6965673467366357
3.25 3.5 26 27 70.95066217241805 0.6446497102942069
3.25 3.5 27 28 69.28798588402896 0.5974315119567615
3.25 3.5 28 29 67.47597417766173 0.5543761521265018
3.25 3.5 29 30 65.56404031523795 0.515022144665999
3.25 3.5 30 31 63.59065989764844 0.4789706863342301
3.25 3.5 31 32 61.58574796379895 0.4458755878781798
3.25 3.5 32 33 59.57249444110724 0.4154350629766072
3.25 3.5 33 34 57.56878939868292 0.3873849899806196
3.25 3.5 34 35 55.58833551384757 0.3614933495635649
3.25 3.5 35 36 53.64152049824588 0.3375556071888058
3.25 3.5 36 37 51.73610420581531 0.3153908603582493
3.25 3.5 37 38 49.87776189859645 0.2948386072886056
3.25 3.5 38 39 48.07051527012146 0.2757560247565635
3.25 3.5 39 40 46.31707545038267 0.2580156643319103
3.25 3.5 40 41 44.61911675651274 0.2415034945530109
3.25 3.5 41 42 42.97749560703977 0.2261172307827252
3.25 3.5 42 43 41.39242596391779 0.2117649042728642
3.25 3.5 43 44 39.86362014127425 0.1983636330135869
3.25 3.5 44 45 38.39040192227922 0.185838560867759
3.25 3.5 45 46 36.97104163969126 0.1742230216499955
3.25 3.5 46 47 35.60572283197692 0.1638475256968975
3.25 3.5 47 48 34.29232506702829 0.1547480387067668
3.25 3.5 48 49 33.02937502726445 0.1468992817458414
3.25 3.5 49 50 31.81511368748144 0.139916084109821
3.5 3.75 0 1 219.6789138218548 1.616687264016429
3.5 3.75 1 2 -4620.246061065482 24.3360310776145
3.5 3.75 2 3 -3664.247891883786 16.05803304576579
3.5 3.75 3 4 -2360.721454136868 11.34884422082175
3.5 3.75 4 5 -1511.40510413231 8.509972904379783
3.5 3.75 5 6 -975.2230023719856 6.65032370764825
3.5 3.75 6 7 -631.9308153057771 5.354125323055295
3.5 3.75 7 8 -407.2112688112113 4.408046232745252
3.5 3.75 8 9 -256.8765644129412 3.69262574746112
3.5 3.75 9 10 -154.3780261381019 3.136503097264005
3.5 3.75 10 11 -83.47458607695899 2.694374460492445
3.5 3.75 11 12 -33.89943315601863 2.336354871178639
3.5 3.75 12 13 0.9813423375683215 2.041943650588024
3.5 3.75 13 14 25.56156408978336 1.796653686349796
3.5 3.75 14 15 42.81484507993105 1.589981160635144
3.5 3.75 15 16 54.79277943422835 1.414140571693013
3.5 3.75 16 17 62.93515502110449 1.263249788506973
3.5 3.75 17 18 68.26764873257378 1.132789617470602
3.5 3.75 18 19 71.53057067538884 1.019236226477434
3.5 3.75 19 20 73.26439168664984 0.9198054949139278
3.5 3.75 20 21 73.86760336790411 0.832271647420593
3.5 3.75 21 22 73.63651327333037 0.7548362850660476
3.5 3.75 22 23 72.79302946973746 0.6860322890194365
3.5 3.75 23 24 71.50432579267209 0.6246522868929262
3.5 3.75 24 25 69.89693418712858 0.5696947005661666
3.5 3.75 25 26 68.0669580678246 0.5203225647838918
3.5 3.75 26 27 66.08755096152589 0.4758317466127897
3.5 3.75 27 28 64.0144442593591 0.4356261714946213
3.5 3.75 28 29 61.89006812058463 0.3991983301286656
3.5 3.75 29 30 59.74664760462358 0.3661138082712764
3.5 3.75 30 31 57.60854547786073 0.335998910427547
3.5 3.75 31 32 55.49404648117419 0.3085306848482416
3.5 3.75 32 33 53.41672419950802 0.2834288282353106
3.5 3.75 33 34 51.38649373908962 0.2604490731013581
3.5 3.75 34 35 49.41042630146026 0.2393777541042592
3.5 3.75 35 36 47.49338218487048 0.2200273173080092
3.5 3.75 36 37 45.63850451796367 0.2022325899891113
3.5 3.75 37 38 43.84760562458627 0.1858476667429063
3.5 3.75 38 39 42.12147018722931 0.1707432986245128
3.5 3.75 39 40 40.46009363892347 0.1568046952138677
3.5 3.75 40 41 38.86286998197909 0.1439296679009485
3.5 3.75 41 42 37.32873987476728 0.1320270565010794
3.5 3.75 42 43 35.85630748330246 0.1210153933665654
3.5 3.75 43 44 34.4439326754339 0.1108217673936568
3.5 3.75 44 45 33.08980367385605 0.1013808587036529
3.5 3.75 45 46 31.79136683645211 0.09278321091684803
3.5 3.75 46 47 30.5477440988552 0.08557577932742624
3.5 3.75 47 48 29.35628092271406 0.07988943997447462
3.5 3.75 48 49 28.2149511187945 0.07574273557254271
3.5 3.75 49 50 27.12153424193929 0.0725886122965282
3.75 4 0 1 -293.7077341642192 1.837185706266379
3.75 4 1 2 -3959.320681745802 27.64395364615788
3.75 4 2 3 -2772.732776275445 12.78426723136384
3.75 4 3 4 -1697.454370866347 7.448006199005012
3.75 4 4 5 -1041.413221788757 4.8404994763992
3.75 4 5 6 -642.6761762185772 3.35355038618864
3.75 4 6 7 -394.7685907851378 2.421411682781677
3.75 4 7 8 -236.6906552057574 1.798521072266933
3.75 4 8 9 -133.6075446335394 1.362673641318565
3.75 4 9 10 -65.1619689048531 1.047400033339732
3.75 4 10 11 -19.16144450286527 0.8135341407072965
3.75 4 11 12 11.96016471403425 0.6369752093373566
3.75 4 12 13 33.01366538098455 0.502211049984872
3.75 4 13 14 47.1382854319985 0.3989818093993367
3.75 4 14 15 56.42871281782686 0.3203737922122607
3.75 4 15 16 62.31033521288333 0.2817381260648007
3.75 4 16 17 65.76980495440506 0.2593406441477799
3.75 4 17 18 67.50023294203936 0.2393044928919778
3.75 4 18 19 67.99471118817843 0.2213059640450997
3.75 4 19 20 67.60780573268721 0.205075606873538
3.75 4 20 21 66.59675041892547 0.1903876824811408
3.75 4 21 22 65.14951098690267 0.1770519021033986
3.75 4 22 23 63.40419703196915 0.1654454836318837
3.75 4 23 24 61.46267465939729 0.1689304243440916
3.75 4 24 25 59.40023132978533 0.1725989689016527
3.75 4 25 26 57.2725149797073 0.1760717113818352
3.75 4 26 27 55.12056675907542 0.1791491599713228
3.75 4 27 28 52.9745045614408 0.1817402582483167
3.75 4 28 29 50.8562413292627 0.1838173837145236
3.75 4 29 30 48.78150591010603 0.1853888439434637
3.75 4 30 31 46.76135538742508 0.1864823190104725
3.75 4 31 32 44.80331350898439 0.1871349952313793
3.75 4 32 33 42.91223208558235 0.1873877544405056
3.75 4 33 34 41.09094569352966 0.1872818160240578
3.75 4 34 35 39.34077116946854 0.1868568614113615
3.75 4 35 36 37.6618898699473 0.1861500527926513
3.75 4 36 37 36.0536409053024 0.1851955883717084
3.75 4 37 38 34.51474645576069 0.1840245749363741
3.75 4 38 39 33.04348503622451 0.1826650836875759
3.75 4 39 40 31.63782471213015 0.1811423068669306
3.75 4 40 41 30.29552543735969 0.179478765010164
3.75 4 41 42 29.01421745397471 0.177694534242999
3.75 4 42 43 27.79146114022111 0.1758074756655163
3.75 4 43 44 26.6247924476644 0.1738334562648807
3.75 4 44 45 25.51175710335799 0.171786556208892
3.75 4 45 46 24.44947124022605 0.169735247666708
3.75 4 46 47 23.4363594477026 0.1678866790902389
3.75 4 47 48 22.46966669412198 0.1662559139742361
3.75 4 48 49 21.54718530256169 0.1648239861566852
3.75 4 49 50 20.66658908589427 0.1634224711636293
4 5 0 1 -969.0964842268949 3.038178063340082
4 5 1 2 -4355.947494641209 7.227235826183565
4 5 2 3 -2516.92710752314 5.375687548903391
4 5 3 4 -1385.776960277964 4.023701613753063
4 5 4 5 -767.1694738095741 3.007536473300962
4 5 5 6 -417.8194714297238 2.274127329572611
4 5 6 7 -214.1131035866936 1.7802939995571
4 5 7 8 -92.13635153329687 1.444728509972513
4 5 8 9 -17.67934522967766 1.207408523294117
4 5 9 10 28.19859037629669 1.03073541287351
4 5 10 11 56.34255472571306 0.8948912629368928
4 5 11 12 73.26535630802266 0.7888449966584574
4 5 12 13 82.96512111275831 0.7033642731201644
4 5 13 14 87.94162470663423 0.6323386016979403
4 5 14 15 89.80147468768303 0.5729820007918425
4 5 15 16 89.60703227181091 0.5232487160413356
4 5 16 17 88.07128792928296 0.4808359197579161
4 5 17 18 85.67476006006132 0.4438085829392624
4 5 18 19 82.74291194319056 0.4110297431308966
4 5 19 20 79.49827314844708 0.3819054667480753
4 5 20 21 76.09426244905296 0.3559869458039865
4 5 21 22 72.63673978166233 0.3328096447288819
4 5 22 23 69.19813544641929 0.3119244839871838
4 5 23 24 65.82718743763965 0.2929606612018402
4 5 24 25 62.55587204362698 0.2756430181627708
4 5 25 26 59.40435805201577 0.2597702666248315
4 5 26 27 56.38451505687178 0.2451843444431446
4 5 27 28 53.50237986318373 0.2317494290780262
4 5 28 29 50.75989399735886 0.2193432019489958
4 5 29 30 48.15614003352565 0.2078554564750802
4 5 30 31 45.68823211750892 0.1971888902257168
4 5 31 32 43.35196312543647 0.1872593230689913
4 5 32 33 41.14227635062223 0.1779947162076524
4 5 33 34 39.05360830810422 0.1693334045854359
4 5 34 35 37.08013603528778 0.1612221435913611
4 5 35 36 35.21595355834741 0.1536143788155069
4 5 36 37 33.45519602277027 0.1464689011371789
4 5 37 38 31.79212536878972 0.1397488777323474
4 5 38 39 30.22118788097254 0.1334211733034665
4 5 39 40 28.73705124779536 0.1274558663814389
4 5 40 41 27.33462678108791 0.1218258824146591
4 5 41 42 26.00908088747251 0.1165066937252841
4 5 42 43 24.75583882937995 0.1114760579896754
4 5 43 44 23.57058302504766 0.1067137822151755
4 5 44 45 22.44924750155346 0.1022015069032784
4 5 45 46 21.38755781037593 0.09831919939740623
4 5 46 47 20.38244733934171 0.09649067157367179
4 5 47 48 19.43014135860036 0.0967079621141959
4 5 48 49 18.52753090288241 0.09854867559074784
4 5 49 50 17.67126576458079 0.1007833196775586
-5 5 0 50 -527488.8201793875 91.53047421781932
