#ylo yhi qTlo qThi PDF0  uncertainty
-5 -4 0 1 -1000.855281644327 2.859430048712918
-5 -4 1 2 -4419.114508735428 7.265613581598631
-5 -4 2 3 -2547.05998283249 5.435742579350315
-5 -4 3 4 -1398.319222341671 4.080789838860476
-5 -4 4 5 -771.1614203915706 3.049236565226481
-5 -4 5 6 -417.8760108385311 2.304344268201214
-5 -4 6 7 -212.4069496228224 1.801544913206348
-5 -4 7 8 -89.71029186997589 1.458970519246822
-5 -4 8 9 -15.04237964978279 1.217049027172366
-5 -4 9 10 30.80636375765755 1.03784193508418
-5 -4 10 11 58.80779912444905 0.9005476471147237
-5 -4 11 12 75.54391207285551 0.7936407057755684
-5 -4 12 13 85.04365474775511 0.7077381565690827
-5 -4 13 14 89.82357310623831 0.6365103547073907
-5 -4 14 15 91.4981335806545 0.5770410783224256
-5 -4 15 16 91.13300369256331 0.5272311582667595
-5 -4 16 17 89.44208134698391 0.4847608931480443
-5 -4 17 18 86.90557968740364 0.4476863359419739
-5 -4 18 19 83.84807110202951 0.4148626938336902
-5 -4 19 20 80.49093435965801 0.3856903887277296
-5 -4 20 21 76.98635356059245 0.3597179855123642
-5 -4 21 22 73.4389693891398 0.3364806070100352
-5 -4 22 23 69.92006251620512 0.3155299314244017
-5 -4 23 24 66.47731639430876 0.2964961658717835
-5 -4 24 25 63.14175574318369 0.2791050363751044
-5 -4 25 26 59.93269902757993 0.2631559531836243
-5 -4 26 27 56.8612604734702 0.2484914310967713
-5 -4 27 28 53.93280837801285 0.2349761703278549
-5 -4 28 29 51.14869406272253 0.2224883505942334
-5 -4 29 30 48.50747979930486 0.2109182375313401
-5 -4 30 31 46.00582138798251 0.2001689611439872
-5 -4 31 32 43.63910798050462 0.1901567216137154
-5 -4 32 33 41.40192711717712 0.1808098039179558
-5 -4 33 34 39.28840158902689 0.1720668130291421
-5 -4 34 35 37.29243148328958 0.1638747267195044
-5 -4 35 36 35.40786603783543 0.15618717346042
-5 -4 36 37 33.62862374304104 0.1489630946226093
-5 -4 37 38 31.9487745081668 0.1421657807750212
-5 -4 38 39 30.36259415868792 0.1357621978526604
-5 -4 39 40 28.86459884234964 0.1297225060527392
-5 -4 40 41 27.44956494259211 0.1240196957847571
-5 -4 41 42 26.11253854289401 0.1186292892952994
-5 -4 42 43 24.84883744201167 0.1135290809959387
-5 -4 43 44 23.65404793367331 0.108698902991348
-5 -4 44 45 22.52401793285905 0.1041204107063905
-5 -4 45 46 21.45439196361603 0.1001712488728115
-5 -4 46 47 20.44204166794485 0.09826504764699448
-5 -4 47 48 19.48312616134873 0.09838911951556936
-5 -4 48 49 18.57448046406482 0.1001194941612169
-5 -4 49 50 17.71270370067569 0.1022325218939275
-4 -3.75 0 1 -314.8260151654547 1.824556673917691
-4 -3.75 1 2 -4008.910930738152 27.95857778415817
-4 -3.75 2 3 -2800.757326376363 12.95771262016133
-4 -3.75 3 4 -1711.94579476911 7.560336299281884
-4 -3.75 4 5 -1048.365389669176 4.91962670229292
-4 -3.75 5 6 -645.6078865835138 3.412286102925299
-4 -3.75 6 7 -395.5494331404579 2.466579911539768
-4 -3.75 7 8 -236.3235830402714 1.834130882547836
-4 -3.75 8 9 -132.64153303485 1.391221116915952
-4 -3.75 9 10 -63.90413513191766 1.07058576267361
-4 -3.75 10 11 -17.78380149468228 0.832475513823113
-4 -3.75 11 12 13.36004808094106 0.65247780191913
-4 -3.75 12 13 34.38111638645842 0.5148400508585235
-4 -3.75 13 14 48.44366528450496 0.4091332450404121
-4 -3.75 14 15 57.65719030049445 0.3283195553719562
-4 -3.75 15 16 63.4558870523 0.2825832427192772
-4 -3.75 16 17 66.83162342381894 0.2602022225134709
-4 -3.75 17 18 68.48054084308137 0.240169781741
-4 -3.75 18 19 68.89741887895673 0.222165691590683
-4 -3.75 19 20 68.43768188995756 0.205923056764016
-4 -3.75 20 21 67.3589112319292 0.1912180304038153
-4 -3.75 21 22 65.84910912131016 0.1778617345683595
-4 -3.75 22 23 64.04623693907797 0.1656938754940337
-4 -3.75 23 24 62.05190809700815 0.1675987268737939
-4 -3.75 24 25 59.94110374290537 0.1713312714002832
-4 -3.75 25 26 57.76914389089995 0.1749174107181674
-4 -3.75 26 27 55.57673998329525 0.1781334499683104
-4 -3.75 27 28 53.39369034366743 0.1808734349524455
-4 -3.75 28 29 51.24160528548617 0.1831007798847894
-4 -3.75 29 30 49.13593146867885 0.184818537774372
-4 -3.75 30 31 47.08746562570244 0.1860514333717135
-4 -3.75 31 32 45.10349306635811 0.186835117843316
-4 -3.75 32 33 43.18864835559754 0.1872098110211987
-4 -3.75 33 34 41.34556883710067 0.1872166025753959
-4 -3.75 34 35 39.57539271577924 0.1868953625227537
-4 -3.75 35 36 37.87813981240755 0.1862836257100428
-4 -3.75 36 37 36.25300329216563 0.1854160623299224
-4 -3.75 37 38 34.69857352828119 0.1843242971897731
-4 -3.75 38 39 33.21300999970448 0.1830369323706045
-4 -3.75 39 40 31.79417323965575 0.1815796834148872
-4 -3.75 40 41 30.43972601379923 0.1799755745315602
-4 -3.75 41 42 29.14721066622565 0.1782451590619235
-4 -3.75 42 43 27.9141080159112 0.1764067454551435
-4 -3.75 43 44 26.7378819387967 0.17447661715825
-4 -3.75 44 45 25.61601280286521 0.1724692398445755
-4 -3.75 45 46 24.54555347520815 0.1704538217363603
-4 -3.75 46 47 23.52488178023077 0.1686389686823749
-4 -3.75 47 48 22.55118977854201 0.1670395088084272
-4 -3.75 48 49 21.62222531174977 0.1656358803434987
-4 -3.75 49 50 20.73562064729828 0.1642586217435552
-3.75 -3.5 0 1 198.4712022166406 1.612533003398709
-3.75 -3.5 1 2 -4674.645195125187 24.49246888978583
-3.75 -3.5 2 3 -3697.831896600228 16.17780097204881
-3.75 -3.5 3 4 -2379.589823372949 11.43937666476136
-3.75 -3.5 4 5 -1521.509401666503 8.580993395505578
-3.75 -3.5 5 6 -980.3549850707579 6.707858215669861
-3.75 -3.5 6 7 -634.2266905407159 5.401914811287507
-3.75 -3.5 7 8 -407.8769889869845 4.448518551104754
-3.75 -3.5 8 9 -256.6052195040263 3.727435288043335
-3.75 -3.5 9 10 -153.577324667217 3.166813721187493
-3.75 -3.5 10 11 -82.38629017793096 2.721038962592519
-3.75 -3.5 11 12 -32.66986021307548 2.360012824469905
-3.75 -3.5 12 13 2.263181999044491 2.063086492688585
-3.75 -3.5 13 14 26.84164015819749 1.815666559108793
-3.75 -3.5 14 15 44.06086142817037 1.607171052713475
-3.75 -3.5 15 16 55.98611973438642 1.429755789529057
-3.75 -3.5 16 17 64.06587758677858 1.277493762853879
-3.75 -3.5 17 18 69.33131962342202 1.145830906143579
-3.75 -3.5 18 19 72.52623129313076 1.031215899734217
-3.75 -3.5 19 20 74.19324090020245 0.9308426807691739
-3.75 -3.5 20 21 74.73213745300444 0.8424677582050574
-3.75 -3.5 21 22 74.43996334549217 0.764278282447004
-3.75 -3.5 22 23 73.53899439568733 0.6947952372616366
-3.75 -3.5 23 24 72.19653461380324 0.6328013715233466
-3.75 -3.5 24 25 70.53909481806141 0.5772868404992939
-3.75 -3.5 25 26 68.66266361071519 0.5274077118499583
-3.75 -3.5 26 27 66.64022447241553 0.4824539418017335
-3.75 -3.5 27 28 64.52730906331061 0.4418244101259086
-3.75 -3.5 28 29 62.36613495080744 0.4050072757468169
-3.75 -3.5 29 30 60.18871264536614 0.3715643854959986
-3.75 -3.5 30 31 58.01919530177526 0.3411188001948521
-3.75 -3.5 31 32 55.87566716291451 0.3133447405533762
-3.75 -3.5 32 33 53.77151278102866 0.2879594270520721
-3.75 -3.5 33 34 51.71647082784315 0.264716414032077
-3.75 -3.5 34 35 49.71744900270252 0.2434001116703332
-3.75 -3.5 35 36 47.77915685427058 0.2238212583738715
-3.75 -3.5 36 37 45.90459901991511 0.2058131595312554
-3.75 -3.5 37 38 44.09546090917999 0.1892285471360852
-3.75 -3.5 38 39 42.35241109462598 0.1739369465186381
-3.75 -3.5 39 40 40.67533889365629 0.159822458872516
-3.75 -3.5 40 41 39.06354138150176 0.1467818874882122
-3.75 -3.5 41 42 37.51587069943859 0.1347231492931917
-3.75 -3.5 42 43 36.03085016910343 0.1235639251194778
-3.75 -3.5 43 44 34.60676579867123 0.1132305112054961
-3.75 -3.5 44 45 33.24173830038288 0.1036568413320805
-3.75 -3.5 45 46 31.93314745470069 0.09493062256226387
-3.75 -3.5 46 47 30.68006745909203 0.08758884375928863
-3.75 -3.5 47 48 29.4797872617624 0.08175786725037429
-3.75 -3.5 48 49 28.33023340308814 0.07745471046940004
-3.75 -3.5 49 50 27.22914083726533 0.07414074712335959
-3.5 -3.25 0 1 864.9533282355412 0.4346263810146175
-3.5 -3.25 1 2 -4863.711032068666 18.42153946260182
-3.5 -3.25 2 3 -4349.321182265348 14.67805330124913
-3.5 -3.25 3 4 -2916.517549582233 11.09561898036926
-3.5 -3.25 4 5 -1924.763703922994 8.655807402351009
-3.5 -3.25 5 6 -1279.30190588991 6.957257685007455
-3.5 -3.25 6 7 -856.7892268999099 5.726663751451759
-3.5 -3.25 7 8 -574.9183852613 4.803144598193168
-3.5 -3.25 8 9 -382.9693376766888 4.089542817367424
-3.5 -3.25 9 10 -249.7644426284023 3.524974941587343
-3.5 -3.25 10 11 -155.8977388237877 3.069372417195539
-3.5 -3.25 11 12 -88.93100198215575 2.695602420083386
-3.5 -3.25 12 13 -40.72895334763189 2.384647713860395
-3.5 -3.25 13 14 -5.844285430552191 2.122830066459823
-3.5 -3.25 14 15 19.44721014893116 1.900082549481913
-3.5 -3.25 15 16 37.74004045224171 1.708846196822446
-3.5 -3.25 16 17 50.87233250659278 1.54334456725302
-3.5 -3.25 17 18 60.16592349763221 1.399094316975337
-3.5 -3.25 18 19 66.58400930531491 1.272567344823907
-3.5 -3.25 19 20 70.83667611526243 1.160952748049483
-3.5 -3.25 20 21 73.45280763072356 1.061985996242472
-3.5 -3.25 21 22 74.82988150656729 0.9738242991974217
-3.5 -3.25 22 23 75.26896743588782 0.8949543061221972
-3.5 -3.25 23 24 74.99965851657527 0.8241228132555131
-3.5 -3.25 24 25 74.19805153216174 0.7602840942226061
-3.5 -3.25 25 26 72.99986091328077 0.7025594076790559
-3.5 -3.25 26 27 71.51008251125387 0.6502055395727716
-3.5 -3.25 27 28 69.81018242970924 0.602590127183438
-3.5 -3.25 28 29 67.96349131246888 0.5591721292510363
-3.5 -3.25 29 30 66.01928432665773 0.5194862406915447
-3.5 -3.25 30 31 64.01588971051626 0.4831303585617259
-3.5 -3.25 31 32 61.98307310912725 0.4497554295032788
-3.5 -3.25 32 33 59.94387770346421 0.4190571703306094
-3.5 -3.25 33 34 57.9160523784013 0.3907692741471073
-3.5 -3.25 34 35 55.91316589478276 0.36465780159806
-3.5 -3.25 35 36 53.94548020176734 0.3405165253344305
-3.5 -3.25 36 37 52.02063788037387 0.318163045182955
-3.5 -3.25 37 38 50.14420538593114 0.2974355302817039
-3.5 -3.25 38 39 48.32010381866476 0.278189974176338
-3.5 -3.25 39 40 46.5509515364194 0.2602978722961696
-3.5 -3.25 40 41 44.83833743902807 0.2436442477387814
-3.5 -3.25 41 42 43.18303937799936 0.2281259673972168
-3.5 -3.25 42 43 41.58519908998321 0.2136502992722817
-3.5 -3.25 43 44 40.0444625052705 0.2001336730587243
-3.5 -3.25 44 45 38.56009238723412 0.1875006105967704
-3.5 -3.25 45 46 37.13029784581076 0.1757837721744937
-3.5 -3.25 46 47 35.75522005145068 0.1653127044335353
-3.5 -3.25 47 48 34.43268604845436 0.1561227869896178
-3.5 -3.25 48 49 33.16117893712797 0.1481883292518101
-3.5 -3.25 49 50 31.93889824278291 0.1411241903743015
-3.25 -3 0 1 1578.86130486532 1.19339131882666
-3.25 -3 1 2 -4703.06385255867 9.211782786467788
-3.25 -3 2 3 -4768.529828336103 9.627975049725892
-3.25 -3 3 4 -3312.713906096493 7.827261649120196
-3.25 -3 4 5 -2242.378921386724 6.349356042693176
-3.25 -3 5 6 -1525.996509865549 5.240093622044682
-3.25 -3 6 7 -1047.802004683823 4.400796304421373
-3.25 -3 7 8 -723.560279059478 3.752120344422026
-3.25 -3 8 9 -499.4645661597679 3.239684881817512
-3.25 -3 9 10 -341.7088787409925 2.827173200344021
-3.25 -3 10 11 -228.9159339825685 2.489422824050825
-3.25 -3 11 12 -147.208568251599 2.208895104241738
-3.25 -3 12 13 -87.41185742184598 1.972976470296109
-3.25 -3 13 14 -43.3233096757242 1.772412650615583
-3.25 -3 14 15 -10.66508916924317 1.600280298470909
-3.25 -3 15 16 13.56767403083495 1.451308440134964
-3.25 -3 16 17 31.52078394978514 1.321420697112229
-3.25 -3 17 18 44.74936874576645 1.207419900492656
-3.25 -3 18 19 54.39541309020819 1.106766536006272
-3.25 -3 19 20 61.30740112170236 1.017420296890953
-3.25 -3 20 21 66.12234965982157 0.9377248995499234
-3.25 -3 21 22 69.32295327518443 0.8663230865556367
-3.25 -3 22 23 71.27797488078943 0.8020930404695822
-3.25 -3 23 24 72.27117657591532 0.7441002130637059
-3.25 -3 24 25 72.52229649066339 0.6915604081939105
-3.25 -3 25 26 72.20242947745669 0.6438111865588203
-3.25 -3 26 27 71.44542106009573 0.6002894968081396
-3.25 -3 27 28 70.35638809387893 0.5605140168942809
-3.25 -3 28 29 69.01814641104698 0.5240710953051271
-3.25 -3 29 30 67.49609854715487 0.4906034694149771
-3.25 -3 30 31 65.84197809327082 0.4598011455749638
-3.25 -3 31 32 64.09673777177363 0.4313939757462167
-3.25 -3 32 33 62.29279112898155 0.4051455761607324
-3.25 -3 33 34 60.45576266200379 0.3808483145520843
-3.25 -3 34 35 58.6058615344304 0.3583191554051113
-3.25 -3 35 36 56.75896518237712 0.3373961972924037
-3.25 -3 36 37 54.92747797411323 0.3179357723290464
-3.25 -3 37 38 53.12101448707114 0.2998100052659491
-3.25 -3 38 39 51.34694530345641 0.2829047497618924
-3.25 -3 39 40 49.61083448918433 0.2671178359997464
-3.25 -3 40 41 47.91679142700161 0.2523575766880855
-3.25 -3 41 42 46.26775449237959 0.2385414886846978
-3.25 -3 42 43 44.66572041542773 0.2255951944801853
-3.25 -3 43 44 43.11193012473754 0.2134514755145294
-3.25 -3 44 45 41.60701960063599 0.2020494532215555
-3.25 -3 45 46 40.15028803125688 0.1914420473492736
-3.25 -3 46 47 38.74309204818368 0.1819920669652088
-3.25 -3 47 48 37.38404391584382 0.1737373926460869
-3.25 -3 48 49 36.07238620032101 0.166648515032901
-3.25 -3 49 50 34.80698184186851 0.1603173866605225
-3 -2.75 0 1 2266.373534770164 1.640859938182047
-3 -2.75 1 2 -4356.639241037372 4.461774899489355
-3 -2.75 2 3 -5020.497746877561 5.947787503548762
-3 -2.75 3 4 -3593.668463013216 5.070768082460455
-3 -2.75 4 5 -2482.10451059763 4.212104928907236
-3 -2.75 5 6 -1719.919680719071 3.530564746760708
-3 -2.75 6 7 -1202.881004945838 2.999365854268219
-3 -2.75 7 8 -847.7044098623787 2.580828467331199
-3 -2.75 8 9 -599.360825625175 2.245389965628458
-3 -2.75 9 10 -422.6014552739712 1.972418923341549
-3 -2.75 10 11 -294.8320220448468 1.746862008999656
-3 -2.75 11 12 -201.2297003230406 1.558074827233674
-3 -2.75 12 13 -131.9069444905615 1.398247429766207
-3 -2.75 13 14 -80.12745671016796 1.261570301390298
-3 -2.75 14 15 -41.21244979728704 1.143648312610967
-3 -2.75 15 16 -11.85381623863327 1.041103841085147
-3 -2.75 16 17 10.32557237643891 0.9513037244400878
-3 -2.75 17 18 27.05894142950342 0.8721682203519147
-3 -2.75 18 19 39.62665795202918 0.8020351054800879
-3 -2.75 19 20 48.98568697548478 0.7395614546250654
-3 -2.75 20 21 55.85880346930776 0.6836515918754519
-3 -2.75 21 22 60.79703407325383 0.6334035050227502
-3 -2.75 22 23 64.22399149061994 0.5880684787285922
-3 -2.75 23 24 66.46776884437168 0.5470203243987275
-3 -2.75 24 25 67.78416350220789 0.5097316659328041
-3 -2.75 25 26 68.37377624516262 0.4757554776384685
-3 -2.75 26 27 68.39473037191101 0.4447105744942013
-3 -2.75 27 28 67.9722222298148 0.4162701084723023
-3 -2.75 28 29 67.20575517316786 0.3901523729912674
-3 -2.75 29 30 66.1746629778383 0.366113396775205
-3 -2.75 30 31 64.94235865798117 0.3439409355671826
-3 -2.75 31 32 63.55962535242253 0.3234495654177552
-3 -2.75 32 33 62.0671815278435 0.3044766508081228
-3 -2.75 33 34 60.49769236415875 0.2868790112066458
-3 -2.75 34 35 58.87735554005354 0.2705301506112631
-3 -2.75 35 36 57.22715783749697 0.2553179424655945
-3 -2.75 36 37 55.56387556814281 0.2411426853158811
-3 -2.75 37 38 53.90087454435724 0.2279154628577842
-3 -2.75 38 39 52.24875232465007 0.2155567539153858
-3 -2.75 39 40 50.61585572516262 0.2039952497356162
-3 -2.75 40 41 49.00869931944393 0.1931668434401648
-3 -2.75 41 42 47.43230483209766 0.1830137634151662
-3 -2.75 42 43 45.89047724418432 0.1734838274064153
-3 -2.75 43 44 44.38602996271516 0.1645297981761914
-3 -2.75 44 45 42.92096887491383 0.1561088253146981
-3 -2.75 45 46 41.49572170987068 0.148338663092495
-3 -2.75 46 47 40.11282856741951 0.1417805685659146
-3 -2.75 47 48 38.77174741067745 0.1365160898652276
-3 -2.75 48 49 37.47252060306073 0.1325178823279252
-3 -2.75 49 50 36.21471988561845 0.129209979570245
-2.75 -2.5 0 1 2901.087341263488 2.16332138062981
-2.75 -2.5 1 2 -3933.046976981695 1.102198803576963
-2.75 -2.5 2 3 -5167.235617238352 2.788524739530084
-2.75 -2.5 3 4 -3793.256364034492 2.665544308320161
-2.75 -2.5 4 5 -2662.233694247676 2.338447773882356
-2.75 -2.5 5 6 -1870.524880885264 2.031093396519027
-2.75 -2.5 6 7 -1326.334037391156 1.771733162542318
-2.75 -2.5 7 8 -948.6003083207897 1.557051468499461
-2.75 -2.5 8 9 -682.0677924989427 1.37857711914961
-2.75 -2.5 9 10 -490.7443670490134 1.229391838772674
-2.75 -2.5 10 11 -351.2929733182036 1.103280543616296
-2.75 -2.5 11 12 -248.2708793244406 0.9957123120297893
-2.75 -2.5 12 13 -171.3021893574121 0.9031486247736158
-2.75 -2.5 13 14 -113.2735296293204 0.8228517795034284
-2.75 -2.5 14 15 -69.21630399334572 0.7526850225126657
-2.75 -2.5 15 16 -35.59914480138082 0.690963596483489
-2.75 -2.5 16 17 -9.871962657014592 0.6363452417846591
-2.75 -2.5 17 18 9.833413325184438 0.5877497106228087
-2.75 -2.5 18 19 24.90343993937347 0.5442992528082782
-2.75 -2.5 19 20 36.37912738742364 0.5052742259672913
-2.75 -2.5 20 21 45.05032950922612 0.4700796615411256
-2.75 -2.5 21 22 51.52199267237336 0.4382198300286392
-2.75 -2.5 22 23 56.261364169074 0.4092786982494416
-2.75 -2.5 23 24 59.6320725375474 0.3829047709631669
-2.75 -2.5 24 25 61.91902692657789 0.3587992247270478
-2.75 -2.5 25 26 63.34681040126191 0.3367065391022614
-2.75 -2.5 26 27 64.09340605122225 0.3164070387320534
-2.75 -2.5 27 28 64.30053669203267 0.2977109101427924
-2.75 -2.5 28 29 64.08152150076188 0.2804533679828544
-2.75 -2.5 29 30 63.52729390893433 0.2644907211670885
-2.75 -2.5 30 31 62.71104549801311 0.2496971531048926
-2.75 -2.5 31 32 61.69183437068642 0.2359620675946833
-2.75 -2.5 32 33 60.51740688027627 0.2231878907828763
-2.75 -2.5 33 34 59.22641735780883 0.2112882394859416
-2.75 -2.5 34 35 57.85018393498746 0.2001863876390063
-2.75 -2.5 35 36 56.41408456494781 0.1898139756053505
-2.75 -2.5 36 37 54.9386722632899 0.180109919549225
-2.75 -2.5 37 38 53.44057002298177 0.1710194852541826
-2.75 -2.5 38 39 51.93319189053113 0.1624934984330568
-2.75 -2.5 39 40 50.42732616674235 0.1544876693146018
-2.75 -2.5 40 41 48.93160885398433 0.1469620119368059
-2.75 -2.5 41 42 47.4529091586702 0.1398803437070605
-2.75 -2.5 42 43 45.99664442417762 0.1332098526293128
-2.75 -2.5 43 44 44.56703809530322 0.1269207214183279
-2.75 -2.5 44 45 43.16733155480037 0.1209858005266765
-2.75 -2.5 45 46 41.79898683551119 0.1156029732173115
-2.75 -2.5 46 47 40.46559976417299 0.1115898942861408
-2.75 -2.5 47 48 39.16741704963798 0.1090614397214571
-2.75 -2.5 48 49 37.90522097273538 0.1079585174444888
-2.75 -2.5 49 50 36.67924136356524 0.1074658491383362
-2.5 -2.25 0 1 3479.79247405226 1.653326150319224
-2.5 -2.25 1 2 -3499.887910321823 0.9526906315855147
-2.5 -2.25 2 3 -5257.988034298971 1.69061058646671
-2.5 -2.25 3 4 -3940.918781890091 1.558634752465429
-2.5 -2.25 4 5 -2800.097841171358 1.394490168913389
-2.5 -2.25 5 6 -1988.008911859512 1.253829447213747
-2.5 -2.25 6 7 -1424.071203700848 1.122674654196411
-2.5 -2.25 7 8 -1029.514542162323 1.00735395060622
-2.5 -2.25 8 9 -749.1829371114209 0.9069520013147141
-2.5 -2.25 9 10 -546.6627553386552 0.8203038041727492
-2.5 -2.25 10 11 -398.1269021002195 0.7450005731150006
-2.5 -2.25 11 12 -287.7060272784736 0.6793180707859783
-2.5 -2.25 12 13 -204.677882987291 0.6217219068092829
-2.5 -2.25 13 14 -141.6562671147944 0.5709437000351011
-2.5 -2.25 14 15 -93.45958928468622 0.5259425900722438
-2.5 -2.25 15 16 -56.39025680366581 0.4858645224425343
-2.5 -2.25 16 17 -27.76796652995904 0.4500063923527174
-2.5 -2.25 17 18 -5.621960224147188 0.4177864897075939
-2.5 -2.25 18 19 11.51557132439279 0.3887207970365337
-2.5 -2.25 19 20 24.75059049679749 0.3624041857817625
-2.5 -2.25 20 21 34.92515884998613 0.338495541404194
-2.5 -2.25 21 22 42.68645988071228 0.3167059820024283
-2.5 -2.25 22 23 48.53612364929518 0.2967894939076309
-2.5 -2.25 23 24 52.86593198990136 0.2785354536382926
-2.5 -2.25 24 25 55.98397406732238 0.2617626237856861
-2.5 -2.25 25 26 58.13401756362634 0.2463143062220943
-2.5 -2.25 26 27 59.51000120176263 0.2320544050529471
-2.5 -2.25 27 28 60.26697908834126 0.2188642126503345
-2.5 -2.25 28 29 60.52945737382584 0.2066397693077641
-2.5 -2.25 29 30 60.397795531535 0.1952896832146012
-2.5 -2.25 30 31 59.95315820249391 0.1847333212762812
-2.5 -2.25 31 32 59.26137226399663 0.1748992994833605
-2.5 -2.25 32 33 58.37595043030092 0.1657242175073394
-2.5 -2.25 33 34 57.34047564131646 0.1571515929717349
-2.5 -2.25 34 35 56.19049180993926 0.1491309600670781
-2.5 -2.25 35 36 54.95501088711001 0.1416171040201072
-2.5 -2.25 36 37 53.65771986854838 0.1345694078420517
-2.5 -2.25 37 38 52.31795184613605 0.1279512935610543
-2.5 -2.25 38 39 50.95147048899412 0.121729741610618
-2.5 -2.25 39 40 49.57110623557588 0.1158748767705651
-2.5 -2.25 40 41 48.18727418495888 0.1103596100495008
-2.5 -2.25 41 42 46.80839698751876 0.1051593275395961
-2.5 -2.25 42 43 45.44125134258763 0.1002516195090287
-2.5 -2.25 43 44 44.09125267916227 0.09561604468919024
-2.5 -2.25 44 45 42.76268967860955 0.09123392274796346
-2.5 -2.25 45 46 41.45790450510199 0.08741106929340914
-2.5 -2.25 46 47 40.18138780918426 0.08534091673096619
-2.5 -2.25 47 48 38.93406228123911 0.0851582371120109
-2.5 -2.25 48 49 37.71734506344467 0.08670535842004645
-2.5 -2.25 49 50 36.53202998463436 0.09206708661517031
-2.25 -2 0 1 4003.481830574872 1.033520910973262
-2.25 -2 1 2 -3105.486935194015 0.8450342965489912
-2.25 -2 2 3 -5350.49292881052 1.650054898475706
-2.25 -2 3 4 -4082.432976525394 1.529353833027542
-2.25 -2 4 5 -2927.737367934491 1.349934744695013
-2.25 -2 5 6 -2093.313111289921 1.190865104380828
-2.25 -2 6 7 -1509.027355613387 1.057266466856595
-2.25 -2 7 8 -1097.828809574185 0.9448359322275928
-2.25 -2 8 9 -804.287600129549 0.8500410139245013
-2.25 -2 9 10 -591.3447469316116 0.7686484374687833
-2.25 -2 10 11 -434.5568282487527 0.698514280215678
-2.25 -2 11 12 -317.5607399113267 0.6375129609543252
-2.25 -2 12 13 -229.2545893537422 0.5840696434276078
-2.25 -2 13 14 -161.9648526974381 0.536941957148223
-2.25 -2 14 15 -110.2925860717005 0.4951387306108376
-2.25 -2 15 16 -70.3748762529051 0.4578608121179418
-2.25 -2 16 17 -39.40467550056519 0.4244575346043717
-2.25 -2 17 18 -15.31319605257386 0.3943943216020485
-2.25 -2 18 19 3.443868509475806 0.3672282981115903
-2.25 -2 19 20 18.03268965575762 0.3425897215054197
-2.25 -2 20 21 29.34310332835287 0.3201676920630721
-2.25 -2 21 22 38.06048788832425 0.29969905149676
-2.25 -2 22 23 44.71722370392808 0.2809596743161106
-2.25 -2 23 24 49.73000965786264 0.263757580410557
-2.25 -2 24 25 53.42724589854708 0.2479274422932093
-2.25 -2 25 26 56.06934785489761 0.2333261723300308
-2.25 -2 26 27 57.86396911253064 0.2198293501902006
-2.25 -2 27 28 58.97751591727274 0.2073283133738711
-2.25 -2 28 29 59.54393217847087 0.1957277712595877
-2.25 -2 29 30 59.67145569086028 0.1849438353283958
-2.25 -2 30 31 59.44785276192283 0.1749023869128443
-2.25 -2 31 32 58.94450190151463 0.1655377140983802
-2.25 -2 32 33 58.21960004092676 0.1567913694869083
-2.25 -2 33 34 57.3206948386067 0.1486112075048386
-2.25 -2 34 35 56.28669581858151 0.1409505700971533
-2.25 -2 35 36 55.1494798687765 0.1337675937291942
-2.25 -2 36 37 53.93517906857591 0.1270246184755728
-2.25 -2 37 38 52.6652183741698 0.1206876816485005
-2.25 -2 38 39 51.35715523967463 0.11472608201916
-2.25 -2 39 40 50.02536160582315 0.1091120039159798
-2.25 -2 40 41 48.68157996277716 0.1038201910818333
-2.25 -2 41 42 47.33537814801952 0.09882766456000103
-2.25 -2 42 43 45.99452261418102 0.09411347561876098
-2.25 -2 43 44 44.66528562263557 0.08965849027353553
-2.25 -2 44 45 43.35269876063546 0.08544520067041209
-2.25 -2 45 46 42.05970551867998 0.08211190945719302
-2.25 -2 46 47 40.79144093034247 0.0820436431883128
-2.25 -2 47 48 39.5492719232268 0.08530518054523321
-2.25 -2 48 49 38.33504061975191 0.09127975821394448
-2.25 -2 49 50 37.14991043169306 0.09760299932581921
-2 -1.75 0 1 4502.044639360385 1.068295008760177
-2 -1.75 1 2 -2710.186113481316 2.816037643888046
-2 -1.75 2 3 -5411.063901126717 2.787434224878949
-2 -1.75 3 4 -4202.006686423656 2.270532121432162
-2 -1.75 4 5 -3045.35997992699 1.862367508286606
-2 -1.75 5 6 -2197.052229397389 1.559377646193216
-2 -1.75 6 7 -1597.691266756257 1.330408449660333
-2 -1.75 7 8 -1172.907054169756 1.152579425322682
-2 -1.75 8 9 -867.7944431887354 1.011138263870673
-2 -1.75 9 10 -645.1876734877078 0.8959432598960393
-2 -1.75 10 11 -480.3765621243592 0.8006944401243877
-2 -1.75 11 12 -356.7189243138939 0.7205429922849651
-2 -1.75 12 13 -262.8652749959706 0.6522684814966647
-2 -1.75 13 14 -190.9361677619361 0.5934707639359467
-2 -1.75 14 15 -135.3654980779013 0.5423564005288816
-2 -1.75 15 16 -92.15597598389468 0.4975582516864736
-2 -1.75 16 17 -58.39277703043831 0.4580155731426108
-2 -1.75 17 18 -31.92053383168172 0.4228924015297817
-2 -1.75 18 19 -11.12513703716513 0.3915207527580547
-2 -1.75 19 20 5.216122952289197 0.3633602713485799
-2 -1.75 20 21 18.03910967911088 0.337969024343085
-2 -1.75 21 22 28.06686890718606 0.3149819986495118
-2 -1.75 22 23 35.86276711797393 0.2940950238135663
-2 -1.75 23 24 41.86912225646847 0.2750525820833073
-2 -1.75 24 25 46.43561942438896 0.2576384475302595
-2 -1.75 25 26 49.8404406420492 0.2416684134856522
-2 -1.75 26 27 52.3061352769804 0.2269845829342159
-2 -1.75 27 28 54.01165130285142 0.2134508417941509
-2 -1.75 28 29 55.10153485626836 0.2009492375018384
-2 -1.75 29 30 55.69302073320523 0.1893770589372369
-2 -1.75 30 31 55.8815379086293 0.1786444614659791
-2 -1.75 31 32 55.74501380800262 0.1686725248646955
-2 -1.75 32 33 55.34726096841268 0.159391651119918
-2 -1.75 33 34 54.74065760470467 0.1507402374939887
-2 -1.75 34 35 53.96828107564397 0.1426635684075005
-2 -1.75 35 36 53.06561472306106 0.1351128878402524
-2 -1.75 36 37 52.06191997619806 0.1280446165374318
-2 -1.75 37 38 50.98134437839349 0.1214196892821707
-2 -1.75 38 39 49.84382013069006 0.1152029918712039
-2 -1.75 39 40 48.66579559810833 0.1093628785837539
-2 -1.75 40 41 47.46083312792962 0.1038707604868317
-2 -1.75 41 42 46.24009916047868 0.09870074879563766
-2 -1.75 42 43 45.01276745753063 0.09382934823634023
-2 -1.75 43 44 43.78635178341409 0.08923519018465749
-2 -1.75 44 45 42.5669811675009 0.08489880135355615
-2 -1.75 45 46 41.35854182247525 0.081284673472969
-2 -1.75 46 47 40.16708523850022 0.08150427114770496
-2 -1.75 47 48 38.99471601339795 0.08521985604816119
-2 -1.75 48 49 37.84395859630874 0.09178925778029522
-2 -1.75 49 50 36.71657916554841 0.09872112374814669
-1.75 -1.5 0 1 4962.977862096955 0.9849337714464204
-1.75 -1.5 1 2 -2325.086093656685 0.8517620205788641
-1.75 -1.5 2 3 -5441.463928361844 1.763719097915188
-1.75 -1.5 3 4 -4275.96939855611 1.702807293011359
-1.75 -1.5 4 5 -3112.398111378508 1.517275636266567
-1.75 -1.5 5 6 -2251.014107713602 1.330802813789133
-1.75 -1.5 6 7 -1639.949552076157 1.16751196893929
-1.75 -1.5 7 8 -1205.846071026932 1.029370872488022
-1.75 -1.5 8 9 -893.5789444989514 0.9134085493739849
-1.75 -1.5 9 10 -665.4552540155601 0.8169782835301002
-1.75 -1.5 10 11 -496.365506023054 0.7338010725028435
-1.75 -1.5 11 12 -369.3808876145388 0.6632010166308261
-1.75 -1.5 12 13 -272.9137939500126 0.602341288168587
-1.75 -1.5 13 14 -198.916926611224 0.5494612049695219
-1.75 -1.5 14 15 -141.7000451087986 0.5031783465558984
-1.75 -1.5 15 16 -97.17310939046024 0.4623998639152286
-1.75 -1.5 16 17 -62.35120891183419 0.4262542208715857
-1.75 -1.5 17 18 -35.02542348766269 0.394039838673145
-1.75 -1.5 18 19 -13.54029476130086 0.3651866711098637
-1.75 -1.5 19 20 3.359118989502122 0.3392273870745112
-1.75 -1.5 20 21 16.63402341499614 0.3157756152626162
-1.75 -1.5 21 22 27.02754281296927 0.2945093912638591
-1.75 -1.5 22 23 35.11906116226976 0.2751584422086815
-1.75 -1.5 23 24 41.36375239286394 0.2574943342883417
-1.75 -1.5 24 25 46.12167630680858 0.2413227678867983
-1.75 -1.5 25 26 49.67942790207462 0.2264774995442347
-1.75 -1.5 26 27 52.26640829957785 0.2128155083900514
-1.75 -1.5 27 28 54.06716730207631 0.2002131206111148
-1.75 -1.5 28 29 55.2308467667367 0.1885628803091396
-1.75 -1.5 29 30 55.87846338104418 0.1777710047073264
-1.75 -1.5 30 31 56.10856677708148 0.1677552996670358
-1.75 -1.5 31 32 56.00166560106311 0.1584434444930655
-1.75 -1.5 32 33 55.62371190001096 0.1497715692904505
-1.75 -1.5 33 34 55.02886047897982 0.141683070229752
-1.75 -1.5 34 35 54.261666172471 0.1341276172760774
-1.75 -1.5 35 36 53.35884256566533 0.1270603193096829
-1.75 -1.5 36 37 52.35067644330019 0.120441017492702
-1.75 -1.5 37 38 51.26217049986093 0.1142336859756832
-1.75 -1.5 38 39 50.11397038203489 0.1084059204176537
-1.75 -1.5 39 40 48.9231196847665 0.102928499966902
-1.75 -1.5 40 41 47.70367718491735 0.09777501065192822
-1.75 -1.5 41 42 46.46722304100729 0.0929215216297959
-1.75 -1.5 42 43 45.22327539040879 0.08834630327553902
-1.75 -1.5 43 44 43.97963416088669 0.08402958420005696
-1.75 -1.5 44 45 42.74266562341904 0.07995333826423504
-1.75 -1.5 45 46 41.51641131359506 0.0768166013575533
-1.75 -1.5 46 47 40.30716343862446 0.07723332363983076
-1.75 -1.5 47 48 39.117117930901 0.08129216774055327
-1.75 -1.5 48 49 37.94890695670207 0.08833866505170636
-1.75 -1.5 49 50 36.80439151388524 0.09578457315893948
-1.5 -1.25 0 1 5400.290611774546 3.113552670755129
-1.5 -1.25 1 2 -1945.541962707923 3.72634357940777
-1.5 -1.25 2 3 -5466.332342530597 1.695346171103608
-1.5 -1.25 3 4 -4356.575431516678 1.629751276698786
-1.5 -1.25 4 5 -3194.258144040991 1.455105583560207
-1.5 -1.25 5 6 -2323.469773880157 1.284631316979112
-1.5 -1.25 6 7 -1701.750523321636 1.136164164792043
-1.5 -1.25 7 8 -1258.022224377052 1.010280411745772
-1.5 -1.25 8 9 -937.5716501014804 0.9028609697992274
-1.5 -1.25 9 10 -702.7248281560596 0.8130250744168765
-1.5 -1.25 10 11 -528.0080685280745 0.734942549219731
-1.5 -1.25 11 12 -396.3928615607038 0.6678843000643906
-1.5 -1.25 12 13 -296.0827044778189 0.6095815347601959
-1.5 -1.25 13 14 -218.8814617721027 0.558531934347264
-1.5 -1.25 14 15 -158.9792735468527 0.5135414076060677
-1.5 -1.25 15 16 -112.1906310168072 0.4736544358443451
-1.5 -1.25 16 17 -75.4544515541445 0.4381001578237098
-1.5 -1.25 17 18 -46.50085705934316 0.4062513515595994
-1.5 -1.25 18 19 -23.62538264786303 0.3775933417285132
-1.5 -1.25 19 20 -5.533479558042245 0.3517003670473356
-1.5 -1.25 20 21 8.768245125161911 0.3282175057647466
-1.5 -1.25 21 22 20.04921699024067 0.3068467536933742
-1.5 -1.25 22 23 28.91042640997694 0.2873362057318919
-1.5 -1.25 23 24 35.82488763866388 0.2694715840255872
-1.5 -1.25 24 25 41.16746283311954 0.2530695470916282
-1.5 -1.25 25 26 45.23708533975559 0.2401618123101763
-1.5 -1.25 26 27 48.27348568421155 0.2281911839232633
-1.5 -1.25 27 28 50.46989698249774 0.2170282578135875
-1.5 -1.25 28 29 51.98278923582188 0.2066023669675847
-1.5 -1.25 29 30 52.93938660209801 0.1968504128899716
-1.5 -1.25 30 31 53.44351548096677 0.1877159298626811
-1.5 -1.25 31 32 53.58018522601481 0.1791482757668634
-1.5 -1.25 32 33 53.41919899507678 0.1711019306469726
-1.5 -1.25 33 34 53.01801697311765 0.1635358903715689
-1.5 -1.25 34 35 52.42403930628711 0.1564131395201102
-1.5 -1.25 35 36 51.67643574742539 0.1497001941026511
-1.5 -1.25 36 37 50.80761904684596 0.143366703472779
-1.5 -1.25 37 38 49.84443682257796 0.1373851029230997
-1.5 -1.25 38 39 48.80913974223563 0.1317303102248754
-1.5 -1.25 39 40 47.72017105977505 0.1263794598694576
-1.5 -1.25 40 41 46.59281294153698 0.1213116699349033
-1.5 -1.25 41 42 45.43971723858198 0.1165078371824815
-1.5 -1.25 42 43 44.27134290593295 0.111950455913275
-1.5 -1.25 43 44 43.09631750002353 0.1076234588990928
-1.5 -1.25 44 45 41.92173679951708 0.1035120756380567
-1.5 -1.25 45 46 40.75225852376229 0.09994912801495952
-1.5 -1.25 46 47 39.59479002061923 0.09821868927480133
-1.5 -1.25 47 48 38.45200512267496 0.09849999115136748
-1.5 -1.25 48 49 37.32698483788187 0.1006936443942518
-1.5 -1.25 49 50 36.22197689711396 0.1035437904891387
-1.25 -1 0 1 5769.968180050595 1.55044968642995
-1.25 -1 1 2 -1642.646945531172 0.7619292842924988
-1.25 -1 2 3 -5504.554115178515 2.095424030667591
-1.25 -1 3 4 -4434.88817970235 1.988611567234547
-1.25 -1 4 5 -3267.760102431647 1.750131930808212
-1.25 -1 5 6 -2385.016229477759 1.529092730827026
-1.25 -1 6 7 -1751.747285725487 1.342983712402362
-1.25 -1 7 8 -1298.344870876422 1.188490701520778
-1.25 -1 8 9 -970.1072235597217 1.059869313629006
-1.25 -1 9 10 -729.0615962030352 0.9520180893708979
-1.25 -1 10 11 -549.4109367037181 0.8599170461965392
-1.25 -1 11 12 -413.8466422468027 0.7810723227519838
-1.25 -1 12 13 -310.3582100136894 0.7128076187751703
-1.25 -1 13 14 -230.5832892624842 0.6532209296402252
-1.25 -1 14 15 -168.5847302898921 0.6008295811235786
-1.25 -1 15 16 -120.0792618431926 0.5544641526186941
-1.25 -1 16 17 -81.93024811603573 0.5131915445672013
-1.25 -1 17 18 -51.80897824448198 0.476258995050456
-1.25 -1 18 19 -27.96481029664142 0.4430529849846311
-1.25 -1 19 20 -9.06666870220738 0.41306874291235
-1.25 -1 20 21 5.907947290890661 0.3858873513332634
-1.25 -1 21 22 17.75181992227317 0.3611583606661036
-1.25 -1 22 23 27.08480173784551 0.3385864396602837
-1.25 -1 23 24 34.39522972273699 0.3179210165275478
-1.25 -1 24 25 40.07048129493023 0.2989481618566136
-1.25 -1 25 26 44.41976322705943 0.2814841697343017
-1.25 -1 26 27 47.69127815930653 0.2653704373962422
-1.25 -1 27 28 50.085275623744 0.2504693489748303
-1.25 -1 28 29 51.76405936254582 0.2366609403256268
-1.25 -1 29 30 52.85972165857549 0.2238401786247678
-1.25 -1 30 31 53.48016502078519 0.2119147281703276
-1.25 -1 31 32 53.71382250643353 0.2008031047853383
-1.25 -1 32 33 53.63338142854627 0.1904331411518715
-1.25 -1 33 34 53.29873824691595 0.1807407053062764
-1.25 -1 34 35 52.75935629371151 0.171668623491156
-1.25 -1 35 36 52.05615670016095 0.1631657713661688
-1.25 -1 36 37 51.22304219342067 0.1551863032786446
-1.25 -1 37 38 50.28813058394377 0.1476889958747174
-1.25 -1 38 39 49.27475742764898 0.1406366870061351
-1.25 -1 39 40 48.20229422281483 0.133995793318338
-1.25 -1 40 41 47.08681863786416 0.1277358959562357
-1.25 -1 41 42 45.94166526864319 0.1218293804886264
-1.25 -1 42 43 44.77787982419352 0.1162511261215133
-1.25 -1 43 44 43.60459472217252 0.110978234357197
-1.25 -1 44 45 42.42934059473509 0.1059897918701282
-1.25 -1 45 46 41.25712172736962 0.1016468008545754
-1.25 -1 46 47 40.09522672256105 0.09937415429260654
-1.25 -1 47 48 38.94658019518923 0.0993921234423176
-1.25 -1 48 49 37.81450399712907 0.1015852679375558
-1.25 -1 49 50 36.70145686362045 0.1089068939659785
-1 -0.75 0 1 6092.226765325589 2.272973853270827
-1 -0.75 1 2 -1352.796225159323 2.025649980777982
-1 -0.75 2 3 -5506.141360558152 1.570349230691809
-1 -0.75 3 4 -4475.171947182038 1.524538223621787
-1 -0.75 4 5 -3308.666737724522 1.366803083217647
-1 -0.75 5 6 -2419.898842705753 1.214904467528471
-1 -0.75 6 7 -1780.232029312599 1.083957906082425
-1 -0.75 7 8 -1321.354505567996 0.9729766713556355
-1 -0.75 8 9 -988.685143943057 0.8784046503125996
-1 -0.75 9 10 -744.1069093506485 0.7969292451396359
-1 -0.75 10 11 -561.6497125674341 0.7269210638434893
-1 -0.75 11 12 -423.842249947525 0.6656652079136887
-1 -0.75 12 13 -318.55277989827 0.6118471835416994
-1 -0.75 13 14 -237.32365905295 0.5642549802191336
-1 -0.75 14 15 -174.1446572455495 0.5219209178394708
-1 -0.75 15 16 -124.6763157657242 0.4840643617879635
-1 -0.75 16 17 -85.73853133061721 0.4500492988010061
-1 -0.75 17 18 -54.96871062232935 0.4193527325727842
-1 -0.75 18 19 -30.58959251776059 0.3915409051430379
-1 -0.75 19 20 -11.24902872997905 0.3662512194369833
-1 -0.75 20 21 4.092282882892732 0.3431783429251843
-1 -0.75 21 22 16.24060873555709 0.3220634255572383
-1 -0.75 22 23 25.82668841136172 0.3026856451899358
-1 -0.75 23 24 33.34769710574847 0.284855524761899
-1 -0.75 24 25 39.19822282941982 0.2684096028999795
-1 -0.75 25 26 43.69338161345377 0.253206151742122
-1 -0.75 26 27 47.08623876548825 0.239121708596124
-1 -0.75 27 28 49.58106023518451 0.2260482506259869
-1 -0.75 28 29 51.3434785476046 0.2138908742772095
-1 -0.75 29 30 52.50835349245028 0.2025658807421222
-1 -0.75 30 31 53.18589504290958 0.1919991853108343
-1 -0.75 31 32 53.46646520532113 0.1821249892930369
-1 -0.75 32 33 53.4243677009199 0.1728846650794557
-1 -0.75 33 34 53.1208564818196 0.1642258155372699
-1 -0.75 34 35 52.60653722299594 0.1561014776158473
-1 -0.75 35 36 51.92329410494114 0.1484694431509342
-1 -0.75 36 37 51.10584309217899 0.141291680060832
-1 -0.75 37 38 50.18298973949646 0.1345338339527674
-1 -0.75 38 39 49.17865197903114 0.1281648002825667
-1 -0.75 39 40 48.11269501713997 0.1221563538293078
-1 -0.75 40 41 47.00161546404991 0.116482827325293
-1 -0.75 41 42 45.85910368589271 0.1111208325165596
-1 -0.75 42 43 44.69650769432309 0.1060490160552848
-1 -0.75 43 44 43.52321687306261 0.1012478458588233
-1 -0.75 44 45 42.34698032204903 0.09669942456331286
-1 -0.75 45 46 41.17296315570951 0.09318904709368379
-1 -0.75 46 47 40.00865775991048 0.09365261205547583
-1 -0.75 47 48 38.85709780742386 0.0981993953171595
-1 -0.75 48 49 37.7217186785827 0.1061002213462558
-1 -0.75 49 50 36.60506879532892 0.114459771553397
-0.75 -0.5 0 1 6345.550631324039 3.280055984612609
-0.75 -0.5 1 2 -1127.897011190749 2.746978398747125
-0.75 -0.5 2 3 -5513.984301819173 1.57909672077666
-0.75 -0.5 3 4 -4515.454619293975 1.542503025019881
-0.75 -0.5 4 5 -3350.038562199003 1.384879482726029
-0.75 -0.5 5 6 -2456.316830469268 1.230315193992593
-0.75 -0.5 6 7 -1811.037399132056 1.096163239427424
-0.75 -0.5 7 8 -1347.146433694427 0.9820829698731905
-0.75 -0.5 8 9 -1010.273816755434 0.9020934293358909
-0.75 -0.5 9 10 -762.236875189627 0.8312507552100009
-0.75 -0.5 10 11 -576.9516324646283 0.7675561291649489
-0.75 -0.5 11 12 -436.8219916227981 0.7099019031762618
-0.75 -0.5 12 13 -329.6186417727822 0.6579702027329989
-0.75 -0.5 13 14 -246.8038512172523 0.611166876085477
-0.75 -0.5 14 15 -182.3039766229444 0.5689108958908444
-0.75 -0.5 15 16 -131.7295238568697 0.5306699220240223
-0.75 -0.5 16 17 -91.86082216018099 0.495970763298267
-0.75 -0.5 17 18 -60.30383750567921 0.4643989879713846
-0.75 -0.5 18 19 -35.25617744186252 0.4355941573590533
-0.75 -0.5 19 20 -15.34547971565098 0.4092436416742635
-0.75 -0.5 20 21 0.4839175486306431 0.385076347649772
-0.75 -0.5 21 22 13.05160012412966 0.3628569175402672
-0.75 -0.5 22 23 22.99921274119242 0.3423805952563884
-0.75 -0.5 23 24 30.8329063113523 0.3234687874647926
-0.75 -0.5 24 25 36.95469300105094 0.3059652737875033
-0.75 -0.5 25 26 41.68585799048083 0.289732992111277
-0.75 -0.5 26 27 45.28461502339007 0.2746513209033487
-0.75 -0.5 27 28 47.95954405408281 0.2606137824007433
-0.75 -0.5 28 29 49.87990618981814 0.2475261017109062
-0.75 -0.5 29 30 51.18362424525856 0.2353045631650383
-0.75 -0.5 30 31 51.98350259566075 0.2238746152019025
-0.75 -0.5 31 32 52.37210780879093 0.2131696847610033
-0.75 -0.5 32 33 52.4256226494482 0.2031301648738218
-0.75 -0.5 33 34 52.20690734494735 0.1937025494265096
-0.75 -0.5 34 35 51.76794451096214 0.1848386898938143
-0.75 -0.5 35 36 51.15180183644173 0.1764951570407901
-0.75 -0.5 36 37 50.3942151462573 0.1686326888566538
-0.75 -0.5 37 38 49.52487100146556 0.161215713040996
-0.75 -0.5 38 39 48.56845019512639 0.1542119329696117
-0.75 -0.5 39 40 47.54547999801383 0.1475919666857467
-0.75 -0.5 40 41 46.47303286904736 0.1413290322417813
-0.75 -0.5 41 42 45.36530109193711 0.1353986721341799
-0.75 -0.5 42 43 44.23407104986518 0.129778511424046
-0.75 -0.5 43 44 43.08911574844461 0.1244480452157918
-0.75 -0.5 44 45 41.938520633488 0.1193884514771138
-0.75 -0.5 45 46 40.78772924684574 0.1149615259049813
-0.75 -0.5 46 47 39.64452321030711 0.1125834112896075
-0.75 -0.5 47 48 38.51214882767096 0.1124689529615112
-0.75 -0.5 48 49 37.39424411855487 0.114514235353369
-0.75 -0.5 49 50 36.29353513211132 0.1173361300072469
-0.5 -0.25 0 1 6516.168657001419 3.379314974382449
-0.5 -0.25 1 2 -980.3447341601404 2.368350133541974
-0.5 -0.25 2 3 -5523.360599042517 1.559414769444373
-0.5 -0.25 3 4 -4545.677356614314 1.54094423169054
-0.5 -0.25 4 5 -3380.007657530993 1.450779245564586
-0.5 -0.25 5 6 -2482.15714272586 1.362348253627751
-0.5 -0.25 6 7 -1832.503908209952 1.253091092841923
-0.5 -0.25 7 8 -1364.803592955399 1.145827887494809
-0.5 -0.25 8 9 -1024.786409495485 1.047366501761332
-0.5 -0.25 9 10 -774.1978660656523 0.9592426332406306
-0.5 -0.25 10 11 -586.8474688882779 0.88032978047174
-0.5 -0.25 11 12 -445.0408405335324 0.8103239640258164
-0.5 -0.25 12 13 -336.4696484533688 0.7479862575050749
-0.5 -0.25 13 14 -252.5332075515005 0.6923245126487241
-0.5 -0.25 14 15 -187.1086563752183 0.642457854976879
-0.5 -0.25 15 16 -135.7680589776214 0.5976244060483892
-0.5 -0.25 16 17 -95.26160527357547 0.5571727168684789
-0.5 -0.25 17 18 -63.1714909872494 0.5205481148892269
-0.5 -0.25 18 19 -37.67645021060935 0.4872785223927511
-0.5 -0.25 19 20 -17.38903231625818 0.4569614803889266
-0.5 -0.25 20 21 -1.241432689542307 0.4292529015457597
-0.5 -0.25 21 22 11.59576812486398 0.4038575771569196
-0.5 -0.25 22 23 21.77222532325436 0.3805212681036533
-0.5 -0.25 23 24 29.80065058781372 0.3590241558907739
-0.5 -0.25 24 25 36.08845652731941 0.3391754311093658
-0.5 -0.25 25 26 40.9613942995145 0.3208088200215444
-0.5 -0.25 26 27 44.68138673674946 0.303778880190426
-0.5 -0.25 27 28 47.46010656012027 0.2879579245520119
-0.5 -0.25 28 29 49.46940330968368 0.2732334587516964
-0.5 -0.25 29 30 50.84937364809844 0.2595060387361937
-0.5 -0.25 30 31 51.7146535424763 0.2466874725884585
-0.5 -0.25 31 32 52.15935748404775 0.2346993061074047
-0.5 -0.25 32 33 52.2609801778683 0.223471541208648
-0.5 -0.25 33 34 52.0834967934145 0.2129415492272332
-0.5 -0.25 34 35 51.67983989323369 0.2030531438479206
-0.5 -0.25 35 36 51.0938884936088 0.1937557892325792
-0.5 -0.25 36 37 50.36207294217581 0.1850039199571403
-0.5 -0.25 37 38 49.51467562640539 0.1767563558208538
-0.5 -0.25 38 39 48.57688954479551 0.1689757962199494
-0.5 -0.25 39 40 47.56968314775423 0.161628382036707
-0.5 -0.25 40 41 46.51050959645585 0.1546833147924039
-0.5 -0.25 41 42 45.41389026233128 0.1481125247912908
-0.5 -0.25 42 43 44.291896466465 0.1418903808262833
-0.5 -0.25 43 44 43.15454830630176 0.1359934360119719
-0.5 -0.25 44 45 42.01014581065527 0.1304002040657734
-0.5 -0.25 45 46 40.86430736250844 0.1254463689819469
-0.5 -0.25 46 47 39.72500011581946 0.122460481079152
-0.5 -0.25 47 48 38.59560025724687 0.1216594088935032
-0.5 -0.25 48 49 37.47986930552298 0.1229743568294107
-0.5 -0.25 49 50 36.38064174100469 0.1251126693354002
-0.25 0 0 1 6603.554808674624 3.602502866758417
-0.25 0 1 2 -902.7187690380606 3.045204356327765
-0.25 0 2 3 -5525.279964970972 1.578323599302767
-0.25 0 3 4 -4557.861713172204 1.55078888554977
-0.25 0 4 5 -3391.950897275049 1.395907085738598
-0.25 0 5 6 -2492.083483212566 1.24225231819888
-0.25 0 6 7 -1840.391849180431 1.128202223064548
-0.25 0 7 8 -1370.980962696091 1.043606866233924
-0.25 0 8 9 -1029.59844020584 0.9621481809722364
-0.25 0 9 10 -777.9351134249951 0.8871479138888463
-0.25 0 10 11 -589.7420826906832 0.8185812462922819
-0.25 0 11 12 -447.2707582620101 0.7569012988266123
-0.25 0 12 13 -338.1733700111454 0.7013680299304744
-0.25 0 13 14 -253.8185039821526 0.6513434952592035
-0.25 0 14 15 -188.0599478788959 0.6062022456659142
-0.25 0 15 16 -136.4519525390776 0.565370690192302
-0.25 0 16 17 -95.73101939104436 0.5283388537856955
-0.25 0 17 18 -63.46873539856983 0.4946601623422841
-0.25 0 18 19 -37.83554160156609 0.4639463721492471
-0.25 0 19 20 -17.43745133385437 0.4358609090203005
-0.25 0 20 21 -1.201469938923537 0.4101120859677748
-0.25 0 21 22 11.70597113937288 0.3864468213413159
-0.25 0 22 23 21.93786395618417 0.3646450772993259
-0.25 0 23 24 30.00961803411224 0.344515050707127
-0.25 0 24 25 36.33083732938553 0.325889068740872
-0.25 0 25 26 41.22906020194284 0.3086201090446401
-0.25 0 26 27 44.96767227327462 0.2925788590372238
-0.25 0 27 28 47.75954724989481 0.2776512328754321
-0.25 0 28 29 49.77752337198206 0.2637362732473331
-0.25 0 29 30 51.16251313437454 0.2507443768253632
-0.25 0 30 31 52.0298270299362 0.2385957883458697
-0.25 0 31 32 52.47413817269205 0.2272193214985403
-0.25 0 32 33 52.57340453020481 0.2165512677254011
-0.25 0 33 34 52.39198585790371 0.2065344639843817
-0.25 0 34 35 51.98313422875373 0.1971174923924905
-0.25 0 35 36 51.39099422184063 0.1882539932607897
-0.25 0 36 37 50.65221693308342 0.1799020713842773
-0.25 0 37 38 49.79726819938787 0.1720237823772724
-0.25 0 38 39 48.85149337679974 0.1645846885798535
-0.25 0 39 40 47.8359873129487 0.1575534702511533
-0.25 0 40 41 46.76830786436352 0.1509015886287017
-0.25 0 41 42 45.66306293425862 0.1446029898860634
-0.25 0 42 43 44.53239515797327 0.1386338456467442
-0.25 0 43 44 43.38638318912592 0.132972325641805
-0.25 0 44 45 42.23337490776299 0.1275983962600306
-0.25 0 45 46 41.07902057406898 0.122861258593325
-0.25 0 46 47 39.93133257153215 0.1201346946469056
-0.25 0 47 48 38.79370493216345 0.1196369144363361
-0.25 0 48 49 37.66991868217218 0.1212865691323068
-0.25 0 49 50 36.56282287332638 0.1237457468029778
0 0.25 0 1 6603.055263372539 3.602499482053255
0 0.25 1 2 -903.6513284558941 3.045177662769989
0 0.25 2 3 -5525.887030362714 1.578244921770957
0 0.25 3 4 -4558.036328627521 1.550723978410046
0 0.25 4 5 -3391.882491614735 1.39587262453431
0 0.25 5 6 -2491.917489742217 1.242250048793954
0 0.25 6 7 -1840.200797694181 1.128224011296519
0 0.25 7 8 -1370.797232226088 1.043642883463219
0 0.25 8 9 -1029.434032320208 0.9621898728289481
0 0.25 9 10 -777.792505880338 0.8871883927939423
0 0.25 10 11 -589.6203970816746 0.8186212736802799
0 0.25 11 12 -447.1668200942195 0.7569381012716077
0 0.25 12 13 -338.0840311634165 0.7014011207873802
0 0.25 13 14 -253.7409199808478 0.6513728618353474
0 0.25 14 15 -187.9917518935099 0.6062281145992168
0 0.25 15 16 -136.3912653454599 0.565393390968929
0 0.25 16 17 -95.67639157633766 0.5283587436167055
0 0.25 17 18 -63.41906906923305 0.4946775876375773
0 0.25 18 19 -37.79001343492769 0.4639616508756133
0 0.25 19 20 -17.39544581239215 0.4358743242364755
0 0.25 20 21 -1.162525191108898 0.4101238851548672
0 0.25 21 22 11.74220543010483 0.3864572190816409
0 0.25 22 23 21.97165827511571 0.3646542582155408
0 0.25 23 24 30.04118637911779 0.344523173613513
0 0.25 24 25 36.36035404388952 0.3258962699221293
0 0.25 25 26 41.25667188999068 0.3086265056646468
0 0.25 26 27 44.99350608250779 0.2925845519068736
0 0.25 27 28 47.78371652556939 0.2776563088026179
0 0.25 28 29 49.80013143788983 0.2637408073401734
0 0.25 29 30 51.1836557690433 0.250748434012815
0 0.25 30 31 52.04959404550073 0.2385994249612073
0 0.25 31 32 52.49261439568579 0.2272225864672137
0 0.25 32 33 52.59067039100307 0.2165542038230665
0 0.25 33 34 52.4081177350256 0.2065371082645286
0 0.25 34 35 51.99820464722126 0.1971198775914034
0 0.25 35 36 51.40507196999926 0.1882561479322596
0 0.25 36 37 50.66536714229358 0.1799040203844028
0 0.25 37 38 49.80955241108779 0.1720255479788573
0 0.25 38 39 48.86296961347961 0.1645862900011496
0 0.25 39 40 47.84671015978574 0.1575549248006678
0 0.25 40 41 46.77832856577845 0.1509029113335225
0 0.25 41 42 45.6724295038976 0.1446041941473276
0 0.25 42 43 44.54115250226778 0.1386349433596553
0 0.25 43 44 43.39457324117313 0.1329733273545465
0 0.25 44 45 42.24103676876257 0.1275993113362019
0 0.25 45 46 41.08619062028941 0.1228621074058331
0 0.25 46 47 39.93804471123889 0.1201355396138758
0 0.25 47 48 38.79999063676951 0.1196378166521083
0 0.25 48 49 37.67580718610492 0.1212875773731779
0 0.25 49 50 36.56834128520995 0.1237468644451921
0.25 0.5 0 1 6514.744774574267 3.379306783121981
0.25 0.5 1 2 -982.9980340788425 2.368276474895908
0.25 0.5 2 3 -5525.080537226755 1.559260837632602
0.25 0.5 3 4 -4546.1670355517 1.540834530101216
0.25 0.5 4 5 -3379.811426414401 1.450735306431492
0.25 0.5 5 6 -2481.688549199339 1.362357945378176
0.25 0.5 6 7 -1831.967289557141 1.253134588796057
0.25 0.5 7 8 -1364.289268565737 1.145891357950832
0.25 0.5 8 9 -1024.327270043619 1.047436775804572
0.25 0.5 9 10 -773.8001873981061 0.9593074211740396
0.25 0.5 10 11 -586.5083459486386 0.8803951904253116
0.25 0.5 11 12 -444.7510428491742 0.8103842183191553
0.25 0.5 12 13 -336.2201780380478 0.7480407422600792
0.25 0.5 13 14 -252.3160219563315 0.6923732554772906
0.25 0.5 14 15 -186.9171239860266 0.6425012069484466
0.25 0.5 15 16 -135.5969607270613 0.597662856890208
0.25 0.5 16 17 -95.10695285310135 0.557206792396388
0.25 0.5 17 18 -63.03029325075568 0.5205783243160971
0.25 0.5 18 19 -37.54648789908174 0.487305334014598
0.25 0.5 19 20 -17.26866480671197 0.4569853127585318
0.25 0.5 20 21 -1.129442616960432 0.4292741227989532
0.25 0.5 21 22 11.7002946303046 0.4038765083317187
0.25 0.5 22 23 21.86998814048025 0.3805381879241903
0.25 0.5 23 24 29.89220085156933 0.3590393059789358
0.25 0.5 24 25 36.17424316484505 0.3391890210578284
0.25 0.5 25 26 41.04179653722429 0.3208210318388488
0.25 0.5 26 27 44.75673632608323 0.3037898721581843
0.25 0.5 27 28 47.53070262481162 0.2879678347166607
0.25 0.5 28 29 49.53552199541423 0.2732424076382409
0.25 0.5 29 30 50.91127419067493 0.2595141320427394
0.25 0.5 30 31 51.77258192086038 0.2466948030270311
0.25 0.5 31 32 52.21354849298564 0.2347059552355726
0.25 0.5 32 33 52.31165850215382 0.2234775809445975
0.25 0.5 33 34 52.13087748414307 0.2129470429604561
0.25 0.5 34 35 51.72412851404965 0.2030581478040654
0.25 0.5 35 36 51.13528111367748 0.1937603531026046
0.25 0.5 36 37 50.40075608304409 0.1850080878297284
0.25 0.5 37 38 49.55082622888671 0.1767601669734969
0.25 0.5 38 39 48.6106749898517 0.1689792854607496
0.25 0.5 39 40 47.60126134638642 0.161631580448693
0.25 0.5 40 41 46.54002914935711 0.1546862500960378
0.25 0.5 41 42 45.44149068648483 0.148115221709924
0.25 0.5 42 43 44.31770847777074 0.1418928615509676
0.25 0.5 43 44 43.17869414895159 0.1359957202319465
0.25 0.5 44 45 42.0327396202627 0.1304023095043101
0.25 0.5 45 46 40.88545546107531 0.1254483436945807
0.25 0.5 46 47 39.74480166480083 0.1224624864982559
0.25 0.5 47 48 38.61414739189109 0.1216616080497196
0.25 0.5 48 49 37.49724767596607 0.1229768849329919
0.25 0.5 49 50 36.39693082193457 0.1251155388788541
0.5 0.75 0 1 6343.289306737686 3.280054788678042
0.5 0.75 1 2 -1132.095929577628 2.746951578109776
0.5 0.75 2 3 -5516.677999378042 1.5789746490369
0.5 0.75 3 4 -4516.190330023666 1.542380843603888
0.5 0.75 4 5 -3349.697537858328 1.384812124709963
0.5 0.75 5 6 -2455.559251352878 1.230305372671061
0.5 0.75 6 7 -1810.184448334006 1.096190998112201
0.5 0.75 7 8 -1346.33699958155 0.9821338386330827
0.5 0.75 8 9 -1009.555571926106 0.901736690000784
0.5 0.75 9 10 -761.6195422293758 0.8317192591951555
0.5 0.75 10 11 -576.4266870418965 0.7676066076202929
0.5 0.75 11 12 -436.3746650925609 0.7099479479883216
0.5 0.75 12 13 -329.2342173648947 0.6580114749889324
0.5 0.75 13 14 -246.4694011174809 0.6112035170815228
0.5 0.75 14 15 -182.0089662240057 0.5689432715097533
0.5 0.75 15 16 -131.4657413093516 0.53069848451315
0.5 0.75 16 17 -91.62204648733314 0.4959959774014466
0.5 0.75 17 18 -60.08544311244441 0.4644212933825803
0.5 0.75 18 19 -35.05476307296021 0.4356139513805701
0.5 0.75 19 20 -15.15855485847328 0.4092612732941989
0.5 0.75 20 21 0.6581823419164721 0.3850921181012587
0.5 0.75 21 22 13.21456425467159 0.3628710837652208
0.5 0.75 22 23 23.15190740725143 0.342393374819867
0.5 0.75 23 24 30.9761372764309 0.3234803640149214
0.5 0.75 24 25 37.08911341367036 0.3059758020205088
0.5 0.75 25 26 41.81201886924043 0.2897426023155157
0.5 0.75 26 27 45.40299945655534 0.2746601231482814
0.5 0.75 27 28 48.07058976388407 0.2606218699803664
0.5 0.75 28 29 49.98401995039023 0.247533553921572
0.5 0.75 29 30 51.28119071946003 0.2353114476607155
0.5 0.75 30 31 52.07488944119802 0.2238809902230203
0.5 0.75 31 32 52.45766836902874 0.2131756006291641
0.5 0.75 32 33 52.5056971438562 0.2031356651773405
0.5 0.75 33 34 52.28182318521613 0.1937076721962618
0.5 0.75 34 35 51.83801615834398 0.1848434686052001
0.5 0.75 35 36 51.21733047066465 0.1764996212836084
0.5 0.75 36 37 50.45548831020079 0.1686368646803212
0.5 0.75 37 38 49.58216231890646 0.1612196237779149
0.5 0.75 38 39 48.62201920792472 0.1542155995736871
0.5 0.75 39 40 47.59557214384785 0.1475954078011277
0.5 0.75 40 41 46.5198795947789 0.1413322648395902
0.5 0.75 41 42 45.40912009449193 0.1354017114755617
0.5 0.75 42 43 44.27506662408314 0.1297813713617474
0.5 0.75 43 44 43.12747922413877 0.1244507384118109
0.5 0.75 44 45 41.9744308802612 0.1193909893828898
0.5 0.75 45 46 40.8213531126944 0.114963967578
0.5 0.75 46 47 39.67601640591215 0.1125859914486349
0.5 0.75 47 48 38.54165619902165 0.112471915784609
0.5 0.75 48 49 37.42190043332101 0.1145177875267825
0.5 0.75 49 50 36.31946553747449 0.1173402877572593
0.75 1 0 1 6089.185207798028 2.272895617223082
0.75 1 1 2 -1358.439590081883 2.025135285229441
0.75 1 2 3 -5509.754337496828 1.569724823014049
0.75 1 3 4 -4476.150953525587 1.524502912703827
0.75 1 4 5 -3308.20006313092 1.367234517009136
0.75 1 5 6 -2418.874070432266 1.215544649620966
0.75 1 6 7 -1779.080266798884 1.084631635447319
0.75 1 7 8 -1320.262031037853 0.9735941179995241
0.75 1 8 9 -987.7169407878141 0.8789406500026269
0.75 1 9 10 -743.2728806661216 0.7973933911433807
0.75 1 10 11 -560.9414909310926 0.7272962324041264
0.75 1 11 12 -423.2389633454331 0.6659719446248222
0.75 1 12 13 -318.0346399538012 0.612096370581559
0.75 1 13 14 -236.8732645014404 0.564456560232955
0.75 1 14 15 -173.7478073043565 0.5220835184825224
0.75 1 15 16 -124.3219195608931 0.4841952723991397
0.75 1 16 17 -85.41816667290686 0.4501545806295741
0.75 1 17 18 -54.67609689140954 0.4194373718263994
0.75 1 18 19 -30.32009551597343 0.3916089716389927
0.75 1 19 20 -10.99924174916737 0.3663060144174655
0.75 1 20 21 4.324872998413866 0.3432225309950245
0.75 1 21 22 16.4578774320662 0.3220991486728767
0.75 1 22 23 26.03006374337554 0.3027146193085099
0.75 1 23 24 33.53829793535579 0.2848791206935817
0.75 1 24 25 39.37695703771976 0.2684289133789998
0.75 1 25 26 43.86101445028407 0.2532220459819759
0.75 1 26 27 47.24343938968673 0.2391348772421486
0.75 1 27 28 49.72843263971333 0.2260592414888463
0.75 1 28 29 51.48158152284009 0.2139001218287037
0.75 1 29 30 52.63771305172509 0.2025737292118704
0.75 1 30 31 53.30701178520746 0.1920059073290933
0.75 1 31 32 53.57981837756347 0.182130800930647
0.75 1 32 33 53.53041718725331 0.1728897373188363
0.75 1 33 34 53.22004356458933 0.1642302843223818
0.75 1 34 35 52.69928467745399 0.1561054505442846
0.75 1 35 36 52.01000599482626 0.1484730059920507
0.75 1 36 37 51.18690449425776 0.1412949008931955
0.75 1 37 38 50.25876652931544 0.1345367673493916
0.75 1 38 39 49.24949074929702 0.1281674896736985
0.75 1 39 40 48.17892315677722 0.1221588343076798
0.75 1 40 41 47.06354140034631 0.1164851270986527
0.75 1 41 42 45.91701727833589 0.1111229745095592
0.75 1 42 43 44.75068075767314 0.1060510187531606
0.75 1 43 44 43.57390380757869 0.1012497247881218
0.75 1 44 45 42.39441882476592 0.09670119218642331
0.75 1 45 46 41.21737482489146 0.09319077343840224
0.75 1 46 47 40.05024932722591 0.0936545765809049
0.75 1 47 48 38.89606149159283 0.09820186386707896
0.75 1 48 49 37.75823325922465 0.1061033864660577
0.75 1 49 50 36.63930023379248 0.1144636108629044
1 1.25 0 1 5766.234803524225 1.550710379310452
1 1.25 1 2 -1649.594253537749 0.7641300459714416
1 1.25 2 3 -5509.039882477382 2.095779726066745
1 1.25 3 4 -4436.144472947277 1.988291115848177
1 1.25 4 5 -3267.221735591572 1.749513986082585
1 1.25 5 6 -2383.768569945029 1.528462052035434
1 1.25 6 7 -1750.325324292945 1.342449641205196
1 1.25 7 8 -1296.984174089496 1.188264441584438
1 1.25 8 9 -968.8947904538554 1.059356821795599
1 1.25 9 10 -728.0122826019674 0.9517680852968928
1 1.25 10 11 -548.5170799251678 0.8597391076108406
1 1.25 11 12 -413.0838831997971 0.7809415841714601
1 1.25 12 13 -309.7027612813188 0.7127133768001426
1 1.25 13 14 -230.0138825648498 0.6531551041691548
1 1.25 14 15 -168.0838009450854 0.6007859548847581
1 1.25 15 16 -119.6329513602193 0.5544378458959827
1 1.25 16 17 -81.52792956698886 0.5131786719509388
1 1.25 17 18 -51.44264719827765 0.4762564385693958
1 1.25 18 19 -27.6284974752175 0.4430582372025715
1 1.25 19 20 -8.755935796913946 0.4130797913980351
1 1.25 20 21 6.196413525702383 0.3859025887304697
1 1.25 21 22 18.02052115844231 0.3611765121452332
1 1.25 22 23 27.33566300924554 0.3386065025796076
1 1.25 23 24 34.62977132863944 0.3179422104156006
1 1.25 24 25 40.28994201274406 0.2989698864691943
1 1.25 25 26 44.62518694089738 0.2815059697388501
1 1.25 26 27 47.88357361033241 0.2653919738380041
1 1.25 27 28 50.26525679278564 0.2504903751618233
1 1.25 28 29 51.93247215440692 0.23668128218046
1 1.25 29 30 53.01726107964271 0.2238597189600575
1 1.25 30 31 53.62748589688965 0.2119333938280611
1 1.25 31 32 53.85154591874186 0.2008208561090746
1 1.25 32 33 53.76209839785793 0.1904499640854639
1 1.25 33 34 53.41901172447797 0.1807566044280645
1 1.25 34 35 52.87172217315822 0.171683617249838
1 1.25 35 36 52.16112432063807 0.1631798878648431
1 1.25 36 37 51.32109463480913 0.1551995771800861
1 1.25 37 38 50.37972493426815 0.147701466063241
1 1.25 38 39 49.36032512546501 0.1406483945625875
1 1.25 39 40 48.28224152214142 0.1340067805980679
1 1.25 40 41 47.16152721119209 0.1277462048767311
1 1.25 41 42 46.01149294315638 0.1218390524683702
1 1.25 42 43 44.84316143353271 0.1162602012571437
1 1.25 43 44 43.66564305105322 0.1109867510162505
1 1.25 44 45 42.48644739514987 0.1059977865756878
1 1.25 45 46 41.31055851968569 0.1016544091668511
1 1.25 46 47 40.14524657693318 0.09938187076401694
1 1.25 47 48 38.99341806456388 0.09940043651493381
1 1.25 48 49 37.85837815781238 0.1015945534964788
1 1.25 49 50 36.74256972808544 0.1089167342712622
1.25 1.5 0 1 5396.245305937674 3.113749219083255
1.25 1.5 1 2 -1953.028284189445 3.727190240916176
1.25 1.5 2 3 -5471.09927280253 1.69703414693753
1.25 1.5 3 4 -4357.852987613403 1.630186142530011
1.25 1.5 4 5 -3193.637980710866 1.454556063628718
1.25 1.5 5 6 -2322.123026406769 1.283574088017957
1.25 1.5 6 7 -1700.240517576422 1.134948432955762
1.25 1.5 7 8 -1256.590572078374 1.008786135893632
1.25 1.5 8 9 -936.3027220426416 0.9028144255172722
1.25 1.5 9 10 -701.6329094570765 0.8114326913062513
1.25 1.5 10 11 -527.078904406952 0.7341997367950786
1.25 1.5 11 12 -395.6001218492625 0.667279872092171
1.25 1.5 12 13 -295.4004518200441 0.6090960416330905
1.25 1.5 13 14 -218.2869738291108 0.5581459360959967
1.25 1.5 14 15 -158.4540760659218 0.5132372802264836
1.25 1.5 15 16 -111.7203531659738 0.4734169574917438
1.25 1.5 16 17 -75.02822806039467 0.4379165299146981
1.25 1.5 17 18 -46.11062363370183 0.4061109841179318
1.25 1.5 18 19 -23.26521832479739 0.3774875605536441
1.25 1.5 19 20 -5.19905288343125 0.3516221156002055
1.25 1.5 20 21 9.080115603975855 0.3281610713403197
1.25 1.5 21 22 20.34089790795406 0.3068075291821598
1.25 1.5 22 23 29.1837176535779 0.287310487001608
1.25 1.5 23 24 36.08120142819757 0.2694564014137606
1.25 1.5 24 25 41.40795009951751 0.2530625258232498
1.25 1.5 25 26 45.46272292523565 0.2401610654012049
1.25 1.5 26 27 48.48513507745133 0.2281951180988321
1.25 1.5 27 28 50.66834279444333 0.2170356263790061
1.25 1.5 28 29 52.16876355543855 0.2066121978483528
1.25 1.5 29 30 53.11358372828681 0.1968619516227988
1.25 1.5 30 31 53.60660026718665 0.1877285935587967
1.25 1.5 31 32 53.73279732415881 0.1791616165616489
1.25 1.5 32 33 53.5619545860493 0.1711156074964984
1.25 1.5 33 34 53.15150906156089 0.1635496454283897
1.25 1.5 34 35 52.54883729197286 0.156426780580205
1.25 1.5 35 36 51.79308472822402 0.1497135801113694
1.25 1.5 36 37 50.91663913304393 0.1433797332529039
1.25 1.5 37 38 49.94632261466944 0.1373977060618375
1.25 1.5 38 39 48.9043600515671 0.1317424401918098
1.25 1.5 39 40 47.80916889214046 0.1263910883841629
1.25 1.5 40 41 46.67600573917781 0.1213227828419213
1.25 1.5 41 42 45.51749735242822 0.1165184304501665
1.25 1.5 42 43 44.34407826338037 0.1119605336467966
1.25 1.5 43 44 43.16435243187522 0.107633030570641
1.25 1.5 44 45 41.98539298720755 0.1035211551446769
1.25 1.5 45 46 40.81183583448063 0.09995784815368766
1.25 1.5 46 47 39.65056809645361 0.09822760227615653
1.25 1.5 47 48 38.50424393893732 0.09850965168799747
1.25 1.5 48 49 37.37592613177355 0.1007044832462576
1.25 1.5 49 50 36.2678450100149 0.1035557964200706
1.5 1.75 0 1 4958.636103671143 0.9866075809490632
1.5 1.75 1 2 -2333.10950901219 0.8613841117126363
1.5 1.75 2 3 -5446.548233655632 1.767627144381827
1.5 1.75 3 4 -4277.299401948243 1.703505718813717
1.5 1.75 4 5 -3111.695647749181 1.515824110640452
1.5 1.75 5 6 -2249.541483786544 1.32847859094531
1.5 1.75 6 7 -1638.311130469976 1.165063657656537
1.5 1.75 7 8 -1204.296295154822 1.027227596546499
1.5 1.75 8 9 -892.1925875502607 0.9125638842885931
1.5 1.75 9 10 -664.3036737432644 0.8142048472660933
1.5 1.75 10 11 -495.3690265825021 0.732509529512027
1.5 1.75 11 12 -368.5325272517618 0.6621643352623651
1.5 1.75 12 13 -272.1852387965482 0.6015158797426933
1.5 1.75 13 14 -198.2834710637412 0.5488080676589124
1.5 1.75 14 15 -141.1416351236815 0.5026643259240902
1.5 1.75 15 16 -96.67414873650978 0.4619975104518442
1.5 1.75 16 17 -61.89989651994233 0.4259411371190786
1.5 1.75 17 18 -34.61298653299218 0.3937979032384774
1.5 1.75 18 19 -13.16027762165231 0.3650012974813058
1.5 1.75 19 20 3.711451612965902 0.3390868730656934
1.5 1.75 20 21 16.96215954340096 0.3156705939623159
1.5 1.75 21 22 27.33408388097337 0.2944323777565153
1.5 1.75 22 23 35.40598917236036 0.2751034638751566
1.5 1.75 23 24 41.63262309600327 0.2574566309049821
1.5 1.75 24 25 46.37375589633302 0.2412985502763951
1.5 1.75 25 26 49.91578770310014 0.2264637550590578
1.5 1.75 26 27 52.4879889019104 0.2128098448721016
1.5 1.75 27 28 54.27482091008699 0.2002136416231688
1.5 1.75 28 29 55.42536431981353 0.1885680849281244
1.5 1.75 29 30 56.06059125656714 0.177779707147368
1.5 1.75 30 31 56.27901653725132 0.1677665659281648
1.5 1.75 31 32 56.16111923791982 0.1584565404550969
1.5 1.75 32 33 55.7728242848321 0.1497859203388118
1.5 1.75 33 34 55.16826017794466 0.1416982283969364
1.5 1.75 34 35 54.3919554034029 0.1341432353180055
1.5 1.75 35 36 53.4805967931008 0.1270761296821845
1.5 1.75 36 37 52.46444391925223 0.1204568160979036
1.5 1.75 37 38 51.36847192633934 0.1142493186107737
1.5 1.75 38 39 50.21329878488672 0.1084212724028811
1.5 1.75 39 40 49.01594053212278 0.1029434876240911
1.5 1.75 40 41 47.79042874810978 0.09778957486808799
1.5 1.75 41 42 46.54831697617271 0.09293562217170173
1.5 1.75 42 43 45.29909750856575 0.08835991485430209
1.5 1.75 43 44 44.05054534975278 0.08404269286146303
1.5 1.75 44 45 42.8090028852597 0.07996593891627676
1.5 1.75 45 46 41.5784886735203 0.07682878909806634
1.5 1.75 46 47 40.36527363740558 0.07724552745769056
1.5 1.75 47 48 39.17153303526666 0.08130480184476886
1.5 1.75 48 49 37.99987987727599 0.08835202753451081
1.5 1.75 49 50 36.85215688854137 0.0957986299657982
1.75 2 0 1 4497.688009597132 1.068522515030979
1.75 2 1 2 -2718.254701863865 2.816369274180418
1.75 2 2 3 -5416.224646003074 2.78751574697477
1.75 2 3 4 -4203.428900289888 2.270267236493305
1.75 2 4 5 -3044.736500472375 1.861956280941694
1.75 2 5 6 -2195.628512748879 1.558988695846101
1.75 2 6 7 -1596.072035291176 1.330099083770369
1.75 2 7 8 -1171.356486901191 1.152177487890266
1.75 2 8 9 -866.4104112805721 1.011260027493925
1.75 2 9 10 -643.9927375535776 0.895736504774526
1.75 2 10 11 -479.3537795790908 0.8006212717211432
1.75 2 11 12 -355.8435846192206 0.7204971568716669
1.75 2 12 13 -262.1104136168046 0.6522433706812074
1.75 2 13 14 -190.2777788086946 0.5934615916048614
1.75 2 14 15 -134.7838520186876 0.5423595459308173
1.75 2 15 16 -91.63559080046298 0.4975708655777507
1.75 2 16 17 -57.92185066610637 0.4580353542659359
1.75 2 17 18 -31.4902308859298 0.4229174689274807
1.75 2 18 19 -10.72890766861019 0.391549567286552
1.75 2 19 20 5.583123158501394 0.3633915812165967
1.75 2 20 21 18.38048329913681 0.338001822059059
1.75 2 21 22 28.38533194976014 0.3150154843848073
1.75 2 22 23 36.16041303053726 0.2941285730263941
1.75 2 23 24 42.14761327073177 0.2750857167250895
1.75 2 24 25 46.69632220609128 0.2576708103285768
1.75 2 25 26 50.08452042975534 0.2416997461601708
1.75 2 26 27 52.53461979197562 0.2270147064105375
1.75 2 27 28 54.22547309206652 0.2134796405266264
1.75 2 28 29 55.301558559044 0.2009766455940603
1.75 2 29 30 55.88006003273517 0.1894030489094011
1.75 2 30 31 56.05636559656216 0.1786690352318787
1.75 2 31 32 55.90836739124376 0.1686957060054767
1.75 2 32 33 55.4998455042894 0.1594134791573068
1.75 2 33 34 54.88314691216436 0.1507607626776008
1.75 2 34 35 54.10131808618576 0.1426828485613001
1.75 2 35 36 53.18981146052539 0.1351309851111016
1.75 2 36 37 52.17785746653266 0.1280615951839632
1.75 2 37 38 51.08957266302542 0.1214356140048555
1.75 2 38 39 49.94485846831253 0.1152179265268302
1.75 2 39 40 48.76013288899014 0.1093768856508689
1.75 2 40 41 47.54892855630925 0.1038838998368634
1.75 2 41 42 46.32238303517988 0.0987130777010046
1.75 2 42 43 45.08964221779758 0.0938409209286708
1.75 2 43 44 43.85819313490424 0.08924605793168013
1.75 2 44 45 42.63413931470262 0.08490901211744989
1.75 2 45 46 41.42134249305028 0.08129438741710135
1.75 2 46 47 40.2258317060504 0.08151389365358079
1.75 2 47 48 39.04968967173076 0.08522982072695508
1.75 2 48 49 37.89542066766424 0.09179988522452573
1.75 2 49 50 36.76477169684108 0.09873241051163807
2 2.25 0 1 3999.075142068189 1.033464081619911
2 2.25 1 2 -3113.613230918098 0.8444882435105363
2 2.25 2 3 -5355.611426770639 1.649668624225953
2 2.25 3 4 -4083.735229550141 1.529188379944991
2 2.25 4 5 -2926.982651733277 1.350055710077338
2 2.25 5 6 -2091.783020679834 1.191165580400171
2 2.25 6 7 -1507.333944146207 1.057633972000879
2 2.25 7 8 -1096.232048806596 0.9452098277698572
2 2.25 8 9 -802.8780700706125 0.8503765823884586
2 2.25 9 10 -590.1372186178323 0.7689449349435766
2 2.25 10 11 -433.5322996150185 0.698767546409883
2 2.25 11 12 -316.6904445514472 0.6377264628025601
2 2.25 12 13 -228.5094562749575 0.5842484376765448
2 2.25 13 14 -161.3194321261597 0.537091315426557
2 2.25 14 15 -109.7261310353529 0.4952635391249344
2 2.25 15 16 -69.87116331418406 0.4579653497777855
2 2.25 16 17 -38.95134541193465 0.4245454309703279
2 2.25 17 18 -14.90098511035285 0.3944685958242238
2 2.25 18 19 3.821843446797175 0.3672914300453253
2 2.25 19 20 18.38153294043082 0.3426437313919179
2 2.25 20 21 29.66661884462496 0.3202142168346301
2 2.25 21 22 38.3615451112704 0.2997394133815725
2 2.25 22 23 44.99803013729593 0.2809949397594166
2 2.25 23 24 49.99230909145251 0.2637886094402662
2 2.25 24 25 53.67245988373668 0.2479549292250773
2 2.25 25 26 56.29867481707424 0.2333506787416727
2 2.25 26 27 58.07845251461151 0.2198513318170169
2 2.25 27 28 59.17809022813299 0.2073481415609437
2 2.25 28 29 59.73145320688718 0.1957457493511599
2 2.25 29 30 59.84672010657289 0.1849602131429181
2 2.25 30 31 59.61161029378684 0.174917370928045
2 2.25 31 32 59.09746269408765 0.1655514760762299
2 2.25 32 33 58.36243890975857 0.1568040531407282
2 2.25 33 34 57.45405361926123 0.1486229342989512
2 2.25 34 35 56.4111846166723 0.1409614426349567
2 2.25 35 36 55.26567773849047 0.1337776998600309
2 2.25 36 37 54.0436344579154 0.1270340338807363
2 2.25 37 38 52.76644953541063 0.120696471669694
2 2.25 38 39 51.45165072035809 0.1147343035997174
2 2.25 39 40 50.11358087334065 0.1091197068358488
2 2.25 40 41 48.7639541753245 0.1038274193472341
2 2.25 41 42 47.41231107075231 0.09883445704665354
2 2.25 42 43 46.06639165593202 0.09411986685756649
2 2.25 43 44 44.73244297078105 0.08966451126687452
2 2.25 44 45 43.41547258781395 0.08545087920350994
2 2.25 45 46 42.11840098789813 0.08211736035665876
2 2.25 46 47 40.84634209021408 0.08204929715386322
2 2.25 47 48 39.60064229389297 0.08531144579864636
2 2.25 48 49 38.3831248030811 0.09128693033273974
2 2.25 49 50 37.19493504060952 0.09761105203987536
2.25 2.5 0 1 3475.876534235261 1.653315018809228
2.25 2.5 1 2 -3507.022082076416 0.9525235177421969
2.25 2.5 2 3 -5262.349725570615 1.690451771175915
2.25 2.5 3 4 -3941.92599350899 1.558527066610119
2.25 2.5 4 5 -2799.378602601565 1.394482097074786
2.25 2.5 5 6 -1986.677629482052 1.253889114334723
2.25 2.5 6 7 -1422.633135574063 1.122762880208803
2.25 2.5 7 8 -1028.174240894244 1.007227674708971
2.25 2.5 8 9 -748.007964279619 0.9072626793257261
2.25 2.5 9 10 -545.6586063547902 0.8203795003464509
2.25 2.5 10 11 -397.2747442185237 0.7450665964546406
2.25 2.5 11 12 -286.9801507160505 0.6793754349417371
2.25 2.5 12 13 -204.0533283941138 0.6217719161970663
2.25 2.5 13 14 -141.1116964045443 0.5709876041920851
2.25 2.5 14 15 -92.97792754023862 0.5259814696224756
2.25 2.5 15 16 -55.95837742748063 0.4858992691914256
2.25 2.5 16 17 -27.37603770066062 0.4500377242585015
2.25 2.5 17 18 -5.262740455583298 0.4178149768038146
2.25 2.5 18 19 11.84736645544422 0.3887468882159774
2.25 2.5 19 20 25.05880991820709 0.3624282332547288
2.25 2.5 20 21 35.21262343709225 0.3385178216159031
2.25 2.5 21 22 42.95526926204843 0.3167267127750428
2.25 2.5 22 23 48.78788073878457 0.2968088482010145
2.25 2.5 23 24 53.10190334733193 0.2785535704321975
2.25 2.5 24 25 56.20520183781355 0.2617796164795136
2.25 2.5 25 26 58.34139581352156 0.2463302688331842
2.25 2.5 26 27 59.70432664947509 0.2320694171712186
2.25 2.5 27 28 60.44898380281074 0.2188783430585264
2.25 2.5 28 29 60.69982904490894 0.2066530781427728
2.25 2.5 29 30 60.55718937691364 0.1953022245942012
2.25 2.5 30 31 60.1022034107948 0.1847451439867617
2.25 2.5 31 32 59.40067499968075 0.1749104483226646
2.25 2.5 32 33 58.50609479359514 0.1657347339006206
2.25 2.5 33 34 57.46202351361717 0.1571615154244184
2.25 2.5 34 35 56.30398219292113 0.1491403246423149
2.25 2.5 35 36 55.06095911353998 0.1416259444802774
2.25 2.5 36 37 53.75661690920833 0.1345777559300819
2.25 2.5 37 38 52.41026383081038 0.1279591789744475
2.25 2.5 38 39 51.03763849148731 0.1217371923415139
2.25 2.5 39 40 49.65154633100036 0.1158819192070456
2.25 2.5 40 41 48.26237775995304 0.1103662688494191
2.25 2.5 41 42 46.87853127192162 0.1051656257974625
2.25 2.5 42 43 45.50676012499639 0.1002575790592487
2.25 2.5 43 44 44.1524571667216 0.0956216857967245
2.25 2.5 44 45 42.81988946484017 0.09123926453097526
2.25 2.5 45 46 41.51137846613565 0.08741622647017831
2.25 2.5 46 47 40.23139550597435 0.08534635342934876
2.25 2.5 47 48 38.98084470688133 0.08516442726763553
2.25 2.5 48 49 37.76112598229565 0.08671268916027881
2.25 2.5 49 50 36.57301674517237 0.09207527422975412
2.5 2.75 0 1 2897.578411260484 2.163325547614315
2.5 2.75 1 2 -3939.413619191851 1.102202335089206
2.5 2.75 2 3 -5171.083138238217 2.788465983670308
2.5 2.75 3 4 -3794.097487316933 2.665449860462288
2.5 2.75 4 5 -2661.547397069905 2.338374612230225
2.5 2.75 5 6 -1869.30804461753 2.031057865075116
2.5 2.75 6 7 -1325.033036171411 1.771726337492874
2.5 2.75 7 8 -947.3941294561787 1.557058225901616
2.5 2.75 8 9 -681.013152951607 1.378595852147444
2.5 2.75 9 10 -489.845683021739 1.229412375346772
2.5 2.75 10 11 -350.5321362981963 1.103302133123764
2.5 2.75 11 12 -247.6243607440101 0.9957338026884955
2.5 2.75 12 13 -170.747341412284 0.9031695143650066
2.5 2.75 13 14 -112.7910558167923 0.8228718776209988
2.5 2.75 14 15 -68.79077846903351 0.7527042780617235
2.5 2.75 15 16 -35.21870169191288 0.6909820145610711
2.5 2.75 16 17 -9.527697459878482 0.6363628460221084
2.5 2.75 17 18 10.14807956517802 0.5877665275753743
2.5 2.75 18 19 25.19332859368046 0.5443153067830935
2.5 2.75 19 20 36.64776846726465 0.5052895379833723
2.5 2.75 20 21 45.30032527678316 0.4700942504247942
2.5 2.75 21 22 51.75529133061355 0.4382337133487151
2.5 2.75 22 23 56.47946030567243 0.409291893663029
2.5 2.75 23 24 59.83615056007534 0.3829172968808596
2.5 2.75 24 25 62.11006152680625 0.3588111008373164
2.5 2.75 25 26 63.5256354290533 0.3367177865520332
2.5 2.75 26 27 64.26076065050688 0.3164176799612949
2.5 2.75 27 28 64.45709539658912 0.2977209689881787
2.5 2.75 28 29 64.22791323900339 0.2804628689815212
2.5 2.75 29 30 63.66411350957384 0.2644996897870636
2.5 2.75 30 31 62.83886025908095 0.2497056149224694
2.5 2.75 31 32 61.81118748686583 0.2359700482838514
2.5 2.75 32 33 60.62881896291219 0.2231954158628521
2.5 2.75 33 34 59.33038687880139 0.2112953339496758
2.5 2.75 34 35 57.94718713912062 0.200193075852696
2.5 2.75 35 36 56.50457519410992 0.1898202811040468
2.5 2.75 36 37 55.02308129779544 0.1801158650252695
2.5 2.75 37 38 53.51930555520482 0.1710250923698002
2.5 2.75 38 39 52.00663917902904 0.1624987877735694
2.5 2.75 39 40 50.49584788880949 0.1544926603941608
2.5 2.75 40 41 48.99554554395331 0.1469667232298205
2.5 2.75 41 42 47.51257980977078 0.1398847926544946
2.5 2.75 42 43 46.0523472271955 0.1332140554824504
2.5 2.75 43 44 44.61905128142826 0.1269246935247765
2.5 2.75 44 45 43.21591431662671 0.1209895561850239
2.5 2.75 45 46 41.84438016501102 0.1156065963698236
2.5 2.75 46 47 40.50802773452239 0.1115937265858486
2.5 2.75 47 48 39.20708749941645 0.1090658457327818
2.5 2.75 48 49 37.94232671028627 0.1079638231592506
2.5 2.75 49 50 36.71396089500234 0.1074721131778047
2.75 3 0 1 2263.357188631267 1.640870037168206
2.75 3 1 2 -4362.057942752988 4.461795966782151
2.75 3 2 3 -5023.679743855101 5.94777960687185
2.75 3 3 4 -3594.269276867248 5.070724373560304
2.75 3 4 5 -2481.439468619499 4.212055191489328
2.75 3 5 6 -1718.841076697465 3.530526322771868
2.75 3 6 7 -1201.75650119656 2.99934013778905
2.75 3 7 8 -846.6756013264007 2.580810496375363
2.75 3 8 9 -598.4690263314719 2.24538053370076
2.75 3 9 10 -421.8464292727631 1.972412903509236
2.75 3 10 11 -294.196119079277 1.746859084707463
2.75 3 11 12 -200.6917436130207 1.558074191803517
2.75 3 12 13 -131.4470969502561 1.398248540800329
2.75 3 13 14 -79.72904209627541 1.261572766843975
2.75 3 14 15 -40.86223702522329 1.143651830553748
2.75 3 15 16 -11.54167101426742 1.041108168710154
2.75 3 16 17 10.6072389960716 0.9513086618498643
2.75 3 17 18 27.31573328760953 0.8721736015582459
2.75 3 18 19 39.86268444849986 0.8020407923224234
2.75 3 19 20 49.20396144105803 0.7395673328489338
2.75 3 20 21 56.06155180788494 0.6836575675890404
2.75 3 21 22 60.98592614676863 0.6334095019043552
2.75 3 22 23 64.40031021417906 0.5880744355778234
2.75 3 23 24 66.632531115392 0.5470261928857891
2.75 3 24 25 67.93820497678587 0.5097374086841283
2.75 3 25 26 68.51780960397207 0.4757610664762857
2.75 3 26 27 68.52938453278978 0.444715988899427
2.75 3 27 28 68.09806811809818 0.4162753342711459
2.75 3 28 29 67.32332218987085 0.3901574012336865
2.75 3 29 30 66.28444916036887 0.3661182226560674
2.75 3 30 31 65.04483666984834 0.3439455576360585
2.75 3 31 32 63.65524579736558 0.323453984876285
2.75 3 32 33 62.1563746193944 0.3044808708498766
2.75 3 33 34 60.58086864457096 0.2868830365731847
2.75 3 34 35 58.95490610665109 0.2705339872099304
2.75 3 35 36 57.29945436540123 0.2553215969204599
2.75 3 36 37 55.63127030746375 0.2411461648355868
2.75 3 37 38 53.96370038803281 0.2279187748742969
2.75 3 38 39 52.30732299812806 0.2155599060748046
2.75 3 39 40 50.67046611010858 0.203998249673641
2.75 3 40 41 49.05962591018843 0.1931696986529221
2.75 3 41 42 47.47980630826459 0.1830164813266589
2.75 3 42 43 45.93479513899848 0.1734864150599687
2.75 3 43 44 44.42738940574543 0.1645322624272818
2.75 3 44 45 42.9595793865746 0.1561111727966731
2.75 3 45 46 41.53177792887311 0.148340946585266
2.75 3 46 47 40.14651129281648 0.1417830141140634
2.75 3 47 48 38.80322421753161 0.1365189482981698
2.75 3 48 49 37.50194683315823 0.1325213935742074
2.75 3 49 50 36.24223924744877 0.1292142109271165
3 3.25 0 1 1576.3584224274 1.193395668068645
3 3.25 1 2 -4707.496163522105 9.211788134370627
3 3.25 2 3 -4771.021506103348 9.627968996408178
3 3.25 3 4 -3313.066242561672 7.827236805982611
3 3.25 4 5 -2241.735565502684 6.349329276883847
3 3.25 5 6 -1525.059997675556 5.240074695876102
3 3.25 6 7 -1046.859063723404 4.400785385543059
3 3.25 7 8 -722.7141887762923 3.752113934887626
3 3.25 8 9 -498.7408715473998 3.239683254024667
3 3.25 9 10 -341.1025582100237 2.827173113997027
3 3.25 10 11 -228.4097692466212 2.489424083324261
3 3.25 11 12 -146.783740098994 2.208897242514737
3 3.25 12 13 -87.05135211587276 1.97297919813542
3 3.25 13 14 -43.01308104923396 1.772415776852235
3 3.25 14 15 -10.39410605127068 1.600283688974468
3 3.25 15 16 13.80781276672428 1.451311996393347
3 3.25 16 17 31.73635186021454 1.321424344891213
3 3.25 17 18 44.94499490381168 1.207423583006365
3 3.25 18 19 54.57449433307011 1.106770209732354
3 3.25 19 20 61.47243196455759 1.017423928538844
3 3.25 20 21 66.27517574733167 0.9377284638667155
3 3.25 21 22 69.4649605061129 0.8663265647087581
3 3.25 22 23 71.41022736213199 0.8020964187254298
3 3.25 23 24 72.39451533565864 0.744103481754835
3 3.25 24 25 72.63740887939502 0.6915635609681311
3 3.25 25 26 72.30989713340421 0.6438142196806688
3 3.25 26 27 71.54575247222613 0.600292408674968
3 3.25 27 28 70.45004028393049 0.5605168075162849
3 3.25 28 29 69.10553905743603 0.5240737660266922
3 3.25 29 30 67.57762295359413 0.4906060225589736
3 3.25 30 31 65.91800271283972 0.45980358422481
3 3.25 31 32 64.16761149113722 0.4313963035933883
3 3.25 32 33 62.35884514031198 0.4051477971526357
3 3.25 33 34 60.51731149039898 0.3808504330011254
3 3.25 34 35 58.66320358999644 0.3583211757356778
3 3.25 35 36 56.81238308325291 0.337398123962833
3 3.25 36 37 54.9772387862844 0.3179376097812997
3 3.25 37 38 53.16736997054088 0.2998117579059638
3 3.25 38 39 51.39013221071167 0.2829064218718645
3 3.25 39 40 49.6510749343883 0.2671194317048833
3 3.25 40 41 47.95429333064735 0.252359099979534
3 3.25 41 42 46.30271209345088 0.2385429433908462
3 3.25 42 43 44.69831484019565 0.2255965842252388
3 3.25 43 44 43.14232999809482 0.2134528037370726
3 3.25 44 45 41.63538168735136 0.202050723245652
3 3.25 45 46 40.17675782451812 0.1914432895479732
3 3.25 46 47 38.76780454897613 0.1819934143135721
3 3.25 47 48 37.40712415308741 0.1737389963015074
3 3.25 48 49 36.0939499847932 0.1666505262847574
3 3.25 49 50 34.82713622325464 0.1603198592726377
3.25 3.5 0 1 862.9199805312176 0.4346174740841707
3.25 3.5 1 2 -4867.239544190922 18.42154155649232
3.25 3.5 2 3 -4351.17668255675 14.67805206649147
3.25 3.5 3 4 -2916.636491548164 11.0956062380025
3.25 3.5 4 5 -1924.134867596158 8.65579198271478
3.25 3.5 5 6 -1278.491669603355 6.957245822909585
3.25 3.5 6 7 -856.0102365441226 5.7266557822956
3.25 3.5 7 8 -574.2385487596384 4.80313855245319
3.25 3.5 8 9 -382.3994449078627 4.08953924099939
3.25 3.5 9 10 -249.294832203725 3.524971984469891
3.25 3.5 10 11 -155.5113891792005 3.069370188913906
3.25 3.5 11 12 -88.61110202314148 2.695600773436614
3.25 3.5 12 13 -40.46095849291396 2.384646560603901
3.25 3.5 13 14 -5.616467374464264 2.122829340469007
3.25 3.5 14 15 19.64393845462382 1.90008219285246
3.25 3.5 15 16 37.91254690011249 1.70884615608603
3.25 3.5 16 17 51.02572621591958 1.543344793095653
3.25 3.5 17 18 60.30396955715025 1.399094764705661
3.25 3.5 18 19 66.70947128800219 1.272567974698229
3.25 3.5 19 20 70.95158515691219 1.160953525286355
3.25 3.5 20 21 73.55866697944907 1.061986890775506
3.25 3.5 21 22 74.92781835725248 0.9738252852594577
3.25 3.5 22 23 75.3598435485988 0.8949553618730763
3.25 3.5 23 24 75.08414954924734 0.8241239202564353
3.25 3.5 24 25 74.27670313591642 0.7602852370583261
3.25 3.5 25 26 73.07312786534936 0.7025605735076337
3.25 3.5 26 27 71.57835564928808 0.6502067178328382
3.25 3.5 27 28 69.87380693253874 0.6025913092031621
3.25 3.5 28 29 68.02277892564558 0.5591733080562107
3.25 3.5 29 30 66.07452141168346 0.5194874106506907
3.25 3.5 30 31 64.06734245941374 0.483131515240471
3.25 3.5 31 32 62.03099087071047 0.449756569411265
3.25 3.5 32 33 59.98849508043548 0.4190582908882623
3.25 3.5 33 34 57.95759054806666 0.3907703734018133
3.25 3.5 34 35 55.95183345845263 0.3646588781645114
3.25 3.5 35 36 53.98147376425391 0.3405175783179482
3.25 3.5 36 37 52.05414248990402 0.3181640740466284
3.25 3.5 37 38 50.17539491391943 0.2974365347876833
3.25 3.5 38 39 48.34914132653063 0.2781909543748275
3.25 3.5 39 40 46.57798965459961 0.2602988283771205
3.25 3.5 40 41 44.8635187681617 0.2436451801193395
3.25 3.5 41 42 43.20649691528183 0.2281268765212722
3.25 3.5 42 43 41.60705667710576 0.2136511857458448
3.25 3.5 43 44 40.06483529273265 0.2001345375232292
3.25 3.5 44 45 38.57908730825173 0.1875014537570192
3.25 3.5 45 46 37.14801405713816 0.1757846147232991
3.25 3.5 46 47 35.771749451522 0.1653136435690024
3.25 3.5 47 48 34.44811368841732 0.1561239370605934
3.25 3.5 48 49 33.17558354038746 0.1481898085066463
3.25 3.5 49 50 31.95235252010693 0.1411260468778367
3.5 3.75 0 1 196.8563554686542 1.61252694868565
3.5 3.75 1 2 -4677.376457737693 24.49246912624587
3.5 3.75 2 3 -3699.141045993832 16.1778002483885
3.5 3.75 3 4 -2379.523623526474 11.43936972250733
3.5 3.75 4 5 -1520.910723905524 8.580985208253953
3.5 3.75 5 6 -979.6678590092345 6.707852385166781
3.5 3.75 6 7 -633.5993408724839 5.401911232046793
3.5 3.75 7 8 -407.3475268308935 4.448515620381192
3.5 3.75 8 9 -256.1725604412723 3.727433702831838
3.5 3.75 9 10 -153.228487599843 3.166812056510271
3.5 3.75 10 11 -82.10492441694873 2.72103747098461
3.5 3.75 11 12 -32.44122868899876 2.360011489278312
3.5 3.75 12 13 2.451261556779741 2.063085319286503
3.5 3.75 13 14 26.99873593020493 1.815665552314789
3.5 3.75 14 15 44.19426837342701 1.607170211209395
3.5 3.75 15 16 56.10129718249152 1.429755106524967
3.5 3.75 16 17 64.16686327086427 1.277493228195657
3.5 3.75 17 18 69.42107953389609 1.145830508142774
3.5 3.75 18 19 72.60693854743954 1.031215626386469
3.5 3.75 19 20 74.26649024202152 0.9308425203632626
3.5 3.75 20 21 74.79910627968638 0.8424676996590544
3.5 3.75 21 22 74.50153044587785 0.7642783154531578
3.5 3.75 22 23 73.59582627512117 0.6947953522899227
3.5 3.75 23 24 72.2491475146914 0.6328015597678789
3.5 3.75 24 25 70.58789881239102 0.5772870939746357
3.5 3.75 25 26 68.70799364232749 0.527408023252031
3.5 3.75 26 27 66.68236200594419 0.4824543044951817
3.5 3.75 27 28 64.56649704262099 0.4418248181476965
3.5 3.75 28 29 62.40258803867263 0.4050077237527668
3.5 3.75 29 30 60.2226241721668 0.3715648686978331
3.5 3.75 30 31 58.05074194177976 0.3411193143657721
3.5 3.75 31 32 55.90501206404542 0.3133452819894205
3.5 3.75 32 33 53.79880765493979 0.2879599924903574
3.5 3.75 33 34 51.74185735502851 0.2647170006588458
3.5 3.75 34 35 49.74105979459404 0.2434007170772065
3.5 3.75 35 36 47.8011161368735 0.223821880499265
3.5 3.75 36 37 45.92502314780722 0.2058137966699984
3.5 3.75 37 38 44.11445878167638 0.1892291979217744
3.5 3.75 38 39 42.370084517831 0.1739376097858341
3.5 3.75 39 40 40.69178291614818 0.1598231338019289
3.5 3.75 40 41 39.07884461893507 0.1467825735015977
3.5 3.75 41 42 37.53011565539327 0.1347238459709564
3.5 3.75 42 43 36.04411355532582 0.1235646323587301
3.5 3.75 43 44 34.61911885474535 0.113231229025232
3.5 3.75 44 45 33.25324711205995 0.1036575700375054
3.5 3.75 45 46 31.94387325675957 0.09493138290966507
3.5 3.75 46 47 30.69006692906737 0.08758973679875549
3.5 3.75 47 48 29.48911282723822 0.08175901482814926
3.5 3.75 48 49 28.3389335597646 0.07745623546405865
3.5 3.75 49 50 27.23726034458321 0.07414269297527763
3.75 4 0 1 -316.0538858095283 1.824552871629771
3.75 4 1 2 -4010.925813214862 27.95857750987494
3.75 4 2 3 -2801.612296770731 12.95771238571128
3.75 4 3 4 -1711.763714846086 7.560334523646102
3.75 4 4 5 -1047.835317343362 4.919625757809298
3.75 4 5 6 -645.0590500443736 3.412286889673295
3.75 4 6 7 -395.074654024771 2.466581314968515
3.75 4 7 8 -235.9372792918409 1.834076554506748
3.75 4 8 9 -132.3353872387597 1.391287879311218
3.75 4 9 10 -63.66322186825869 1.070583528894641
3.75 4 10 11 -17.59385223490415 0.8324724333123665
3.75 4 11 12 13.51112016421723 0.6524738393306306
3.75 4 12 13 34.50285542440599 0.514835386169808
3.75 4 13 14 48.54335130758454 0.4091280253022133
3.75 4 14 15 57.74026480189355 0.3283139140771646
3.75 4 15 16 63.52636608834314 0.2825776451835762
3.75 4 16 17 66.89244761980223 0.2601970848366426
3.75 4 17 18 68.5338539661891 0.2401651145330772
3.75 4 18 19 68.94478184609437 0.2221614893424851
3.75 4 19 20 68.48023345093259 0.2059193042246317
3.75 4 20 21 67.39748667040823 0.1912147064125974
3.75 4 21 22 65.88432686588277 0.1778588141549002
3.75 4 22 23 64.07856113448912 0.1656913315346384
3.75 4 23 24 62.08169342746675 0.1675967018052082
3.75 4 24 25 59.96862730018844 0.1713296906187833
3.75 4 25 26 57.79462767294837 0.1749161880575148
3.75 4 26 27 55.6003666712981 0.17813251396342
3.75 4 27 28 53.4156142938316 0.180872727717368
3.75 4 28 29 51.26196013840467 0.1831002550275177
3.75 4 29 30 49.15483538680155 0.1848181581785036
3.75 4 30 31 47.10502488054112 0.1860511694317568
3.75 4 31 32 45.11980448836985 0.1868349458380033
3.75 4 32 33 43.20380100745575 0.1872097119697081
3.75 4 33 34 41.35964516416732 0.1872165611943861
3.75 4 34 35 39.58846934699186 0.1868953665043729
3.75 4 35 36 37.8902881338764 0.1862836651360129
3.75 4 36 37 36.26428987350579 0.1854161292206367
3.75 4 37 38 34.70906045617423 0.1843243850510408
3.75 4 38 39 33.22275515455037 0.1830370359844861
3.75 4 39 40 31.80323053775766 0.1815797985266627
3.75 4 40 41 30.44814562910439 0.1799756977535329
3.75 4 41 42 29.15503923997905 0.1782452876132515
3.75 4 42 43 27.92138885824573 0.1764068771610708
3.75 4 43 44 26.74465522488295 0.1744767502141434
3.75 4 44 45 25.62231576398775 0.172469372849677
3.75 4 45 46 24.55142059262798 0.1704539589125088
3.75 4 46 47 23.53034491297568 0.1686391335371326
3.75 4 47 48 22.55627838752896 0.1670397268932981
3.75 4 48 49 21.62696662896383 0.1656361762689925
3.75 4 49 50 20.74003978717473 0.1642590022721166
4 5 0 1 -1002.403106357283 2.852964903179732
4 5 1 2 -4421.551370950775 7.254135359404914
4 5 2 3 -2547.896721646397 5.430092776709018
4 5 3 4 -1397.860169611904 4.091882856954125
4 5 4 5 -770.3751230062419 3.062232734277145
4 5 5 6 -417.1678798887633 2.309949605825253
4 5 6 7 -211.8474522883705 1.802611522025323
4 5 7 8 -89.28093108571875 1.458901597913732
4 5 8 9 -14.71382388811048 1.217078120218114
4 5 9 10 31.05963973163568 1.037834845550366
4 5 10 11 59.00410448115667 0.9005311392297415
4 5 11 12 75.69825256783349 0.7934602922747751
4 5 12 13 85.16645434680663 0.7074799570895914
4 5 13 14 89.92273717687897 0.636213335908191
4 5 14 15 91.57949815250845 0.5767329472174628
4 5 15 16 91.20085729239389 0.526929933110593
4 5 16 17 89.49956879376316 0.4844794655328863
4 5 17 18 86.95500801799318 0.4474329889039723
4 5 18 19 83.89113685323588 0.4146411074029256
4 5 19 20 80.52889074748703 0.3855008118856403
4 5 20 21 77.02013285693505 0.3595587176093035
4 5 21 22 73.46927201638397 0.3363490201925588
4 5 22 23 69.9474214598267 0.3154230041532718
4 5 23 24 66.50214347388038 0.2964107634243015
4 5 24 25 63.16437472281777 0.2790380959727202
4 5 25 26 59.95336927792542 0.2631046165068457
4 5 26 27 56.88019388598903 0.2484531253538947
4 5 27 28 53.95018146279921 0.2349486412767274
4 5 28 29 51.16465660648274 0.2224696596869683
4 5 29 30 48.52216106802751 0.2109067388395131
4 5 30 31 46.0193345797345 0.2001632693726144
4 5 31 32 43.65155343720535 0.1901556785139932
4 5 32 33 41.41339465934421 0.1808124466843588
4 5 33 34 39.29897223211591 0.1720723453449306
4 5 34 35 37.30217872084583 0.1638824935381608
4 5 35 36 35.41685681917097 0.1561966385750043
4 5 36 37 33.63691923704246 0.148973821194228
4 5 37 38 31.95643071485182 0.1421774149609517
4 5 38 39 30.36966241347228 0.1357744543623361
4 5 39 40 28.8711262415509 0.1297351563224209
4 5 40 41 27.45559471144902 0.124032557556302
4 5 41 42 26.11811036090828 0.1186422186212318
4 5 42 43 24.85398773386523 0.1135419648730966
4 5 43 44 23.65881013344656 0.1087116538215541
4 5 44 45 22.52842272560413 0.1041329613254261
4 5 45 46 21.45846746404591 0.1001835953577929
4 5 46 47 20.44581373290708 0.09827723648498914
4 5 47 48 19.48661846953711 0.09840121266544281
4 5 48 49 18.5777147441787 0.1001315202388866
4 5 49 50 17.71569985403699 0.1022444403950101
-5 5 0 50 -530799.9541478461 92.16854447470567
