#ylo yhi qTlo qThi PDF0  uncertainty
-5 -4 0 1 -1033.924053756996 2.717651071919671
-5 -4 1 2 -4484.514943273078 7.342373319432743
-5 -4 2 3 -2565.793472395921 5.515741174162224
-5 -4 3 4 -1401.112781836799 4.13933481408958
-5 -4 4 5 -768.5679314387885 3.085151944386958
-5 -4 5 6 -413.6874234660559 2.326038272812716
-5 -4 6 7 -208.0234793235948 1.815969160479735
-5 -4 7 8 -85.63126176199512 1.469947458709902
-5 -4 8 9 -11.41614701899289 1.226391876294639
-5 -4 9 10 33.96743853916678 1.046388577514191
-5 -4 10 11 61.54008641590519 0.9086197905488347
-5 -4 11 12 77.89793648280818 0.8015849086114415
-5 -4 12 13 87.0707457741928 0.7155131856111729
-5 -4 13 14 91.57046299371154 0.6440834769378118
-5 -4 14 15 93.00556070933703 0.5844093538737967
-5 -4 15 16 92.43583032449123 0.5344030726163078
-5 -4 16 17 90.56989425000313 0.4917279167405669
-5 -4 17 18 87.88338768115267 0.454428116818693
-5 -4 18 19 84.69698758221608 0.4213632076603533
-5 -4 19 20 81.22880227117969 0.3919439584567907
-5 -4 20 21 77.62828881114376 0.3657260546178413
-5 -4 21 22 73.99781620382257 0.3422471579995276
-5 -4 22 23 70.40676849390417 0.3210593903668353
-5 -4 23 24 66.90124076120125 0.3017933573868233
-5 -4 24 25 63.51092370328274 0.2841756621573361
-5 -4 25 26 60.25401241667015 0.2680067562798812
-5 -4 26 27 57.14067253963333 0.2531299799717248
-5 -4 27 28 54.17546893030047 0.2394104939397644
-5 -4 28 29 51.35907017591261 0.2267266174810171
-5 -4 29 30 48.6894564322054 0.2149685507896585
-5 -4 30 31 46.16278553585651 0.2040392551058106
-5 -4 31 32 43.77401932123323 0.1938547198675593
-5 -4 32 33 41.51737754501612 0.1843430032166849
-5 -4 33 34 39.38666556409326 0.1754424738809705
-5 -4 34 35 37.37550875602444 0.1670998639360023
-5 -4 35 36 35.47751801409753 0.1592685461469687
-5 -4 36 37 33.68640452793135 0.1519071978491671
-5 -4 37 38 31.99605748071465 0.1449788407837485
-5 -4 38 39 30.40059478362515 0.1384501704822035
-5 -4 39 40 28.89439430396863 0.1322910794651609
-5 -4 40 41 27.47211108678323 0.1264742955977811
-5 -4 41 42 26.12868453451392 0.1209750866677229
-5 -4 42 43 24.85933847624339 0.1157710014508582
-5 -4 43 44 23.65957628482628 0.1108416364373959
-5 -4 44 45 22.52517258137149 0.1061684218205718
-5 -4 45 46 21.45170498457115 0.1021243225218258
-5 -4 46 47 20.43599169998432 0.1001038127537121
-5 -4 47 48 19.47413868360606 0.1000868880339761
-5 -4 48 49 18.56293577166689 0.1016479134500246
-5 -4 49 50 17.69894153146462 0.1035761639670436
-4 -3.75 0 1 -339.9493291631559 1.813252646438688
-4 -3.75 1 2 -4065.22940828741 28.43402933119812
-4 -3.75 2 3 -2819.769226572518 13.22929389063103
-4 -3.75 3 4 -1717.059942110762 7.738142154544704
-4 -3.75 4 5 -1048.160193888769 5.045448935339999
-4 -3.75 5 6 -643.4277459801128 3.505776437440731
-4 -3.75 6 7 -392.7630447738893 2.538363180780716
-4 -3.75 7 8 -233.4950435068051 1.890522245508028
-4 -3.75 8 9 -129.9937251999329 1.436236758882602
-4 -3.75 9 10 -61.51222520268857 1.10690948740844
-4 -3.75 10 11 -15.66019294158423 0.8619664737507843
-4 -3.75 11 12 15.22931667946659 0.6764563706291591
-4 -3.75 12 13 36.01967950895585 0.5342565873954473
-4 -3.75 13 14 49.87743072833507 0.4246735042821592
-4 -3.75 14 15 58.91112911282028 0.3404767260048091
-4 -3.75 15 16 64.5527649096515 0.284902926993852
-4 -3.75 16 17 67.79163054794884 0.2623172852237717
-4 -3.75 17 18 69.32132724409229 0.2421005096960358
-4 -3.75 18 19 69.63429918948009 0.2239300330890121
-4 -3.75 19 20 69.08389732636255 0.2075368951121441
-4 -3.75 20 21 67.92589620848901 0.1926954385343193
-4 -3.75 21 22 66.34673949063165 0.1792152042305691
-4 -3.75 22 23 64.48305126104498 0.1669345190501927
-4 -3.75 23 24 62.43530026740905 0.166580012690565
-4 -3.75 24 25 60.27748848203322 0.1704583158639167
-4 -3.75 25 26 58.06409786697779 0.1742541139027097
-4 -3.75 26 27 55.8351216950482 0.1777086650308806
-4 -3.75 27 28 53.6197417912025 0.1806949557592048
-4 -3.75 28 29 51.43903817882929 0.1831641459254791
-4 -3.75 29 30 49.30800038007897 0.1851124498013168
-4 -3.75 30 31 47.23703014747278 0.186561046917099
-4 -3.75 31 32 45.23307072155245 0.1875440303691352
-4 -3.75 32 33 43.30045972938471 0.1881012482268414
-4 -3.75 33 34 41.44157615895018 0.1882741126409798
-4 -3.75 34 35 39.65733291814844 0.1881032080744366
-4 -3.75 35 36 37.94755292570783 0.1876269892714309
-4 -3.75 36 37 36.3112568908785 0.1868811373014717
-4 -3.75 37 38 34.746883827947 0.185898309344679
-4 -3.75 38 39 33.25246010620914 0.1847081197114008
-4 -3.75 39 40 31.82572897175848 0.1833372522575833
-4 -3.75 40 41 30.46424965232599 0.1818096428707335
-4 -3.75 41 42 29.1654729283609 0.1801466941007475
-4 -3.75 42 43 27.92679850516346 0.1783674999118909
-4 -3.75 43 44 26.74561828422116 0.1764890664851218
-4 -3.75 44 45 25.61934866857891 0.1745265223475041
-4 -3.75 45 46 24.54498338048255 0.1725489191556679
-4 -3.75 46 47 23.520854317972 0.1707623021775409
-4 -3.75 47 48 22.54410588893673 0.1691807713719579
-4 -3.75 48 49 21.61244551655567 0.1677843342315748
-4 -3.75 49 50 20.72346938664163 0.1664061486651971
-3.75 -3.5 0 1 170.3333865480711 1.605554769737147
-3.75 -3.5 1 2 -4740.004175293854 24.75547881799654
-3.75 -3.5 2 3 -3721.387699233693 16.33618067232
-3.75 -3.5 3 4 -2387.056981868607 11.54640450755869
-3.75 -3.5 4 5 -1522.504385070362 8.65872009162725
-3.75 -3.5 5 6 -978.7462007533177 6.767008981774443
-3.75 -3.5 6 7 -631.6665156402466 5.448417035621691
-3.75 -3.5 7 8 -405.0851487770126 4.485957851919935
-3.75 -3.5 8 9 -253.8912167354397 3.758126498966034
-3.75 -3.5 9 10 -151.0652273183402 3.19233102207256
-3.75 -3.5 10 11 -80.11661050001044 2.74249367759149
-3.75 -3.5 11 12 -30.64485574018499 2.378215748042522
-3.75 -3.5 12 13 4.057796713720563 2.078644653773606
-3.75 -3.5 13 14 28.42647306885442 1.829044479413041
-3.75 -3.5 14 15 45.45800303612407 1.618730869433997
-3.75 -3.5 15 16 57.21691314088696 1.439784371101067
-3.75 -3.5 16 17 65.14997079325292 1.286221533476901
-3.75 -3.5 17 18 70.28634820122261 1.153445222293538
-3.75 -3.5 18 19 73.36780534684112 1.037870751480776
-3.75 -3.5 19 20 74.93507128356435 0.9366658555026867
-3.75 -3.5 20 21 75.38621751535004 0.8475662160879167
-3.75 -3.5 21 22 75.01676424668017 0.7687422482957382
-3.75 -3.5 22 23 74.04765371124751 0.6987013559299533
-3.75 -3.5 23 24 72.64502925107519 0.6362151697404149
-3.75 -3.5 24 25 70.93439510004055 0.5802646684820442
-3.75 -3.5 25 26 69.01086832676185 0.5299982892734011
-3.75 -3.5 26 27 66.94667809112138 0.4846996000543227
-3.75 -3.5 27 28 64.7967028806757 0.4437620990460302
-3.75 -3.5 28 29 62.6025941008827 0.4066693852254318
-3.75 -3.5 29 30 60.39587084042213 0.372979421417289
-3.75 -3.5 30 31 58.20025901198915 0.3423119438968801
-3.75 -3.5 31 32 56.03347075261533 0.3143383149361975
-3.75 -3.5 32 33 53.9085659236423 0.2887732873238963
-3.75 -3.5 33 34 51.83499933598463 0.2653682771306186
-3.75 -3.5 34 35 49.81943004414453 0.2439058354723143
-3.75 -3.5 35 36 47.86634938103953 0.2241950798608804
-3.75 -3.5 36 37 45.97857010888598 0.2060678989419408
-3.75 -3.5 37 38 44.15760861004134 0.1893757840898593
-3.75 -3.5 38 39 42.40398428543858 0.1739871729300309
-3.75 -3.5 39 40 40.71745457180016 0.1597852126981279
-3.75 -3.5 40 41 39.09719975051422 0.1466658705879761
-3.75 -3.5 41 42 37.54196835769534 0.1345363325825417
-3.75 -3.5 42 43 36.05019166267697 0.1233136432013058
-3.75 -3.5 43 44 34.62007375909506 0.1129235493711017
-3.75 -3.5 44 45 33.24966235815356 0.1032995166878032
-3.75 -3.5 45 46 31.9362692961499 0.09452917257541721
-3.75 -3.5 46 47 30.67891664351069 0.08715055017431601
-3.75 -3.5 47 48 29.47483826300321 0.08128984396932849
-3.75 -3.5 48 49 28.32191405838253 0.07696289634765312
-3.75 -3.5 49 50 27.21783729885813 0.07362858495522161
-3.5 -3.25 0 1 835.635451773768 0.4253908337913344
-3.5 -3.25 1 2 -4933.511860348634 18.54472299865121
-3.5 -3.25 2 3 -4375.867859511658 14.74015619249401
-3.5 -3.25 3 4 -2926.00375573979 11.13397597893158
-3.5 -3.25 4 5 -1927.095329723456 8.681991997323768
-3.5 -3.25 5 6 -1278.56316176166 6.976219606827935
-3.5 -3.25 6 7 -854.7897518746763 5.74093353158039
-3.5 -3.25 7 8 -572.4833352077148 4.814173479767761
-3.5 -3.25 8 9 -380.4769873115044 4.098228382101629
-3.5 -3.25 9 10 -247.3835671230067 3.531910404809421
-3.5 -3.25 10 11 -153.698304300792 3.074964388249894
-3.5 -3.25 11 12 -86.93485798548954 2.700141161090827
-3.5 -3.25 12 13 -38.93504254120671 2.388346285611334
-3.5 -3.25 13 14 -4.241053393563107 2.125848668391193
-3.5 -3.25 14 15 20.8755817699423 1.902544100367221
-3.5 -3.25 15 16 39.01050515464715 1.710846655901117
-3.5 -3.25 16 17 52.00144199992531 1.544959973908925
-3.5 -3.25 17 18 61.16911770049444 1.400385714815437
-3.5 -3.25 18 19 67.47533743367001 1.273584302355927
-3.5 -3.25 19 20 71.6287401887115 1.161735925107381
-3.5 -3.25 20 21 74.15681694667069 1.062569046983278
-3.5 -3.25 21 22 75.45575820557713 0.9742353047808205
-3.5 -3.25 22 23 75.82547111932763 0.8952168684737518
-3.5 -3.25 23 24 75.49451309261889 0.8242568999814565
-3.5 -3.25 24 25 74.63806584513026 0.7603066991338769
-3.5 -3.25 25 26 73.3910393153277 0.7024850721647142
-3.5 -3.25 26 27 71.85772404928224 0.6500467681459157
-3.5 -3.25 27 28 70.11896864699503 0.6023577214327973
-3.5 -3.25 28 29 68.23756333522823 0.5588754585018265
-3.5 -3.25 29 30 66.26231019950592 0.5191334628403284
-3.5 -3.25 30 31 64.23112304063238 0.4827286015765247
-3.5 -3.25 31 32 62.173404060152 0.4493109414773628
-3.5 -3.25 32 33 60.11187731175042 0.4185754444074931
-3.5 -3.25 33 34 58.0640110705321 0.3902551528396675
-3.5 -3.25 34 35 56.04312698506044 0.3641155647072933
-3.5 -3.25 35 36 54.05926905109877 0.3399499640175279
-3.5 -3.25 36 37 52.11988730969111 0.3175755249916941
-3.5 -3.25 37 38 50.23037785475248 0.2968300447912945
-3.5 -3.25 38 39 48.39451080939583 0.2775691909664554
-3.5 -3.25 39 40 46.61477052413022 0.2596641723251051
-3.5 -3.25 40 41 44.89262676890561 0.242999759514432
-3.5 -3.25 41 42 43.22875133297751 0.2274725963158302
-3.5 -3.25 42 43 41.62319138484881 0.212989753290002
-3.5 -3.25 43 44 40.07550841535746 0.1994674849127702
-3.5 -3.25 44 45 38.58488968695855 0.1868301573779723
-3.5 -3.25 45 46 37.14947355289134 0.1751104785185942
-3.5 -3.25 46 47 35.76934745696312 0.1646383725790999
-3.5 -3.25 47 48 34.442280672815 0.1554484716797109
-3.5 -3.25 48 49 33.16670744148308 0.1475138357113054
-3.5 -3.25 49 50 31.94078349324197 0.1404478114984291
-3.25 -3 0 1 1549.706861479144 1.190487843099717
-3.25 -3 1 2 -4774.747642984827 9.289494135659234
-3.25 -3 2 3 -4797.476178415987 9.664484489793482
-3.25 -3 3 4 -3324.340895356648 7.848889441140058
-3.25 -3 4 5 -2246.404865020781 6.363675565500709
-3.25 -3 5 6 -1526.53216194137 5.250189311857977
-3.25 -3 6 7 -1046.74436425547 4.408198558967165
-3.25 -3 7 8 -721.8177153288448 3.757690720568418
-3.25 -3 8 9 -497.4807066212168 3.24394570487432
-3.25 -3 9 10 -339.7006998888032 2.830468732264105
-3.25 -3 10 11 -226.988504796135 2.491985116985995
-3.25 -3 11 12 -145.4091441911244 2.210888739253459
-3.25 -3 12 13 -85.7578978496324 1.974521309477654
-3.25 -3 13 14 -41.81688296816378 1.773598161753833
-3.25 -3 14 15 -9.300505858414681 1.601174656852535
-3.25 -3 15 16 14.79975620087498 1.451964517553363
-3.25 -3 16 17 32.63113961263275 1.321880122087452
-3.25 -3 17 18 45.74901220296169 1.207715882318009
-3.25 -3 18 19 55.29497478826613 1.106925873860883
-3.25 -3 19 20 62.11682230980546 1.017464837308191
-3.25 -3 20 21 66.8507551160219 0.9376726123151624
-3.25 -3 21 22 69.97862267253038 0.8661888715271232
-3.25 -3 22 23 71.86836728239064 0.8018893408134152
-3.25 -3 23 24 72.80298185367621 0.7438374873222326
-3.25 -3 24 25 73.00149861008936 0.6912474979096768
-3.25 -3 25 26 72.63437310505975 0.6434556054995803
-3.25 -3 26 27 71.83487677721985 0.5998976605111114
-3.25 -3 27 28 70.70761375378913 0.5600914267579185
-3.25 -3 28 29 69.33494350162727 0.5236224870263179
-3.25 -3 29 30 67.78186318455897 0.4901329338375623
-3.25 -3 30 31 66.09974670266467 0.4593122277246384
-3.25 -3 31 32 64.32922774478357 0.4308897564121616
-3.25 -3 32 33 62.50243685433622 0.4046287393675703
-3.25 -3 33 34 60.64474737403236 0.3803212041355746
-3.25 -3 34 35 58.77614541589492 0.3577838222028703
-3.25 -3 35 36 56.91231014644731 0.3368544388293175
-3.25 -3 36 37 55.0654695106123 0.3173891666132724
-3.25 -3 37 38 53.24508092574931 0.2992599393159426
-3.25 -3 38 39 51.4583748094139 0.2823524439802508
-3.25 -3 39 40 49.71079006679125 0.2665643649461979
-3.25 -3 40 41 48.00632418000365 0.2518038872412026
-3.25 -3 41 42 46.34781535380483 0.2379884152570212
-3.25 -3 42 43 44.73717053654795 0.2250434725277663
-3.25 -3 43 44 43.17555008641773 0.2129017531111776
-3.25 -3 44 45 41.66351759281872 0.2015023010709692
-3.25 -3 45 46 40.2003036991124 0.1908980444675437
-3.25 -3 46 47 38.7872138168687 0.1814517651641895
-3.25 -3 47 48 37.42280367757505 0.1732005257740399
-3.25 -3 48 49 36.10626812528552 0.1661136711067049
-3.25 -3 49 50 34.83642714270188 0.1597821783795261
-3 -2.75 0 1 2238.560127843778 1.553663167921055
-3 -2.75 1 2 -4427.902762766204 4.683382816640282
-3 -2.75 2 3 -5051.063652937657 6.080664680498593
-3 -2.75 3 4 -3607.204068037044 5.160302895507419
-3 -2.75 4 5 -2487.832622216899 4.27695519757867
-3 -2.75 5 6 -1721.843987526106 3.57979068284973
-3 -2.75 6 7 -1202.92104254294 3.037972948274015
-3 -2.75 7 8 -846.8204925270575 2.611844193855877
-3 -2.75 8 9 -598.047285153802 2.270764088916314
-3 -2.75 9 10 -421.1170767042336 1.993478538680665
-3 -2.75 10 11 -293.3146076413736 1.764540776716639
-3 -2.75 11 12 -199.7515365614331 1.573053063504753
-3 -2.75 12 13 -130.5045698811984 1.411033548469423
-3 -2.75 13 14 -78.81753010887746 1.272552656009213
-3 -2.75 14 15 -40.00051405569411 1.153129122776499
-3 -2.75 15 16 -10.73924563259834 1.049322096781984
-3 -2.75 16 17 11.3467316101503 0.9584510685390586
-3 -2.75 17 18 27.99232228182984 0.8784002211735409
-3 -2.75 18 19 40.47861214192562 0.8074794216740625
-3 -2.75 19 20 49.76272886924346 0.7443238574591335
-3 -2.75 20 21 56.56729469050003 0.6878204781984757
-3 -2.75 21 22 61.44301250583726 0.6370533285519627
-3 -2.75 22 23 64.81308709973132 0.5912623928971542
-3 -2.75 23 24 67.00517143361685 0.5498122416381743
-3 -2.75 24 25 68.27462107056385 0.512167879842431
-3 -2.75 25 26 68.82161081403683 0.4778759531953751
-3 -2.75 26 27 68.80386319377004 0.4465499833519826
-3 -2.75 27 28 68.34620341011112 0.4178586667429011
-3 -2.75 28 29 67.54779469659735 0.39151652447923
-3 -2.75 29 30 66.4876613481087 0.367276373789209
-3 -2.75 30 31 65.2289361353175 0.3449232225404219
-3 -2.75 31 32 63.82214925334131 0.3242692845367917
-3 -2.75 32 33 62.30779135241681 0.3051498844236795
-3 -2.75 33 34 60.71832269781453 0.2874200730630961
-3 -2.75 34 35 59.07975678670567 0.2709518149634881
-3 -2.75 35 36 57.41291490089111 0.2556316386631903
-3 -2.75 36 37 55.73442463171375 0.2413586636935368
-3 -2.75 37 38 54.05751810828724 0.2280429369243128
-3 -2.75 38 39 52.39267266510495 0.2156040225493713
-3 -2.75 39 40 50.74812692861531 0.2039698026855414
-3 -2.75 40 41 49.13029804216677 0.1930754526086567
-3 -2.75 41 42 47.54411991766946 0.1828625622309427
-3 -2.75 42 43 45.99331832186056 0.1732783800808901
-3 -2.75 43 44 44.48063514049289 0.1642751602441437
-3 -2.75 44 45 43.00801162334054 0.1558095967879249
-3 -2.75 45 46 41.57581345782614 0.1479991054376401
-3 -2.75 46 47 40.18653555155581 0.1414048076882585
-3 -2.75 47 48 38.83958407792716 0.1361076251145877
-3 -2.75 48 49 37.53495786374887 0.1320792456546103
-3 -2.75 49 50 36.27218930010224 0.1287424338349045
-2.75 -2.5 0 1 2875.979354710079 2.119014053513277
-2.75 -2.5 1 2 -4000.022252136181 1.120585948960809
-2.75 -2.5 2 3 -5197.416066574368 2.927221358102625
-2.75 -2.5 3 4 -3807.583351557775 2.767324238890626
-2.75 -2.5 4 5 -2669.037523152104 2.416128483702745
-2.75 -2.5 5 6 -1873.498863381764 2.092424778561373
-2.75 -2.5 6 7 -1327.302950611034 1.821451001648944
-2.75 -2.5 7 8 -948.5079835602673 1.598194818247652
-2.75 -2.5 8 9 -681.4188106622937 1.413187468317151
-2.75 -2.5 9 10 -489.8150161715741 1.258896837589086
-2.75 -2.5 10 11 -350.2388112159404 1.128710493589894
-2.75 -2.5 11 12 -247.1798800126908 1.017832120477611
-2.75 -2.5 12 13 -170.2240558681999 0.9225394224872259
-2.75 -2.5 13 14 -112.2357340927858 0.8399639304254138
-2.75 -2.5 14 15 -68.23320216070283 0.7678735741984596
-2.75 -2.5 15 16 -34.67728500584917 0.7045126524562123
-2.75 -2.5 16 17 -9.013243762679394 0.6484851272115322
-2.75 -2.5 17 18 10.62983123969934 0.5986693217310428
-2.75 -2.5 18 19 25.63996486324868 0.5541551105320569
-2.75 -2.5 19 20 37.0590125136705 0.5141972252451513
-2.75 -2.5 20 21 45.67722603084474 0.4781801792741824
-2.75 -2.5 21 22 52.09967456670859 0.4455916430653825
-2.75 -2.5 22 23 56.79356139243134 0.4160020264058048
-2.75 -2.5 23 24 60.12237300759637 0.3890486663564803
-2.75 -2.5 24 25 62.370822267829 0.3644234675000941
-2.75 -2.5 25 26 63.76326947655116 0.3418631553559953
-2.75 -2.5 26 27 64.47746598511822 0.3211415266508997
-2.75 -2.5 27 28 64.65490472224849 0.3020632382291624
-2.75 -2.5 28 29 64.40868332420791 0.2844587936085887
-2.75 -2.5 29 30 63.82952570856889 0.2681804669813733
-2.75 -2.5 30 31 62.99042782994354 0.2530989685205961
-2.75 -2.5 31 32 61.95026674536496 0.2391006987495689
-2.75 -2.5 32 33 60.75662230510216 0.22608547541289
-2.75 -2.5 33 34 59.44799639123227 0.2139646407049829
-2.75 -2.5 34 35 58.05556799521867 0.2026594772088829
-2.75 -2.5 35 36 56.60458835628339 0.1920998758414593
-2.75 -2.5 36 37 55.11549526567188 0.1822232105978714
-2.75 -2.5 37 38 53.6048070408666 0.1729733831010823
-2.75 -2.5 38 39 52.0858426885523 0.1643000093983267
-2.75 -2.5 39 40 50.56930424002164 0.1561577229804704
-2.75 -2.5 40 41 49.06374938954136 0.1485055777615113
-2.75 -2.5 41 42 47.57597624755607 0.141306532258554
-2.75 -2.5 42 43 46.11133758930058 0.1345270043734154
-2.75 -2.5 43 44 44.67399819267277 0.1281364846060722
-2.75 -2.5 44 45 43.26714610771961 0.1221072001652373
-2.75 -2.5 45 46 41.89219138309412 0.1166342320690489
-2.75 -2.5 46 47 40.55269325175311 0.112526395277901
-2.75 -2.5 47 48 39.24885450439746 0.1098971328383218
-2.75 -2.5 48 49 37.98142074225908 0.1086880852119032
-2.75 -2.5 49 50 36.75058857548598 0.1080913262205182
-2.5 -2.25 0 1 3458.09425808881 1.670903678031632
-2.5 -2.25 1 2 -3558.870662473225 0.9700862039833992
-2.5 -2.25 2 3 -5285.065717199932 1.702561755259348
-2.5 -2.25 3 4 -3954.096660138357 1.572395873731963
-2.5 -2.25 4 5 -2806.620970645557 1.443762042040843
-2.5 -2.25 5 6 -1991.100813644385 1.294301407467556
-2.5 -2.25 6 7 -1425.334146144707 1.156471276988646
-2.5 -2.25 7 8 -1029.784805478279 1.036006916285036
-2.5 -2.25 8 9 -748.9128891812711 0.9315637976593503
-2.5 -2.25 9 10 -546.1037433274514 0.8416806551020788
-2.5 -2.25 10 11 -397.4230010256945 0.7637445395342172
-2.5 -2.25 11 12 -286.9406278385293 0.6958877855214746
-2.5 -2.25 12 13 -203.8995901162907 0.6364731709871877
-2.5 -2.25 13 14 -140.8931926066409 0.5841570807326579
-2.5 -2.25 14 15 -92.72755005408953 0.5378425664763493
-2.5 -2.25 15 16 -55.69759988294368 0.4966330392348403
-2.5 -2.25 16 17 -27.11847244364321 0.4597926361233262
-2.5 -2.25 17 18 -5.016622762520228 0.426714064368459
-2.5 -2.25 18 19 12.07743794085127 0.3968930739035301
-2.5 -2.25 19 20 25.27065552565614 0.369908350407061
-2.5 -2.25 20 21 35.40563468293612 0.3454056958402882
-2.5 -2.25 21 22 43.12982319752155 0.3230855513977402
-2.5 -2.25 22 23 48.94493977644822 0.3026931143586288
-2.5 -2.25 23 24 53.24274580658221 0.2840104680128214
-2.5 -2.25 24 25 56.33124407236107 0.266850278894485
-2.5 -2.25 25 26 58.45407800598548 0.2510507178193597
-2.5 -2.25 26 27 59.80504242643087 0.2364713438060722
-2.5 -2.25 27 28 60.53903962549009 0.2229897473217501
-2.5 -2.25 28 29 60.78042349532575 0.2104987979018188
-2.5 -2.25 29 30 60.62940543791473 0.1989043740780114
-2.5 -2.25 30 31 60.16700896047229 0.1881234816904405
-2.5 -2.25 31 32 59.45892824851956 0.1780826849156409
-2.5 -2.25 32 33 58.55855245770277 0.1687167936654629
-2.5 -2.25 33 34 57.50935026062695 0.1599677573678392
-2.5 -2.25 34 35 56.34676042062523 0.1517837319201092
-2.5 -2.25 35 36 55.09969847531119 0.1441182861727962
-2.5 -2.25 36 37 53.79176324621324 0.1369297265875566
-2.5 -2.25 37 38 52.44220733490835 0.1301805190984555
-2.5 -2.25 38 39 51.06672102638146 0.1238367927240791
-2.5 -2.25 39 40 49.67806790938005 0.1178679120033253
-2.5 -2.25 40 41 48.2866022162051 0.1122461068109209
-2.5 -2.25 41 42 46.90069118957683 0.1069461519025864
-2.5 -2.25 42 43 45.52706109190126 0.1019450875252576
-2.5 -2.25 43 44 44.17108143360997 0.09722197587923487
-2.5 -2.25 44 45 42.83699907898711 0.0927576880663519
-2.5 -2.25 45 46 41.52711505042095 0.08885201974751561
-2.5 -2.25 46 47 40.2458919867336 0.08667733852283725
-2.5 -2.25 47 48 38.99421766508732 0.08636775090222686
-2.5 -2.25 48 49 37.77348031658335 0.08777220945025282
-2.5 -2.25 49 50 36.58444768348548 0.09199339250309144
-2.25 -2 0 1 3983.923729377328 1.032366107340323
-2.25 -2 1 2 -3156.96658731474 0.8585672795264749
-2.25 -2 2 3 -5374.575703520672 1.65872610115901
-2.25 -2 3 4 -4094.322992797414 1.535378175532585
-2.25 -2 4 5 -2933.631412488847 1.354706481781347
-2.25 -2 5 6 -2096.056008634999 1.194966994650103
-2.25 -2 6 7 -1510.067295502255 1.060928317279034
-2.25 -2 7 8 -1097.936309346548 0.9481484399404642
-2.25 -2 8 9 -803.8858279244573 0.8530602048666125
-2.25 -2 9 10 -590.6716752550929 0.7713988626539104
-2.25 -2 10 11 -433.7498198352187 0.7010233660503515
-2.25 -2 11 12 -316.6997363759799 0.6398033656995804
-2.25 -2 12 13 -228.3863099708478 0.5861620571243492
-2.25 -2 13 14 -161.1163224560364 0.5388552694064561
-2.25 -2 14 15 -109.4789601587925 0.4968900813317036
-2.25 -2 15 16 -69.60407453960602 0.4594656594097722
-2.25 -2 16 17 -38.68018506462954 0.4259297582972284
-2.25 -2 17 18 -14.63579572192839 0.3957463500615643
-2.25 -2 18 19 4.075032133105651 0.3684712451390088
-2.25 -2 19 20 18.61942408532627 0.3437335226678079
-2.25 -2 20 21 29.8877404251599 0.3212212331950409
-2.25 -2 21 22 38.5656113251955 0.3006702880510753
-2.25 -2 22 23 45.18549712568131 0.2818557377959159
-2.25 -2 23 24 50.16406989473035 0.2645848743061109
-2.25 -2 24 25 53.82963844318226 0.2486917260509587
-2.25 -2 25 26 56.44248985866534 0.234032635746012
-2.25 -2 26 27 58.21013027059701 0.2204826784263402
-2.25 -2 27 28 59.29881089839103 0.2079327439815903
-2.25 -2 28 29 59.84232040571806 0.1962871438192444
-2.25 -2 29 30 59.94874568347836 0.1854616357032123
-2.25 -2 30 31 59.70570918783375 0.1753817851619279
-2.25 -2 31 32 59.18445411461926 0.1659815980715377
-2.25 -2 32 33 58.44305129664514 0.1572023747349832
-2.25 -2 33 34 57.52893166442556 0.1489917430505392
-2.25 -2 34 35 56.48089720736834 0.141302841385427
-2.25 -2 35 36 55.33072609168937 0.1340936228856327
-2.25 -2 36 37 54.10445999149584 0.1273262626035107
-2.25 -2 37 38 52.8234412173282 0.1209666483857141
-2.25 -2 38 39 51.50515176193232 0.1149839438135002
-2.25 -2 39 40 50.16389471659579 0.1093502105679686
-2.25 -2 40 41 48.81134978022379 0.1040400811847927
-2.25 -2 41 42 47.45702753493066 0.0990304752790253
-2.25 -2 42 43 46.1086422222707 0.09430035175971212
-2.25 -2 43 44 44.77241848358 0.08983049260456724
-2.25 -2 44 45 43.45334445827405 0.08560331286397124
-2.25 -2 45 46 42.15432118382213 0.08225603473838898
-2.25 -2 46 47 40.88045364862555 0.08216947649658643
-2.25 -2 47 48 39.63307270882751 0.08540714024686977
-2.25 -2 48 49 38.41399020976979 0.0913521770843318
-2.25 -2 49 50 37.22434226194144 0.09764312025740485
-2 -1.75 0 1 4484.270075939622 1.067643255315077
-2 -1.75 1 2 -2753.677884084475 2.693524497007763
-2 -1.75 2 3 -5430.794823550188 2.733824141192204
-2 -1.75 3 4 -4212.022227408629 2.24078973930605
-2 -1.75 4 5 -3050.748763621417 1.843855339741066
-2 -1.75 5 6 -2200.006591049596 1.547120367528823
-2 -1.75 6 7 -1599.299017100582 1.32201599485691
-2 -1.75 7 8 -1173.743491949407 1.146745222809224
-2 -1.75 8 9 -868.1782972067772 1.006994139142114
-2 -1.75 9 10 -645.3008621706149 0.8932575827101742
-2 -1.75 10 11 -480.328498473657 0.7988562734628074
-2 -1.75 11 12 -356.5755188728783 0.719410014874346
-2 -1.75 12 13 -262.6674965501609 0.6516715383238308
-2 -1.75 13 14 -190.709718140225 0.5932855146534772
-2 -1.75 14 15 -135.1265927286097 0.5424897494021809
-2 -1.75 15 16 -91.91482487464555 0.4979394164950371
-2 -1.75 16 17 -58.15573216386633 0.4585900298270498
-2 -1.75 17 18 -31.69144228182131 0.4236176764476151
-2 -1.75 18 19 -10.90620882372832 0.3923634381130913
-2 -1.75 19 20 5.423749824407423 0.3642938694306868
-2 -1.75 20 21 18.23499688198626 0.3389723659076904
-2 -1.75 21 22 28.2510301406694 0.316038066124792
-2 -1.75 22 23 36.03550230733504 0.2951900650422395
-2 -1.75 23 24 42.03090613511131 0.276175434925938
-2 -1.75 24 25 46.58702662441135 0.2587800195886791
-2 -1.75 25 26 49.98209549324031 0.2428212783119222
-2 -1.75 26 27 52.43867843865257 0.2281426628916548
-2 -1.75 27 28 54.13571791076572 0.2146091576519391
-2 -1.75 28 29 55.21774056789934 0.202103709363754
-2 -1.75 29 30 55.8019531887586 0.1905243459973703
-2 -1.75 30 31 55.98375189644537 0.1797818334443951
-2 -1.75 31 32 55.84102894660663 0.1697977573398965
-2 -1.75 32 33 55.4375610807889 0.1605029401063992
-2 -1.75 33 34 54.8256912083022 0.1518361294726839
-2 -1.75 34 35 54.04846258883344 0.1437429028076515
-2 -1.75 35 36 53.14132610861185 0.1361747493972083
-2 -1.75 36 37 52.13351263018427 0.12908829559285
-2 -1.75 37 38 51.04914113166825 0.1224446489363927
-2 -1.75 38 39 49.90811727444947 0.116208840053915
-2 -1.75 39 40 48.72686487367207 0.110349345479981
-2 -1.75 40 41 47.51892364257634 0.1048376784462148
-2 -1.75 41 42 46.29543920730947 0.09964803625404851
-2 -1.75 42 43 45.06556622495623 0.09475699566317812
-2 -1.75 43 44 43.83680094956452 0.0901432484181951
-2 -1.75 44 45 42.61525637917686 0.0857873714267911
-2 -1.75 45 46 41.40480237928406 0.08206281946133594
-2 -1.75 46 47 40.21148095804796 0.08142819357151572
-2 -1.75 47 48 39.03738262946391 0.08513089815328642
-2 -1.75 48 49 37.88502060920965 0.09168091470604307
-2 -1.75 49 50 36.7561509917328 0.09859011347867969
-1.75 -1.5 0 1 4945.288639454935 0.9849636725380603
-1.75 -1.5 1 2 -2363.013148414138 0.8852618045765482
-1.75 -1.5 2 3 -5456.144551471887 1.787525770729748
-1.75 -1.5 3 4 -4281.784358818172 1.723132562981411
-1.75 -1.5 4 5 -3114.334644204685 1.533194683272455
-1.75 -1.5 5 6 -2251.152818972921 1.342687718053366
-1.75 -1.5 6 7 -1639.257423026278 1.176176336338141
-1.75 -1.5 7 8 -1204.795999251275 1.035560664171168
-1.75 -1.5 8 9 -892.4018853166635 0.9189898587402915
-1.75 -1.5 9 10 -664.2689769738236 0.8189105140904045
-1.75 -1.5 10 11 -495.2308023276887 0.7358709281526209
-1.75 -1.5 11 12 -368.3224569021984 0.6645187745650653
-1.75 -1.5 12 13 -271.9414761621686 0.6030898046552028
-1.75 -1.5 13 14 -198.031878120423 0.5497759032158964
-1.75 -1.5 14 15 -140.8989652912785 0.5031606463592129
-1.75 -1.5 15 16 -96.4505564146682 0.4621265686478993
-1.75 -1.5 16 17 -61.70087464608218 0.4257841031773179
-1.75 -1.5 17 18 -34.44083046595415 0.3934183030739295
-1.75 -1.5 18 19 -13.01516761738844 0.3644490930356281
-1.75 -1.5 19 20 3.830667030962331 0.3384015332171495
-1.75 -1.5 20 21 17.0574092428642 0.3148834198896381
-1.75 -1.5 21 22 27.40769143257933 0.2935682755771601
-1.75 -1.5 22 23 35.46041631010769 0.2741823045803803
-1.75 -1.5 23 24 41.67030416438411 0.256494302058986
-1.75 -1.5 24 25 46.39699669413085 0.2403077733366176
-1.75 -1.5 25 26 49.92670898012284 0.2254547249452247
-1.75 -1.5 26 27 52.48850008832153 0.2117907327990129
-1.75 -1.5 27 28 54.2666137062065 0.1991909925417082
-1.75 -1.5 28 29 55.40991880430852 0.1875471330549178
-1.75 -1.5 29 30 56.03918939776531 0.1767646274244509
-1.75 -1.5 30 31 56.25275961975262 0.1667606749566051
-1.75 -1.5 31 32 56.1309468759431 0.1574624585857775
-1.75 -1.5 32 33 55.73953352558391 0.1488057011293983
-1.75 -1.5 33 34 55.13252376980381 0.1407334643131881
-1.75 -1.5 34 35 54.35433870586331 0.1331951425551067
-1.75 -1.5 35 36 53.44157306888968 0.1261456176767138
-1.75 -1.5 36 37 52.42440792850704 0.1195445435839971
-1.75 -1.5 37 38 51.3277518508242 0.1133557400418898
-1.75 -1.5 38 39 50.17216657876821 0.1075466752474494
-1.75 -1.5 39 40 48.97462083146843 0.1020880235627197
-1.75 -1.5 40 41 47.74910648698665 0.09695328490600219
-1.75 -1.5 41 42 46.50714385968598 0.09211845770094412
-1.75 -1.5 42 43 45.25819748871243 0.08756175493901096
-1.75 -1.5 43 44 44.01001923885082 0.08326335800958171
-1.75 -1.5 44 45 42.76893222988082 0.0792052034589808
-1.75 -1.5 45 46 41.53893766999079 0.07608400813708378
-1.75 -1.5 46 47 40.32629675427566 0.07650503916234236
-1.75 -1.5 47 48 39.13317226629991 0.08055668510656727
-1.75 -1.5 48 49 37.9621679828868 0.08758718728911818
-1.75 -1.5 49 50 36.81512026076331 0.09501541968466333
-1.5 -1.25 0 1 5381.822750876254 3.153976991804948
-1.5 -1.25 1 2 -1980.700454111416 3.849002377390928
-1.5 -1.25 2 3 -5478.298471182499 1.705867643682791
-1.5 -1.25 3 4 -4360.594288584459 1.638829531785136
-1.5 -1.25 4 5 -3195.10304030366 1.462574200420144
-1.5 -1.25 5 6 -2322.992084272927 1.290515298173602
-1.5 -1.25 6 7 -1700.750098393627 1.140676752050799
-1.5 -1.25 7 8 -1256.859284262508 1.013683459317343
-1.5 -1.25 8 9 -936.4098432250607 0.9053763891699055
-1.5 -1.25 9 10 -701.6359159827171 0.8148713603587275
-1.5 -1.25 10 11 -527.0187952489287 0.7362524506173527
-1.5 -1.25 11 12 -395.5103084313837 0.6687799905510246
-1.5 -1.25 12 13 -295.3036639108334 0.6101528674383617
-1.5 -1.25 13 14 -218.1983674679871 0.5588481676971554
-1.5 -1.25 14 15 -158.3829698558402 0.5136562443645887
-1.5 -1.25 15 16 -111.6717493738274 0.4736098154455528
-1.5 -1.25 16 17 -75.00407012518463 0.4379290766268897
-1.5 -1.25 17 18 -46.11078826701055 0.4059799568584616
-1.5 -1.25 18 19 -23.28826800384286 0.3772424928675072
-1.5 -1.25 19 20 -5.242786707633968 0.3512868068996228
-1.5 -1.25 20 21 9.018272462490359 0.327754746808148
-1.5 -1.25 21 22 20.26362907838461 0.3063457540000609
-1.5 -1.25 22 23 29.09364321057535 0.2868058889814735
-1.5 -1.25 23 24 35.98077281891119 0.2689192432142255
-1.5 -1.25 24 25 41.2993925341932 0.2525011595314166
-1.5 -1.25 25 26 45.34801026437867 0.2382626938580876
-1.5 -1.25 26 27 48.36598618467929 0.2264256463931809
-1.5 -1.25 27 28 50.54623140607396 0.2153867294182848
-1.5 -1.25 28 29 52.0449360642009 0.2050761201386218
-1.5 -1.25 29 30 52.98908102259145 0.1954314745752348
-1.5 -1.25 30 31 53.48228104563088 0.1863970023508043
-1.5 -1.25 31 32 53.60936122129215 0.1779226669466751
-1.5 -1.25 32 33 53.43996409208285 0.169963493090224
-1.5 -1.25 33 34 53.03140966585516 0.1624789668310384
-1.5 -1.25 34 35 52.43097558377337 0.1554325152408709
-1.5 -1.25 35 36 51.67772438698637 0.1487910544040437
-1.5 -1.25 36 37 50.80397486400028 0.1425245962136557
-1.5 -1.25 37 38 49.83649216359248 0.1366059048836795
-1.5 -1.25 38 39 48.79745446793368 0.1310101973754852
-1.5 -1.25 39 40 47.70524122805153 0.1257148808106628
-1.5 -1.25 40 41 46.57507837425766 0.1206993220266814
-1.5 -1.25 41 42 45.41956812119173 0.1159446449672213
-1.5 -1.25 42 43 44.24912555588429 0.111433552259636
-1.5 -1.25 43 44 43.07233941540329 0.1071501675562895
-1.5 -1.25 44 45 41.8962710835678 0.1030798956173314
-1.5 -1.25 45 46 40.72554681244986 0.09955329899378176
-1.5 -1.25 46 47 39.56704905093412 0.09784494897468958
-1.5 -1.25 47 48 38.42342647942732 0.09813288355702755
-1.5 -1.25 48 49 37.29773868063964 0.1003201986676953
-1.5 -1.25 49 50 36.19221469934575 0.103160369663771
-1.25 -1 0 1 5749.803130161159 1.560681215628744
-1.25 -1 1 2 -1677.791120659056 0.7144974256522478
-1.25 -1 2 3 -5515.36449325148 2.048483157318065
-1.25 -1 3 4 -4437.869588454123 1.952823736788843
-1.25 -1 4 5 -3267.760918474962 1.722110169796311
-1.25 -1 5 6 -2383.857291681318 1.50649661703931
-1.25 -1 6 7 -1750.190583195623 1.324323075630563
-1.25 -1 7 8 -1296.720806109708 1.172791542374862
-1.25 -1 8 9 -968.5575392521305 1.04647058079127
-1.25 -1 9 10 -727.642154005986 0.9404538615685792
-1.25 -1 10 11 -548.1369174306897 0.8498321869535544
-1.25 -1 11 12 -412.7162914491414 0.7722081718141469
-1.25 -1 12 13 -309.3616329754213 0.7049617536849624
-1.25 -1 13 14 -229.70773798043 0.6462341206805797
-1.25 -1 14 15 -167.8169746202709 0.5945746376293801
-1.25 -1 15 16 -119.4066869739515 0.5488381152061811
-1.25 -1 16 17 -81.34131532806509 0.5081100875329247
-1.25 -1 17 18 -51.29336815195506 0.4716523308162627
-1.25 -1 18 19 -27.51341127533351 0.4388628158199872
-1.25 -1 19 20 -8.671494279391482 0.4092459569577126
-1.25 -1 20 21 6.253868943157613 0.3823902579703086
-1.25 -1 21 22 18.05456248424775 0.3579513218544005
-1.25 -1 22 23 27.34965253331313 0.3356387970840124
-1.25 -1 23 24 34.62679203805146 0.3152062415818895
-1.25 -1 24 25 40.27276557047185 0.2964431759606352
-1.25 -1 25 26 44.59626705406515 0.2791687960605347
-1.25 -1 26 27 47.84505578244421 0.2632269553969041
-1.25 -1 27 28 50.21899797321362 0.2484821289639018
-1.25 -1 28 29 51.88006572971756 0.2348161423871288
-1.25 -1 29 30 52.96006409784252 0.2221255026017798
-1.25 -1 30 31 53.56664647507296 0.2103192047154803
-1.25 -1 31 32 53.7880295472936 0.1993169197796383
-1.25 -1 32 33 53.69671238742092 0.1890474877298527
-1.25 -1 33 34 53.35242741166724 0.1794476578719076
-1.25 -1 34 35 52.80449474669877 0.1704610305965979
-1.25 -1 35 36 52.09371029111685 0.1620371636712157
-1.25 -1 36 37 51.25386706481873 0.1541308148801982
-1.25 -1 37 38 50.31298660539647 0.1467012957735018
-1.25 -1 38 39 49.29431984201307 0.1397119198651946
-1.25 -1 39 40 48.21716375797826 0.133129528723117
-1.25 -1 40 41 47.0975303042153 0.1269240825394748
-1.25 -1 41 42 45.94869602589904 0.1210683075758045
-1.25 -1 42 43 44.78165527497566 0.1155373886205855
-1.25 -1 43 44 43.6054949644776 0.1103087025939971
-1.25 -1 44 45 42.42770535270978 0.1053615848552202
-1.25 -1 45 46 41.25325416174087 0.1010568827011853
-1.25 -1 46 47 40.08940015708288 0.09881786013063061
-1.25 -1 47 48 38.93903869602445 0.09886377384063143
-1.25 -1 48 49 37.80546625250614 0.1010783717041629
-1.25 -1 49 50 36.69111966612377 0.108569684056191
-1 -0.75 0 1 6070.66298960778 2.260462537891325
-1 -0.75 1 2 -1388.025099080481 2.037744301095702
-1 -0.75 2 3 -5515.431278549719 1.566195663269151
-1 -0.75 3 4 -4476.530015809602 1.520291557535715
-1 -0.75 4 5 -3307.214523072045 1.36297095640273
-1 -0.75 5 6 -2417.506761791567 1.211581307074948
-1 -0.75 6 7 -1777.647439148227 1.08111679876475
-1 -0.75 7 8 -1318.877735277064 0.9705526952731608
-1 -0.75 8 9 -986.427485768063 0.8763281047597093
-1 -0.75 9 10 -742.0977858978868 0.7951370376721691
-1 -0.75 10 11 -559.882703851802 0.7253643198177356
-1 -0.75 11 12 -422.2980580931144 0.6643023189484908
-1 -0.75 12 13 -317.2075135994755 0.6106455994006502
-1 -0.75 13 14 -236.1533625313452 0.5631887240756772
-1 -0.75 14 15 -173.1270887663197 0.5209691420480538
-1 -0.75 15 16 -123.7915730922682 0.4832102073994136
-1 -0.75 16 17 -84.96914478827784 0.4492790188650614
-1 -0.75 17 18 -54.29950213810821 0.4186550226027932
-1 -0.75 18 19 -30.00744452133949 0.3909063937450755
-1 -0.75 19 20 -10.74263143356302 0.3656720769129082
-1 -0.75 20 21 4.532674488314797 0.3426479800903087
-1 -0.75 21 22 16.62339521663989 0.3215762589513612
-1 -0.75 22 23 26.15911960072083 0.3022369132425339
-1 -0.75 23 24 33.63603948150092 0.2844411424856534
-1 -0.75 24 25 39.44790272060118 0.2680260460940183
-1 -0.75 25 26 43.90910704957219 0.2528503637646337
-1 -0.75 26 27 47.27210286512729 0.2387910256975198
-1 -0.75 27 28 49.74062883524687 0.2257403399627953
-1 -0.75 28 29 51.47986448107497 0.2136036845190866
-1 -0.75 29 30 52.62427960006539 0.2022976002161756
-1 -0.75 30 31 53.28374769994764 0.1917482081526013
-1 -0.75 31 32 53.54833986633855 0.1818898865846957
-1 -0.75 32 33 53.49210772820527 0.1726641608074424
-1 -0.75 33 34 53.17608631388055 0.1640187668375334
-1 -0.75 34 35 52.65069077067017 0.1559068574975234
-1 -0.75 35 36 51.95763911447096 0.1482863260571677
-1 -0.75 36 37 51.13150209436236 0.1411192293086341
-1 -0.75 37 38 50.20095810284363 0.1343712916001636
-1 -0.75 38 39 49.18981350230678 0.1280114775940403
-1 -0.75 39 40 48.11783542551251 0.1220116235597778
-1 -0.75 40 41 47.00143411459283 0.1163461170745271
-1 -0.75 41 42 45.85422374355807 0.1109916185993931
-1 -0.75 42 43 44.68748499408082 0.1059268182084346
-1 -0.75 43 44 43.51054765536969 0.1011322233923614
-1 -0.75 44 45 42.33110799531539 0.09658997150799142
-1 -0.75 45 46 41.1542835729831 0.0930833791498496
-1 -0.75 46 47 39.98752698652567 0.09354083311811361
-1 -0.75 47 48 38.83383397387885 0.09807097423556957
-1 -0.75 48 49 37.69660678350039 0.1059461279969588
-1 -0.75 49 50 36.57836469482208 0.1142777176920154
-0.75 -0.5 0 1 6322.717016317083 3.254402502500496
-0.75 -0.5 1 2 -1163.948191615194 2.72223102272667
-0.75 -0.5 2 3 -5522.92595435677 1.574550609443757
-0.75 -0.5 3 4 -4516.409121061923 1.538070310472399
-0.75 -0.5 4 5 -3348.277579771454 1.380867090533935
-0.75 -0.5 5 6 -2453.716843461055 1.226714023405141
-0.75 -0.5 6 7 -1808.325745887822 1.09292361331439
-0.75 -0.5 7 8 -1344.602411635274 0.9791581184335046
-0.75 -0.5 8 9 -1007.991816839189 0.8965697708146921
-0.75 -0.5 9 10 -760.2337439760449 0.8261586936875688
-0.75 -0.5 10 11 -575.2118227162068 0.7628631304001258
-0.75 -0.5 11 12 -435.3196655296902 0.7055683707749054
-0.75 -0.5 12 13 -328.3251986101609 0.6539600750660526
-0.75 -0.5 13 14 -245.6919349353848 0.6074474006413807
-0.75 -0.5 14 15 -181.3488796126703 0.5654528650156038
-0.75 -0.5 15 16 -130.9095493332893 0.5274475139749121
-0.75 -0.5 16 17 -91.15719222297912 0.4929612305832176
-0.75 -0.5 17 18 -59.7004211762021 0.4615823043756029
-0.75 -0.5 18 19 -34.73916594184493 0.4329526748029868
-0.75 -0.5 19 20 -14.90306616246198 0.4067617769318055
-0.75 -0.5 20 21 0.8618304232884384 0.3827403061589831
-0.75 -0.5 21 22 13.37365658383624 0.3606544533838396
-0.75 -0.5 22 23 23.27282468852536 0.3403008051219709
-0.75 -0.5 23 24 31.0644408273879 0.3215019343214496
-0.75 -0.5 24 25 37.14963074299294 0.304102635960329
-0.75 -0.5 25 26 41.84892656187105 0.2879667348413512
-0.75 -0.5 26 27 45.41990113871441 0.2729743857076821
-0.75 -0.5 27 28 48.07058788438201 0.259019793152068
-0.75 -0.5 28 29 49.96978079380574 0.2460092832350486
-0.75 -0.5 29 30 51.25500254520421 0.2338596711775807
-0.75 -0.5 30 31 52.0387139551151 0.2224968762751637
-0.75 -0.5 31 32 52.4131859267851 0.2118547436875687
-0.75 -0.5 32 33 52.45434619374407 0.2018740392722689
-0.75 -0.5 33 34 52.22483450568313 0.1925015900745697
-0.75 -0.5 34 35 51.77644245180443 0.183689545946358
-0.75 -0.5 35 36 51.15207185766081 0.1753947460101483
-0.75 -0.5 36 37 50.38731423436559 0.1675781691608107
-0.75 -0.5 37 38 49.51173032575377 0.1602044611468463
-0.75 -0.5 38 39 48.54989102141707 0.1532415223716397
-0.75 -0.5 39 40 47.52222741148302 0.1466601491866484
-0.75 -0.5 40 41 46.44572763110381 0.1404337219681127
-0.75 -0.5 41 42 45.33450991033715 0.1345379305496427
-0.75 -0.5 42 43 44.20029548913743 0.1289505345867095
-0.75 -0.5 43 44 43.05279998008086 0.1236511519601285
-0.75 -0.5 44 45 41.90005818724694 0.1186210731853956
-0.75 -0.5 45 46 40.74746845083143 0.1142226669106064
-0.75 -0.5 46 47 39.60277420297098 0.1118738155881509
-0.75 -0.5 47 48 38.46918608448823 0.1117889191307441
-0.75 -0.5 48 49 37.35031099582724 0.1138624424049813
-0.75 -0.5 49 50 36.2488478449425 0.1167089872228968
-0.5 -0.25 0 1 6492.364095353193 3.358563763977188
-0.5 -0.25 1 2 -1017.285980807026 2.352315490466627
-0.5 -0.25 2 3 -5532.33245111631 1.553751012964419
-0.5 -0.25 3 4 -4546.541888254877 1.535917980375643
-0.5 -0.25 4 5 -3378.149336740763 1.443248556490177
-0.5 -0.25 5 6 -2479.47349857259 1.355244045279614
-0.5 -0.25 6 7 -1829.724045521322 1.246553020644619
-0.5 -0.25 7 8 -1362.204472554739 1.139849006348432
-0.5 -0.25 8 9 -1022.459650750937 1.041900272449078
-0.5 -0.25 9 10 -772.1579695506375 0.9542355720544404
-0.5 -0.25 10 11 -585.0770488572016 0.875727599385274
-0.5 -0.25 11 12 -443.5126668742646 0.8060811352981985
-0.5 -0.25 12 13 -335.1540669154451 0.7440623578828401
-0.5 -0.25 13 14 -251.4020622360831 0.6886846458688196
-0.5 -0.25 14 15 -186.1366279604783 0.6390719440574136
-0.5 -0.25 15 16 -134.9329790545976 0.5944664837922898
-0.5 -0.25 16 17 -94.5443295095281 0.5542202906612973
-0.5 -0.25 17 18 -62.55560173647996 0.5177816227333982
-0.5 -0.25 18 19 -37.14791310415762 0.4846808773451198
-0.5 -0.25 19 20 -16.93586207010776 0.4545176911847189
-0.5 -0.25 20 21 -0.8533903858740359 0.4269497586352167
-0.5 -0.25 21 22 11.92743957795551 0.4016833918879336
-0.5 -0.25 22 23 22.05502792166544 0.378465655985575
-0.5 -0.25 23 24 30.04102348080198 0.3570778556219021
-0.5 -0.25 24 25 36.29193809253218 0.3373301532848176
-0.5 -0.25 25 26 41.13275839845539 0.3190571191583641
-0.5 -0.25 26 27 44.82475716075339 0.3021140474721665
-0.5 -0.25 27 28 47.57905318610585 0.2863738961950396
-0.5 -0.25 28 29 49.56702297407844 0.2717247378131797
-0.5 -0.25 29 30 50.92835827828389 0.2580676288065458
-0.5 -0.25 30 31 51.77734766107687 0.2453148202602982
-0.5 -0.25 31 32 52.20780684881743 0.2333882513815507
-0.5 -0.25 32 33 52.29697301756994 0.2222182748152357
-0.5 -0.25 33 34 52.10859884617571 0.2117425752301472
-0.5 -0.25 34 35 51.69542425263631 0.2019052472206471
-0.5 -0.25 35 36 51.10116108976888 0.1926560072754095
-0.5 -0.25 36 37 50.36209435022363 0.1839495175387561
-0.5 -0.25 37 38 49.50837977253775 0.1757448030953591
-0.5 -0.25 38 39 48.56509979111604 0.1680047494189059
-0.5 -0.25 39 40 47.55312615251904 0.1606956659820347
-0.5 -0.25 40 41 46.48982728361227 0.1537869078916384
-0.5 -0.25 41 42 45.38965018229078 0.1472505451975105
-0.5 -0.25 42 43 44.26460078049774 0.1410610742788331
-0.5 -0.25 43 44 43.12464159622976 0.1351951650668373
-0.5 -0.25 44 45 41.97802187797987 0.1296314382307311
-0.5 -0.25 45 46 40.83031480763742 0.1247056071511902
-0.5 -0.25 46 47 39.68944917602488 0.1217459618412751
-0.5 -0.25 47 48 38.55876555345259 0.1209689669236964
-0.5 -0.25 48 49 37.44199430699257 0.1223050625307816
-0.5 -0.25 49 50 36.3419428549162 0.1244613636359281
-0.25 0 0 1 6579.302099246036 3.582525067284607
-0.25 0 1 2 -940.0168643644847 3.026607270232114
-0.25 0 2 3 -5534.098037696243 1.571820182740256
-0.25 0 3 4 -4558.472454968472 1.5449139771387
-0.25 0 4 5 -3389.824693178622 1.39081547996168
-0.25 0 5 6 -2489.14464647068 1.237825266246134
-0.25 0 6 7 -1837.377874097756 1.122742101830539
-0.25 0 7 8 -1368.170353706008 1.038550800618104
-0.25 0 8 9 -1027.081748442089 0.9574867799790825
-0.25 0 9 10 -775.7248724634919 0.8828532594572666
-0.25 0 10 11 -587.8187559852972 0.8146180843674202
-0.25 0 11 12 -445.6050577669589 0.7532371802870961
-0.25 0 12 13 -336.73378517533 0.6979724860140005
-0.25 0 13 14 -252.5752459502389 0.6481892369627236
-0.25 0 14 15 -186.9862780480883 0.6032651393984073
-0.25 0 15 16 -135.5244752010658 0.5626295040446779
-0.25 0 16 17 -94.92953035123605 0.5257749336147912
-0.25 0 17 18 -62.77590105629747 0.4922571053026712
-0.25 0 18 19 -37.23653446375374 0.4616897263173974
-0.25 0 19 20 -16.91959755595963 0.433737907233035
-0.25 0 20 21 -0.753931038380415 0.4081114155564214
-0.25 0 21 22 12.09247597803687 0.3845584268120072
-0.25 0 22 23 22.27129568441887 0.3628599918305807
-0.25 0 23 24 30.29681929892672 0.3428252530542679
-0.25 0 24 25 36.57770238013984 0.3242873611550092
-0.25 0 25 26 41.44067774557379 0.3071000136546523
-0.25 0 26 27 45.14844549231555 0.2911345287065
-0.25 0 27 28 47.9132946770701 0.2762773753270914
-0.25 0 28 29 49.90756376990521 0.2624280859262904
-0.25 0 29 30 51.27173703843323 0.2494974900358604
-0.25 0 30 31 52.12075716733546 0.2374062173442217
-0.25 0 31 32 52.54898059891832 0.2260834236545829
-0.25 0 32 33 52.6340920112923 0.2154657062387442
-0.25 0 33 34 52.4402147588105 0.2054961753989508
-0.25 0 34 35 52.02039595920195 0.1961236591473507
-0.25 0 35 36 51.41860210475306 0.1873020185687904
-0.25 0 36 37 50.67132921830574 0.1789895576414304
-0.25 0 37 38 49.80890782340953 0.1711485124367169
-0.25 0 38 39 48.85656496610261 0.1637446080674007
-0.25 0 39 40 47.83529185093488 0.1567466734119284
-0.25 0 40 41 46.76255537047257 0.1501263041862771
-0.25 0 41 42 45.65288344816685 0.1438575695104161
-0.25 0 42 43 44.51834827707512 0.1379167533468926
-0.25 0 43 44 43.36896636512654 0.1322821278972839
-0.25 0 44 45 42.21303068030545 0.1269337538320534
-0.25 0 45 46 41.05614250601519 0.1222206513744198
-0.25 0 46 47 39.90627254249915 0.1195156163591673
-0.25 0 47 48 38.7667760659877 0.119036402367505
-0.25 0 48 49 37.6414001185384 0.1207010300666223
-0.25 0 49 50 36.5329640674932 0.1231720806080798
0 0.25 0 1 6578.805630382007 3.582521411849671
0 0.25 1 2 -940.9438465345056 3.026578809176251
0 0.25 2 3 -5534.701767104909 1.57173800037377
0 0.25 3 4 -4558.646401259102 1.544847364777312
0 0.25 4 5 -3389.756936135969 1.390780954663073
0 0.25 5 6 -2488.979708865197 1.237824147026012
0 0.25 6 7 -1837.187896518641 1.122765801918502
0 0.25 7 8 -1367.987577677213 1.038589041562038
0 0.25 8 9 -1026.918147985624 0.957530744360833
0 0.25 9 10 -775.5829394860884 0.8828959191040174
0 0.25 10 11 -587.6976335666955 0.8146600842287963
0 0.25 11 12 -445.5015987289898 0.7532757321023958
0 0.25 12 13 -336.6448630220034 0.698007102506002
0 0.25 13 14 -252.4980328630513 0.6482199199925214
0 0.25 14 15 -186.9184192989885 0.6032921367894332
0 0.25 15 16 -135.4640999762241 0.5626531681926509
0 0.25 16 17 -94.87519485564553 0.5257956440144459
0 0.25 17 18 -62.72651100687312 0.4922752288253184
0 0.25 18 19 -37.19126876606992 0.4617055988973121
0 0.25 19 20 -16.87784201090199 0.4337518276090174
0 0.25 20 21 -0.7152245230163317 0.408123644786595
0 0.25 21 22 12.1284833638972 0.384569190803718
0 0.25 22 23 22.30487418221901 0.3628694849309559
0 0.25 23 24 30.32818273338785 0.3428336423031695
0 0.25 24 25 36.60702493012707 0.3242947898488669
0 0.25 25 26 41.46810582402304 0.3071066047316776
0 0.25 26 27 45.1741060139899 0.2911403879172225
0 0.25 27 28 47.93730070654874 0.2762825937419099
0 0.25 28 29 49.93001830647211 0.2624327419769746
0 0.25 29 30 51.29273549740128 0.2495016518514609
0 0.25 30 31 52.14038896782517 0.237409943614966
0 0.25 31 32 52.56733015325335 0.2260867655184592
0 0.25 32 33 52.65123932190227 0.2154687081951837
0 0.25 33 34 52.45623577090259 0.2054988763041898
0 0.25 34 35 52.03536276484272 0.1961260928022462
0 0.25 35 36 51.43258306523705 0.1873042146983218
0 0.25 36 37 50.68438904850473 0.1789915422175753
0 0.25 37 38 49.82110766131473 0.1711503083232819
0 0.25 38 39 48.86796244687605 0.1637462354201314
0 0.25 39 40 47.84594119014173 0.1567481499014085
0 0.25 40 41 46.77250746092847 0.1501276455364456
0 0.25 41 42 45.66218597180449 0.1438587895471412
0 0.25 42 43 44.52704582750999 0.1379178642861152
0 0.25 43 44 43.37710058215089 0.1322831406651643
0 0.25 44 45 42.22064039041487 0.1269346781026408
0 0.25 45 46 41.06326382831821 0.1222215077212107
0 0.25 46 47 39.91293914651015 0.1195164674397253
0 0.25 47 48 38.77301920055208 0.1190373093376226
0 0.25 48 49 37.64724881116683 0.1207020416253679
0 0.25 49 50 36.53844523486995 0.1231732000829437
0.25 0.5 0 1 6490.951876826398 3.358555596800244
0.25 0.5 1 2 -1019.917832506124 2.352241568948338
0.25 0.5 2 3 -5534.039059165604 1.553595305614162
0.25 0.5 3 4 -4547.02844888284 1.535805140295759
0.25 0.5 4 5 -3377.955392322802 1.44320145817482
0.25 0.5 5 6 -2479.009118232986 1.355251726653174
0.25 0.5 6 7 -1829.191952235944 1.246595716933498
0.25 0.5 7 8 -1361.694336687964 1.13991259883285
0.25 0.5 8 9 -1022.004167663225 1.04197127679336
0.25 0.5 9 10 -771.7634119552399 0.9543014753377066
0.25 0.5 10 11 -584.7405624093049 0.8757942301551073
0.25 0.5 11 12 -443.2251098571942 0.8061426330252883
0.25 0.5 12 13 -334.9065197611726 0.7441180406144611
0.25 0.5 13 14 -251.1865486811407 0.6887345059178783
0.25 0.5 14 15 -185.9465690133002 0.639116317267297
0.25 0.5 15 16 -134.7631960439642 0.5945058561290953
0.25 0.5 16 17 -94.39086447832346 0.5542551905283678
0.25 0.5 17 18 -62.4154860663516 0.5178125653343408
0.25 0.5 18 19 -37.01894418049847 0.4847083382587647
0.25 0.5 19 20 -16.81641160271352 0.454542096783433
0.25 0.5 20 21 -0.7422502426745723 0.4269714847667629
0.25 0.5 21 22 12.03117622617492 0.4017027669588241
0.25 0.5 22 23 22.15205544550759 0.3784829654769293
0.25 0.5 23 24 30.13188856869601 0.3570933474554442
0.25 0.5 24 25 36.37708595747233 0.3373440425638992
0.25 0.5 25 26 41.21256505879228 0.3190695929944832
0.25 0.5 26 27 44.8995515150508 0.3021252685474778
0.25 0.5 27 28 47.64913175911124 0.2863840065447751
0.25 0.5 28 29 49.63265950375205 0.2717338615811279
0.25 0.5 29 30 50.9898097426103 0.2580758747565668
0.25 0.5 30 31 51.83485790739405 0.245322283833027
0.25 0.5 31 32 52.26160865291945 0.2333950165553091
0.25 0.5 32 33 52.34728914893662 0.2222244156622137
0.25 0.5 33 34 52.15564254069886 0.2117481569687517
0.25 0.5 34 35 51.7393993560205 0.2019103276832362
0.25 0.5 35 36 51.14226204897187 0.1926606376838822
0.25 0.5 36 37 50.40050615841602 0.183953743180133
0.25 0.5 37 38 49.54427793420007 0.1757486642849322
0.25 0.5 38 39 48.59865034084527 0.168008281995217
0.25 0.5 39 40 47.58448574140476 0.1606989018426574
0.25 0.5 40 41 46.51914333713859 0.1537898754529642
0.25 0.5 41 42 45.41706112192537 0.1472532698888265
0.25 0.5 42 43 44.29023630394232 0.1410635787637239
0.25 0.5 43 44 43.14862300157006 0.1351974696479002
0.25 0.5 44 45 42.00046242368262 0.1296335610224275
0.25 0.5 45 46 40.85132000338922 0.1247075965132214
0.25 0.5 46 47 39.70911743102664 0.1217479794045216
0.25 0.5 47 48 38.5771883076423 0.1209711755764297
0.25 0.5 48 49 37.45925656773233 0.122307597038432
0.25 0.5 49 50 36.35812350356522 0.1244642362474407
0.5 0.75 0 1 6320.477450101424 3.254401765625452
0.5 0.75 1 2 -1168.106602577609 2.722206116428343
0.5 0.75 2 3 -5525.593499319004 1.574428599756579
0.5 0.75 3 4 -4517.137566697013 1.537944628362387
0.5 0.75 4 5 -3347.939825250106 1.380795961270893
0.5 0.75 5 6 -2452.966733337544 1.226701632188563
0.5 0.75 6 7 -1807.481337413144 1.092950001158805
0.5 0.75 7 8 -1343.80120594425 0.9792083984957904
0.5 0.75 8 9 -1007.280967353262 0.8962107214530557
0.5 0.75 9 10 -759.6228682543801 0.8266300684271932
0.5 0.75 10 11 -574.6924174865162 0.7629140450499845
0.5 0.75 11 12 -434.8770931953541 0.7056148501318951
0.5 0.75 12 13 -327.9448713096101 0.654001736388016
0.5 0.75 13 14 -245.3610428942495 0.6074843659078769
0.5 0.75 14 15 -181.0569878439105 0.5654854945793966
0.5 0.75 15 16 -130.6485264461285 0.5274762623978555
0.5 0.75 16 17 -90.92088062540256 0.4929865688119013
0.5 0.75 17 18 -59.48424455656459 0.4616046802000711
0.5 0.75 18 19 -34.53976118549008 0.4329724941043023
0.5 0.75 19 20 -14.71797233845155 0.4067793971082793
0.5 0.75 20 21 1.034419636019493 0.3827560360252251
0.5 0.75 21 22 13.53508227037696 0.3606685566949207
0.5 0.75 22 23 23.42410329454333 0.3403135052791394
0.5 0.75 23 24 31.20636599857482 0.3215134197853936
0.5 0.75 24 25 37.28284546673751 0.3041130655020041
0.5 0.75 25 26 41.97397316024626 0.2879762419959722
0.5 0.75 26 27 45.53725511677749 0.2729830832106216
0.5 0.75 27 28 48.18068024335241 0.2590277762118483
0.5 0.75 28 29 50.0730122721485 0.2460166327043903
0.5 0.75 29 30 51.3517523283025 0.2338664558757338
0.5 0.75 30 31 52.12934469241395 0.2225031553581642
0.5 0.75 31 32 52.49804635734074 0.2118605678446218
0.5 0.75 32 33 52.53377228930901 0.2018794525663793
0.5 0.75 33 34 52.29914975032409 0.192506630620937
0.5 0.75 34 35 51.84595767158623 0.1836942474862418
0.5 0.75 35 36 51.2170848665661 0.1753991377836115
0.5 0.75 36 37 50.44810945896216 0.1675822774026949
0.5 0.75 37 38 49.568578506226 0.1602083089397758
0.5 0.75 38 39 48.60304903325408 0.1532451304044754
0.5 0.75 39 40 47.57193822803765 0.1466635360938344
0.5 0.75 40 41 46.49222042403215 0.1404369042592396
0.5 0.75 41 42 45.37800027712689 0.1345409233974973
0.5 0.75 42 43 44.2409857893154 0.1289533514946553
0.5 0.75 43 44 43.09087975999478 0.1236538055332621
0.5 0.75 44 45 41.93570467413315 0.1186235745272286
0.5 0.75 45 46 40.78084698298966 0.1142250745317517
0.5 0.75 46 47 39.63403909793607 0.11187636229356
0.5 0.75 47 48 38.49848090899627 0.1117918471687966
0.5 0.75 48 49 37.37776934073631 0.1138659568318471
0.5 0.75 49 50 36.27459377599101 0.1167131039880321
0.75 1 0 1 6067.648184166873 2.26038380565938
0.75 1 1 2 -1393.618748850811 2.037225774607149
0.75 1 2 3 -5519.012236353694 1.565559260377962
0.75 1 3 4 -4477.500061667469 1.520265451588222
0.75 1 4 5 -3306.751619579659 1.363428428982145
0.75 1 5 6 -2416.490785198836 1.212252921297329
0.75 1 6 7 -1776.505745039937 1.081820427522684
0.75 1 7 8 -1317.794955123803 0.9711958534397342
0.75 1 8 9 -985.4679994295939 0.876885113913319
0.75 1 9 10 -741.2713722548569 0.7956177828644562
0.75 1 10 11 -559.1810360731056 0.7257525924038579
0.75 1 11 12 -421.7004211502549 0.6646192513431181
0.75 1 12 13 -316.6942734070822 0.6109026533769798
0.75 1 13 14 -235.707256922497 0.5633963175797917
0.75 1 14 15 -172.7340325681287 0.5211362863130445
0.75 1 15 16 -123.4405673033789 0.4833444998415436
0.75 1 16 17 -84.65183835611856 0.4493867678388377
0.75 1 17 18 -54.00966876433586 0.4187414127665189
0.75 1 18 19 -29.74049129807622 0.3909756536036414
0.75 1 19 20 -10.49518314358261 0.3657276345212637
0.75 1 20 21 4.763106722766224 0.3426926009793705
0.75 1 21 22 16.8386677946105 0.3216121650528804
0.75 1 22 23 26.36064528727968 0.3022658836689981
0.75 1 23 24 33.82492453618954 0.2844645977101039
0.75 1 24 25 39.62504434764992 0.2680451174644476
0.75 1 25 26 44.07526121509545 0.2528659505797693
0.75 1 26 27 47.42793046988891 0.2388038416215525
0.75 1 27 28 49.88672639108961 0.2257509506462854
0.75 1 28 29 51.61678390764405 0.2136125376158205
0.75 1 29 30 52.75254054051993 0.2023050500177876
0.75 1 30 31 53.4038448107982 0.1917545345400551
0.75 1 31 32 53.66074683209172 0.1818953107406703
0.75 1 32 33 53.59727921854926 0.1726688576973445
0.75 1 33 34 53.27445872200917 0.164022874675215
0.75 1 34 35 52.74268229153057 0.1559104854289171
0.75 1 35 36 52.04364952601759 0.1482895606381744
0.75 1 36 37 51.21191246904965 0.1411221390791856
0.75 1 37 38 50.27613058207493 0.1343739308640562
0.75 1 38 39 49.26009120203946 0.1280138896284618
0.75 1 39 40 48.18354250291196 0.1220138428493883
0.75 1 40 41 47.06287599818972 0.1163481711833496
0.75 1 41 42 45.911687513468 0.1109935296768461
0.75 1 42 43 44.74123989300921 0.1059286041867976
0.75 1 43 44 43.56084570524996 0.1011338986823034
0.75 1 44 45 42.37818469677279 0.09659154799900588
0.75 1 45 46 41.19835849925568 0.09308492572327483
0.75 1 46 47 40.02880499784152 0.09354262701293958
0.75 1 47 48 38.87250556620705 0.09807327916117886
0.75 1 48 49 37.73284914883243 0.1059491347785565
0.75 1 49 50 36.61234233315241 0.1142814035506585
1 1.25 0 1 5746.097428931164 1.56096286121837
1 1.25 1 2 -1684.687755574542 0.7170387524691471
1 1.25 2 3 -5519.819045256736 2.048878683086549
1 1.25 3 4 -4439.118674394918 1.952481334815043
1 1.25 4 5 -3267.227781914073 1.721446403777672
1 1.25 5 6 -2382.619162728338 1.505819226446132
1 1.25 6 7 -1748.778777919572 1.323749533578138
1 1.25 7 8 -1295.369453690471 1.172537647227019
1 1.25 8 9 -967.353245433796 1.045930851456317
1 1.25 9 10 -726.5997825098907 0.9401856942421655
1 1.25 10 11 -547.2489402441543 0.8496404111615842
1 1.25 11 12 -411.9585589291137 0.7720668699465856
1 1.25 12 13 -308.7105375705135 0.7048594537095972
1 1.25 13 14 -229.142159591072 0.6461621733852971
1 1.25 14 15 -167.3194635593352 0.5945263966283929
1 1.25 15 16 -118.9634707138728 0.5488083709598141
1 1.25 16 17 -80.94182962245532 0.5080946967945709
1 1.25 17 18 -50.92965354868602 0.4716479722900953
1 1.25 18 19 -27.17953051812015 0.4388668207219092
1 1.25 19 20 -8.363031882995301 0.4092561849280282
1 1.25 20 21 6.540209757698904 0.3824050000877176
1 1.25 21 22 18.32127120363316 0.357969223277921
1 1.25 22 23 27.59864481621923 0.3356587922149469
1 1.25 23 24 34.8595806046967 0.3152275008089954
1 1.25 24 25 40.49058273560183 0.2964650606264219
1 1.25 25 26 44.80015091545329 0.2791908216064832
1 1.25 26 27 48.03590969780726 0.2632487603019272
1 1.25 27 28 50.3976307830203 0.248503449406183
1 1.25 28 29 52.04721835570842 0.2348367916119968
1 1.25 29 30 53.11642668331524 0.2221453540030188
1 1.25 30 31 53.71286909359981 0.2103381782568513
1 1.25 31 32 53.92472864531464 0.1993349711015053
1 1.25 32 33 53.82447448349455 0.189064599352249
1 1.25 33 34 53.47181110421479 0.1794638323542464
1 1.25 34 35 52.91603174234098 0.1704762850994515
1 1.25 35 36 52.19790592084377 0.1620515257769649
1 1.25 36 37 51.35120059050558 0.1541443189155807
1 1.25 37 38 50.40391149363626 0.1467139809764327
1 1.25 38 39 49.37926410941583 0.1397238278856937
1 1.25 39 40 48.29653043722516 0.1331407022377042
1 1.25 40 41 47.17169804471854 0.1269345643356812
1 1.25 41 42 46.0180198251947 0.1210781398390127
1 1.25 42 43 44.84646732428155 0.1155466122117793
1 1.25 43 44 43.6661055875216 0.1103173566008095
1 1.25 44 45 42.48440401094268 0.1053697066472257
1 1.25 45 46 41.30631024946996 0.1010646088193114
1 1.25 46 47 40.13906477254335 0.09882568692867387
1 1.25 47 48 38.98554496533532 0.09887219045927871
1 1.25 48 49 37.84903076044105 0.1010877531382733
1 1.25 49 50 36.73194326137792 0.1085795917890787
1.25 1.5 0 1 5377.812977895879 3.154194242596509
1.25 1.5 1 2 -1988.120157987928 3.849911775770103
1.25 1.5 2 3 -5483.021662680996 1.707700597256538
1.25 1.5 3 4 -4361.859081710909 1.639285202970707
1.25 1.5 4 5 -3194.487801423974 1.461969818195444
1.25 1.5 5 6 -2321.657495508047 1.289374591643649
1.25 1.5 6 7 -1699.254194906806 1.139374647315084
1.25 1.5 7 8 -1255.441283612629 1.012105702912355
1.25 1.5 8 9 -935.1532133404244 0.9052791510907908
1.25 1.5 9 10 -700.5547482890497 0.813213845723728
1.25 1.5 10 11 -526.0988494196649 0.7354652524866855
1.25 1.5 11 12 -394.7254758898075 0.6681399464856572
1.25 1.5 12 13 -294.6282225185523 0.6096389479359157
1.25 1.5 13 14 -217.6097927667938 0.5584395547455127
1.25 1.5 14 15 -157.8629547513362 0.5133341648866966
1.25 1.5 15 16 -111.2060579569384 0.4733581104183804
1.25 1.5 16 17 -74.58194324797341 0.4377341921050482
1.25 1.5 17 18 -45.72424396999577 0.4058306976546574
1.25 1.5 18 19 -22.93144886166419 0.377129701614758
1.25 1.5 19 20 -4.911410392749985 0.351203041649839
1.25 1.5 20 21 9.327349124157081 0.3276939880808132
1.25 1.5 21 22 20.55274250734419 0.3063031502196416
1.25 1.5 22 23 29.36456903319697 0.2867775417441111
1.25 1.5 23 24 36.23490338108229 0.2689020279096731
1.25 1.5 24 25 41.53786213377998 0.2524925783294564
1.25 1.5 25 26 45.57178152594213 0.238260761674843
1.25 1.5 26 27 48.57590820385894 0.2264287237011277
1.25 1.5 27 28 50.74307780730464 0.2153934934561955
1.25 1.5 28 29 52.22942906105754 0.2050855399300569
1.25 1.5 29 30 53.16190594149305 0.1954427495895952
1.25 1.5 30 31 53.6440945228652 0.1864095138987077
1.25 1.5 31 32 53.76079534217286 0.1779359395603212
1.25 1.5 32 33 53.58162804451223 0.1699771639677183
1.25 1.5 33 34 53.1638899778946 0.1624927614144864
1.25 1.5 34 35 52.55483565020006 0.1554462284865989
1.25 1.5 35 36 51.79350373733377 0.1488045352905903
1.25 1.5 36 37 50.91218844487054 0.1425377359361308
1.25 1.5 37 38 49.93762979096431 0.1366186273251281
1.25 1.5 38 39 48.8919805221131 0.1310224515494393
1.25 1.5 39 40 47.79359461618253 0.1257266352459946
1.25 1.5 40 41 46.65767274893193 0.1207105599082414
1.25 1.5 41 42 45.49679233341658 0.1159553607064686
1.25 1.5 42 43 44.32134430297947 0.1114437485228801
1.25 1.5 43 44 43.13989404909228 0.1071598530662186
1.25 1.5 44 45 41.95948053950411 0.103089083631836
1.25 1.5 45 46 40.78470843150723 0.09956212251098596
1.25 1.5 46 47 39.62244014275421 0.09785396238516793
1.25 1.5 47 48 38.47530487585115 0.0981426433353942
1.25 1.5 48 49 37.34634414569271 0.1003311358963944
1.25 1.5 49 50 36.23776976009819 0.103172471674702
1.5 1.75 0 1 4940.979822370014 0.9868689771841609
1.5 1.75 1 2 -2370.975843751451 0.8956929685220594
1.5 1.75 2 3 -5461.190437204052 1.791797016948629
1.5 1.75 3 4 -4283.103999363436 1.723857423944824
1.5 1.75 4 5 -3113.636804355725 1.531594573727549
1.5 1.75 5 6 -2249.690513730204 1.340167667648835
1.5 1.75 6 7 -1637.6306640708 1.173542042649288
1.5 1.75 7 8 -1203.255986901279 1.033734562348397
1.5 1.75 8 9 -891.0268092670094 0.9151873805972207
1.5 1.75 9 10 -663.1262533106292 0.8184061546694178
1.5 1.75 10 11 -494.2418666375029 0.7344994845219259
1.5 1.75 11 12 -367.4806360941329 0.6634194710069211
1.5 1.75 12 13 -271.2186382281561 0.6022153654983956
1.5 1.75 13 14 -197.4034771355557 0.5490843803789636
1.5 1.75 14 15 -140.3450768839029 0.502616571612487
1.5 1.75 15 16 -95.9556850128015 0.461700685838242
1.5 1.75 16 17 -61.25329520146579 0.4254526057948569
1.5 1.75 17 18 -34.03182668366162 0.3931619696016265
1.5 1.75 18 19 -12.63832568102316 0.3642524763677634
1.5 1.75 19 20 4.18005137077148 0.3382522569388884
1.5 1.75 20 21 17.38280061164801 0.3147715879742007
1.5 1.75 21 22 27.71167319936546 0.2934859870930127
1.5 1.75 22 23 35.7449560573084 0.2741232596122885
1.5 1.75 23 24 41.93694568298963 0.2564534827691498
1.5 1.75 24 25 46.64699586505026 0.2402811871007909
1.5 1.75 25 26 50.16112792121453 0.2254391989198444
1.5 1.75 26 27 52.70827093916148 0.2117837483647672
1.5 1.75 27 28 54.47258075962532 0.1991905532950993
1.5 1.75 28 29 55.60286549933357 0.1875516591750136
1.5 1.75 29 30 56.21985495207548 0.1767728708870946
1.5 1.75 30 31 56.42184874213797 0.1667716524943187
1.5 1.75 31 32 56.28913499883345 0.1574753972373932
1.5 1.75 32 33 55.88746925164043 0.1488199956323209
1.5 1.75 33 34 55.2708296922541 0.1407486425676947
1.5 1.75 34 35 54.48361136834984 0.133210838187286
1.5 1.75 35 36 53.56238256448472 0.1261615482154805
1.5 1.75 36 37 52.53729744077776 0.1195604931301853
1.5 1.75 37 38 51.43323731442979 0.1133715451762889
1.5 1.75 38 39 50.27073654918155 0.1075622141130339
1.5 1.75 39 40 49.0667365955573 0.1021032069730696
1.5 1.75 40 41 47.83520241494688 0.09696804925642541
1.5 1.75 41 42 46.58762797552947 0.09213275956557869
1.5 1.75 42 43 45.33345222795782 0.08757556636939788
1.5 1.75 43 44 44.08040235759933 0.0832766633026157
1.5 1.75 44 45 42.83477782907931 0.07921799598158416
1.5 1.75 45 46 41.60055709097909 0.07609638262772052
1.5 1.75 46 47 40.38398025434765 0.07651742665155446
1.5 1.75 47 48 39.18718961977601 0.08056950150143867
1.5 1.75 48 49 38.01276998362297 0.08760073046449122
1.5 1.75 49 50 36.86253959453322 0.09502965387742829
1.75 2 0 1 4479.947068343215 1.067888499580733
1.75 2 1 2 -2761.685319869715 2.693896485266804
1.75 2 2 3 -5435.918945988866 2.733916949217211
1.75 2 3 4 -4213.437559030708 2.240514641094162
1.75 2 4 5 -3050.133385114611 1.843425794933699
1.75 2 5 6 -2198.595684278999 1.546713129633832
1.75 2 6 7 -1597.69282109303 1.321691148302934
1.75 2 7 8 -1172.2050018656 1.146505986041209
1.75 2 8 9 -866.8041389775576 1.006747622894511
1.75 2 9 10 -644.1138489642722 0.8932234969851118
1.75 2 10 11 -479.3126383604704 0.7987770701809146
1.75 2 11 12 -355.7060108948319 0.7193594156431266
1.75 2 12 13 -261.9176175277555 0.6516426850554631
1.75 2 13 14 -190.0556559447296 0.5932734306791358
1.75 2 14 15 -134.548766372578 0.5424906612579679
1.75 2 15 16 -91.39786296391867 0.4979503479986263
1.75 2 16 17 -57.68791345030354 0.4586085723624037
1.75 2 17 18 -31.2639896646383 0.4236418586102247
1.75 2 18 19 -10.51261426322799 0.3923916447527513
1.75 2 19 20 5.788300750096141 0.3643247856020275
1.75 2 20 21 18.57408503428951 0.3390049324444815
1.75 2 21 22 28.56735550636415 0.3160714414675451
1.75 2 22 23 36.33114615492411 0.2952235914287084
1.75 2 23 24 42.30752106543378 0.2762086080510351
1.75 2 24 25 46.84597133322723 0.2588124620051486
1.75 2 25 26 50.22452831793794 0.2428527158993834
1.75 2 26 27 52.6656208825101 0.2281729050431774
1.75 2 27 28 54.34809674504197 0.2146380801635734
1.75 2 28 29 55.41641495451597 0.2021312400750317
1.75 2 29 30 55.98773155161723 0.1905504530821832
1.75 2 30 31 56.15740194766488 0.1798065159189025
1.75 2 31 32 56.00328327916628 0.1698210368505101
1.75 2 32 33 55.58912000369844 0.1605248551156532
1.75 2 33 34 54.96722396484785 0.1518567299093889
1.75 2 34 35 54.18060771733286 0.14376224654572
1.75 2 35 36 53.26469143143174 0.1361928988569937
1.75 2 36 37 52.24867517120248 0.1291053154663234
1.75 2 37 38 51.1566471347594 0.1224606047509559
1.75 2 38 39 50.00848240754931 0.1162237964100101
1.75 2 39 40 48.82057465307543 0.1103633654706105
1.75 2 40 41 47.60643407298176 0.1048508227479896
1.75 2 41 42 46.37717761788605 0.09966036294725167
1.75 2 42 43 45.14193226870543 0.09476855979233154
1.75 2 43 44 43.90816773317135 0.09015410182459588
1.75 2 44 45 42.68197168538808 0.08579756278405917
1.75 2 45 46 41.46718968386864 0.08207251914054631
1.75 2 46 47 40.26984144406879 0.08143789209239861
1.75 2 47 48 39.09199575100453 0.08514092612896074
1.75 2 48 49 37.93614579004489 0.09169159166973244
1.75 2 49 50 36.80402861444674 0.09860143704622069
2 2.25 0 1 3979.538069344465 1.032308720501959
2 2.25 1 2 -3165.054094548967 0.8580173924905912
2 2.25 2 3 -5379.6691676276 1.658332984924973
2 2.25 3 4 -4095.617230942971 1.535215316415792
2 2.25 4 5 -2932.877637088701 1.354840023883847
2 2.25 5 6 -2094.530391140011 1.195284572213673
2 2.25 6 7 -1508.379426467583 1.061313294403249
2 2.25 7 8 -1096.345103671665 0.9485381062929236
2 2.25 8 9 -802.4814635002522 0.8534092821975402
2 2.25 9 10 -589.4688155650069 0.7717065071783304
2 2.25 10 11 -432.7294940576201 0.7012856785160045
2 2.25 11 12 -315.8332515954046 0.6400241206217254
2 2.25 12 13 -227.6446731914571 0.5863466128407896
2 2.25 13 14 -160.4741502078134 0.5390091664093225
2 2.25 14 15 -108.915555659318 0.4970184353613264
2 2.25 15 16 -69.10324934593541 0.45957294130437
2 2.25 16 17 -38.22960264490212 0.4260197559075253
2 2.25 17 18 -14.22620608731995 0.3958222122977053
2 2.25 18 19 4.450504488328534 0.3685355574743371
2 2.25 19 20 18.96587963758111 0.3437883906834697
2 2.25 20 21 30.20898123783172 0.3212683628607492
2 2.25 21 22 38.86450593431994 0.3007110567897642
2 2.25 22 23 45.4642522232889 0.2818912564222245
2 2.25 23 24 50.42442814368803 0.2646160380647574
2 2.25 24 25 54.07301972798189 0.2487192572929684
2 2.25 25 26 56.6700903207086 0.2340571183007553
2 2.25 26 27 58.42299048601365 0.2205045854625388
2 2.25 27 28 59.49786191634814 0.2079524604787013
2 2.25 28 29 60.02841417688023 0.1963049842111686
2 2.25 29 30 60.12267468730886 0.1854778578326217
2 2.25 30 31 59.86821873333827 0.1753966020579585
2 2.25 31 32 59.33624979213096 0.1659951865173146
2 2.25 32 33 58.58480331642915 0.157214882243046
2 2.25 33 34 57.66127727519807 0.1490032936769593
2 2.25 34 35 56.60444200405112 0.1413135400160859
2 2.25 35 36 55.44604473898397 0.1341035590222159
2 2.25 36 37 54.21209670209475 0.1273355127955769
2 2.25 37 38 52.92391018824503 0.12097527878711
2 2.25 38 39 51.5989376813186 0.1149920117285553
2 2.25 39 40 50.25145339771524 0.1093577662469416
2 2.25 40 41 48.89310893792737 0.1040471685533647
2 2.25 41 42 47.53338770109991 0.09903713328838219
2 2.25 42 43 46.17997777958843 0.09430661495550417
2 2.25 43 44 44.8390787951017 0.08983639171929682
2 2.25 44 45 43.51565506630587 0.08560887545158044
2 2.25 45 46 42.21258480627554 0.08226137495902669
2 2.25 46 47 40.93495206648751 0.08217502248694039
2 2.25 47 48 39.68406734047244 0.08541329776319098
2 2.25 48 49 38.46172371087263 0.09135923978313527
2 2.25 49 50 37.26903944667788 0.09765106182355716
2.25 2.5 0 1 3454.204130203529 1.670892236768766
2.25 2.5 1 2 -3565.955446201439 0.9699177894427132
2.25 2.5 2 3 -5289.393350440496 1.702402448551796
2.25 2.5 3 4 -3955.09240988797 1.572290459545975
2.25 2.5 4 5 -2805.904003825799 1.443757180305313
2.25 2.5 5 6 -1989.777823647104 1.294362307934551
2.25 2.5 6 7 -1423.906230354365 1.156559548907845
2.25 2.5 7 8 -1028.45494738716 1.036094363780618
2.25 2.5 8 9 -747.7466900451309 0.9316508436265162
2.25 2.5 9 10 -545.107634032559 0.8417554052488325
2.25 2.5 10 11 -396.5777959892341 0.7638095803880134
2.25 2.5 11 12 -286.2207501917176 0.6959441769831646
2.25 2.5 12 13 -203.2802361260478 0.6365222407621214
2.25 2.5 13 14 -140.3531692115257 0.5842000892272041
2.25 2.5 14 15 -92.24990493919222 0.5378805982423085
2.25 2.5 15 16 -55.26930486080482 0.4966669864250133
2.25 2.5 16 17 -26.72977237932719 0.459823215385584
2.25 2.5 17 18 -4.660334972768396 0.4267418435168761
2.25 2.5 18 19 12.406553073233 0.3969184993845181
2.25 2.5 19 20 25.57641272311764 0.369931772041119
2.25 2.5 20 21 35.69082846487322 0.3454273877886463
2.25 2.5 21 22 43.39653255835935 0.3231057293585594
2.25 2.5 22 23 49.19475112444604 0.3027119491850462
2.25 2.5 23 24 53.47691215954228 0.2840280969062775
2.25 2.5 24 25 56.55079616379624 0.2668668132500573
2.25 2.5 25 26 58.65990003263164 0.2510662501626433
2.25 2.5 26 27 59.99792237193628 0.2364859520194972
2.25 2.5 27 28 60.71970168063422 0.2230034985192012
2.25 2.5 28 29 60.94954814028029 0.2105117509764677
2.25 2.5 29 30 60.78764122392738 0.1989165814858291
2.25 2.5 30 31 60.31497886887934 0.1881349909161493
2.25 2.5 31 32 59.59723264155201 0.178093539529542
2.25 2.5 32 33 58.68776999998664 0.1687270337694373
2.25 2.5 33 34 57.63003773946855 0.1599774204277482
2.25 2.5 34 35 56.45945206462108 0.1517928527669243
2.25 2.5 35 36 55.20490515047254 0.1441268975634198
2.25 2.5 36 37 53.8899717487966 0.1369378592551992
2.25 2.5 37 38 52.53387989927825 0.1301882018386455
2.25 2.5 38 39 51.15229509740715 0.1238440528094341
2.25 2.5 39 40 49.75795618722901 0.11787477480534
2.25 2.5 40 41 48.36119295291746 0.1122525963242449
2.25 2.5 41 42 46.97034870835691 0.1069522905754797
2.25 2.5 42 43 45.59212648915425 0.1019508964171969
2.25 2.5 43 44 44.23187342553086 0.09722747480240469
2.25 2.5 44 45 42.89381495698962 0.09276289554045918
2.25 2.5 45 46 41.5802315665959 0.08885704825383368
2.25 2.5 46 47 40.29556673801781 0.08668264437723178
2.25 2.5 47 48 39.04068983541848 0.0863738015546153
2.25 2.5 48 49 37.81697200190578 0.08777938908860899
2.25 2.5 49 50 36.62516469586396 0.0920015165728082
2.5 2.75 0 1 2872.488841714181 2.119018630702173
2.5 2.75 1 2 -4006.353535920003 1.120592150383317
2.5 2.75 2 3 -5201.23893210944 2.927165355671425
2.5 2.75 3 4 -3808.415770825618 2.767231806880096
2.5 2.75 4 5 -2668.352259331953 2.416055982604906
2.5 2.75 5 6 -1872.287368943088 2.092389018599557
2.5 2.75 6 7 -1326.008674365835 1.82144355969577
2.5 2.75 7 8 -947.3085385635613 1.598200925818228
2.5 2.75 8 9 -680.3703552650018 1.413205468547092
2.5 2.75 9 10 -488.9218019290006 1.258916726766035
2.5 2.75 10 11 -349.4827495017223 1.128731489171396
2.5 2.75 11 12 -246.5375288456235 1.017853069121319
2.5 2.75 12 13 -169.6728690607163 0.9225598178536228
2.5 2.75 13 14 -111.756508956737 0.8399835774306086
2.5 2.75 14 15 -67.8105909913761 0.7678924172196039
2.5 2.75 15 16 -34.29948347491018 0.7045306923726689
2.5 2.75 16 17 -8.671394270659448 0.6485023837014359
2.5 2.75 17 18 10.94227256110298 0.5986858180275706
2.5 2.75 18 19 25.92779332823216 0.5541708679391643
2.5 2.75 19 20 37.32573871956913 0.5142122623071859
2.5 2.75 20 21 45.92543757256067 0.4781945125851927
2.5 2.75 21 22 52.33130829383549 0.4456052884493086
2.5 2.75 22 23 57.0101028077919 0.416014999985466
2.5 2.75 23 24 60.32499896350737 0.3890609852147328
2.5 2.75 24 25 62.56050092400005 0.3644351501923652
2.5 2.75 25 26 63.94082883425892 0.3418742220235294
2.5 2.75 26 27 64.64363980654286 0.3211519988498384
2.5 2.75 27 28 64.81036249006456 0.3020731389227977
2.5 2.75 28 29 64.5540491677819 0.2844681467401122
2.5 2.75 29 30 63.9653898664028 0.2681892971704267
2.5 2.75 30 31 63.11735319889311 0.2531073008717572
2.5 2.75 31 32 62.06879230090254 0.2391085583079186
2.5 2.75 32 33 60.86726462097567 0.2260928871592293
2.5 2.75 33 34 59.55125008729038 0.21397162912413
2.5 2.75 34 35 58.15190565282154 0.202666066139403
2.5 2.75 35 36 56.6944602456548 0.1921060884637945
2.5 2.75 36 37 55.19932908813109 0.1822290691085058
2.5 2.75 37 38 53.68300780191259 0.172978908804838
2.5 2.75 38 39 52.15879274954642 0.1643052225033519
2.5 2.75 39 40 50.63736356648732 0.1561626427407694
2.5 2.75 40 41 49.12725598342413 0.1485102222100372
2.5 2.75 41 42 47.63524674289735 0.1413109185784537
2.5 2.75 42 43 46.16666798296603 0.1345311485365976
2.5 2.75 43 44 44.72566467907006 0.1281404017392473
2.5 2.75 44 45 43.31540599114669 0.1221109043157773
2.5 2.75 45 46 41.93728390795712 0.1166378059794382
2.5 2.75 46 47 40.5948408733006 0.1125301761383474
2.5 2.75 47 48 39.28826356696959 0.1099014808724828
2.5 2.75 48 49 38.01828267374128 0.1086933232336043
2.5 2.75 49 50 36.78508060877292 0.1080975133019491
2.75 3 0 1 2235.55636677847 1.553674665362467
2.75 3 1 2 -4433.29659207237 4.68340391521333
2.75 3 2 3 -5054.227180355883 6.080657451991447
2.75 3 3 4 -3607.797382506507 5.160258871336234
2.75 3 4 5 -2487.167379229048 4.276904407309737
2.75 3 5 6 -1720.768697954946 3.579751048473321
2.75 3 6 7 -1201.801144590278 3.03794614154587
2.75 3 7 8 -845.7964715040862 2.61182533619524
2.75 3 8 9 -597.1599722124956 2.270753932187669
2.75 3 9 10 -420.3660709309061 1.993471945467958
2.75 3 10 11 -292.6822470626678 1.764537391697696
2.75 3 11 12 -199.216693317949 1.573052055372781
2.75 3 12 13 -130.0474733209674 1.411034356499975
2.75 3 13 14 -78.42156825415032 1.272554874417137
2.75 3 14 15 -39.65251050434699 1.153132438857921
2.75 3 15 16 -10.42910963486565 1.049326259198282
2.75 3 16 17 11.62655562160944 0.958455870477698
2.75 3 17 18 28.24741310942477 0.8784054908808907
2.75 3 18 19 40.71306056031528 0.8074850164503475
2.75 3 19 20 49.97953431500912 0.7443296592205382
2.75 3 20 21 56.76867255036211 0.6878263900611704
2.75 3 21 22 61.63062447277014 0.6370592717408203
2.75 3 22 23 64.98820951727271 0.5912683042686497
2.75 3 23 24 67.16881569517363 0.5498180713144712
2.75 3 24 25 68.42761803353187 0.5121735892072306
2.75 3 25 26 68.96466882663026 0.4778815130947279
2.75 3 26 27 68.93760715424361 0.44655537250147
2.75 3 27 28 68.47120044609591 0.4178638703725407
2.75 3 28 29 67.66457057940147 0.3915215331480162
2.75 3 29 30 66.59671062778415 0.3672811822733222
2.75 3 30 31 65.3307281192802 0.3449278291102684
2.75 3 31 32 63.91713131900013 0.3242736901302631
2.75 3 32 33 62.39639061950129 0.3051540920696165
2.75 3 33 34 60.80094675142891 0.2874240873159385
2.75 3 34 35 59.15679390857082 0.2709556415831987
2.75 3 35 36 57.48473409494204 0.2556352841787912
2.75 3 36 37 55.80137562307095 0.2413621351952015
2.75 3 37 38 54.11993141175958 0.2280462418262301
2.75 3 38 39 52.45085977236596 0.2156071684008342
2.75 3 39 40 50.80238063021807 0.2039727970347145
2.75 3 40 41 49.18089287915203 0.1930783028807813
2.75 3 41 42 47.59131274907918 0.1828652758484829
2.75 3 42 43 46.03734898795989 0.1732809640409257
2.75 3 43 44 44.52172719847172 0.1642776214113369
2.75 3 44 45 43.04637313606543 0.1558119416544239
2.75 3 45 46 41.61163771490206 0.1480013866375884
2.75 3 46 47 40.22000210291526 0.1414072504122296
2.75 3 47 48 38.87085934499231 0.1361104792508843
2.75 3 48 49 37.56419612243909 0.1320827501289218
2.75 3 49 50 36.2995332759248 0.1287466555287332
3 3.25 0 1 1547.211868848208 1.190492266434355
3 3.25 1 2 -4779.163831988868 9.289499812631703
3 3.25 2 3 -4799.955070670307 9.664478638260288
3 3.25 3 4 -3324.68740890585 7.848863996412102
3 3.25 4 5 -2245.760768470731 6.363647805412798
3 3.25 5 6 -1525.597541947157 5.250169449434003
3 3.25 6 7 -1045.804371854321 4.408186894792745
3 3.25 7 8 -720.9748031245799 3.757683743356134
3 3.25 8 9 -496.7600425101782 3.243943659360266
3 3.25 9 10 -339.097122416671 2.830468330418126
3 3.25 10 11 -226.4847722444863 2.491986137650029
3 3.25 11 12 -144.9864627553211 2.210890696210526
3 3.25 12 13 -85.39929508626233 1.97452389962268
3 3.25 13 14 -41.5083545633795 1.773601184081677
3 3.25 14 15 -9.031056976495847 1.601177969814164
3 3.25 15 16 15.03849745591174 1.451968016914754
3 3.25 16 17 32.84542427073268 1.321883729014678
3 3.25 17 18 45.94345238940025 1.207719536396205
3 3.25 18 19 55.47295471994744 1.106929528655897
3 3.25 19 20 62.28082708461534 1.017468457174234
3 3.25 20 21 67.00262325104779 0.9376761701907889
3 3.25 21 22 70.11973452991595 0.8661923471230882
3 3.25 22 23 71.99978251261734 0.801892719258632
3 3.25 23 24 72.92553774636053 0.743840758118161
3 3.25 24 25 73.115879249258 0.6912506540355992
3 3.25 25 26 72.74115717158492 0.6434586427515357
3 3.25 26 27 71.93457000783798 0.5999005768911797
3 3.25 27 28 70.80067056193678 0.560094222029378
3 3.25 28 29 69.42178106633048 0.5236251623377889
3 3.25 29 30 67.86287040192468 0.4901354914083308
3 3.25 30 31 66.1752897040426 0.459314670538254
3 3.25 31 32 64.3996531802776 0.4308920880489996
3 3.25 32 33 62.56807376862599 0.4046309638346259
3 3.25 33 34 60.70590823622814 0.3803233257226906
3 3.25 34 35 58.83312667640911 0.3577858452912558
3 3.25 35 36 56.96539256217406 0.3368563679054292
3 3.25 36 37 55.11491838647152 0.3173910061553475
3 3.25 37 38 53.29114636200154 0.29926169374282
3 3.25 38 39 51.50129199817766 0.2823541175415088
3 3.25 39 40 49.75077966071493 0.2665659618735506
3 3.25 40 41 48.04359273334347 0.2518054114991432
3 3.25 41 42 46.38255583174356 0.2379898707122204
3 3.25 42 43 44.76956287999258 0.2250448628299778
3 3.25 43 44 43.20576181922982 0.2129030817010758
3 3.25 44 45 41.691704458076 0.2015035712785758
3 3.25 45 46 40.22661024466103 0.1908992866367458
3 3.25 46 47 38.81177416776157 0.1814531118365058
3 3.25 47 48 37.44574205358256 0.173202127509845
3 3.25 48 49 36.12769958939003 0.1661156784289145
3 3.25 49 50 34.8564580548063 0.1597846445336872
3.25 3.5 0 1 833.6063012977629 0.4253802485987197
3.25 3.5 1 2 -4937.03129961592 18.54472509790521
3.25 3.5 2 3 -4377.715430655423 14.74015496483298
3.25 3.5 3 4 -2926.118549284304 11.13396290649188
3.25 3.5 4 5 -1926.465522346505 8.681976120824757
3.25 3.5 5 6 -1277.75375892075 6.976207375358237
3.25 3.5 6 7 -854.0123897360122 5.740925314892158
3.25 3.5 7 8 -571.805357194984 4.814167274784812
3.25 3.5 8 9 -379.9089118506054 4.098224710413868
3.25 3.5 9 10 -246.915623930365 3.531907385467298
3.25 3.5 10 11 -153.3134444962718 3.074962118963395
3.25 3.5 11 12 -86.61627949252738 2.700139486881935
3.25 3.5 12 13 -38.66822285898274 2.388345113987133
3.25 3.5 13 14 -4.014288316023112 2.125847930769347
3.25 3.5 14 15 21.07135776893801 1.902543737249637
3.25 3.5 15 16 39.18214243229727 1.710846612644186
3.25 3.5 16 17 52.15403608919223 1.544960200279732
3.25 3.5 17 18 61.30642345709043 1.400386165343199
3.25 3.5 18 19 67.60011082273581 1.273584936684018
3.25 3.5 19 20 71.74300668843603 1.161736707911022
3.25 3.5 20 21 74.26207554159123 1.06256994776412
3.25 3.5 21 22 75.5531327924092 0.9742362974787457
3.25 3.5 22 23 75.9158208107479 0.895217930956691
3.25 3.5 23 24 75.5785113278867 0.824258013646807
3.25 3.5 24 25 74.71625633344809 0.7603078484098028
3.25 3.5 25 26 73.46387506934133 0.7024862441558769
3.25 3.5 26 27 71.92559425690456 0.6500479521972763
3.25 3.5 27 28 70.18221691485655 0.6023589088659566
3.25 3.5 28 29 68.29649989422296 0.5588766423046521
3.25 3.5 29 30 66.31721994513811 0.5191346373920976
3.25 3.5 30 31 64.28227074449535 0.4827297624494914
3.25 3.5 31 32 62.22103769743643 0.4493120852268448
3.25 3.5 32 33 60.1562301612831 0.4185765684366119
3.25 3.5 33 34 58.10530303863447 0.3902562552604547
3.25 3.5 34 35 56.08156545791246 0.3641166441267176
3.25 3.5 35 36 54.09504947685733 0.339951019569188
3.25 3.5 36 37 52.15319364000879 0.3175765562101925
3.25 3.5 37 38 50.26138292512073 0.2968310514173683
3.25 3.5 38 39 48.42337670645017 0.2775701730931574
3.25 3.5 39 40 46.64164896295352 0.2596651301844282
3.25 3.5 40 41 44.91765949401253 0.2430006934997646
3.25 3.5 41 42 43.25207054213189 0.2274735069383688
3.25 3.5 42 43 41.64492017495252 0.2129906411517893
3.25 3.5 43 44 40.09576124429344 0.1994683506805953
3.25 3.5 44 45 38.60377284474988 0.1868310017520927
3.25 3.5 45 46 37.16708560043797 0.1751113222020397
3.25 3.5 46 47 35.78577974038703 0.1646393125852791
3.25 3.5 47 48 34.45761773258617 0.1554496220557737
3.25 3.5 48 49 33.18102752869335 0.1475153142512811
3.25 3.5 49 50 31.95415888276426 0.1404496658801367
3.5 3.75 0 1 168.7201593559993 1.605548292540116
3.5 3.75 1 2 -4742.731410238792 24.75547901583979
3.5 3.75 2 3 -3722.692593404027 16.33617990737181
3.5 3.75 3 4 -2386.988067083372 11.54639742966415
3.5 3.75 4 5 -1521.904716858855 8.658711783447398
3.5 3.75 5 6 -978.0592027876269 6.767003121079774
3.5 3.75 6 7 -631.0398429321854 5.448413502506007
3.5 3.75 7 8 -404.556565083727 4.485955007901069
3.5 3.75 8 9 -253.4594600076134 3.758125014956846
3.5 3.75 9 10 -150.7172392445889 3.192329456421758
3.5 3.75 10 11 -79.83601477735147 2.74249227562387
3.5 3.75 11 12 -30.41691421285395 2.378214490572548
3.5 3.75 12 13 4.245257737433803 2.078643546151929
3.5 3.75 13 14 28.58301071910068 1.829043527547579
3.5 3.75 14 15 45.59090189314372 1.618730073409524
3.5 3.75 15 16 57.3316239277184 1.439783725561903
3.5 3.75 16 17 65.25052455839318 1.286221029541087
3.5 3.75 17 18 70.37570593475891 1.15344484938274
3.5 3.75 18 19 73.44813649789262 1.03787049851243
3.5 3.75 19 20 75.00796791636282 0.9366657115587509
3.5 3.75 20 21 75.45285504748284 0.8475661707467084
3.5 3.75 21 22 75.07801996258752 0.7687422917754793
3.5 3.75 22 23 74.10419292262065 0.6987014791338207
3.5 3.75 23 24 72.69736720154566 0.6362153642865664
3.5 3.75 24 25 70.9829409801157 0.5802649266755905
3.5 3.75 25 26 69.0559562659264 0.5299986040561198
3.5 3.75 26 27 66.98858877647979 0.4846999650659137
3.5 3.75 27 28 64.83567849861049 0.4437625084725561
3.5 3.75 28 29 62.63884856917443 0.4066698338965566
3.5 3.75 29 30 60.4295967544947 0.3729799046905823
3.5 3.75 30 31 58.23163232233409 0.3423124576680648
3.5 3.75 31 32 56.06265389727335 0.3143388555846818
3.5 3.75 32 33 53.93570992193784 0.2887738517021263
3.5 3.75 33 34 51.86024519666145 0.2653688624896
3.5 3.75 34 35 49.8429097308356 0.243906439462316
3.5 3.75 35 36 47.88818649845737 0.2241957005010182
3.5 3.75 36 37 45.99888041864054 0.2060685345671866
3.5 3.75 37 38 44.17650044789715 0.1893764333701626
3.5 3.75 38 39 42.42155892455395 0.1739878348090412
3.5 3.75 39 40 40.73380655828853 0.1597858863378602
3.5 3.75 40 41 39.11241722774946 0.1466665554651022
3.5 3.75 41 42 37.55613338684697 0.1345370283216117
3.5 3.75 42 43 36.06338054197612 0.1233143497936384
3.5 3.75 43 44 34.63235734248561 0.1129242668656932
3.5 3.75 44 45 33.26110637203543 0.1033002454020199
3.5 3.75 45 46 31.94693464169426 0.09452993330920033
3.5 3.75 46 47 30.68885968838653 0.08715144390201525
3.5 3.75 47 48 29.48411114761845 0.08129099240480384
3.5 3.75 48 49 28.33056501228779 0.07696442205861194
3.5 3.75 49 50 27.22591083545062 0.07363053105202576
3.75 4 0 1 -341.1772416938448 1.813248975582258
3.75 4 1 2 -4067.243455373237 28.43402908245142
3.75 4 2 3 -2820.622180118124 13.22929363185748
3.75 4 3 4 -1716.87595894789 7.738140455898395
3.75 4 4 5 -1047.629064200018 5.045448275730443
3.75 4 5 6 -642.8785727977249 3.505777647821265
3.75 4 6 7 -392.288343705424 2.53836506633297
3.75 4 7 8 -233.109007804366 1.890468614178713
3.75 4 8 9 -129.6879269473268 1.436303695634958
3.75 4 9 10 -61.27166465801417 1.106907750615113
3.75 4 10 11 -15.47057957328298 0.8619638711398231
3.75 4 11 12 15.38007830367212 0.6764528699973333
3.75 4 12 13 36.14113404114903 0.5342523666324012
3.75 4 13 14 49.97685560904347 0.4246687065488493
3.75 4 14 15 58.99396250043526 0.340471476657798
3.75 4 15 16 64.62301978008702 0.2848975230367588
3.75 4 16 17 67.85224502906016 0.2623122907129264
3.75 4 17 18 69.37444321393195 0.2420959466806916
3.75 4 18 19 69.68147619142934 0.2239259051137576
3.75 4 19 20 69.12627313037962 0.2075331939030294
3.75 4 20 21 67.96430539707552 0.1926921483832577
3.75 4 21 22 66.38179997668061 0.1792123044243416
3.75 4 22 23 64.51522678856361 0.1669319858257407
3.75 4 23 24 62.46494518546405 0.1665779633721118
3.75 4 24 25 60.30487957922455 0.1704567137194221
3.75 4 25 26 58.08945684971994 0.1742528731877724
3.75 4 26 27 55.85863095276403 0.1777077139950419
3.75 4 27 28 53.64155538230034 0.1806942359678668
3.75 4 28 29 51.45928943870496 0.1831636104789956
3.75 4 29 30 49.32680715913918 0.1851120611573779
3.75 4 30 31 47.25449840075544 0.1865607751260542
3.75 4 31 32 45.24929696135095 0.1875438514442737
3.75 4 32 33 43.31553270167306 0.1881011429680859
3.75 4 33 34 41.45557799621548 0.1882740656277151
3.75 4 34 35 39.67033994346957 0.1881032068840607
3.75 4 35 36 37.95963622794609 0.1876270239060471
3.75 4 36 37 36.32248275291285 0.1868811996760984
3.75 4 37 38 34.75731406143969 0.185898392956287
3.75 4 38 39 33.26215232913162 0.1847082192757565
3.75 4 39 40 31.83473685130043 0.1833373635288378
3.75 4 40 41 30.47262312681879 0.1818097623895068
3.75 4 41 42 29.17325841679074 0.1801468191281281
3.75 4 42 43 27.9340391088495 0.1783676282015105
3.75 4 43 44 26.75235398285464 0.176489196243819
3.75 4 44 45 25.62561651018894 0.1745266521764466
3.75 4 45 46 24.55081767559755 0.1725490531743014
3.75 4 46 47 23.52628676648826 0.1707624634312749
3.75 4 47 48 22.54916580373362 0.1691809848368432
3.75 4 48 49 21.61715999195417 0.1677846238736488
3.75 4 49 50 20.72786340945332 0.1664065209111351
4 5 0 1 -1035.476436494135 2.710318992352721
4 5 1 2 -4486.957717115038 7.330222912359543
4 5 2 3 -2566.629755448645 5.509879947416786
4 5 3 4 -1400.649648270657 4.150797265423251
4 5 4 5 -767.7779204282842 3.098470324080723
4 5 5 6 -412.9769524443332 2.331744421019922
4 5 6 7 -207.4626764262416 1.817041465032797
4 5 7 8 -85.20118447621235 1.469876231426898
4 5 8 9 -11.08749781465713 1.226416251114945
4 5 9 10 34.22084652358046 1.046376781078217
4 5 10 11 61.73685237014183 0.9086068051885728
4 5 11 12 78.05229868482752 0.801394780771571
4 5 12 13 87.19351841408559 0.7152443540689727
4 5 13 14 91.6695669414695 0.6437763596220227
4 5 14 15 93.08684243751173 0.5840923942014205
4 5 15 16 92.50358571648553 0.5340945781820383
4 5 16 17 90.62727350634793 0.4914407726240247
4 5 17 18 87.9327018511205 0.4541704326226013
4 5 18 19 84.73993621172468 0.4211384355591585
4 5 19 20 81.26664083983212 0.3917521265136872
4 5 20 21 77.66195129633428 0.3655652666189479
4 5 21 22 74.02800430850283 0.3421146175525628
4 5 22 23 70.43401615112091 0.3209519337864774
4 5 23 24 66.92596047191688 0.3017077340246446
4 5 24 25 63.53343969882047 0.2841087178307192
4 5 25 26 60.27458436397279 0.2679555628881951
4 5 26 27 57.15951249133565 0.2530919128258815
4 5 27 28 54.19275345245433 0.23938326085159
4 5 28 29 51.37494903031636 0.226708252695885
4 5 29 30 48.70405879876012 0.2149573890841966
4 5 30 31 46.17622448112354 0.2040338979842042
4 5 31 32 43.78639502302181 0.1938540002143617
4 5 32 33 41.52877963709476 0.184345952626381
4 5 33 34 39.39717486104146 0.1754482927689366
4 5 34 35 37.38519854213267 0.1671078956130767
4 5 35 36 35.48645502685457 0.159278253952088
4 5 36 37 33.69464972498861 0.1519181454347232
4 5 37 38 32.00366665478931 0.1449906750830465
4 5 38 39 30.40761906872211 0.1384626074525575
4 5 39 40 28.90088060235419 0.132303891765284
4 5 40 41 27.47810243831155 0.1264873025957937
4 5 41 42 26.13422044238805 0.1209881457104849
4 5 42 43 24.86445519812634 0.1157840010328442
4 5 43 44 23.66430709760234 0.1108544902370388
4 5 44 45 22.5295480221175 0.1061810639169195
4 5 45 46 21.45575302924632 0.1021367498922336
4 5 46 47 20.43973807654768 0.1001160708330646
4 5 47 48 19.4776069500856 0.1000990384503885
4 5 48 49 18.56614754428241 0.1016599854038034
4 5 49 50 17.70191660713643 0.1035881185703225
-5 5 0 50 -533584.6655899241 93.08965040278328
