#ylo yhi qTlo qThi PDF0  uncertainty
-5 -4 0 1 -1008.564252305795 2.872794155109669
-5 -4 1 2 -4430.674308533073 7.392366399248539
-5 -4 2 3 -2547.680758262808 5.521850308930303
-5 -4 3 4 -1395.330290263883 4.110983148040968
-5 -4 4 5 -767.4535055441636 3.045524201882455
-5 -4 5 6 -414.4287922873182 2.288792983439488
-5 -4 6 7 -209.4511981204557 1.785090837075687
-5 -4 7 8 -87.24048086449125 1.445522182877289
-5 -4 8 9 -12.99240396828986 1.207338258495448
-5 -4 9 10 32.51129009440888 1.031308182999638
-5 -4 10 11 60.23303751089941 0.8969049707606609
-5 -4 11 12 76.74325507107494 0.7925135583581077
-5 -4 12 13 86.05944775491639 0.7084742625468264
-5 -4 13 14 90.68944958743975 0.6385568918285199
-5 -4 14 15 92.24073416593126 0.5800771498669549
-5 -4 15 16 91.77351294407759 0.5310471355958405
-5 -4 16 17 89.99744240505697 0.4891547713324733
-5 -4 17 18 87.38944497469862 0.4524666760946267
-5 -4 18 19 84.27153045292232 0.4198797492390412
-5 -4 19 20 80.86306460235153 0.3908415695515545
-5 -4 20 21 77.31463470865222 0.3649334472489519
-5 -4 21 22 73.72960436194126 0.3417084544940094
-5 -4 22 23 70.17822611466912 0.3207288424942891
-5 -4 23 24 66.70735073133562 0.3016333815690982
-5 -4 24 25 63.34732430700703 0.2841558530449128
-5 -4 25 26 60.11690864984385 0.2681028145573587
-5 -4 26 27 57.0267584619082 0.2533224969786801
-5 -4 27 28 54.081860439688 0.2396838235193115
-5 -4 28 29 51.28324729405844 0.2270679854627915
-5 -4 29 30 48.62921396200844 0.2153674135680773
-5 -4 30 31 46.11619090225143 0.2044868481779062
-5 -4 31 32 43.73937649761989 0.1943437290209993
-5 -4 32 33 41.49319611858347 0.1848673100466234
-5 -4 33 34 39.3716341513861 0.175996948100182
-5 -4 34 35 37.36847211403766 0.1676801906217133
-5 -4 35 36 35.47745730241606 0.1598710817376819
-5 -4 36 37 33.69242026270108 0.1525288511819807
-5 -4 37 38 32.00735479123085 0.1456169755753049
-5 -4 38 39 30.41647064017247 0.1391025269907696
-5 -4 39 40 28.9142264342105 0.1329557103012764
-5 -4 40 41 27.4953483402182 0.1271495144630783
-5 -4 41 42 26.15483849030648 0.1216594259389374
-5 -4 42 43 24.88797612018626 0.1164631780242978
-5 -4 43 44 23.69031360788438 0.1115405231008656
-5 -4 44 45 22.55766897306244 0.106873023538186
-5 -4 45 46 21.48566048130354 0.1028396357274466
-5 -4 46 47 20.47113786247556 0.1008561356604972
-5 -4 47 48 19.51023943425892 0.1009020032321552
-5 -4 48 49 18.59978170329126 0.1025450886990032
-5 -4 49 50 17.73635009707067 0.1045601093681119
-4 -3.75 0 1 -314.1943733943998 1.820421403840446
-4 -3.75 1 2 -4004.903636693417 28.32454344823197
-4 -3.75 2 3 -2790.554268298852 13.20538118891982
-4 -3.75 3 4 -1703.331208439717 7.736147621486424
-4 -3.75 4 5 -1042.126822092349 5.051199474579824
-4 -3.75 5 6 -641.2407854756316 3.514506439984344
-4 -3.75 6 7 -392.5306736304317 2.548130567280932
-4 -3.75 7 8 -234.2559567638264 1.900435162621155
-4 -3.75 8 9 -131.2445948121858 1.445887296521225
-4 -3.75 9 10 -62.98294547039222 1.116026356674587
-4 -3.75 10 11 -17.20470948187346 0.8704380165936845
-4 -3.75 11 12 13.69057741282643 0.684178265366209
-4 -3.75 12 13 34.52931119241748 0.5411372561286657
-4 -3.75 13 14 48.4571357297682 0.4306082425125059
-4 -3.75 14 15 57.57065744529734 0.3453353020242825
-4 -3.75 15 16 63.2950056478187 0.282681173770618
-4 -3.75 16 17 66.61557089239187 0.2602619637081223
-4 -3.75 17 18 68.22379860224612 0.2401971442136932
-4 -3.75 18 19 68.61101740755061 0.2221655561693595
-4 -3.75 19 20 68.13008424601821 0.2058995325548222
-4 -3.75 20 21 67.03664900571704 0.1911745874549874
-4 -3.75 21 22 65.51724628141164 0.1778013133022026
-4 -3.75 22 23 63.70871228792265 0.1656189765152321
-4 -3.75 23 24 61.71179093237484 0.1619693589859989
-4 -3.75 24 25 59.60078667370908 0.165729391864968
-4 -3.75 25 26 57.43048960985155 0.1694988559391813
-4 -3.75 26 27 55.24119394121229 0.1729864014164694
-4 -3.75 27 28 53.06236791748299 0.1760433043419511
-4 -3.75 28 29 50.91535969083617 0.178606461419711
-4 -3.75 29 30 48.8154070119418 0.1806627328113254
-4 -3.75 30 31 46.77313970533655 0.1822271447707507
-4 -3.75 31 32 44.79570947822882 0.1833297261566756
-4 -3.75 32 33 42.88764382965255 0.184007633999545
-4 -3.75 33 34 41.05149427498877 0.1843005006143586
-4 -3.75 34 35 39.28833025243436 0.1842477414486086
-4 -3.75 35 36 37.59811657269054 0.1838870552981092
-4 -3.75 36 37 35.98000251572135 0.1832536493040979
-4 -3.75 37 38 34.43254359048098 0.1823798999729286
-4 -3.75 38 39 32.95387174256189 0.1812952742312546
-4 -3.75 39 40 31.54182594140045 0.1800264003679304
-4 -3.75 40 41 30.19405225530068 0.1785972217297451
-4 -3.75 41 42 28.90808030303963 0.1770291913812227
-4 -3.75 42 43 27.68138142099242 0.1753414825190071
-4 -3.75 43 44 26.51141265006862 0.1735511993567949
-4 -3.75 44 45 25.39564968345915 0.1716735801960117
-4 -3.75 45 46 24.33114395110522 0.1697781429061074
-4 -3.75 46 47 23.31627121452792 0.168072321678506
-4 -3.75 47 48 22.348224424192 0.1665706089076964
-4 -3.75 48 49 21.42475185144927 0.1652533362356987
-4 -3.75 49 50 20.5434898308824 0.1639527912819272
-3.75 -3.5 0 1 200.214357054095 1.611643426730833
-3.75 -3.5 1 2 -4665.394703452406 24.53997061870702
-3.75 -3.5 2 3 -3684.187252989874 16.23863086534468
-3.75 -3.5 3 4 -2369.092743683359 11.49042946966322
-3.75 -3.5 4 5 -1514.269865096719 8.622836096222207
-3.75 -3.5 5 6 -975.469365013962 6.742491902567212
-3.75 -3.5 6 7 -630.9641726296563 5.43098523961838
-3.75 -3.5 7 8 -405.7270287370518 4.473244191633496
-3.75 -3.5 8 9 -255.2226012658698 3.748706880126036
-3.75 -3.5 9 10 -152.728248964361 3.185297307574288
-3.75 -3.5 10 11 -81.9135548523509 2.737236233676241
-3.75 -3.5 11 12 -32.46513752039868 2.374310599402643
-3.75 -3.5 12 13 2.275544437579242 2.075787614416367
-3.75 -3.5 13 14 26.71531412363254 1.827011712913993
-3.75 -3.5 14 15 43.83447708289941 1.617354124639855
-3.75 -3.5 15 16 55.68783764847922 1.438934869357494
-3.75 -3.5 16 17 63.71645309958649 1.285799162152501
-3.75 -3.5 17 18 68.94619207480139 1.153371095203925
-3.75 -3.5 18 19 72.11697203572089 1.038081969289238
-3.75 -3.5 19 20 73.76857257159543 0.9371117408279258
-3.75 -3.5 20 21 74.29866186486203 0.8482055600162862
-3.75 -3.5 21 22 74.00268821871879 0.7695412645251923
-3.75 -3.5 22 23 73.10171916811498 0.6996321388609377
-3.75 -3.5 23 24 71.76213614876531 0.6372545175479918
-3.75 -3.5 24 25 70.10974110493157 0.5813931740646006
-3.75 -3.5 25 26 68.23997505476001 0.5311996307307032
-3.75 -3.5 26 27 66.2253966272599 0.4859599814432067
-3.75 -3.5 27 28 64.12120671444933 0.4450698053324394
-3.75 -3.5 28 29 61.96936471834036 0.4080144255940927
-3.75 -3.5 29 30 59.8016793477843 0.3743532404413752
-3.75 -3.5 30 31 57.64214594566391 0.3437071864586142
-3.75 -3.5 31 32 55.50872543964417 0.3157486331243941
-3.75 -3.5 32 33 53.41470623119076 0.2901931808350651
-3.75 -3.5 33 34 51.36975230937102 0.2667929600847851
-3.75 -3.5 34 35 49.3807137087035 0.2453311248023856
-3.75 -3.5 35 36 47.45225583731082 0.2256173006903848
-3.75 -3.5 36 37 45.58734995892411 0.2074838036395916
-3.75 -3.5 37 38 43.787656693993 0.1907824823187597
-3.75 -3.5 38 39 42.05382667343642 0.1753820702955909
-3.75 -3.5 39 40 40.3857367354713 0.1611659561594215
-3.75 -3.5 40 41 38.78267582938054 0.1480302989031146
-3.75 -3.5 41 42 37.24349143376047 0.1358824298791832
-3.75 -3.5 42 43 35.76670495468721 0.1246394950620764
-3.75 -3.5 43 44 34.35060265437878 0.1142272987805175
-3.75 -3.5 44 45 32.99330720364843 0.1045793193389285
-3.75 -3.5 45 46 31.6922036992205 0.09578010181704578
-3.75 -3.5 46 47 30.4463688831534 0.08835492684794181
-3.75 -3.5 47 48 29.25309856773872 0.08242602652287037
-3.75 -3.5 48 49 28.11032476793537 0.07800932116485784
-3.75 -3.5 49 50 27.01579117616512 0.07457620387215744
-3.5 -3.25 0 1 866.4300479562569 0.4320962116188106
-3.5 -3.25 1 2 -4850.423330796229 18.24974485923837
-3.5 -3.25 2 3 -4333.209023246422 14.56238919040383
-3.5 -3.25 3 4 -2904.813941873571 11.01313782811941
-3.5 -3.25 4 5 -1916.978341458991 8.593627303915927
-3.5 -3.25 5 6 -1274.214436370239 6.908468964265563
-3.5 -3.25 6 7 -853.5056314604199 5.687244323626715
-3.5 -3.25 7 8 -572.8424078418909 4.770582212949567
-3.5 -3.25 8 9 -381.709449295415 4.062171759870401
-3.5 -3.25 9 10 -249.0611767584223 3.501648080170596
-3.5 -3.25 10 11 -155.5792739561564 3.049264580089761
-3.5 -3.25 11 12 -88.88064626223286 2.678104792608243
-3.5 -3.25 12 13 -40.8662959235362 2.369299455437992
-3.5 -3.25 13 14 -6.113031880259314 2.10927500666317
-3.5 -3.25 14 15 19.08702617011227 1.888040468741306
-3.5 -3.25 15 16 37.31713400068577 1.698093209010065
-3.5 -3.25 16 17 50.40753862826148 1.533699372814493
-3.5 -3.25 17 18 59.67447645684877 1.390408353007182
-3.5 -3.25 18 19 66.07710975509929 1.264717587631066
-3.5 -3.25 19 20 70.32258569366411 1.15383636172197
-3.5 -3.25 20 21 72.9376245743631 1.055516291608026
-3.5 -3.25 21 22 74.31809748877276 0.9679276393717663
-3.5 -3.25 22 23 74.76387210992374 0.8895677070985301
-3.5 -3.25 23 24 74.50363657230122 0.8191920618164455
-3.5 -3.25 24 25 73.71280292923643 0.7557622563755128
-3.5 -3.25 25 26 72.52656556483311 0.6984056351547926
-3.5 -3.25 26 27 71.04952437723801 0.6463841065196398
-3.5 -3.25 27 28 69.36284366020089 0.599069646231729
-3.5 -3.25 28 29 67.52962409765831 0.5559249088644316
-3.5 -3.25 29 30 65.59896601851563 0.5164877546210769
-3.5 -3.25 30 31 63.60906529884846 0.4803588050740132
-3.5 -3.25 31 32 61.58958807485033 0.4471913628378442
-3.5 -3.25 32 33 59.56350350345244 0.4166831911592007
-3.5 -3.25 33 34 57.54850625819915 0.3885697676146748
-3.5 -3.25 34 35 55.55812631226379 0.3626187152139124
-3.5 -3.25 35 36 53.60259883915953 0.3386251792900796
-3.5 -3.25 36 37 51.68954899476614 0.3164079698747176
-3.5 -3.25 37 38 49.82453307540001 0.2958063263334152
-3.5 -3.25 38 39 48.0114676511495 0.2766771918858841
-3.5 -3.25 39 40 46.25297089019591 0.2588929066172275
-3.5 -3.25 40 41 44.55063482547089 0.242339247352014
-3.5 -3.25 41 42 42.90524296242947 0.2269137549030911
-3.5 -3.25 42 43 41.31694457564092 0.2125243017498482
-3.5 -3.25 43 44 39.78539451578942 0.1990878605340427
-3.5 -3.25 44 45 38.30986545188647 0.1865294423280017
-3.5 -3.25 45 46 36.88857965361804 0.1748818793119024
-3.5 -3.25 46 47 35.52168609584935 0.1644738384858436
-3.5 -3.25 47 48 34.20702543779457 0.1553401180410015
-3.5 -3.25 48 49 32.94309192655261 0.1474543738505347
-3.5 -3.25 49 50 31.72809869513495 0.1404321950943961
-3.25 -3 0 1 1578.669643690864 1.192844680644619
-3.25 -3 1 2 -4689.713596774787 9.131618677344516
-3.25 -3 2 3 -4752.416475603872 9.532571179199026
-3.25 -3 3 4 -3301.149380130405 7.747529912291063
-3.25 -3 4 5 -2234.751163570724 6.283847138042383
-3.25 -3 5 6 -1521.058432560253 5.185593896229946
-3.25 -3 6 7 -1044.649459414474 4.354748078870404
-3.25 -3 7 8 -721.5948682635822 3.712662232661661
-3.25 -3 8 9 -498.2959516426129 3.20545734761217
-3.25 -3 9 10 -341.080047183586 2.797177732552887
-3.25 -3 10 11 -228.6572808855842 2.462903020445025
-3.25 -3 11 12 -147.2054722381333 2.185270359693487
-3.25 -3 12 13 -87.58570388445355 1.951792573738894
-3.25 -3 13 14 -43.61934012533197 1.753308606242851
-3.25 -3 14 15 -11.04464468552396 1.582965126024944
-3.25 -3 15 16 13.13219564343899 1.435544633688342
-3.25 -3 16 17 31.04926862196157 1.307012212786302
-3.25 -3 17 18 44.25623903380074 1.194203283604652
-3.25 -3 18 19 53.89117337142011 1.094604264908233
-3.25 -3 19 20 60.79971400148406 1.00619571802259
-3.25 -3 20 21 65.61679654165994 0.9273383231805662
-3.25 -3 21 22 68.82357872746366 0.8566887413822986
-3.25 -3 22 23 70.78768080541579 0.7931366720961693
-3.25 -3 23 24 71.79201060370269 0.7357571711903537
-3.25 -3 24 25 72.05566495299604 0.6837741092101711
-3.25 -3 25 26 71.74925598448368 0.6365318670815396
-3.25 -3 26 27 71.00626543804293 0.5934731953349199
-3.25 -3 27 28 69.93153616316096 0.5541217355401453
-3.25 -3 28 29 68.60767812619611 0.5180681052911316
-3.25 -3 29 30 67.09993995722022 0.4849587317990277
-3.25 -3 30 31 65.4599411146454 0.4544868254588665
-3.25 -3 31 32 63.72855072434265 0.4263850323904846
-3.25 -3 32 33 61.93812222850318 0.4004194154740797
-3.25 -3 33 34 60.11423811619329 0.376384493063855
-3.25 -3 34 35 58.2770794813236 0.3540991267521679
-3.25 -3 35 36 56.44250641701342 0.3334030943516884
-3.25 -3 36 37 54.62291418186663 0.3141542191881578
-3.25 -3 37 38 52.8279145371578 0.2962259541092437
-3.25 -3 38 39 51.06488002981754 0.279505339250226
-3.25 -3 39 40 49.33938028875065 0.2638912673400195
-3.25 -3 40 41 47.65553293298615 0.2492930054949863
-3.25 -3 41 42 46.01628652370326 0.235628929625569
-3.25 -3 42 43 44.42364935982749 0.2228254374300339
-3.25 -3 43 44 42.8788748777327 0.2108160114802435
-3.25 -3 44 45 41.38261216129285 0.1995404087110969
-3.25 -3 45 46 39.93417661706104 0.1890528644407556
-3.25 -3 46 47 38.534934381375 0.1797194074715133
-3.25 -3 47 48 37.18351387037367 0.1715784934697766
-3.25 -3 48 49 35.8791708615009 0.1646003733102269
-3.25 -3 49 50 34.62078321743398 0.158374427540299
-3 -2.75 0 1 2264.871956781033 1.562542020147081
-3 -2.75 1 2 -4345.008005339059 4.544014928528386
-3 -2.75 2 3 -5006.259902869199 5.953504549454676
-3 -2.75 3 4 -3583.546855713204 5.060678481925586
-3 -2.75 4 5 -2475.483023704992 4.197912494886154
-3 -2.75 5 6 -1715.672466828137 3.515629625929866
-3 -2.75 6 7 -1200.199376867824 2.984816401686557
-3 -2.75 7 8 -846.0567451832389 2.567052826838192
-3 -2.75 8 9 -598.4023751025984 2.23249101016059
-3 -2.75 9 10 -422.1065441665694 1.960396309311804
-3 -2.75 10 11 -294.6523155867412 1.735667254349767
-3 -2.75 11 12 -201.2654579742418 1.547645367749385
-3 -2.75 12 13 -132.0901045776827 1.388518043920438
-3 -2.75 13 14 -80.41087293260853 1.25247848197462
-3 -2.75 14 15 -41.56304048601282 1.135136393365285
-3 -2.75 15 16 -12.24812280152878 1.033119614919913
-3 -2.75 16 17 9.904319537627771 0.9438003689745096
-3 -2.75 17 18 26.62279622930237 0.8651039243374238
-3 -2.75 18 19 39.18430815217801 0.7953725863715168
-3 -2.75 19 20 48.5433914238663 0.7332674598263597
-3 -2.75 20 21 55.42105218291874 0.677696425481814
-3 -2.75 21 22 60.36701903423943 0.6277605975010653
-3 -2.75 22 23 63.80394626230111 0.5827140047382151
-3 -2.75 23 24 66.05921604381649 0.5419328673211629
-3 -2.75 24 25 67.38809675214304 0.5048919258558539
-3 -2.75 25 26 67.99079500931123 0.4711460178271118
-3 -2.75 26 27 68.02514056398667 0.4403156017008288
-3 -2.75 27 28 67.61611172784603 0.4120752824447725
-3 -2.75 28 29 66.86305078037441 0.3861446414072782
-3 -2.75 29 30 65.84517356304769 0.3622808516760452
-3 -2.75 30 31 64.62580792823081 0.34027268842033
-3 -2.75 31 32 63.25567680203562 0.319935638261824
-3 -2.75 32 33 61.77545745195397 0.3011078808133902
-3 -2.75 33 34 60.21778834349453 0.2836469673122067
-3 -2.75 34 35 58.60885146196188 0.2674270601411815
-3 -2.75 35 36 56.96962625110228 0.2523366262260685
-3 -2.75 36 37 55.31688798854805 0.2382765008088811
-3 -2.75 37 38 53.66400616865644 0.2251582535450162
-3 -2.75 38 39 52.02158552261278 0.212902804419206
-3 -2.75 39 40 50.39798257793703 0.2014392459431582
-3 -2.75 40 41 48.7997234220957 0.1907038368341628
-3 -2.75 41 42 47.2318425269529 0.1806391394578136
-3 -2.75 42 43 45.6981584126946 0.1711932768030954
-3 -2.75 43 44 44.20149847915278 0.1623192915819239
-3 -2.75 44 45 42.74388279969284 0.1539745902489519
-3 -2.75 45 46 41.32575593724144 0.1462787239727145
-3 -2.75 46 47 39.94966784647684 0.1397991341867029
-3 -2.75 47 48 38.61509280743627 0.1346184062641606
-3 -2.75 48 49 37.32208649643809 0.1307085089997268
-3 -2.75 49 50 36.07023499152103 0.127487458922589
-2.75 -2.5 0 1 2899.984109129892 2.083963799400916
-2.75 -2.5 1 2 -3921.510792799502 1.106006771752019
-2.75 -2.5 2 3 -5154.977633535224 2.854653412396306
-2.75 -2.5 3 4 -3784.990987031457 2.703226657302881
-2.75 -2.5 4 5 -2657.047456724032 2.362324818847445
-2.75 -2.5 5 6 -1867.340596669696 2.04718189541138
-2.75 -2.5 6 7 -1324.428655486728 1.782993759309569
-2.75 -2.5 7 8 -947.5161679430448 1.565121810744416
-2.75 -2.5 8 9 -681.5162123841224 1.384435911711764
-2.75 -2.5 9 10 -490.5407375265188 1.233665737681963
-2.75 -2.5 10 11 -351.3183258896604 1.106385328487719
-2.75 -2.5 11 12 -248.4467894379029 0.997936006987489
-2.75 -2.5 12 13 -171.5761934584866 0.9046964960463773
-2.75 -2.5 13 14 -113.6100373424974 0.8238737880086213
-2.75 -2.5 14 15 -69.59090130300092 0.7532930372123657
-2.75 -2.5 15 16 -35.99495051115605 0.6912425697189916
-2.75 -2.5 16 17 -10.27725178667151 0.6363606828051076
-2.75 -2.5 17 18 9.426788541944916 0.5875528128926562
-2.75 -2.5 18 19 24.50111699002423 0.5439304908997438
-2.75 -2.5 19 20 35.98496550958691 0.5047659288776322
-2.75 -2.5 20 21 44.66691886215415 0.4694578861780893
-2.75 -2.5 21 22 51.15101282224521 0.4375057462646174
-2.75 -2.5 22 23 55.90383918786654 0.4084896278174105
-2.75 -2.5 23 24 59.28855421945116 0.382054975923157
-2.75 -2.5 24 25 61.58972742059223 0.3579005136718943
-2.75 -2.5 25 26 63.03169886401429 0.3357687372737783
-2.75 -2.5 26 27 63.79227945401044 0.3154383563571101
-2.75 -2.5 27 28 64.01307190481214 0.2967182342266709
-2.75 -2.5 28 29 63.80731370552047 0.279442494040913
-2.75 -2.5 29 30 63.26588496408209 0.2634665402021398
-2.75 -2.5 30 31 62.46194487327352 0.2486638017456167
-2.75 -2.5 31 32 61.45453456160033 0.2349230512694059
-2.75 -2.5 32 33 60.29139470192274 0.22214618401697
-2.75 -2.5 33 34 59.01118215440891 0.2102463684741475
-2.75 -2.5 34 35 57.64522347507096 0.1991464987849888
-2.75 -2.5 35 36 56.21890919646171 0.1887778923251786
-2.75 -2.5 36 37 54.75280776104285 0.1790791898124119
-2.75 -2.5 37 38 53.26355945466008 0.169995421403541
-2.75 -2.5 38 39 51.7645967449144 0.1614772108855748
-2.75 -2.5 39 40 50.26672693478486 0.153480094721962
-2.75 -2.5 40 41 48.77860520226659 0.1459639374473851
-2.75 -2.5 41 42 47.30711980290579 0.1388924274756177
-2.75 -2.5 42 43 45.85770678799713 0.1322326410512079
-2.75 -2.5 43 44 44.43460781363808 0.1259546644729207
-2.75 -2.5 44 45 43.04108187334992 0.1200312642642575
-2.75 -2.5 45 46 41.6786103484842 0.1146614796113002
-2.75 -2.5 46 47 40.35080127722401 0.1106677008651307
-2.75 -2.5 47 48 39.05791921101104 0.1081654180001706
-2.75 -2.5 48 49 37.80076109828727 0.1070944491263798
-2.75 -2.5 49 50 36.57957170623587 0.1066343254308361
-2.5 -2.25 0 1 3480.879501438534 1.614106473511176
-2.5 -2.25 1 2 -3485.283990454804 0.9565196750211922
-2.5 -2.25 2 3 -5246.448643224378 1.693214920890628
-2.5 -2.25 3 4 -3933.947658828438 1.560463225407065
-2.5 -2.25 4 5 -2796.10982160646 1.420649026707602
-2.5 -2.25 5 6 -1985.811334028444 1.273248165620789
-2.5 -2.25 6 7 -1422.947309177162 1.1376414328343
-2.5 -2.25 7 8 -1029.04035501378 1.019217205936709
-2.5 -2.25 8 9 -749.104722726503 0.9165616495162965
-2.5 -2.25 9 10 -546.8256225699042 0.8282217118854394
-2.5 -2.25 10 11 -398.4350994730403 0.7516149586786789
-2.5 -2.25 11 12 -288.0991069837869 0.6849060187794886
-2.5 -2.25 12 13 -205.1172054474862 0.6264868722686128
-2.5 -2.25 13 14 -142.1169092165101 0.575038650115562
-2.5 -2.25 14 15 -93.9254221473268 0.5294848751909732
-2.5 -2.25 15 16 -56.85088365767024 0.48894574933206
-2.5 -2.25 16 17 -28.21677759644376 0.4526991637909906
-2.5 -2.25 17 18 -6.054873714985661 0.4201491192200054
-2.5 -2.25 18 19 11.10093772169216 0.3908006771264959
-2.5 -2.25 19 20 24.35547273112707 0.3642402406526396
-2.5 -2.25 20 21 34.55002028949264 0.3401200431594785
-2.5 -2.25 21 22 42.33124645571604 0.3181459160971322
-2.5 -2.25 22 23 48.20043938866229 0.2980675995858981
-2.5 -2.25 23 24 52.54916047111544 0.2796710268747664
-2.5 -2.25 24 25 55.68536272070128 0.2627721439592445
-2.5 -2.25 25 26 57.85273622581485 0.2472119298229916
-2.5 -2.25 26 27 59.24518267907172 0.2328523592202597
-2.5 -2.25 27 28 60.01774707310551 0.2195731105249681
-2.5 -2.25 28 29 60.2949454269276 0.2072688656433255
-2.5 -2.25 29 30 60.17715973573974 0.1958470827939415
-2.5 -2.25 30 31 59.74558532377392 0.1852261499492334
-2.5 -2.25 31 32 59.06608472872693 0.1753338455606776
-2.5 -2.25 32 33 58.19220905174052 0.1661060493644776
-2.5 -2.25 33 34 57.16758076400242 0.1574856571990563
-2.5 -2.25 34 35 56.0277833557389 0.14942166448168
-2.5 -2.25 35 36 54.80186764836122 0.1418683870778841
-2.5 -2.25 36 37 53.51355829983675 0.1347847982697301
-2.5 -2.25 37 38 52.18222453548435 0.128133960671764
-2.5 -2.25 38 39 50.82366443660317 0.1218825385843126
-2.5 -2.25 39 40 49.45074103330478 0.1160003781125264
-2.5 -2.25 40 41 48.07390016325064 0.1104601433164054
-2.5 -2.25 41 42 46.70159337252505 0.1052370014397032
-2.5 -2.25 42 43 45.34062445812569 0.1003083478816474
-2.5 -2.25 43 44 43.99643421137591 0.09565356766309518
-2.5 -2.25 44 45 42.67333501861987 0.0912538250459389
-2.5 -2.25 45 46 41.37369343279133 0.08741428272051224
-2.5 -2.25 46 47 40.10201680642436 0.08532662177335909
-2.5 -2.25 47 48 38.85924931654807 0.08512587917104271
-2.5 -2.25 48 49 37.64682598055515 0.08665495796042878
-2.5 -2.25 49 50 36.46555800467212 0.09201251212249731
-2.25 -2 0 1 4007.823469874636 1.034297213465818
-2.25 -2 1 2 -3085.256391103893 0.8470509699197802
-2.25 -2 2 3 -5338.118429079263 1.65173591966686
-2.25 -2 3 4 -4075.766084018989 1.53059422072984
-2.25 -2 4 5 -2924.313384050398 1.350857469371995
-2.25 -2 5 6 -2091.694811227318 1.191585109077384
-2.25 -2 6 7 -1508.423270879632 1.057848344598731
-2.25 -2 7 8 -1097.798094720678 0.9453168708805137
-2.25 -2 8 9 -804.5796050326412 0.8504466876741908
-2.25 -2 9 10 -591.8138478286392 0.7689942807782716
-2.25 -2 10 11 -435.1171081652815 0.6988124867978129
-2.25 -2 11 12 -318.1607758085843 0.6377722799373455
-2.25 -2 12 13 -229.8634565630032 0.5842967252447192
-2.25 -2 13 14 -162.5640489212094 0.5371419692153581
-2.25 -2 14 15 -110.8712675517527 0.4953157610175201
-2.25 -2 15 16 -70.92698142066524 0.4580181450677333
-2.25 -2 16 17 -39.92715187953581 0.4245978443107436
-2.25 -2 17 18 -15.80488765955783 0.3945198116671923
-2.25 -2 18 19 2.982929598872261 0.3673408031299437
-2.25 -2 19 20 17.60173955406867 0.34269078418994
-2.25 -2 20 21 28.94094250979049 0.3202586196477329
-2.25 -2 21 22 37.68567424843593 0.2997809609823442
-2.25 -2 22 23 44.36819836863469 0.2810335264003381
-2.25 -2 23 24 49.40517849205594 0.2638242066318347
-2.25 -2 24 25 53.12503160787469 0.2479875666097387
-2.25 -2 25 26 55.78822246887455 0.2333804281351959
-2.25 -2 26 27 57.60247334992368 0.2198782945088894
-2.25 -2 27 28 58.73426978931343 0.207372438552676
-2.25 -2 28 29 59.31763977070227 0.1957675134439767
-2.25 -2 29 30 59.46090611586646 0.1849795832111327
-2.25 -2 30 31 59.25191864274979 0.1749344876219539
-2.25 -2 31 32 58.76213631000303 0.1655664787663138
-2.25 -2 32 33 58.04983252174765 0.1568170779222662
-2.25 -2 33 34 57.1626269449568 0.148634112011403
-2.25 -2 34 35 56.13949644811254 0.1409708987078388
-2.25 -2 35 36 55.01238058685811 0.1337855530483505
-2.25 -2 36 37 53.80746954656314 0.1270403964374217
-2.25 -2 37 38 52.54624201429777 0.1207014490011775
-2.25 -2 38 39 51.24630503530034 0.1147379948440515
-2.25 -2 39 40 49.92207625923305 0.1091222046440857
-2.25 -2 40 41 48.58534026667104 0.1038288101478962
-2.25 -2 41 42 47.24570363325199 0.09883482179571575
-2.25 -2 42 43 45.91096845164404 0.09411928077075289
-2.25 -2 43 44 44.5874397712401 0.08966304467346897
-2.25 -2 44 45 43.28017934441877 0.08544859758383699
-2.25 -2 45 46 41.99216066190732 0.08211399354944957
-2.25 -2 46 47 40.7285402274523 0.0820433892566468
-2.25 -2 47 48 39.49071075087545 0.08530158099780309
-2.25 -2 48 49 38.280535973046 0.09127207198504751
-2.25 -2 49 50 37.09919979289415 0.09759129231907668
-2 -1.75 0 1 4509.888681224027 1.06822487769314
-2 -1.75 1 2 -2683.282570202812 2.774837377598722
-2 -1.75 2 3 -5396.854186974186 2.771970280152313
-2 -1.75 3 4 -4194.863391205353 2.263186991117356
-2 -1.75 4 5 -3041.917145167636 1.858598445695632
-2 -1.75 5 6 -2195.581888693041 1.557468599800659
-2 -1.75 6 7 -1597.287653492612 1.329561079819877
-2 -1.75 7 8 -1173.082554779287 1.152374856027076
-2 -1.75 8 9 -868.2798014742943 1.011336999832041
-2 -1.75 9 10 -645.8309663588871 0.8964013216747045
-2 -1.75 10 11 -481.090536699458 0.8013208338890773
-2 -1.75 11 12 -357.4530826671419 0.7212782542290498
-2 -1.75 12 13 -263.5904642466637 0.6530728158055006
-2 -1.75 13 14 -191.6358890852434 0.5943169709498781
-2 -1.75 14 15 -136.030867495243 0.5432255998519043
-2 -1.75 15 16 -92.78273360042067 0.4984371898400408
-2 -1.75 16 17 -58.97947594406628 0.458894879430891
-2 -1.75 17 18 -32.4674251314209 0.4237654302172683
-2 -1.75 18 19 -11.63347462488628 0.3923827984470075
-2 -1.75 19 20 4.744519438930865 0.3642080263553255
-2 -1.75 20 21 17.60213064749087 0.3388001982140758
-2 -1.75 21 22 27.6622884201347 0.3157950468049827
-2 -1.75 22 23 35.48835109828326 0.2948889522058659
-2 -1.75 23 24 41.52269450036135 0.2758268044308836
-2 -1.75 24 25 46.11510028730879 0.2583926803683144
-2 -1.75 25 26 49.54386801221028 0.2424025981382717
-2 -1.75 26 27 52.0316741217456 0.2276988272798713
-2 -1.75 27 28 53.75759591876113 0.2141453761641128
-2 -1.75 28 29 54.86630655204328 0.2016243816615018
-2 -1.75 29 30 55.47516275175633 0.1900331964519624
-2 -1.75 30 31 55.67970878246103 0.1792820209402725
-2 -1.75 31 32 55.55797993315133 0.1692919647729445
-2 -1.75 32 33 55.17388890750902 0.1599934488148086
-2 -1.75 33 34 54.579906445262 0.1513248805272217
-2 -1.75 34 35 53.81919504705701 0.143231548007184
-2 -1.75 35 36 52.92731619093189 0.1356646939205828
-2 -1.75 36 37 51.93360287671965 0.1285807338228876
-2 -1.75 37 38 50.86226812265636 0.1219405948968164
-2 -1.75 38 39 49.73330397795655 0.1157091525772809
-2 -1.75 39 40 48.56321348974109 0.109854750164837
-2 -1.75 40 41 47.36560895774136 0.1043487860700717
-2 -1.75 41 42 46.15170245799743 0.0991653582032993
-2 -1.75 42 43 44.93070945190374 0.09428095794228664
-2 -1.75 43 44 43.7101818215711 0.0896742028695168
-2 -1.75 44 45 42.4962834556801 0.08532560569204369
-2 -1.75 45 46 41.29293477284853 0.0816117281141554
-2 -1.75 46 47 40.1062121488375 0.08151920711492283
-2 -1.75 47 48 38.93824928310829 0.08523469573297277
-2 -1.75 48 49 37.79159509995969 0.09180444333152468
-2 -1.75 49 50 36.66803871893867 0.09873715825914814
-1.75 -1.5 0 1 4974.136087373747 0.9832453594251683
-1.75 -1.5 1 2 -2291.599561172175 0.849816092876335
-1.75 -1.5 2 3 -5425.039053554316 1.761985518875766
-1.75 -1.5 3 4 -4267.988709420657 1.701446139405292
-1.75 -1.5 4 5 -3108.648598494925 1.516181430959173
-1.75 -1.5 5 6 -2249.466877020275 1.329933483832123
-1.75 -1.5 6 7 -1639.571094759386 1.166815208648041
-1.75 -1.5 7 8 -1206.09077251921 1.028805559416847
-1.75 -1.5 8 9 -894.1479376282332 0.9141361872815278
-1.75 -1.5 9 10 -666.1893282864748 0.8153831828943134
-1.75 -1.5 10 11 -497.1656518058144 0.7334744931855235
-1.75 -1.5 11 12 -370.1955617529402 0.6629247854029638
-1.75 -1.5 12 13 -273.7127696088683 0.6021064601688823
-1.75 -1.5 13 14 -199.6835221421486 0.5492608481413254
-1.75 -1.5 14 15 -142.4256379925266 0.5030069899291962
-1.75 -1.5 15 16 -97.85390819320855 0.4622531218331717
-1.75 -1.5 16 17 -62.98631536575022 0.4261285303355415
-1.75 -1.5 17 18 -35.61565019683098 0.3939322713787095
-1.75 -1.5 18 19 -14.08743535627718 0.3650947964033499
-1.75 -1.5 19 20 2.852743541423024 0.3391491690918865
-1.75 -1.5 20 21 16.16584721164963 0.3157093354487232
-1.75 -1.5 21 22 26.59492978547883 0.2944535886237035
-1.75 -1.5 22 23 34.71941154831984 0.2751118668860911
-1.75 -1.5 23 24 40.99456560001579 0.2574559104916954
-1.75 -1.5 24 25 45.78058586273778 0.2412915651257991
-1.75 -1.5 25 26 49.36421857525147 0.2264527089173508
-1.75 -1.5 26 27 51.97502192472405 0.2127964236106854
-1.75 -1.5 27 28 53.79770157076473 0.2001991225040576
-1.75 -1.5 28 29 54.98154976390833 0.1885534241650396
-1.75 -1.5 29 30 55.64772568832882 0.1777656091886652
-1.75 -1.5 30 31 55.89491232568321 0.1677535386461861
-1.75 -1.5 31 32 55.80374203805138 0.1584449391881905
-1.75 -1.5 32 33 55.44028095298086 0.1497759822706938
-1.75 -1.5 33 34 54.85878861530182 0.1416901000176306
-1.75 -1.5 34 35 54.10391573064004 0.1341369938298463
-1.75 -1.5 35 36 53.21246345101906 0.1270718003441971
-1.75 -1.5 36 37 52.21479842828614 0.1204543849961512
-1.75 -1.5 37 38 51.13599613611046 0.1142487436742141
-1.75 -1.5 38 39 49.99676850807407 0.1084224908243649
-1.75 -1.5 39 40 48.8142195006584 0.1029464226735376
-1.75 -1.5 40 41 47.60246285989035 0.09779414056772497
-1.75 -1.5 41 42 46.37312881351357 0.09294172682077205
-1.75 -1.5 42 43 45.13578112312177 0.08836746407730488
-1.75 -1.5 43 44 43.89826131000751 0.08405159170973873
-1.75 -1.5 44 45 42.66697358577022 0.07997609329662059
-1.75 -1.5 45 46 41.44599652854299 0.07684015097080257
-1.75 -1.5 46 47 40.24164939638291 0.07725838239999014
-1.75 -1.5 47 48 39.05615950341584 0.08131986059587848
-1.75 -1.5 48 49 37.89218541520748 0.0883703375236152
-1.75 -1.5 49 50 36.75161276268253 0.0958211123857005
-1.5 -1.25 0 1 5414.280000277797 3.140595013714188
-1.5 -1.25 1 2 -1906.365408437595 3.785833469324696
-1.5 -1.25 2 3 -5447.873285203613 1.691011490927966
-1.5 -1.25 3 4 -4347.740803369228 1.626510822458263
-1.5 -1.25 4 5 -3190.126143548874 1.452543994261009
-1.5 -1.25 5 6 -2321.7560605087 1.282567892491136
-1.5 -1.25 6 7 -1701.31074749022 1.134476035983599
-1.5 -1.25 7 8 -1258.25848644921 1.008878296678811
-1.5 -1.25 8 9 -938.1607777892459 0.9016938662334577
-1.5 -1.25 9 10 -703.4877425873997 0.8120262568460251
-1.5 -1.25 10 11 -528.8450003309122 0.7340944589494074
-1.5 -1.25 11 12 -397.2460614761317 0.6671560113143606
-1.5 -1.25 12 13 -296.9197893318599 0.6089528108906062
-1.5 -1.25 13 14 -219.6846137579575 0.5579868199823879
-1.5 -1.25 14 15 -159.7393154872382 0.5130671410289854
-1.5 -1.25 15 16 -112.9035504649721 0.4732406796829522
-1.5 -1.25 16 17 -76.11931964493556 0.4377384441862835
-1.5 -1.25 17 18 -47.11856204107607 0.4059346745885217
-1.5 -1.25 18 19 -24.19785003555626 0.3773158534067778
-1.5 -1.25 19 20 -6.063188631480898 0.351457146876088
-1.5 -1.25 20 21 8.278561407706093 0.3280043834216761
-1.5 -1.25 21 22 19.59675707417614 0.306660171434712
-1.5 -1.25 22 23 28.49243241647991 0.2871731103173151
-1.5 -1.25 23 24 35.43871125745648 0.2693293406798977
-1.5 -1.25 24 25 40.81060160845664 0.2529458705530947
-1.5 -1.25 25 26 44.90720010579662 0.2399574859672171
-1.5 -1.25 26 27 47.96840610597587 0.2280338787600883
-1.5 -1.25 27 28 50.18761972331527 0.2169128508749516
-1.5 -1.25 28 29 51.72147170098322 0.2065243655100158
-1.5 -1.25 29 30 52.69733817922156 0.1968058619741791
-1.5 -1.25 30 31 53.21918752326428 0.1877013360411157
-1.5 -1.25 31 32 53.37216057911974 0.1791605433096317
-1.5 -1.25 32 33 53.22618157049857 0.1711383079034976
-1.5 -1.25 33 34 52.83882167876641 0.1635939246473234
-1.5 -1.25 34 35 52.25758251049803 0.1564906387671084
-1.5 -1.25 35 36 51.52172637097362 0.1497951945069683
-1.5 -1.25 36 37 50.66375032123028 0.1434774415851802
-1.5 -1.25 37 38 49.71057871465308 0.1375099915601105
-1.5 -1.25 38 39 48.68453202775544 0.1318679181804157
-1.5 -1.25 39 40 47.60411701118517 0.1265284940560028
-1.5 -1.25 40 41 46.48467359026836 0.1214709599912105
-1.5 -1.25 41 42 45.33890616990442 0.116676321942995
-1.5 -1.25 42 43 44.17732154099537 0.1121271716227475
-1.5 -1.25 43 44 43.0085908239102 0.1078075292242641
-1.5 -1.25 44 45 41.8398494937174 0.1037027025477685
-1.5 -1.25 45 46 40.67579396731975 0.1001450227845078
-1.5 -1.25 46 47 39.52335982890898 0.09841649783319147
-1.5 -1.25 47 48 38.38525363933303 0.09869632141876442
-1.5 -1.25 48 49 37.26458391681581 0.1008859326079024
-1.5 -1.25 49 50 36.16362401205564 0.1037319120912389
-1.25 -1 0 1 5786.349713112249 1.576953989709311
-1.25 -1 1 2 -1598.735548408166 0.7103537879670817
-1.25 -1 2 3 -5484.383453122084 2.06275491567417
-1.25 -1 3 4 -4425.343721815161 1.967317639340001
-1.25 -1 4 5 -3263.32086506988 1.73505215531454
-1.25 -1 5 6 -2383.177044493475 1.517848355075516
-1.25 -1 6 7 -1751.268736519669 1.334300576220779
-1.25 -1 7 8 -1298.584290970275 1.181810898987413
-1.25 -1 8 9 -970.7208850628144 1.054116308785457
-1.25 -1 9 10 -729.8577805511591 0.9474712428923087
-1.25 -1 10 11 -550.2847579220088 0.8561539929819986
-1.25 -1 11 12 -414.7371408502468 0.7779275289747228
-1.25 -1 12 13 -311.2313963880267 0.71016062267563
-1.25 -1 13 14 -231.4205552677879 0.6509803401094512
-1.25 -1 14 15 -169.3765630060275 0.5989247331275638
-1.25 -1 15 16 -120.8215663366616 0.552839508464134
-1.25 -1 16 17 -82.6221517770598 0.5118028325488092
-1.25 -1 17 18 -52.45149824422083 0.4750704828856617
-1.25 -1 18 19 -28.56003535439231 0.442035514288413
-1.25 -1 19 20 -9.617253335688247 0.4121982859604981
-1.25 -1 20 21 5.399095551557821 0.3851439340612505
-1.25 -1 21 22 17.28173261412894 0.36052524760935
-1.25 -1 22 23 26.65056531763287 0.3380495082272008
-1.25 -1 23 24 33.99405299701903 0.3174682718727628
-1.25 -1 24 25 39.69973204008716 0.2985693557873538
-1.25 -1 25 26 44.07698526807394 0.2811704989214412
-1.25 -1 26 27 47.37419617786554 0.2651143021984678
-1.25 -1 27 28 49.79179241124507 0.2502641587803536
-1.25 -1 28 29 51.49224858283674 0.2365009552861892
-1.25 -1 29 30 52.6078181102929 0.2237203806612992
-1.25 -1 30 31 53.24655368592175 0.2118307141906739
-1.25 -1 31 32 53.49702720485243 0.2007509982670295
-1.25 -1 32 33 53.43205359256001 0.1904095188116902
-1.25 -1 33 34 53.11164612671922 0.1807425350303013
-1.25 -1 34 35 52.58537477121894 0.1716932127540749
-1.25 -1 35 36 51.89425779773728 0.1632107227399731
-1.25 -1 36 37 51.07228631413398 0.1552494776929008
-1.25 -1 37 38 50.14765847562302 0.1477684799622451
-1.25 -1 38 39 49.14378284847817 0.1407307660760116
-1.25 -1 39 40 48.08009726734474 0.1341029281438763
-1.25 -1 40 41 46.97273968029589 0.1278547016228442
-1.25 -1 41 42 45.83509947442661 0.1219586095005088
-1.25 -1 42 43 44.67827218280831 0.116389652838209
-1.25 -1 43 44 43.51143555294431 0.1111250414189222
-1.25 -1 44 45 42.34216148560228 0.1061439588944818
-1.25 -1 45 46 41.17549443573392 0.1018070018703881
-1.25 -1 46 47 40.01875231025542 0.09953729442127643
-1.25 -1 47 48 38.87489364482411 0.09955523880958786
-1.25 -1 48 49 37.74726878945859 0.1017463990559171
-1.25 -1 49 50 36.63836297926733 0.1089605367265194
-1 -0.75 0 1 6110.502700074876 2.298584992127301
-1 -0.75 1 2 -1305.252839424644 2.077409254924946
-1 -0.75 2 3 -5484.744920978992 1.561257680696659
-1 -0.75 3 4 -4465.179219551788 1.517886238444693
-1 -0.75 4 5 -3304.07397035414 1.361566676759347
-1 -0.75 5 6 -2418.027537129351 1.210632421590713
-1 -0.75 6 7 -1779.772318604829 1.080400974208818
-1 -0.75 7 8 -1321.633605539563 0.9699726953011235
-1 -0.75 8 9 -989.3441508849814 0.8758440376552776
-1 -0.75 9 10 -744.9490894690412 0.7947359891731712
-1 -0.75 10 11 -562.5671116392596 0.7250201066688543
-1 -0.75 11 12 -424.7727070660712 0.6640119990134432
-1 -0.75 12 13 -319.4619909904461 0.6104025956897758
-1 -0.75 13 14 -238.1930929614639 0.5629875685061377
-1 -0.75 14 15 -174.9650576093629 0.520805115892878
-1 -0.75 15 16 -125.4439155190046 0.4830791681718496
-1 -0.75 16 17 -86.45280178400185 0.4491773026040896
-1 -0.75 17 18 -55.63100140484562 0.4185793788970522
-1 -0.75 18 19 -31.20230054789613 0.3908539346101391
-1 -0.75 19 20 -11.81508750617377 0.3656402344990354
-1 -0.75 20 21 3.569716903666176 0.3426344692371327
-1 -0.75 21 22 15.7583469585079 0.3215790445952664
-1 -0.75 22 23 25.38162371567682 0.3022541814595144
-1 -0.75 23 24 32.93686866634391 0.2844712747068009
-1 -0.75 24 25 38.81885008591598 0.2680675966343618
-1 -0.75 25 26 43.34287882520687 0.2529020398979846
-1 -0.75 26 27 46.76221750321531 0.2388516701162633
-1 -0.75 27 28 49.2813245514775 0.2258089157289246
-1 -0.75 28 29 51.06601589494483 0.213679261135392
-1 -0.75 29 30 52.25132336509546 0.2023793421758531
-1 -0.75 30 31 52.94761660997324 0.1918353641572921
-1 -0.75 31 32 53.24540473421291 0.1819817804810503
-1 -0.75 32 33 53.2191262634426 0.1727601839043189
-1 -0.75 33 34 52.93015823261032 0.1641183701038419
-1 -0.75 34 35 52.42921840977641 0.1560095457125648
-1 -0.75 35 36 51.75829288281062 0.1483916522203687
-1 -0.75 36 37 50.9521901596122 0.1412267895775881
-1 -0.75 37 38 50.03979978022187 0.1344807208556351
-1 -0.75 38 39 49.04511587267967 0.1281224456517061
-1 -0.75 39 40 47.98807277138809 0.1221238319656754
-1 -0.75 40 41 46.88522981420829 0.1164592954524335
-1 -0.75 41 42 45.75033430787033 0.1111055224624707
-1 -0.75 42 43 44.59478597606369 0.106041226175115
-1 -0.75 43 44 43.4280211944602 0.1012469351240421
-1 -0.75 44 45 42.25783179244911 0.09670480575212263
-1 -0.75 45 46 41.08942439054044 0.09320053294889206
-1 -0.75 46 47 39.93032170395048 0.09367165882168847
-1 -0.75 47 48 38.78359238049833 0.09822832592965447
-1 -0.75 48 49 37.65270118045731 0.1061417644360127
-1 -0.75 49 50 36.54022380618511 0.1145154933221989
-0.75 -0.5 0 1 6365.251791752376 3.302335706527419
-0.75 -0.5 1 2 -1077.694943556264 2.791764626363257
-0.75 -0.5 2 3 -5491.741859297616 1.568030387112881
-0.75 -0.5 3 4 -4505.189799114054 1.534390126204596
-0.75 -0.5 4 5 -3345.382477724846 1.378525680618087
-0.75 -0.5 5 6 -2454.462021817139 1.225156996949309
-0.75 -0.5 6 7 -1810.623435979785 1.091883847813492
-0.75 -0.5 7 8 -1347.479694585043 0.9784827087320577
-0.75 -0.5 8 9 -1010.986637147616 0.8981431877788679
-0.75 -0.5 9 10 -763.1290273686282 0.8280220192859129
-0.75 -0.5 10 11 -577.9140496694686 0.7648780476417905
-0.75 -0.5 11 12 -437.7923058854567 0.7076669540073417
-0.75 -0.5 12 13 -330.5628210419616 0.6560944799612961
-0.75 -0.5 13 14 -247.7038084005819 0.609586223906981
-0.75 -0.5 14 15 -183.1509452977957 0.5675753343738557
-0.75 -0.5 15 16 -132.5202147412674 0.5295398893070508
-0.75 -0.5 16 17 -92.59514727027477 0.4950145099921435
-0.75 -0.5 17 18 -60.98354136214971 0.4635907266179347
-0.75 -0.5 18 19 -35.88400512436965 0.4349127202548319
-0.75 -0.5 19 20 -15.92466884280634 0.4086714895011048
-0.75 -0.5 20 21 -0.0500537221525974 0.3845988253889708
-0.75 -0.5 21 22 12.55942918368305 0.362461687731097
-0.75 -0.5 22 23 22.54553694287347 0.3420572006600353
-0.75 -0.5 23 24 30.41459353160633 0.3232083099795317
-0.75 -0.5 24 25 36.56881449553953 0.3057600649031539
-0.75 -0.5 25 26 41.32969974664638 0.2895764588603054
-0.75 -0.5 26 27 44.95567747372036 0.2745377530484922
-0.75 -0.5 27 28 47.65553485574264 0.2605382133058938
-0.75 -0.5 28 29 49.59872908953207 0.2474841941247928
-0.75 -0.5 29 30 50.92336596465157 0.2352925154836688
-0.75 -0.5 30 31 51.7424189611769 0.2238890842677554
-0.75 -0.5 31 32 52.14860988942439 0.2132077211047622
-0.75 -0.5 32 33 52.21826336245329 0.2031891589605392
-0.75 -0.5 33 34 52.01436879234166 0.1937801859353324
-0.75 -0.5 34 35 51.58902618129707 0.1849329099009935
-0.75 -0.5 35 36 50.98540972502957 0.1766041247879677
-0.75 -0.5 36 37 50.23935179394994 0.1687547644183607
-0.75 -0.5 37 38 49.38062642272735 0.1613494282454578
-0.75 -0.5 38 39 48.43399364386789 0.1543559711900305
-0.75 -0.5 39 40 47.4200525175055 0.1477451449612986
-0.75 -0.5 40 41 46.35594055814374 0.141490286106853
-0.75 -0.5 41 42 45.25590903048499 0.1355670421387142
-0.75 -0.5 42 43 44.13179782016181 0.1299531318665877
-0.75 -0.5 43 44 42.99342849622104 0.124628133897294
-0.75 -0.5 44 45 41.84893061712347 0.1195733005568036
-0.75 -0.5 45 46 40.70379047846751 0.1151499599755358
-0.75 -0.5 46 47 39.56582102417457 0.1127724837047923
-0.75 -0.5 47 48 38.4383045129328 0.1126561959712028
-0.75 -0.5 48 49 37.3249091764059 0.1146984740790527
-0.75 -0.5 49 50 36.22838906764309 0.1175184707648073
-0.5 -0.25 0 1 6536.836527049318 3.403966292182424
-0.5 -0.25 1 2 -928.3835546007158 2.416411827572707
-0.5 -0.25 2 3 -5500.590964928057 1.547050730319814
-0.5 -0.25 3 4 -4535.269676126936 1.53182089240476
-0.5 -0.25 4 5 -3375.343551409866 1.439882686617237
-0.5 -0.25 5 6 -2480.341847697294 1.354252643324849
-0.5 -0.25 6 7 -1832.143753548259 1.246852350488759
-0.5 -0.25 7 8 -1365.191924875049 1.140901050546875
-0.5 -0.25 8 9 -1025.550600943063 1.043404163554507
-0.5 -0.25 9 10 -775.1359882269116 0.9560071166260884
-0.5 -0.25 10 11 -587.8503223574712 0.8776717572776978
-0.5 -0.25 11 12 -446.0463423131764 0.808121423367859
-0.5 -0.25 12 13 -337.4442893817181 0.7461519300199599
-0.5 -0.25 13 14 -253.4594646557862 0.6907918396340089
-0.5 -0.25 14 15 -187.9783017470168 0.6411750959270514
-0.5 -0.25 15 16 -136.5782906964264 0.5965506832709694
-0.5 -0.25 16 17 -96.01276481515424 0.5562752814111996
-0.5 -0.25 17 18 -63.8656960095891 0.5198004100986352
-0.5 -0.25 18 19 -38.31676757635978 0.4866587825267191
-0.5 -0.25 19 20 -17.97897610189762 0.4564516971416294
-0.5 -0.25 20 21 -1.784660744900066 0.428838049680351
-0.5 -0.25 21 22 11.09563488199569 0.4035250257230861
-0.5 -0.25 22 23 21.31170715645544 0.3802603262941164
-0.5 -0.25 23 24 29.37646540748358 0.3588257194115938
-0.5 -0.25 24 25 35.69754655667668 0.3390317033037627
-0.5 -0.25 25 26 40.60093432446229 0.3207130899242926
-0.5 -0.25 26 27 44.34878119082316 0.3037253443436909
-0.5 -0.25 27 28 47.1529800815598 0.2879415428874531
-0.5 -0.25 28 29 49.18558772694598 0.2732498367807187
-0.5 -0.25 29 30 50.58689327589559 0.2595513312422006
-0.5 -0.25 30 31 51.47170996586192 0.2467583035623175
-0.5 -0.25 31 32 51.93431455483767 0.2347927021636935
-0.5 -0.25 32 33 52.05234965065256 0.2235848765466127
-0.5 -0.25 33 34 51.88992483686832 0.2130724986207064
-0.5 -0.25 34 35 51.50009458775816 0.2031996430997766
-0.5 -0.25 35 36 50.92684835009464 0.1939160019766223
-0.5 -0.25 36 37 50.20671642599808 0.185176208988816
-0.5 -0.25 37 38 49.37007164183831 0.1769392587325682
-0.5 -0.25 38 39 48.44218882252306 0.1691680042859983
-0.5 -0.25 39 40 47.44411046474158 0.1618287224297286
-0.5 -0.25 40 41 46.3933567607753 0.1548907345310217
-0.5 -0.25 41 42 45.30450979233285 0.1483260774695912
-0.5 -0.25 42 43 44.18969590017122 0.1421092147661814
-0.5 -0.25 43 44 43.05898507846769 0.1362167836840759
-0.5 -0.25 44 45 41.92072264039609 0.1306273733453427
-0.5 -0.25 45 46 40.78057077428582 0.1256761566320279
-0.5 -0.25 46 47 39.64652881287327 0.1226897612250351
-0.5 -0.25 47 48 38.52200972251836 0.1218855150669592
-0.5 -0.25 48 49 37.41080594207762 0.1231959161396376
-0.5 -0.25 49 50 36.31578057308593 0.125330773422193
-0.25 0 0 1 6624.704772564169 3.626962986030712
-0.25 0 1 2 -849.8980869584057 3.090910658844745
-0.25 0 2 3 -5502.269114192499 1.565296849487859
-0.25 0 3 4 -4547.402431147644 1.541183731477902
-0.25 0 4 5 -3387.298956139639 1.388359174575124
-0.25 0 5 6 -2490.30069707585 1.236110365209385
-0.25 0 6 7 -1840.068571614964 1.122703992111999
-0.25 0 7 8 -1371.404644487292 1.03928858788502
-0.25 0 8 9 -1030.394464296875 0.9586960158684521
-0.25 0 9 10 -778.9011085232055 0.8843465607110856
-0.25 0 10 11 -590.7690357700403 0.8162986259243574
-0.25 0 11 12 -448.296952312644 0.7550267519591967
-0.25 0 12 13 -339.165718046826 0.6998230556595244
-0.25 0 13 14 -254.7598879423044 0.6500682113393063
-0.25 0 14 15 -188.9425041712093 0.605150092320348
-0.25 0 15 16 -137.2731973594643 0.5645048763621979
-0.25 0 16 17 -96.49156787984612 0.5276299016953698
-0.25 0 17 18 -64.1709389149803 0.4940841676431184
-0.25 0 18 19 -38.48266593411449 0.4634837444938777
-0.25 0 19 20 -18.03317972639047 0.435495443252417
-0.25 0 20 21 -1.74960416420231 0.4098302653117401
-0.25 0 21 22 11.20168756897169 0.3862372873591169
-0.25 0 22 23 21.47384670050701 0.364498221459562
-0.25 0 23 24 29.58249557724776 0.3444226953196536
-0.25 0 24 25 35.93747528469487 0.3258442157904219
-0.25 0 25 26 40.86656758613481 0.3086167400251301
-0.25 0 26 27 44.63339693823445 0.2926117742842229
-0.25 0 27 28 47.45106505581077 0.2777159212972594
-0.25 0 28 29 49.4926240128882 0.2638288063462223
-0.25 0 29 30 50.89918445994283 0.2508613211710625
-0.25 0 30 31 51.7862390098179 0.238734133910201
-0.25 0 31 32 52.24862720093972 0.2273764210869544
-0.25 0 32 33 52.36445847744096 0.2167247873037788
-0.25 0 33 34 52.19823008586013 0.2067223401566523
-0.25 0 34 35 51.80331866817636 0.1973178970451307
-0.25 0 35 36 51.22398153189295 0.188465303062443
-0.25 0 36 37 50.49697171889159 0.1801228420730754
-0.25 0 37 38 49.65284723553413 0.1722527270220556
-0.25 0 38 39 48.71703676895788 0.1648206579697184
-0.25 0 39 40 47.7107105251319 0.1577954372602346
-0.25 0 40 41 46.6514945373969 0.1511486337079413
-0.25 0 41 42 45.55405842109678 0.1448542887661598
-0.25 0 42 43 44.4306007086916 0.1388886588759121
-0.25 0 43 44 43.29125071986783 0.1332299891288894
-0.25 0 44 45 42.14440229502713 0.1278583131889379
-0.25 0 45 46 40.99575010423985 0.1231221768479897
-0.25 0 46 47 39.85333920871994 0.1203929596901642
-0.25 0 47 48 38.72060089210277 0.1198893995109352
-0.25 0 48 49 37.60134750697222 0.1215316902293459
-0.25 0 49 50 36.49845708244465 0.1239848914857327
0 0.25 0 1 6624.204161928578 3.626959656836902
0 0.25 1 2 -850.8326347103798 3.090884605698526
0 0.25 2 3 -5502.877487557673 1.565218229999001
0 0.25 3 4 -4547.577456281326 1.541118995039827
0 0.25 4 5 -3387.230450855112 1.388324849369047
0 0.25 5 6 -2490.134387598954 1.236108177665327
0 0.25 6 7 -1839.877136717515 1.122725832749605
0 0.25 7 8 -1371.220533906097 1.039324628814975
0 0.25 8 9 -1030.229708739457 0.9587377121137679
0 0.25 9 10 -778.7581942235788 0.8843870326585371
0 0.25 10 11 -590.6470848569447 0.8163386411337681
0 0.25 11 12 -448.1927849943168 0.7550635400180743
0 0.25 12 13 -339.0761804140216 0.6998561318602393
0 0.25 13 14 -254.6821299994149 0.6500975638971883
0 0.25 14 15 -188.8741543491617 0.6051759483107287
0 0.25 15 16 -137.2123725950605 0.5645275654290092
0 0.25 16 17 -96.43681575669848 0.5276497810409047
0 0.25 17 18 -64.12115923886472 0.4941015836096163
0 0.25 18 19 -38.43703364089424 0.4634990149890135
0 0.25 19 20 -17.99107798630962 0.4355088511908639
0 0.25 20 21 -1.710570112328924 0.409842058104004
0 0.25 21 22 11.23800500865809 0.3862476794581262
0 0.25 22 23 21.50771860498685 0.3645073974046543
0 0.25 23 24 29.61413641681236 0.3444308137898994
0 0.25 24 25 35.96705979120043 0.325851413020877
0 0.25 25 26 40.89424269298809 0.3086231332013173
0 0.25 26 27 44.65929008102421 0.2926174640739884
0 0.25 27 28 47.47528983784662 0.2777209944958994
0 0.25 28 29 49.51528399457834 0.2638333380099314
0 0.25 29 30 50.92037563955591 0.2508653762038429
0 0.25 30 31 51.8060514061907 0.2387377685576397
0 0.25 31 32 52.26714583603211 0.2273796842969181
0 0.25 32 33 52.38176396691688 0.2167277218071875
0 0.25 33 34 52.21439898469509 0.2067249830286282
0 0.25 34 35 51.81842366836048 0.1973202809686425
0 0.25 35 36 51.23809158046606 0.1884674565321287
0 0.25 36 37 50.51015209722902 0.180124790073103
0 0.25 37 38 49.66515962698213 0.1722544916480718
0 0.25 38 39 48.72853932951449 0.1648222585338907
0 0.25 39 40 47.72145796597749 0.1577968910491285
0 0.25 40 41 46.66153822057498 0.1511499556741106
0 0.25 41 42 45.56344647074462 0.1448554923997571
0 0.25 42 43 44.43937813452595 0.138889755968911
0 0.25 43 44 43.29945955151277 0.1332309902712599
0 0.25 44 45 42.15208172376759 0.1278592277585003
0 0.25 45 46 41.00293658946418 0.1231230252062441
0 0.25 46 47 39.86006673684727 0.1203938043003584
0 0.25 47 48 38.72690100682689 0.119890301529082
0 0.25 48 49 37.60724950987029 0.1215326985120715
0 0.25 49 50 36.50398814441155 0.1239860094510015
0.25 0.5 0 1 6535.40958476239 3.403958250066077
0.25 0.5 1 2 -931.042568145675 2.416340360822044
0.25 0.5 2 3 -5502.314667659097 1.546896957327057
0.25 0.5 3 4 -4535.760542272094 1.531711430588719
0.25 0.5 4 5 -3375.147044497422 1.439838754142685
0.25 0.5 5 6 -2479.872355692439 1.354262360242273
0.25 0.5 6 7 -1831.606041758494 1.246895845554572
0.25 0.5 7 8 -1364.67651604158 1.14096449983332
0.25 0.5 8 9 -1025.090469539389 1.043474405183415
0.25 0.5 9 10 -774.737434404205 0.9560718659765981
0.25 0.5 10 11 -587.5104424881069 0.8777371314206768
0.25 0.5 11 12 -445.7558906167128 0.8081816450323528
0.25 0.5 12 13 -337.1942511959733 0.7462063863271505
0.25 0.5 13 14 -253.2417816703964 0.6908405582209535
0.25 0.5 14 15 -187.7863287801174 0.6412184278024599
0.25 0.5 15 16 -136.4067977300181 0.5965891175908811
0.25 0.5 16 17 -95.85775500897762 0.5563093435849125
0.25 0.5 17 18 -63.72417171537791 0.519830608910098
0.25 0.5 18 19 -38.18650464114921 0.4866855858159761
0.25 0.5 19 20 -17.85833023574151 0.4564755230091627
0.25 0.5 20 21 -1.672411825903737 0.4288592660017387
0.25 0.5 21 22 11.20040281954198 0.4035439532011588
0.25 0.5 22 23 21.40969561561565 0.3802772433885573
0.25 0.5 23 24 29.46822681572326 0.3588408676566376
0.25 0.5 24 25 35.78353090261226 0.3390452920443878
0.25 0.5 25 26 40.6815217355786 0.3207253009733037
0.25 0.5 26 27 44.42430420942594 0.3037363359622702
0.25 0.5 27 28 47.22373854359478 0.2879514529574657
0.25 0.5 28 29 49.25185843479642 0.273258785821842
0.25 0.5 29 30 50.6489360795091 0.2595594248555762
0.25 0.5 30 31 51.52977142526868 0.2467656343821782
0.25 0.5 31 32 51.98863001729831 0.2347993518055455
0.25 0.5 32 33 52.10314432783559 0.2235909168056451
0.25 0.5 33 34 51.93741428213605 0.2130779929098707
0.25 0.5 34 35 51.54448484424688 0.2032046475991468
0.25 0.5 35 36 50.96833594257254 0.1939205664072082
0.25 0.5 36 37 50.2454883087737 0.1851803774521837
0.25 0.5 37 38 49.40630516549123 0.1769430704180778
0.25 0.5 38 39 48.47605175523245 0.169171494023584
0.25 0.5 39 40 47.47576108168573 0.1618319213138959
0.25 0.5 40 41 46.42294400543352 0.1548936702802121
0.25 0.5 41 42 45.33217350335264 0.1483287748803192
0.25 0.5 42 43 44.21556709440432 0.1421116958148331
0.25 0.5 43 44 43.08318628117507 0.1362190682904519
0.25 0.5 44 45 41.94336824960908 0.1306294791699034
0.25 0.5 45 46 40.8017673563341 0.1256781316914189
0.25 0.5 46 47 39.66637575708251 0.1226917671514091
0.25 0.5 47 48 38.54059937572293 0.121887715091609
0.25 0.5 48 49 37.4282241510335 0.1231984457096599
0.25 0.5 49 50 36.33210699489987 0.1253336451483161
0.5 0.75 0 1 6362.985702657467 3.302334491300157
0.5 0.75 1 2 -1081.902777643443 2.791738247009109
0.5 0.75 2 3 -5494.44146128534 1.567908063445175
0.5 0.75 3 4 -4505.927397672924 1.534268036311299
0.5 0.75 4 5 -3345.041046148373 1.378458520468155
0.5 0.75 5 6 -2453.703053101265 1.225147409141526
0.5 0.75 6 7 -1809.768786606371 1.091911856407224
0.5 0.75 7 8 -1346.668573707702 0.9785338305519635
0.5 0.75 8 9 -1010.266867992972 0.8977965284176024
0.5 0.75 9 10 -762.5103156139417 0.8284807121672872
0.5 0.75 10 11 -577.3879280996944 0.7649287375545016
0.5 0.75 11 12 -437.3439633122284 0.7077131767409151
0.5 0.75 12 13 -330.177514403586 0.6561359013044722
0.5 0.75 13 14 -247.3685849538156 0.6096229898473055
0.5 0.75 14 15 -182.8552491808396 0.5676078150009969
0.5 0.75 15 16 -132.2558170117063 0.5295685403607526
0.5 0.75 16 17 -92.35581368992507 0.4950397991749877
0.5 0.75 17 18 -60.76463627819271 0.463613095980823
0.5 0.75 18 19 -35.68211975356962 0.4349325689789797
0.5 0.75 19 20 -15.73730706745391 0.408689168189285
0.5 0.75 20 21 0.1246180903374352 0.3846146365003126
0.5 0.75 21 22 12.72277359415648 0.3624758892009743
0.5 0.75 22 23 22.69858758229657 0.3420700109691629
0.5 0.75 23 24 30.55815808959642 0.3232199133529084
0.5 0.75 24 25 36.70354769755261 0.3057706166069386
0.5 0.75 25 26 41.45615394998629 0.2895860896199157
0.5 0.75 26 27 45.0743369430653 0.274546573469059
0.5 0.75 27 28 47.76683837793314 0.2605463168819573
0.5 0.75 28 29 49.703084425052 0.2474916603820781
0.5 0.75 29 30 51.02115870457772 0.2352994124086039
0.5 0.75 30 31 51.83401764579867 0.2238954704196326
0.5 0.75 31 32 52.23436870619764 0.2132136466799524
0.5 0.75 32 33 52.29852333993608 0.2031946678482908
0.5 0.75 33 34 52.08945811726937 0.1937853163421682
0.5 0.75 34 35 51.65926005687896 0.1849376953419801
0.5 0.75 35 36 51.05109003906063 0.1766085949886289
0.5 0.75 36 37 50.30076676396857 0.1687589454720832
0.5 0.75 37 38 49.4380503123495 0.1613533436383078
0.5 0.75 38 39 48.48768660162597 0.1543596418721341
0.5 0.75 39 40 47.47026055301484 0.1477485896890592
0.5 0.75 40 41 46.40289565710253 0.1414935218186981
0.5 0.75 41 42 45.29982939628138 0.1355700842417899
0.5 0.75 42 43 44.17288822194735 0.1299559942126182
0.5 0.75 43 44 43.03188070830112 0.12463082913368
0.5 0.75 44 45 41.88492392383972 0.119575840386786
0.5 0.75 45 46 40.73749211440287 0.1151524032634559
0.5 0.75 46 47 39.59738706110329 0.1127750655704086
0.5 0.75 47 48 38.46788013234482 0.1126591609476881
0.5 0.75 48 49 37.35262945802947 0.1147020292699092
0.5 0.75 49 50 36.25437944838066 0.1175226325803319
0.75 1 0 1 6107.454828043705 2.29850835747727
0.75 1 1 2 -1310.908064072765 2.076911462649449
0.75 1 2 3 -5488.36581996912 1.560633904879193
0.75 1 3 4 -4466.160812121459 1.517851116422725
0.75 1 4 5 -3303.606792222005 1.361997936982047
0.75 1 5 6 -2417.00091987126 1.211272492536173
0.75 1 6 7 -1778.618280127067 1.081074763316054
0.75 1 7 8 -1320.538862257323 0.9705903300222851
0.75 1 8 9 -988.3738690133891 0.8763802976702859
0.75 1 9 10 -744.1132265969882 0.7952004381062356
0.75 1 10 11 -561.8573040986803 0.7253955618345945
0.75 1 11 12 -424.168051258659 0.6643190030970343
0.75 1 12 13 -318.9426634299737 0.6106520239860429
0.75 1 13 14 -237.7416588396684 0.5631893617550039
0.75 1 14 15 -174.5672874008801 0.5209679025569781
0.75 1 15 16 -125.0886951389837 0.4832102396896524
0.75 1 16 17 -86.13169096604588 0.4492827229003863
0.75 1 17 18 -55.33770576625466 0.4186641371603766
0.75 1 18 19 -30.93217555178012 0.3909221032804179
0.75 1 19 20 -11.56471871866711 0.3656951173883123
0.75 1 20 21 3.802848424541708 0.3426787330618337
0.75 1 21 22 15.97612103751294 0.3216148332722588
0.75 1 22 23 25.58547178201377 0.3022832124583227
0.75 1 23 24 33.12791225186493 0.2844949202574217
0.75 1 24 25 38.99799925210993 0.2680869505814255
0.75 1 25 26 43.51090066492065 0.2529179724122835
0.75 1 26 27 46.91978278614658 0.2388648725943719
0.75 1 27 28 49.4290387202592 0.2258199367347565
0.75 1 28 29 51.20443907501078 0.2136885356050645
0.75 1 29 30 52.38098282029227 0.2023872147929347
0.75 1 30 31 53.06901412337049 0.191842107933708
0.75 1 31 32 53.35902068087944 0.1819876117757839
0.75 1 32 33 53.32542160573314 0.1727652741073269
0.75 1 33 34 53.02957528382024 0.1641228551962624
0.75 1 34 35 52.52218092994991 0.1560135336329206
0.75 1 35 36 51.84520587510002 0.1483952287196061
0.75 1 36 37 51.03343959425422 0.1412300230068725
0.75 1 37 38 50.11575237997209 0.1344836658248364
0.75 1 38 39 49.11611903231432 0.128125145751783
0.75 1 39 40 48.05445463665615 0.1221263223192903
0.75 1 40 41 46.94729952497585 0.1164616043878783
0.75 1 41 42 45.80838239279876 0.111107672929746
0.75 1 42 43 44.64908487749045 0.1060432369350054
0.75 1 43 44 43.47882589962154 0.10124882137509
0.75 1 44 45 42.30538054699809 0.09670658023733597
0.75 1 45 46 41.13393930374701 0.09320226581614335
0.75 1 46 47 39.97200998489092 0.09367363008657897
0.75 1 47 48 38.82264669152113 0.0982308019718573
0.75 1 48 49 37.68930071385523 0.1061449381929361
0.75 1 49 50 36.574534906483 0.1145193423843762
1 1.25 0 1 5782.608820827072 1.577209545277344
1 1.25 1 2 -1605.697046544394 0.7127059942588064
1 1.25 2 3 -5488.878829026901 2.063114925712012
1 1.25 3 4 -4426.603278225111 1.966994783200365
1 1.25 4 5 -3262.782016521133 1.734430699457584
1 1.25 5 6 -2381.927236051954 1.517214676494709
1 1.25 6 7 -1749.844064813683 1.333764288187167
1 1.25 7 8 -1297.22132004343 1.181385119993912
1 1.25 8 9 -969.5054825814959 1.053811187040795
1 1.25 9 10 -728.8062399439541 0.9472204898573787
1 1.25 10 11 -549.3889705952265 0.8559755808327963
1 1.25 11 12 -413.972712375481 0.7777964816249054
1 1.25 12 13 -310.5744982682504 0.7100661872978621
1 1.25 13 14 -230.8498792991795 0.6509144026787861
1 1.25 14 15 -168.8745099785658 0.5988810526582748
1 1.25 15 16 -120.374249704493 0.5528131881202462
1 1.25 16 17 -82.21892266038844 0.51178997449748
1 1.25 17 18 -52.08433543502179 0.4750679600483042
1 1.25 18 19 -28.22295692668968 0.4420408124650985
1 1.25 19 20 -9.305811499958281 0.4122093877527049
1 1.25 20 21 5.688221162944501 0.3851592285129488
1 1.25 21 22 17.55104907631198 0.3605434572018971
1 1.25 22 23 26.9020018376815 0.3380696285738788
1 1.25 23 24 34.22913318035057 0.3174895212189535
1 1.25 24 25 39.91969736523583 0.2985911329154379
1 1.25 25 26 44.28288190124749 0.2811923481798084
1 1.25 26 27 47.56693485235292 0.2651358843064824
1 1.25 27 28 49.97218889743442 0.2502852268396987
1 1.25 28 29 51.66105043006837 0.2365213354015646
1 1.25 29 30 52.76572186220994 0.223739955682795
1 1.25 30 31 53.39421562074574 0.2118494111012792
1 1.25 31 32 53.63506978524708 0.2007687776590587
1 1.25 32 33 53.56106915786222 0.1904263666722347
1 1.25 33 34 53.23219888736895 0.1807584564349072
1 1.25 34 35 52.69800182216966 0.1717082261236058
1 1.25 35 36 51.99946962293734 0.1632248566101598
1 1.25 36 37 51.17056708141769 0.15526276673701
1 1.25 37 38 50.2394663047719 0.1477809633123925
1 1.25 38 39 49.22955015351062 0.1407424851779263
1 1.25 39 40 48.16023122273958 0.1341139252140415
1 1.25 40 41 47.04762282479084 0.1278650189258323
1 1.25 41 42 45.90509044874995 0.1219682886331876
1 1.25 42 43 44.74370658265656 0.1163987338539272
1 1.25 43 44 43.57262687690644 0.1111335628943642
1 1.25 44 45 42.39940215119236 0.1061519575386324
1 1.25 45 46 41.22905658462685 0.1018146133532236
1 1.25 46 47 40.06888959220851 0.09954501410123864
1 1.25 47 48 38.92184155151048 0.09956355600728596
1 1.25 48 49 37.79124609829927 0.1017556905402018
1 1.25 49 50 36.67957256798113 0.108970394919004
1.25 1.5 0 1 5410.226617639288 3.140790136990193
1.25 1.5 1 2 -1913.867002007676 3.786667040313477
1.25 1.5 2 3 -5452.650596524198 1.692702445344225
1.25 1.5 3 4 -4349.021928084559 1.626946047706308
1.25 1.5 4 5 -3189.505516255779 1.451994075793968
1.25 1.5 5 6 -2320.407051119728 1.281509879187987
1.25 1.5 6 7 -1699.797874133123 1.133259350176982
1.25 1.5 7 8 -1256.82395215977 1.007387377065663
1.25 1.5 8 9 -936.8891959030025 0.9016328893858052
1.25 1.5 9 10 -702.3934543012692 0.8104423776100441
1.25 1.5 10 11 -527.9137942145139 0.7333509888299983
1.25 1.5 11 12 -396.4515544515248 0.6665510425685719
1.25 1.5 12 13 -296.2359995112233 0.6084668815337695
1.25 1.5 13 14 -219.0887759330647 0.5576004757023704
1.25 1.5 14 15 -159.2129186422792 0.5127627438128889
1.25 1.5 15 16 -112.4321941614103 0.4730029948190181
1.25 1.5 16 17 -75.69211567128013 0.4375546617089987
1.25 1.5 17 18 -46.72742877195014 0.4057941949147292
1.25 1.5 18 19 -23.83685360015465 0.3772099942051541
1.25 1.5 19 20 -5.727988035587259 0.3513788446364778
1.25 1.5 20 21 8.591154678708563 0.3279479198193496
1.25 1.5 21 22 19.88911493561295 0.30662093470444
1.25 1.5 22 23 28.76635878308991 0.2871473925533322
1.25 1.5 23 24 35.69562151252671 0.2693141690314832
1.25 1.5 24 25 41.05164925890392 0.2529388678566864
1.25 1.5 25 26 45.13336417732864 0.2399567626013292
1.25 1.5 26 27 48.18055000959475 0.2280378416677515
1.25 1.5 27 28 50.38652981942573 0.2169202504830652
1.25 1.5 28 29 51.90788171051145 0.2065342280653542
1.25 1.5 29 30 52.87194394982771 0.1968174317165391
1.25 1.5 30 31 53.38265539363965 0.1877140292671165
1.25 1.5 31 32 53.52513163234755 0.1791739116889335
1.25 1.5 32 33 53.36927336980403 0.1711520099307209
1.25 1.5 33 34 52.97262856171142 0.1636077024885724
1.25 1.5 34 35 52.38267516007414 0.1565043001896569
1.25 1.5 35 36 51.63865111676085 0.149808598439668
1.25 1.5 36 37 50.77302845134682 0.1434904869222577
1.25 1.5 37 38 49.81270595278676 0.1375226081256743
1.25 1.5 38 39 48.7799782520508 0.1318800594830427
1.25 1.5 39 40 47.69332623790137 0.1265401320918888
1.25 1.5 40 41 46.56806421637407 0.1214820805975745
1.25 1.5 41 42 45.4168714449637 0.1166869213582391
1.25 1.5 42 43 44.25023023714039 0.1121372540176992
1.25 1.5 43 44 43.07678806418733 0.1078171044121418
1.25 1.5 44 45 41.9036577010981 0.1037117843327055
1.25 1.5 45 46 40.73551370090178 0.1001537443325486
1.25 1.5 46 47 39.57927137817077 0.09842541209152141
1.25 1.5 47 48 38.43761758203615 0.09870598392171542
1.25 1.5 48 49 37.31364255127926 0.1008967751094989
1.25 1.5 49 50 36.20960220123743 0.1037439238078783
1.5 1.75 0 1 4969.785564723868 0.9849282080144365
1.5 1.75 1 2 -2299.639653922604 0.8594851881232248
1.5 1.75 2 3 -5430.134848034431 1.765903158809463
1.5 1.75 3 4 -4269.322763169425 1.702145285881789
1.5 1.75 4 5 -3107.94568726636 1.514726951668181
1.5 1.75 5 6 -2247.991764759878 1.327605123519074
1.5 1.75 6 7 -1637.929485248683 1.164362767820152
1.5 1.75 7 8 -1204.537799508729 1.026657993176005
1.5 1.75 8 9 -892.7588225445334 0.9109475388247705
1.5 1.75 9 10 -665.0348794977676 0.8149704998230496
1.5 1.75 10 11 -496.1668951345173 0.7321809720574717
1.5 1.75 11 12 -369.3452340063263 0.6618865351849721
1.5 1.75 12 13 -272.9825072642434 0.601279814796893
1.5 1.75 13 14 -199.0485714804158 0.5486067404674477
1.5 1.75 14 15 -141.8659035172732 0.5024922121081498
1.5 1.75 15 16 -97.35376014746566 0.4618501811776906
1.5 1.75 16 17 -62.53392659044221 0.4258149947375606
1.5 1.75 17 18 -35.20222805515732 0.3936899916976885
1.5 1.75 18 19 -13.70650940340465 0.3649091637975665
1.5 1.75 19 20 3.205919619186488 0.3390084636085679
1.5 1.75 20 21 16.49476962836548 0.3156041759910694
1.5 1.75 21 22 26.90220612697783 0.2943764788959675
1.5 1.75 22 23 35.00702851906692 0.2750568249716608
1.5 1.75 23 24 41.26408264246913 0.2574181692092987
1.5 1.75 24 25 46.0332721667553 0.2412673292651369
1.5 1.75 25 26 49.60114798919471 0.2264389613645947
1.5 1.75 26 27 52.19713724293103 0.2127907685607993
1.5 1.75 27 28 54.00585698431951 0.200199660610011
1.5 1.75 28 29 55.17653804958525 0.1885586520865752
1.5 1.75 29 30 55.83029495229232 0.1777743396150711
1.5 1.75 30 31 56.06577577663597 0.1677648359229129
1.5 1.75 31 32 55.96358324554535 0.1584580682411081
1.5 1.75 32 33 55.58975630400636 0.1497903675165224
1.5 1.75 33 34 54.99852813269354 0.1417052929434526
1.5 1.75 34 35 54.23452303027955 0.1341526466500626
1.5 1.75 35 36 53.33451533585145 0.1270876451095296
1.5 1.75 36 37 52.32884442849394 0.1204702173286861
1.5 1.75 37 38 51.24255817015018 0.1142644092214123
1.5 1.75 38 39 50.09634075629128 0.1084378746696336
1.5 1.75 39 40 48.9072685237997 0.1029614412918726
1.5 1.75 40 41 47.68942796030979 0.0978087343831381
1.5 1.75 41 42 46.45442261819511 0.09295585581500182
1.5 1.75 42 43 45.21179035478019 0.08838110295449009
1.5 1.75 43 44 43.96934771111768 0.08406472649562063
1.5 1.75 44 45 42.73347495850561 0.07998871896403686
1.5 1.75 45 46 41.50822764453446 0.07685236270543752
1.5 1.75 46 47 40.29990369458991 0.07727061011842228
1.5 1.75 47 48 39.11070970026265 0.08133251934203398
1.5 1.75 48 49 37.94328502642119 0.0883837260055106
1.5 1.75 49 50 36.79949698857405 0.0958351964934281
1.75 2 0 1 4505.523351708451 1.068453907077171
1.75 2 1 2 -2691.367851600723 2.775175497448914
1.75 2 2 3 -5402.026703222851 2.772052441482098
1.75 2 3 4 -4196.29006253835 2.262920942076627
1.75 2 4 5 -3041.293567097857 1.85818606972533
1.75 2 5 6 -2194.155912516505 1.557078893536017
1.75 2 6 7 -1595.66535573678 1.329251291709419
1.75 2 7 8 -1171.528809431605 1.151972921477869
1.75 2 8 9 -866.8927948479322 1.011458144392448
1.75 2 9 10 -644.6333773517563 0.8961948407566037
1.75 2 10 11 -480.0654336040507 0.8012476839806025
1.75 2 11 12 -356.5757239742009 0.721232452865976
1.75 2 12 13 -262.8338397607715 0.6530477443501863
1.75 2 13 14 -190.9759470777549 0.5943078374906895
1.75 2 14 15 -135.4478383321889 0.5432287803673231
1.75 2 15 16 -92.26110259873963 0.4984498332276195
1.75 2 16 17 -58.50741555392779 0.4589146834693464
1.75 2 17 18 -32.03608058514033 0.4237905138279238
1.75 2 18 19 -11.23628160312728 0.392411622399277
1.75 2 19 20 5.112416096220613 0.3642393393052629
1.75 2 20 21 17.94434150304608 0.3388329930986804
1.75 2 21 22 27.98153548348262 0.315828524437043
1.75 2 22 23 35.78673241807473 0.2949224886406947
1.75 2 23 24 41.80187594330619 0.2758599222620775
1.75 2 24 25 46.37645149661603 0.2584250229830531
1.75 2 25 26 49.78855676376554 0.2424339076604241
1.75 2 26 27 52.26073038078573 0.2277289253077771
1.75 2 27 28 53.97195428034263 0.2141741475410742
1.75 2 28 29 55.06683356947656 0.2016517608578976
1.75 2 29 30 55.66267392583813 0.1900591565128006
1.75 2 30 31 55.8549786482605 0.1793065639201639
1.75 2 31 32 55.72174767686818 0.1693151146288227
1.75 2 32 33 55.32686120645269 0.1600152452190739
1.75 2 33 34 54.72275867973752 0.1513453740339886
1.75 2 34 35 53.95257165000538 0.1432507964932106
1.75 2 35 36 53.05183062528448 0.1356827596496659
1.75 2 36 37 52.04983754439428 0.1285976812440632
1.75 2 37 38 50.97077437471575 0.121956488729136
1.75 2 38 39 49.83460231666402 0.1157240568935559
1.75 2 39 40 48.65779399201006 0.1098687272795351
1.75 2 40 41 47.45393191841799 0.1043618959001595
1.75 2 41 42 46.23419923085419 0.09917765829881225
1.75 2 42 43 45.00778345758653 0.09429250235371918
1.75 2 43 44 43.78220968569724 0.08968504291188423
1.75 2 44 45 42.5636162426776 0.08533578938752245
1.75 2 45 46 41.35589901320733 0.08162142593997289
1.75 2 46 47 40.16511186636856 0.08152885039305757
1.75 2 47 48 38.99336656949606 0.08524468180127252
1.75 2 48 49 37.84319182712002 0.0918150934518101
1.75 2 49 50 36.71635753742993 0.0987484689806587
2 2.25 0 1 4003.407519809483 1.03423888518788
2 2.25 1 2 -3093.400436821077 0.8464982489632003
2 2.25 2 3 -5343.249339239958 1.651347466116887
2 2.25 3 4 -4077.072841537326 1.530428775814945
2 2.25 4 5 -2923.558286870344 1.35097952471582
2 2.25 5 6 -2090.162087650817 1.191887021921066
2 2.25 6 7 -1506.72644267288 1.058217284768004
2 2.25 7 8 -1096.197864603344 0.9456920644883569
2 2.25 8 9 -803.1668724879441 0.8507833686803794
2 2.25 9 10 -590.6034914006746 0.7692917170971251
2 2.25 10 11 -434.0901268977038 0.6990665346096665
2 2.25 11 12 -317.2883620976049 0.6379864292956819
2 2.25 12 13 -229.1164856865048 0.5844760551710949
2 2.25 13 14 -161.9170190260106 0.5372917710196325
2 2.25 14 15 -110.3033868423574 0.4954409376693871
2 2.25 15 16 -70.42199026169669 0.4581229894701047
2 2.25 16 17 -39.47266290087191 0.4246859974404733
2 2.25 17 18 -15.39161583846885 0.3945943019095244
2 2.25 18 19 3.361883327016585 0.3674041181150037
2 2.25 19 20 17.95149135494898 0.3427449499994501
2 2.25 20 21 29.26530504279674 0.3203052782334418
2 2.25 21 22 37.98752356963075 0.2998214385035151
2 2.25 22 23 44.64974700988341 0.2810688924159772
2 2.25 23 24 49.6681741908402 0.2638553237568112
2 2.25 24 25 53.37089912212753 0.2480151310791468
2 2.25 25 26 56.01816292821491 0.2334050033897936
2 2.25 26 27 57.81753258306264 0.2199003375651863
2 2.25 27 28 58.93538440220743 0.2073923215681115
2 2.25 28 29 59.50566755046668 0.1957855411299321
2 2.25 29 30 59.63664559737106 0.1849960057971729
2 2.25 30 31 59.41612133262169 0.1749495122927263
2 2.25 31 32 58.91551405792455 0.1655802778581292
2 2.25 32 33 58.19306178242601 0.1568297955551232
2 2.25 33 34 57.29635113010227 0.1486458698595847
2 2.25 34 35 56.26432717599488 0.1409817998082708
2 2.25 35 36 55.12889836075249 0.133795685629066
2 2.25 36 37 53.91622419734142 0.127049836206049
2 2.25 37 38 52.64775311101198 0.1207102616322115
2 2.25 38 39 51.34106237523508 0.1147462373530885
2 2.25 39 40 50.01054049145768 0.1091299269685726
2 2.25 40 41 48.66794366541495 0.1038360565200591
2 2.25 41 42 47.32285101327216 0.09884163106730876
2 2.25 42 43 45.98303820792242 0.09412568784338163
2 2.25 43 44 44.65478501532175 0.08966908039638456
2 2.25 44 45 43.34312911363099 0.08545428973172962
2 2.25 45 46 42.05102092584744 0.08211945749470052
2 2.25 46 47 40.78359578905437 0.08204905655278388
2 2.25 47 48 39.54222583202468 0.08530786078686219
2 2.25 48 49 38.32875582899865 0.09127926051704185
2 2.25 49 50 37.14435164376522 0.09759936326164483
2.25 2.5 0 1 3476.955169154905 1.614094672135701
2.25 2.5 1 2 -3492.434236259436 0.9563498189301881
2.25 2.5 2 3 -5250.821613517399 1.69305491392106
2.25 2.5 3 4 -3934.959095321124 1.56035562599034
2.25 2.5 4 5 -2795.390467925015 1.420641807164038
2.25 2.5 5 6 -1984.47791771563 1.273307803971671
2.25 2.5 6 7 -1421.506375356999 1.137729330784429
2.25 2.5 7 8 -1027.697490018279 1.019304769875075
2.25 2.5 8 9 -747.9266087100254 0.9166492660098972
2.25 2.5 9 10 -545.819020619565 0.8282971731156339
2.25 2.5 10 11 -397.5807938799471 0.7516808032207771
2.25 2.5 11 12 -287.3713556237947 0.6849632478010246
2.25 2.5 12 13 -204.4910050913841 0.6265367791521596
2.25 2.5 13 14 -141.5708790109397 0.575082475763401
2.25 2.5 14 15 -93.44245053865143 0.5295236940268949
2.25 2.5 15 16 -56.41781476813412 0.488980448592493
2.25 2.5 16 17 -27.82375718812477 0.4527304584105592
2.25 2.5 17 18 -5.694643616089479 0.4201775768425845
2.25 2.5 18 19 11.43367413840861 0.3908267451122825
2.25 2.5 19 20 24.66457324668556 0.3642642699874451
2.25 2.5 20 21 34.83831221416369 0.3401423094398169
2.25 2.5 21 22 42.60083416025282 0.3181666365405056
2.25 2.5 22 23 48.45292937715863 0.2980869465371414
2.25 2.5 23 24 52.78582213241066 0.2796891389666754
2.25 2.5 24 25 55.90724054088025 0.2627891342655682
2.25 2.5 25 26 58.06072630860854 0.2472278920627945
2.25 2.5 26 27 59.44008359799977 0.2328673727614442
2.25 2.5 27 28 60.20029264487209 0.219587243778664
2.25 2.5 28 29 60.46582502627382 0.207282178831395
2.25 2.5 29 30 60.33703022501629 0.195859629604813
2.25 2.5 30 31 59.89507750586415 0.1852379791623897
2.25 2.5 31 32 59.20580635327076 0.1753450017930888
2.25 2.5 32 33 58.32274577176059 0.1661165739261668
2.25 2.5 33 34 57.28949597603878 0.1574955884786509
2.25 2.5 34 35 56.14161753251039 0.1494310384668562
2.25 2.5 35 36 54.9081375440968 0.1418772374598502
2.25 2.5 36 37 53.61275625202222 0.1347931566714164
2.25 2.5 37 38 52.27481798168685 0.1281418566699754
2.25 2.5 38 39 50.91009569725964 0.1218900002764259
2.25 2.5 39 40 49.53142736677103 0.1160074316378538
2.25 2.5 40 41 48.14923407534747 0.1104668134194552
2.25 2.5 41 42 46.77194314891358 0.1052433110762709
2.25 2.5 42 43 45.40633488012654 0.1003143189344227
2.25 2.5 43 44 44.05782741771907 0.09565922032234549
2.25 2.5 44 45 42.73071147533506 0.09125917841458732
2.25 2.5 45 46 41.42733283069467 0.08741945168189794
2.25 2.5 46 47 40.15217946795931 0.08533207146188969
2.25 2.5 47 48 38.9061769437931 0.08513208467899318
2.25 2.5 48 49 37.69074299809003 0.08666230746707873
2.25 2.5 49 50 36.50667237455266 0.092020719926187
2.5 2.75 0 1 2896.467402717904 2.083968113369958
2.5 2.75 1 2 -3927.892472723713 1.106009416103045
2.5 2.75 2 3 -5158.835947589439 2.854595437303777
2.5 2.75 3 4 -3785.836375382597 2.703133258677269
2.5 2.75 4 5 -2656.361285402671 2.362252448462051
2.5 2.75 5 6 -1866.12189829431 2.047146860065197
2.5 2.75 6 7 -1323.125034644082 1.782987252012657
2.5 2.75 7 8 -946.307242396043 1.565128804162348
2.5 2.75 8 9 -680.4589856270468 1.384454825367626
2.5 2.75 9 10 -489.6397307902628 1.233686432507363
2.5 2.75 10 11 -350.5554427719746 1.106407059779625
2.5 2.75 11 12 -247.7984751132665 0.9979576275523275
2.5 2.75 12 13 -171.0197614632168 0.9047175063453681
2.5 2.75 13 14 -113.126152664745 0.8238939995082205
2.5 2.75 14 15 -69.16410482486049 0.7533124001814381
2.5 2.75 15 16 -35.61334967254788 0.6912610903741798
2.5 2.75 16 17 -9.93192162903847 0.6363783855613572
2.5 2.75 17 18 9.742442204553527 0.5875697249813849
2.5 2.75 18 19 24.7919266719033 0.5439466370078689
2.5 2.75 19 20 36.25446931548026 0.5047813303912746
2.5 2.75 20 21 44.91772495583814 0.4694725620264396
2.5 2.75 21 22 51.38507378252427 0.4375197142022439
2.5 2.75 22 23 56.12265294807241 0.4085029054894767
2.5 2.75 23 24 59.49330785810344 0.3820675818613086
2.5 2.75 24 25 61.78139787307998 0.3579124675386307
2.5 2.75 25 26 63.21112196133276 0.3357800601211977
2.5 2.75 26 27 63.96019616641786 0.3154490708009218
2.5 2.75 27 28 64.17015850241251 0.2967283639285504
2.5 2.75 28 29 63.95420079990515 0.279452063756377
2.5 2.75 29 30 63.40316903234685 0.2634755751462821
2.5 2.75 30 31 62.59019483383241 0.2486723276969635
2.5 2.75 31 32 61.57429519993474 0.2349310939512781
2.5 2.75 32 33 60.40318818656101 0.2221537689068574
2.5 2.75 33 34 59.11550847485177 0.210253520697106
2.5 2.75 34 35 57.74256034726517 0.1991532426401503
2.5 2.75 35 36 56.30971178150196 0.1887842515318239
2.5 2.75 36 37 54.83750840170484 0.1790851870643791
2.5 2.75 37 38 53.34256754420085 0.1700010783899349
2.5 2.75 38 39 51.83829878047618 0.1614825483082797
2.5 2.75 39 40 50.33548676721279 0.1534851321999732
2.5 2.75 40 41 48.8427644742047 0.1459686935277916
2.5 2.75 41 42 47.36699855159219 0.1388969195148141
2.5 2.75 42 43 45.91360418435738 0.1322368855554054
2.5 2.75 43 44 44.48680300796389 0.1259586767407119
2.5 2.75 44 45 43.08983491708162 0.1200350587372126
2.5 2.75 45 46 41.72416303529596 0.1146651407930296
2.5 2.75 46 47 40.39337842843889 0.1106715733202607
2.5 2.75 47 48 39.09772936106717 0.1081698691825501
2.5 2.75 48 49 37.83799770288775 0.1070998071079781
2.5 2.75 49 50 36.61441387249175 0.1066406484407706
2.75 3 0 1 2261.848995763387 1.562552700122247
2.75 3 1 2 -4350.439700248759 4.544035639672017
2.75 3 2 3 -5009.451571328641 5.953496503725002
2.75 3 3 4 -3584.151822515447 5.060634484506492
2.75 3 4 5 -2474.818466697056 4.197862478060403
2.75 3 5 6 -1714.592497895338 3.515591021662228
2.75 3 6 7 -1199.072748533209 2.984790601278366
2.75 3 7 8 -845.0256297523338 2.567034824830972
2.75 3 8 9 -597.5083588856683 2.232481606830982
2.75 3 9 10 -421.3494982888592 1.960390335710261
2.75 3 10 11 -294.0146109778514 1.735664392580663
2.75 3 11 12 -200.7259020687645 1.547644805695019
2.75 3 12 13 -131.6288314900876 1.388519235922513
2.75 3 13 14 -80.01117635516971 1.252481033916697
2.75 3 14 15 -41.21166292672274 1.135140001818765
2.75 3 15 16 -11.93490868051504 1.033124035846526
2.75 3 16 17 10.18697546618137 0.9438054015356382
2.75 3 17 18 26.8805098999419 0.8651094015945416
2.75 3 18 19 39.42119776513448 0.7953783694426291
2.75 3 19 20 48.76247667375912 0.733273433782867
2.75 3 20 21 55.62456360855299 0.6777024958494824
2.75 3 21 22 60.55662995154125 0.6277666874584154
2.75 3 22 23 63.98094226342039 0.5827200527003779
2.75 3 23 24 66.22461621325374 0.541938824657641
2.75 3 24 25 67.54273863769947 0.5048977549324958
2.75 3 25 26 68.13539301565697 0.4711516903150888
2.75 3 26 27 68.16032524378437 0.4403210969414206
2.75 3 27 28 67.74245559741291 0.4120805862314375
2.75 3 28 29 66.98108481040396 0.3861497447186321
2.75 3 29 30 65.95539734703453 0.3622857497165703
2.75 3 30 31 64.72869567146603 0.3402773797720332
2.75 3 31 32 63.35168063087264 0.3199401241590683
2.75 3 32 33 61.86500907429655 0.3011121645888409
2.75 3 33 34 60.30129976113182 0.2836510537706427
2.75 3 34 35 58.68671518769577 0.2674309552057293
2.75 3 35 36 57.04221532597046 0.2523403367056496
2.75 3 36 37 55.38455597250771 0.23828003396384
2.75 3 37 38 53.72708720591612 0.2251616169737672
2.75 3 38 39 52.08039452740118 0.2129060058415581
2.75 3 39 40 50.45281555780386 0.2014422930566944
2.75 3 40 41 48.85085793350973 0.1907067373130031
2.75 3 41 42 47.2795382483977 0.1806419007182868
2.75 3 42 43 45.7426578147014 0.1711959060982035
2.75 3 43 44 44.24302756839097 0.1623217958046642
2.75 3 44 45 42.78265191593317 0.1539769760926227
2.75 3 45 46 41.3619604827129 0.1462810450166983
2.75 3 46 47 39.98348933203729 0.1398016196696842
2.75 3 47 48 38.64669946950934 0.1346213104047095
2.75 3 48 49 37.35163429138342 0.1307120745257676
2.75 3 49 50 36.09786819782411 0.1274917532231802
3 3.25 0 1 1576.16175031851 1.192849100573617
3 3.25 1 2 -4694.156122184977 9.131624086146704
3 3.25 2 3 -4754.916366449919 9.53256497267706
3 3.25 3 4 -3301.505775688341 7.747504656789219
3 3.25 4 5 -2234.108791000704 6.283819987787933
3 3.25 5 6 -1520.121205146031 5.185574734200118
3 3.25 6 7 -1043.705024705025 4.354737051868987
3 3.25 7 8 -720.7470241380429 3.712655781541369
3 3.25 8 9 -497.5705027329427 3.205455743474833
3 3.25 9 10 -340.4720844938247 2.797177688536577
3 3.25 10 11 -228.1496203671468 2.46290433731656
3 3.25 11 12 -146.7792927757348 2.185272564373228
3 3.25 12 13 -87.22397551746622 1.951795372987672
3 3.25 13 14 -43.30799711014379 1.753311806531837
3 3.25 14 15 -10.77263778253609 1.582968591642127
3 3.25 15 16 13.37328242101808 1.435548265058981
3 3.25 16 17 31.26572029293163 1.307015934830243
3 3.25 17 18 44.4526931773587 1.194207039003105
3 3.25 18 19 54.07103300503547 1.094608009674093
3 3.25 19 20 60.96547810923869 1.006199418558659
3 3.25 20 21 65.77031404282525 0.9273419540107788
3 3.25 21 22 68.96623800281009 0.8566922835095421
3 3.25 22 23 70.92054794511978 0.7931401116938559
3 3.25 23 24 71.91592832377842 0.7357604985533205
3 3.25 24 25 72.17132213330001 0.6837773179783753
3 3.25 25 26 71.85723571730585 0.6365349535818451
3 3.25 26 27 71.10707763990553 0.5934761579459406
3 3.25 27 28 70.02563928057742 0.5541245744095883
3 3.25 28 29 68.6954932678874 0.5180708217879595
3 3.25 29 30 67.18185986024673 0.4849613283737523
3 3.25 30 31 65.53633566205991 0.4544893052740437
3 3.25 31 32 63.79977021941738 0.4263873992448564
3 3.25 32 33 62.00449925716833 0.4004216734353089
3 3.25 33 34 60.17608856390808 0.3763866465259728
3 3.25 34 35 58.33470307764981 0.3541011802647166
3 3.25 35 36 56.49618705144377 0.3334050524673444
3 3.25 36 37 54.67292013836655 0.3141560864253778
3 3.25 37 38 52.87449873686464 0.2962277350010725
3 3.25 38 39 51.10828032675926 0.279507038135489
3 3.25 39 40 49.37981983839626 0.2638928884657294
3 3.25 40 41 47.69322063638032 0.2492945529110503
3 3.25 41 42 46.05141754064729 0.235630407224972
3 3.25 42 43 44.4564056787224 0.2228268489500249
3 3.25 43 44 42.90942592938632 0.2108173604275394
3 3.25 44 45 41.41111546162057 0.1995416983939207
3 3.25 45 46 39.96077835856903 0.1890541257454059
3 3.25 46 47 38.55977021570649 0.1797207751390809
3 3.25 47 48 37.20670943019769 0.1715801205776741
3 3.25 48 49 35.90084251788117 0.164602412865472
3 3.25 49 50 34.64103853895851 0.1583769335975637
3.25 3.5 0 1 864.393242616419 0.4320878751786802
3.25 3.5 1 2 -4853.959336498136 18.24974701503269
3.25 3.5 2 3 -4335.071229972871 14.5623878999486
3.25 3.5 3 4 -2904.936714471527 11.0131248767196
3.25 3.5 4 5 -1916.350835900979 8.59361169395817
3.25 3.5 5 6 -1273.404007629208 6.908456992767206
3.25 3.5 6 7 -852.7256848279249 5.687236307081228
3.25 3.5 7 8 -572.1613073170365 4.770576147299016
3.25 3.5 8 9 -381.1382253166737 4.062168189812642
3.25 3.5 9 10 -248.59028018968 3.501645134452519
3.25 3.5 10 11 -155.1917259362508 3.049262368097148
3.25 3.5 11 12 -88.55964427745198 2.678103165281088
3.25 3.5 12 13 -40.59728922554359 2.369298323630813
3.25 3.5 13 14 -5.884281172862984 2.109274303663884
3.25 3.5 14 15 19.28461913439719 1.888040136239869
3.25 3.5 15 16 37.49044670630997 1.698093193165755
3.25 3.5 16 17 50.56168773715001 1.533699623981644
3.25 3.5 17 18 59.81323271433325 1.390408826223604
3.25 3.5 18 19 66.20324088016844 1.264718242906879
3.25 3.5 19 20 70.43812585811781 1.153837164062012
3.25 3.5 20 21 73.04407930026252 1.055517210771655
3.25 3.5 21 22 74.41659575507219 0.9679286494747451
3.25 3.5 22 23 74.85527716862612 0.8895687861663103
3.25 3.5 23 24 74.58862541635631 0.8191931913478293
3.25 3.5 24 25 73.79192247417552 0.7557634208822114
3.25 3.5 25 26 72.60027183256619 0.6984068217849867
3.25 3.5 26 27 71.11820945587408 0.6463853046930524
3.25 3.5 27 28 69.4268539941159 0.5990708472553103
3.25 3.5 28 29 67.58927271182193 0.555926105749141
3.25 3.5 29 30 65.65454056090516 0.5164889417824725
3.25 3.5 30 31 63.66083324505138 0.4803599780655534
3.25 3.5 31 32 61.63780004364691 0.4471925182525254
3.25 3.5 32 33 59.60839534423701 0.4166843263841244
3.25 3.5 33 34 57.59030036212181 0.388570880750698
3.25 3.5 34 35 55.59703245429131 0.362619804919596
3.25 3.5 35 36 53.63881475179596 0.3386262446901392
3.25 3.5 36 37 51.72326080352227 0.31640901044882
3.25 3.5 37 38 49.85591567547863 0.2958073419238863
3.25 3.5 38 39 48.04068507295307 0.2766781825354064
3.25 3.5 39 40 46.28017667728065 0.258893872569261
3.25 3.5 40 41 44.57597243675539 0.2423401890226876
3.25 3.5 41 42 42.92884619864526 0.2269146728159231
3.25 3.5 42 43 41.33893802958167 0.2125251964925684
3.25 3.5 43 44 39.80589403818323 0.1990887328004805
3.25 3.5 44 45 38.32897862749726 0.1865302928307512
3.25 3.5 45 46 36.90640624452438 0.1748827289040631
3.25 3.5 46 47 35.53831856267935 0.1644747849847721
3.25 3.5 47 48 34.22254935243828 0.1553412764117417
3.25 3.5 48 49 32.95758649484964 0.1474558628531706
3.25 3.5 49 50 31.74163707394845 0.1404340628085485
3.5 3.75 0 1 198.5969842142968 1.611637485117157
3.5 3.75 1 2 -4668.13164647542 24.53997087389998
3.5 3.75 2 3 -3685.501762081557 16.23863011606067
3.5 3.75 3 4 -2369.029763894789 11.49042249913445
3.5 3.75 4 5 -1513.672391242307 8.622827920927294
3.5 3.75 5 6 -974.782174639945 6.742486110501517
3.5 3.75 6 7 -630.3361109720861 5.430981706928709
3.5 3.75 7 8 -405.196584863113 4.47324130859883
3.5 3.75 8 9 -254.788891687823 3.74870533722145
3.5 3.75 9 10 -152.3783874928779 3.185295682927796
3.5 3.75 10 11 -81.63122854520839 2.7372347787879
3.5 3.75 11 12 -32.23561860209111 2.374309297936569
3.5 3.75 12 13 2.464441445989564 2.075786472026779
3.5 3.75 13 14 26.87316496202322 1.827010734701066
3.5 3.75 14 15 43.96858479993591 1.617353309507291
3.5 3.75 15 16 55.80366865329529 1.438934210707012
3.5 3.75 16 17 63.81805077566219 1.285798649979468
3.5 3.75 17 18 69.03652671345435 1.153370717980174
3.5 3.75 18 19 72.19821996423605 1.038081715108215
3.5 3.75 19 20 73.84233094024586 0.9371115980838909
3.5 3.75 20 21 74.36610992644569 0.8482055177196385
3.5 3.75 21 22 74.06470626404945 0.7695413124378159
3.5 3.75 22 23 73.15897499391241 0.6996322675089832
3.5 3.75 23 24 71.81514717516313 0.637254718229516
3.5 3.75 24 25 70.15891852893918 0.5813934388228148
3.5 3.75 25 26 68.28565492788533 0.5311999523269709
3.5 3.75 26 27 66.2678615210948 0.4859603533068216
3.5 3.75 27 28 64.16070068392384 0.4450702215663294
3.5 3.75 28 29 62.00610353993517 0.4080148808751891
3.5 3.75 29 30 59.83585746148214 0.3743537300594144
3.5 3.75 30 31 57.67394112397727 0.3437077062325104
3.5 3.75 31 32 55.53830190872068 0.3157491793949733
3.5 3.75 32 33 53.4422167538078 0.2901937503609731
3.5 3.75 33 34 51.39533958312975 0.2667935501118024
3.5 3.75 34 35 49.4045113231625 0.2453317329563797
3.5 3.75 35 36 47.47438895330524 0.225617924937588
3.5 3.75 36 37 45.607935820156 0.2074844423225738
3.5 3.75 37 38 43.80680504119326 0.190783134051966
3.5 3.75 38 39 42.07164010591904 0.1753827340061413
3.5 3.75 39 40 40.40231104703682 0.1611666310206591
3.5 3.75 40 41 38.79810033354455 0.1480309842999035
3.5 3.75 41 42 37.25784928569169 0.1358831254873595
3.5 3.75 42 43 35.78007347335824 0.1246402007304049
3.5 3.75 43 44 34.36305364429226 0.1142280146334902
3.5 3.75 44 45 33.00490727454633 0.104580045592535
3.5 3.75 45 46 31.70301457189079 0.09578085915974094
3.5 3.75 46 47 30.45644768538097 0.08835581581771144
3.5 3.75 47 48 29.26249814332965 0.08242716847709909
3.5 3.75 48 49 28.11909399746135 0.07801083889192603
3.5 3.75 49 50 27.02397517425634 0.07457814151199968
3.75 4 0 1 -315.4244975484735 1.820417631239796
3.75 4 1 2 -4006.923263547784 28.32454318331512
3.75 4 2 3 -2791.413262134727 13.20538094910048
3.75 4 3 4 -1703.151247240767 7.736145887452995
3.75 4 4 5 -1041.597349541208 5.051198610167225
3.75 4 5 6 -640.6916806243951 3.514507298417453
3.75 4 6 7 -392.0552171736817 2.548132030280958
3.75 4 7 8 -233.8690877133672 1.900435067099943
3.75 4 8 9 -130.9373397959009 1.445882408299567
3.75 4 9 10 -62.74123774010525 1.116030312527819
3.75 4 10 11 -17.01402087011877 0.8704351349720304
3.75 4 11 12 13.84232538187302 0.6841745451359396
3.75 4 12 13 34.65166807187211 0.5411328733783004
3.75 4 13 14 48.5573890219556 0.4306033365554695
3.75 4 14 15 57.65425580377496 0.3453299915594964
3.75 4 15 16 63.36597112433276 0.2826756306863263
3.75 4 16 17 66.67684880490003 0.2602568744995245
3.75 4 17 18 68.27753626715077 0.2401925206897347
3.75 4 18 19 68.65877839729177 0.2221613936683986
3.75 4 19 20 68.17300931788793 0.2058958165299687
3.75 4 20 21 67.07557500749397 0.1911712971874109
3.75 4 21 22 65.55279291870386 0.1777984242231427
3.75 4 22 23 63.74134480638691 0.1656164617820559
3.75 4 23 24 61.74186501597484 0.1619672908047557
3.75 4 24 25 59.62858035958982 0.1657277810594138
3.75 4 25 26 57.45622581420213 0.1694976143603101
3.75 4 26 27 55.26505624999618 0.1729854549499046
3.75 4 27 28 53.08451158283856 0.1760425927822159
3.75 4 28 29 50.93591923998017 0.1786059364466149
3.75 4 29 30 48.83450148114164 0.180662355898128
3.75 4 30 31 46.79087622243455 0.1822268852649481
3.75 4 31 32 44.8121857073441 0.1833295596084703
3.75 4 32 33 42.90294964008956 0.184007540878815
3.75 4 33 34 41.06571288717326 0.1843004653183534
3.75 4 34 35 39.30153903659165 0.1842477513999896
3.75 4 35 36 37.61038761957049 0.1838871004837754
3.75 4 36 37 35.99140306185818 0.1832537215854349
3.75 4 37 38 34.44313635086534 0.1823799928427831
3.75 4 38 39 32.96371518786175 0.1812953824186327
3.75 4 39 40 31.55097454012196 0.1800265196479658
3.75 4 40 41 30.20255669691188 0.1785973486874859
3.75 4 41 42 28.91598770860926 0.177029323304475
3.75 4 42 43 27.68873554640182 0.1753416171842534
3.75 4 43 44 26.51825408397276 0.1735513350368221
3.75 4 44 45 25.40201604003821 0.1716737154911023
3.75 4 45 46 24.33707006540519 0.1697782821251121
3.75 4 46 47 23.32178927276234 0.1680724885204511
3.75 4 47 48 22.35336418902523 0.1665708290446479
3.75 4 48 49 21.42954083328787 0.1652536342998545
3.75 4 49 50 20.5479534005548 0.1639531739082639
4 5 0 1 -1010.115915698822 2.865128702156679
4 5 1 2 -4433.118657931569 7.379403901211862
4 5 2 3 -2548.522634740008 5.515771457222996
4 5 3 4 -1394.872727388594 4.122486311181282
4 5 4 5 -766.6667124262606 3.058738144166586
4 5 5 6 -413.7195629882804 2.294354491929373
4 5 6 7 -208.8905053691647 1.786099561688479
4 5 7 8 -86.81033987911974 1.445512501891603
4 5 8 9 -12.66254619767551 1.20733952546047
4 5 9 10 32.76529287419407 1.031314734156197
4 5 10 11 60.43086828260334 0.8968133730711794
4 5 11 12 76.89848207761088 0.7922953356806985
4 5 12 13 86.18305250751143 0.7081754237641639
4 5 13 14 90.7893454290338 0.6382211686488692
4 5 14 15 92.3227656751709 0.5797345329401605
4 5 15 16 91.84197646206519 0.5307164896562742
4 5 16 17 90.055489409019 0.4888489831103792
4 5 17 18 87.43938801065792 0.4521935662406905
4 5 18 19 84.31507058227294 0.4196423690775982
4 5 19 20 80.90145878038641 0.3906395321291203
4 5 20 21 77.34881834603306 0.3647644677117487
4 5 21 22 73.76028057239711 0.3415693884349759
4 5 22 23 70.20593024320684 0.3206162235293257
4 5 23 24 66.7324967091082 0.3015437018644622
4 5 24 25 63.37023781911438 0.2840857437368896
4 5 25 26 60.13785083638703 0.2680491710505876
4 5 26 27 57.04594285763997 0.2532825504819964
4 5 27 28 54.09946508917974 0.2396551653440402
4 5 28 29 51.29942342064808 0.2270485559911808
4 5 29 30 48.6440921778614 0.2153554722388252
4 5 30 31 46.12988566649329 0.2044809362077558
4 5 31 32 43.75198933204406 0.1943426312356511
4 5 32 33 41.50481794543282 0.1848700195205123
4 5 33 34 39.38234701294347 0.1760026346546041
4 5 34 35 37.37835045853755 0.1676881732448965
4 5 35 36 35.48656896522921 0.1598808041939526
4 5 36 37 33.70082723289246 0.1525398616673862
4 5 37 38 32.01511382719139 0.14562890884983
4 5 38 39 30.42363377666458 0.1391150891907806
4 5 39 40 28.92084141169467 0.1329686665520284
4 5 40 41 27.50145897668227 0.127162677986142
4 5 41 42 26.16048500973562 0.121672649468605
4 5 42 43 24.89319544689452 0.1164763462632343
4 5 43 44 23.6951396342487 0.1115535469300274
4 5 44 45 22.56213280410615 0.1068858348870964
4 5 45 46 21.48979061535609 0.1028522298319312
4 5 46 47 20.47496050930147 0.1008685548731349
4 5 47 48 19.51377859457484 0.1009143076325713
4 5 48 49 18.60305940059293 0.1025573074941003
4 5 49 50 17.73938650200546 0.1045722047132996
-5 5 0 50 -528873.3736071321 92.40746946434123
