#ylo yhi qTlo qThi PDF0  uncertainty
-5 -4 0 1 -1016.136688001631 2.775331086493051
-5 -4 1 2 -4441.636244345766 7.099166581081429
-5 -4 2 3 -2546.35324130609 5.315900243491098
-5 -4 3 4 -1393.111191182854 3.97948397359096
-5 -4 4 5 -765.8247052507502 2.955331779797038
-5 -4 5 6 -413.3338185447242 2.218831496743174
-5 -4 6 7 -208.7535117338825 1.725866478396587
-5 -4 7 8 -86.82776698426233 1.393257234459669
-5 -4 8 9 -12.77971320928873 1.160553780189269
-5 -4 9 10 32.58350572687073 0.9894511279986826
-5 -4 10 11 60.20708029046989 0.8590592440195894
-5 -4 11 12 76.64855529348745 0.758352121174209
-5 -4 12 13 85.91682718410527 0.6775953844352827
-5 -4 13 14 90.51388706031855 0.6106522725847597
-5 -4 14 15 92.04306595752342 0.554821205595928
-5 -4 15 16 91.56165513942153 0.5081466092276546
-5 -4 16 17 89.77721931449736 0.4683602255175521
-5 -4 17 18 87.16515630341712 0.4335579362651009
-5 -4 18 19 84.04635110425994 0.4026577237801265
-5 -4 19 20 80.63933378921064 0.375128113406366
-5 -4 20 21 77.09406725455935 0.3505712764473763
-5 -4 21 22 73.51344555781267 0.3285589839145208
-5 -4 22 23 69.96736576527672 0.3086694385462976
-5 -4 23 24 66.50240800934486 0.2905551871996297
-5 -4 24 25 63.14871167973774 0.2739622324535496
-5 -4 25 26 59.92488055690163 0.2587080598410944
-5 -4 26 27 56.84144864647519 0.2446505818957898
-5 -4 27 28 53.9033106996232 0.2316671977745618
-5 -4 28 29 51.11142968918894 0.2196464749883155
-5 -4 29 30 48.46404801361972 0.2084872710394012
-5 -4 30 31 45.95755695111791 0.1980999549186443
-5 -4 31 32 43.58712610698817 0.1884069236750203
-5 -4 32 33 41.34716019285037 0.1793418151512697
-5 -4 33 34 39.23162927921517 0.1708478720152611
-5 -4 34 35 37.23430552370461 0.1628760893591018
-5 -4 35 36 35.34893072726553 0.1553835724432518
-5 -4 36 37 33.56933294586995 0.1483322705467272
-5 -4 37 38 31.88950581145194 0.1416880798744382
-5 -4 38 39 30.30366069796761 0.1354202276169613
-5 -4 39 40 28.80625921153768 0.1295008427295543
-5 -4 40 41 27.39203152083252 0.12390463488136
-5 -4 41 42 26.05598451166367 0.1186086327863525
-5 -4 42 43 24.79340271165971 0.1135919541554667
-5 -4 43 44 23.59984416071812 0.1088355976522218
-5 -4 44 45 22.47113277704829 0.104322248233351
-5 -4 45 46 21.40289342041684 0.100431172782511
-5 -4 46 47 20.39197993677959 0.09857490203200275
-5 -4 47 48 19.4345373510472 0.09872992952908261
-5 -4 48 49 18.52738830707443 0.1004621591796546
-5 -4 49 50 17.66712248290472 0.1025485277246377
-4 -3.75 0 1 -332.9187686495817 1.83603804684848
-4 -3.75 1 2 -4044.313990400786 28.32067661065193
-4 -3.75 2 3 -2807.537700492742 13.04001954062738
-4 -3.75 3 4 -1710.492833834894 7.571201905063726
-4 -3.75 4 5 -1044.71361426571 4.904932945492976
-4 -3.75 5 6 -641.6581377947134 3.387362667469713
-4 -3.75 6 7 -391.9120414452427 2.437703700965908
-4 -3.75 7 8 -233.1564374870688 1.80420115339964
-4 -3.75 8 9 -129.9437443354159 1.361726599273996
-4 -3.75 9 10 -61.62406049209039 1.042292845939321
-4 -3.75 10 11 -15.86083419261104 0.8059026347197766
-4 -3.75 11 12 14.98296196462013 0.6279869528053014
-4 -3.75 12 13 35.75332407416943 0.4927787892542844
-4 -3.75 13 14 49.60649041874672 0.3898992587057653
-4 -3.75 14 15 58.64478562435977 0.3124016192444896
-4 -3.75 15 16 64.29636120091936 0.2844698079878017
-4 -3.75 16 17 67.54811727124996 0.2618681865056658
-4 -3.75 17 18 69.09215431989247 0.2416433241921152
-4 -3.75 18 19 69.41997495612259 0.2234705847978734
-4 -3.75 19 20 68.88434416070334 0.2070794862604605
-4 -3.75 20 21 67.74067912454694 0.1922432408592211
-4 -3.75 21 22 66.17521413364682 0.1787705420627042
-4 -3.75 22 23 64.32446001398279 0.1758134979035534
-4 -3.75 23 24 62.28883455749184 0.1800200986761651
-4 -3.75 24 25 60.14232885807556 0.1841310601584018
-4 -3.75 25 26 57.9394393548495 0.1878488224202316
-4 -3.75 26 27 55.72018936044532 0.1910324099588248
-4 -3.75 27 28 53.51379978000287 0.1936317112696819
-4 -3.75 28 29 51.34139442355996 0.1956476765326614
-4 -3.75 29 30 49.21800844595879 0.1971086811529033
-4 -3.75 30 31 47.15408921589869 0.1980566502365576
-4 -3.75 31 32 45.15662438916294 0.1985390037786925
-4 -3.75 32 33 43.2299940809241 0.1986040647576295
-4 -3.75 33 34 41.37661742694817 0.198298523615445
-4 -3.75 34 35 39.59744493893689 0.197666124385496
-4 -3.75 35 36 37.89233453071009 0.1967470712059498
-4 -3.75 36 37 36.26033932617352 0.1955778552297831
-4 -3.75 37 38 34.69992825885146 0.1941913198475454
-4 -3.75 38 39 33.20915524327073 0.1926168552494619
-4 -3.75 39 40 31.78578883722525 0.1908806560012734
-4 -3.75 40 41 30.42741149618752 0.1890060027363732
-4 -3.75 41 42 29.1314952957874 0.1870135450617276
-4 -3.75 42 43 27.89545945259538 0.1849215726248205
-4 -3.75 43 44 26.71671373835755 0.1827462680324912
-4 -3.75 44 45 25.59269092009164 0.1805019383015324
-4 -3.75 45 46 24.52040115756995 0.1782548660390838
-4 -3.75 46 47 23.49818657643014 0.1762039066419302
-4 -3.75 47 48 22.52320572914191 0.1743633469488938
-4 -3.75 48 49 21.59317760962693 0.172714599909004
-4 -3.75 49 50 20.70570850587246 0.1710964184113657
-3.75 -3.5 0 1 177.1270123163935 1.625573737175656
-3.75 -3.5 1 2 -4725.579233220416 25.3232701928209
-3.75 -3.5 2 3 -3712.986075214424 16.64687491291981
-3.75 -3.5 3 4 -2382.424551698902 11.746556062185
-3.75 -3.5 4 5 -1520.018100145114 8.799180708891226
-3.75 -3.5 5 6 -977.4286687549279 6.870918067248275
-3.75 -3.5 6 7 -630.9904704103228 5.528080910669969
-3.75 -3.5 7 8 -404.7645858250276 4.548619664346641
-3.75 -3.5 8 9 -253.7684150468922 3.808366747068717
-3.75 -3.5 9 10 -151.0512132194647 3.233205301836405
-3.75 -3.5 10 11 -80.16112396394192 2.776127352381969
-3.75 -3.5 11 12 -30.71884971801774 2.406137215438094
-3.75 -3.5 12 13 3.971176060317703 2.101983526049523
-3.75 -3.5 13 14 28.33698434477913 1.848654928327528
-3.75 -3.5 14 15 45.37120637900011 1.635271419351495
-3.75 -3.5 15 16 57.13585298458099 1.453771222609163
-3.75 -3.5 16 17 65.07617335509588 1.298065202331007
-3.75 -3.5 17 18 70.22042314179498 1.163476327298296
-3.75 -3.5 18 19 73.30981387159545 1.046358550624478
-3.75 -3.5 19 20 74.88475377557609 0.9438318192442148
-3.75 -3.5 20 21 75.34313524769937 0.8535941318314725
-3.75 -3.5 21 22 74.98038777537158 0.773785854485455
-3.75 -3.5 22 23 74.01741777846246 0.7028901868475008
-3.75 -3.5 23 24 72.62036645916629 0.6396590847642842
-3.75 -3.5 24 25 70.91475604142539 0.583057400450547
-3.75 -3.5 25 26 68.99573305001491 0.5322202524891795
-3.75 -3.5 26 27 66.93556203104077 0.4864201330025101
-3.75 -3.5 27 28 64.78915927713746 0.445041270823405
-3.75 -3.5 28 29 62.5982142207132 0.4075594624290031
-3.75 -3.5 29 30 60.39428286220675 0.3735260676317357
-3.75 -3.5 30 31 58.20112613269333 0.3425552080024249
-3.75 -3.5 31 32 56.03648888341374 0.3143134502895576
-3.75 -3.5 32 33 53.91346120640927 0.2885114353244365
-3.75 -3.5 33 34 51.84152563285534 0.2648970412190834
-3.75 -3.5 34 35 49.82736649218265 0.2432497659026618
-3.75 -3.5 35 36 47.87549806520832 0.223376085898763
-3.75 -3.5 36 37 45.98875388508591 0.2051056013849096
-3.75 -3.5 37 38 44.16866909088836 0.1882878194061961
-3.75 -3.5 38 39 42.41577999224566 0.1727894571483507
-3.75 -3.5 39 40 40.7298592488188 0.158492172983344
-3.75 -3.5 40 41 39.11010083432805 0.1452906507986392
-3.75 -3.5 41 42 37.55526559286989 0.1330909779955154
-3.75 -3.5 42 43 36.0637958507163 0.1218092696850245
-3.75 -3.5 43 44 34.6339056324686 0.1113705016701649
-3.75 -3.5 44 45 33.26365156601038 0.1017075203284949
-3.75 -3.5 45 46 31.95035426516806 0.09291013265966636
-3.75 -3.5 46 47 30.69304107721405 0.0855286014923916
-3.75 -3.5 47 48 29.48895316568728 0.0796965033495127
-3.75 -3.5 48 49 28.33597625427009 0.07543422121998657
-3.75 -3.5 49 50 27.2318085075477 0.07219071051747981
-3.5 -3.25 0 1 846.5914161763789 0.4300476364823039
-3.5 -3.25 1 2 -4915.938668595574 19.01848975931478
-3.5 -3.25 2 3 -4367.414379193744 15.11118424179683
-3.5 -3.25 3 4 -2921.630365539521 11.4126539285765
-3.5 -3.25 4 5 -1924.877186783056 8.898329477319541
-3.5 -3.25 5 6 -1277.484654468862 7.149349404840465
-3.5 -3.25 6 7 -854.3205237501097 5.882869781187096
-3.5 -3.25 7 8 -572.3399833453855 4.932772891610314
-3.5 -3.25 8 9 -380.505352452401 4.198852532453401
-3.5 -3.25 9 10 -247.498267153346 3.618351565710407
-3.5 -3.25 10 11 -153.8523855194253 3.149991505634824
-3.5 -3.25 11 12 -87.10222041556563 2.765828446272487
-3.5 -3.25 12 13 -39.10138656403751 2.44628248811585
-3.5 -3.25 13 14 -4.398796015055495 2.177274006901552
-3.5 -3.25 14 15 20.730167645042 1.948442734947254
-3.5 -3.25 15 16 38.87892916502585 1.752010809264499
-3.5 -3.25 16 17 51.88394917753135 1.582035437509296
-3.5 -3.25 17 18 61.06524915072453 1.433904812452736
-3.5 -3.25 18 19 67.38426265659541 1.303990206675792
-3.5 -3.25 19 20 71.54945435698914 1.189400889007677
-3.5 -3.25 20 21 74.08825729761452 1.087808273786456
-3.5 -3.25 21 22 75.3968715151027 0.9973176402907545
-3.5 -3.25 22 23 75.77525141069026 0.9163731420364065
-3.5 -3.25 23 24 75.45202120806835 0.8436865030693741
-3.5 -3.25 24 25 74.60243801104446 0.7781828251746299
-3.5 -3.25 25 26 73.36148911505899 0.7189589289680741
-3.5 -3.25 26 27 71.83354054662362 0.6652509924598538
-3.5 -3.25 27 28 70.09951236734196 0.6164091686530928
-3.5 -3.25 28 29 68.22226116535279 0.5718774983438668
-3.5 -3.25 29 30 66.25064985893556 0.5311778809142281
-3.5 -3.25 30 31 64.22264751737248 0.4938971846794661
-3.5 -3.25 31 32 62.16770624178395 0.4596768066925961
-3.5 -3.25 32 33 60.10859493851277 0.4282041597049796
-3.5 -3.25 33 34 58.06282207165614 0.3992056864967088
-3.5 -3.25 34 35 56.04374521989399 0.3724410937822553
-3.5 -3.25 35 36 54.06144045170129 0.347698565815393
-3.5 -3.25 36 37 52.12338640717402 0.3247907710321813
-3.5 -3.25 37 38 50.23500466443699 0.3035515129782448
-3.5 -3.25 38 39 48.40008804617329 0.283832909176929
-3.5 -3.25 39 40 46.62114111724719 0.2655030036153635
-3.5 -3.25 40 41 44.89965164882005 0.248443738109175
-3.5 -3.25 41 42 43.2363074606246 0.2325492214082472
-3.5 -3.25 42 43 41.63116999874089 0.2177242469378426
-3.5 -3.25 43 44 40.08381347317155 0.2038830188765344
-3.5 -3.25 44 45 38.59343647852496 0.190948053324532
-3.5 -3.25 45 46 37.1581880064997 0.1789482736075249
-3.5 -3.25 46 47 35.77816357514226 0.1682040693256131
-3.5 -3.25 47 48 34.45114103854964 0.1587474119632599
-3.5 -3.25 48 49 33.17556177562537 0.1505507021879485
-3.5 -3.25 49 50 31.94958815227787 0.1432339222750565
-3.25 -3 0 1 1566.03585180856 1.184834198722902
-3.25 -3 1 2 -4745.531273589962 9.344717680928348
-3.25 -3 2 3 -4783.366541104893 9.807912012735608
-3.25 -3 3 4 -3316.802578200539 7.981224298027403
-3.25 -3 4 5 -2242.330223492651 6.477321681121239
-3.25 -3 5 6 -1524.356440379508 5.347276896018451
-3.25 -3 6 7 -1045.639750539419 4.491740852953096
-3.25 -3 7 8 -721.3281737556467 3.830263224321365
-3.25 -3 8 9 -497.3476290870301 3.30757791864709
-3.25 -3 9 10 -339.773601556268 2.886732563341795
-3.25 -3 10 11 -227.1787567090698 2.542106736640966
-3.25 -3 11 12 -145.6634420161793 2.255833351432313
-3.25 -3 12 13 -86.04386355567999 2.015058157771749
-3.25 -3 13 14 -42.11474620508102 1.810347758779939
-3.25 -3 14 15 -9.598231827188101 1.634643300836791
-3.25 -3 15 16 14.5093839134579 1.482569721005661
-3.25 -3 16 17 32.35230166019289 1.349969551711671
-3.25 -3 17 18 45.48396284518299 1.233581635080373
-3.25 -3 18 19 55.04474328552192 1.130815366124543
-3.25 -3 19 20 61.88166230750699 1.039589206966258
-3.25 -3 20 21 66.63043562390089 0.9582132729151868
-3.25 -3 21 22 69.77261791673641 0.8853026774519612
-3.25 -3 22 23 71.67598111184782 0.8197126972490295
-3.25 -3 23 24 72.62342929573447 0.7604896497711661
-3.25 -3 24 25 72.83395909888577 0.7068332435012713
-3.25 -3 25 26 72.47802484291094 0.6580674122598272
-3.25 -3 26 27 71.68891846243696 0.6136174985046027
-3.25 -3 27 28 70.57127782999549 0.5729922400215866
-3.25 -3 28 29 69.20750371450555 0.5357694276200156
-3.25 -3 29 30 67.66263833596679 0.5015843954925056
-3.25 -3 30 31 65.98810188350245 0.4701207165834857
-3.25 -3 31 32 64.22457392550615 0.4411026282644609
-3.25 -3 32 33 62.40422943088572 0.4142888271824581
-3.25 -3 33 34 60.55248407998653 0.3894673543691455
-3.25 -3 34 35 58.68936388085223 0.3664513553823787
-3.25 -3 35 36 56.8305852881426 0.3450755469178385
-3.25 -3 36 37 54.98841088781285 0.3251932565989043
-3.25 -3 37 38 53.1723301358347 0.3066739321976585
-3.25 -3 38 39 51.38960298018176 0.2894010351187195
-3.25 -3 39 40 49.64569547795912 0.2732702521488433
-3.25 -3 40 41 47.94463002849227 0.2581879707224582
-3.25 -3 41 42 46.2892676721913 0.2440699739388117
-3.25 -3 42 43 44.68153626466139 0.2308403194175823
-3.25 -3 43 44 43.12261529307665 0.2184303731712003
-3.25 -3 44 45 41.61308584126837 0.2067779734741186
-3.25 -3 45 46 40.15219565604835 0.1959320656584681
-3.25 -3 46 47 38.74126330441476 0.1862433554315924
-3.25 -3 47 48 37.37885896229864 0.1777458045449798
-3.25 -3 48 49 36.06418963142417 0.1704080188369966
-3.25 -3 49 50 34.79608744051559 0.163830429590644
-3 -2.75 0 1 2257.784530255432 1.755626414160068
-3 -2.75 1 2 -4386.450389652064 4.345534614637128
-3 -2.75 2 3 -5028.94986203081 5.943069978111446
-3 -2.75 3 4 -3594.57187698994 5.088468973050149
-3 -2.75 4 5 -2480.455276224708 4.235275576903319
-3 -2.75 5 6 -1717.495568387473 3.554365906656001
-3 -2.75 6 7 -1200.376772002686 3.022214319603481
-3 -2.75 7 8 -845.3785483083029 2.602225506702728
-3 -2.75 8 9 -597.2925600644294 2.265229618406913
-3 -2.75 9 10 -420.7969047118781 1.990756924556702
-3 -2.75 10 11 -293.2720638667065 1.763804885701814
-3 -2.75 11 12 -199.8867071974173 1.573745272925578
-3 -2.75 12 13 -130.7526614633448 1.412766239155608
-3 -2.75 13 14 -79.13585081290194 1.275049642159638
-3 -2.75 14 15 -40.36058539543274 1.15618954964618
-3 -2.75 15 16 -11.1219081915649 1.052797379382191
-3 -2.75 16 17 10.95442290934898 0.9622297063839139
-3 -2.75 17 18 27.59910816095169 0.8823975347690626
-3 -2.75 18 19 40.09035439381364 0.8116304561199372
-3 -2.75 19 20 49.38329890162174 0.7485783769391182
-3 -2.75 20 21 56.19917795692265 0.6921393727813884
-3 -2.75 21 22 61.08772496744291 0.6414059938705232
-3 -2.75 22 23 64.47146536643265 0.5956247926058967
-3 -2.75 23 24 66.67757680572629 0.5541654565034712
-3 -2.75 24 25 67.96108414860498 0.5164970088198034
-3 -2.75 25 26 68.52193461580646 0.4821692725499195
-3 -2.75 26 27 68.51769701196054 0.4507982973427923
-3 -2.75 27 28 68.07309585511075 0.4220548016790553
-3 -2.75 28 29 67.28723181679038 0.3956549317080189
-3 -2.75 29 30 66.23909398349429 0.371352815764587
-3 -2.75 30 31 64.99179946148496 0.3489345232277075
-3 -2.75 31 32 63.59587663544204 0.3282131294004366
-3 -2.75 32 33 62.09182404125585 0.3090246596399057
-3 -2.75 33 34 60.51211648321055 0.2912247355350105
-3 -2.75 34 35 58.88278642298616 0.2746857867070833
-3 -2.75 35 36 57.22467690198965 0.2592947205647629
-3 -2.75 36 37 55.554438879239 0.2449509651078525
-3 -2.75 37 38 53.88532859878183 0.231564817732287
-3 -2.75 38 39 52.22784763874094 0.2190560455863718
-3 -2.75 39 40 50.59025856035595 0.2073526941576287
-3 -2.75 40 41 48.9790018274754 0.1963900696110271
-3 -2.75 41 42 47.39903385425521 0.1861098659100138
-3 -2.75 42 43 45.85410195931553 0.1764594129318455
-3 -2.75 43 44 44.34696855240426 0.1673910276386251
-3 -2.75 44 45 42.87959434182841 0.1588614513418478
-3 -2.75 45 46 41.45236552693225 0.1509844784172876
-3 -2.75 46 47 40.06779136268986 0.144306830757645
-3 -2.75 47 48 38.72529636860813 0.1389059743935102
-3 -2.75 48 49 37.42489454999259 0.1347534909226523
-3 -2.75 49 50 36.16613425518764 0.1312855272408069
-2.75 -2.5 0 1 2894.149573780972 2.26450984905031
-2.75 -2.5 1 2 -3952.505194238735 1.10974955502432
-2.75 -2.5 2 3 -5169.068460964867 2.698283950380439
-2.75 -2.5 3 4 -3790.352919850198 2.613208114884348
-2.75 -2.5 4 5 -2658.371785837902 2.304858840342908
-2.75 -2.5 5 6 -1866.795628234018 2.008159962284438
-2.75 -2.5 6 7 -1323.061656606351 1.755418969030897
-2.75 -2.5 7 8 -945.8358592760696 1.545120929564351
-2.75 -2.5 8 9 -679.7693361622592 1.369672941037791
-2.75 -2.5 9 10 -488.8443424856837 1.222667929859824
-2.75 -2.5 10 11 -349.725976344535 1.098164723627654
-2.75 -2.5 11 12 -246.9792910260294 0.991811459375059
-2.75 -2.5 12 13 -170.23784838351 0.9001830192526947
-2.75 -2.5 13 14 -112.3969289901711 0.8206173189568001
-2.75 -2.5 14 15 -68.49524781237233 0.7510295762261661
-2.75 -2.5 15 16 -35.00741170587321 0.6897716856944278
-2.75 -2.5 16 17 -9.388147095478644 0.6355278162121685
-2.75 -2.5 17 18 10.22685175070342 0.5872371494014434
-2.75 -2.5 18 19 25.22093801116023 0.5440364639269392
-2.75 -2.5 19 20 36.63262244338591 0.5052171467834973
-2.75 -2.5 20 21 45.24973759512875 0.4701927152989153
-2.75 -2.5 21 22 51.67558746399231 0.4384740480306883
-2.75 -2.5 22 23 56.37607825796886 0.4096503136055953
-2.75 -2.5 23 24 59.71373803261008 0.3833741521669824
-2.75 -2.5 24 25 61.9725685262481 0.3593500569947269
-2.75 -2.5 25 26 63.37640110877021 0.3373251899702679
-2.75 -2.5 26 27 64.10259339257618 0.3170820605476987
-2.75 -2.5 27 28 64.29234553402523 0.2984326477755023
-2.75 -2.5 28 29 64.05853820927263 0.2812136454574222
-2.75 -2.5 29 30 63.49173555314815 0.2652825909317557
-2.75 -2.5 30 31 62.66481701152685 0.2505146925870105
-2.75 -2.5 31 32 61.63657596511649 0.2368002140842724
-2.75 -2.5 32 33 60.45453353432879 0.2240423061358542
-2.75 -2.5 33 34 59.15715183191855 0.2121551986741182
-2.75 -2.5 34 35 57.77558447688909 0.201062686485507
-2.75 -2.5 35 36 56.3350682401894 0.190696854027468
-2.75 -2.5 36 37 54.85603466858146 0.1809969974843701
-2.75 -2.5 37 38 53.35500199531145 0.1719087085501874
-2.75 -2.5 38 39 51.84529371456028 0.163383093820415
-2.75 -2.5 39 40 50.33761968833238 0.1553761055682581
-2.75 -2.5 40 41 48.84054783996871 0.147847967432108
-2.75 -2.5 41 42 47.36088817606083 0.1407626786450959
-2.75 -2.5 42 43 45.90400647420577 0.1340875850387832
-2.75 -2.5 43 44 44.47408118916749 0.1277930069075587
-2.75 -2.5 44 45 43.07431439342528 0.1218519146477305
-2.75 -2.5 45 46 41.70613330294069 0.1164589882245405
-2.75 -2.5 46 47 40.37310678744413 0.112418706530114
-2.75 -2.5 47 48 39.07545438876602 0.109842384449416
-2.75 -2.5 48 49 37.81393504054802 0.1086706292738793
-2.75 -2.5 49 50 36.58876056478005 0.1080998360040824
-2.5 -2.25 0 1 3472.312016999504 1.713999917411144
-2.5 -2.25 1 2 -3512.809653178708 0.9598242215727766
-2.5 -2.25 2 3 -5254.299642550875 1.695186740517483
-2.5 -2.25 3 4 -3934.380059449492 1.562280134464507
-2.5 -2.25 4 5 -2793.873650026506 1.376848674712517
-2.5 -2.25 5 6 -1982.72913602403 1.221859359378412
-2.5 -2.25 6 7 -1419.771258121297 1.098165953754011
-2.5 -2.25 7 8 -1026.067352277574 0.9880094604431671
-2.5 -2.25 8 9 -746.4346603269673 0.8913054178768621
-2.5 -2.25 9 10 -544.4736515482787 0.8074241717406248
-2.5 -2.25 10 11 -396.3837279232057 0.7342342655760665
-2.5 -2.25 11 12 -286.3186581251712 0.6702061262661605
-2.5 -2.25 12 13 -203.5755764997798 0.6139300437939885
-2.5 -2.25 13 14 -140.7835273407893 0.5642224131160775
-2.5 -2.25 14 15 -92.77271338039623 0.5201017007473361
-2.5 -2.25 15 16 -55.85462787673669 0.4807564168379659
-2.5 -2.25 16 17 -27.35598356001674 0.4455146642750256
-2.5 -2.25 17 18 -5.31146827442285 0.4138180546676676
-2.5 -2.25 18 19 11.74247135753285 0.3852002947696072
-2.5 -2.25 19 20 24.90844806210077 0.3592699300902323
-2.5 -2.25 20 21 35.02586793753892 0.3356965382209414
-2.5 -2.25 21 22 42.73979463637795 0.3141996991019427
-2.5 -2.25 22 23 48.55015471413071 0.2945401698229809
-2.5 -2.25 23 24 52.84735251869267 0.276512798458849
-2.5 -2.25 24 25 55.93835684632268 0.2599408098508803
-2.5 -2.25 25 26 58.06601917179148 0.2446711748151779
-2.5 -2.25 26 27 59.42352516774577 0.230570837895627
-2.5 -2.25 27 28 60.16530707089578 0.2175236283240802
-2.5 -2.25 28 29 60.41535523635412 0.2054277173858881
-2.5 -2.25 29 30 60.27359957478859 0.1941935139551749
-2.5 -2.25 30 31 59.82084562071384 0.1837419151582896
-2.5 -2.25 31 32 59.12261898340989 0.1740028440342018
-2.5 -2.25 32 33 58.23217880183955 0.1649140225986689
-2.5 -2.25 33 34 57.1928939303765 0.156419936051869
-2.5 -2.25 34 35 56.04012702491946 0.148470957012294
-2.5 -2.25 35 36 54.80273617112942 0.1410225993006005
-2.5 -2.25 36 37 53.50427743446539 0.1340348824834302
-2.5 -2.25 37 38 52.1639722452415 0.1274717859109215
-2.5 -2.25 38 39 50.79748884829979 0.1213007800284468
-2.5 -2.25 39 40 49.41757598220067 0.1154924218628864
-2.5 -2.25 40 41 48.03457867887454 0.1100200044703537
-2.5 -2.25 41 42 46.6568594074873 0.1048592530492886
-2.5 -2.25 42 43 45.29114310791249 0.09998805968922109
-2.5 -2.25 43 44 43.94280064203031 0.09538625169487801
-2.5 -2.25 44 45 42.61608227945655 0.09103538952403509
-2.5 -2.25 45 46 41.31329754632395 0.0872391827641513
-2.5 -2.25 46 47 40.03891016755853 0.08518143158208615
-2.5 -2.25 47 48 38.79381831531444 0.0849934089190999
-2.5 -2.25 48 49 37.57941765017748 0.08651661829087158
-2.5 -2.25 49 50 36.39648641526225 0.09170918729435207
-2.25 -2 0 1 3993.816578518519 1.02102102501046
-2.25 -2 1 2 -3115.90487766211 0.8519138910963168
-2.25 -2 2 3 -5343.393926598046 1.653260161086867
-2.25 -2 3 4 -4073.260388393647 1.531504334922201
-2.25 -2 4 5 -2919.551305640425 1.351663659660473
-2.25 -2 5 6 -2086.5674317183 1.192327189891362
-2.25 -2 6 7 -1503.619086245231 1.058425932157344
-2.25 -2 7 8 -1093.532789225053 0.9459687738252673
-2.25 -2 8 9 -800.8826014248593 0.8509195038486664
-2.25 -2 9 10 -588.6431475588242 0.7693709770144207
-2.25 -2 10 11 -432.4111117730233 0.699104711623226
-2.25 -2 11 12 -315.8557826199878 0.6379893995872982
-2.25 -2 12 13 -227.9010994854434 0.5844480913263105
-2.25 -2 13 14 -160.8933617169455 0.5372363006384626
-2.25 -2 14 15 -109.4487223339056 0.4953609000020078
-2.25 -2 15 16 -69.71577716128559 0.4580210058118384
-2.25 -2 16 17 -38.89629763083394 0.4245644541763675
-2.25 -2 17 18 -14.92830202811547 0.3944553923213129
-2.25 -2 18 19 3.727222204330928 0.3672498645617521
-2.25 -2 19 20 18.23229590181609 0.3425772164928116
-2.25 -2 20 21 29.47347534754545 0.3201257788763714
-2.25 -2 21 22 38.13352823758817 0.299631744379866
-2.25 -2 22 23 44.74274233129665 0.2808704384279787
-2.25 -2 23 24 49.71612825477723 0.2636494152672304
-2.25 -2 24 25 53.38071588909463 0.2478029517620912
-2.25 -2 25 26 55.99580225073566 0.23318762262912
-2.25 -2 26 27 57.76812332473128 0.2196787187449698
-2.25 -2 27 28 58.8633288760052 0.2071673299788411
-2.25 -2 28 29 59.41473636492481 0.1955579519398689
-2.25 -2 29 30 59.53006265755721 0.1847665122178553
-2.25 -2 30 31 59.29663920337634 0.174718732241658
-2.25 -2 31 32 58.78548019904798 0.165348761634775
-2.25 -2 32 33 58.0544763441701 0.1565980320732831
-2.25 -2 33 34 57.15091709050898 0.1484142924559483
-2.25 -2 34 35 56.11349362249342 0.1407507922590442
-2.25 -2 35 36 54.97389770858371 0.1335655868312126
-2.25 -2 36 37 53.75810409024126 0.1268209448596822
-2.25 -2 37 38 52.4874036938669 0.1204828406235531
-2.25 -2 38 39 51.17923956374045 0.1145205172422867
-2.25 -2 39 40 49.84788579358565 0.1089061094738298
-2.25 -2 40 41 48.50500104802455 0.1036143176401278
-2.25 -2 41 42 47.16008124265022 0.09862212362835818
-2.25 -2 42 43 45.82083103698264 0.09390854395928733
-2.25 -2 43 44 44.49346953925564 0.08945441386656228
-2.25 -2 44 45 43.18298257094446 0.08524219785218816
-2.25 -2 45 46 41.89227523883136 0.08190636785318806
-2.25 -2 46 47 40.62644933596911 0.08181746924794858
-2.25 -2 47 48 39.3868431870153 0.08503855265490334
-2.25 -2 48 49 38.17527344355008 0.09095525071792192
-2.25 -2 49 50 36.99288484954513 0.09721521757287582
-2 -1.75 0 1 4490.046817251307 1.057286190950507
-2 -1.75 1 2 -2719.458819251349 2.773063849037471
-2 -1.75 2 3 -5401.266794506457 2.750806933660094
-2 -1.75 3 4 -4190.749588315573 2.242674093222254
-2 -1.75 4 5 -3035.732058088345 1.840727835420412
-2 -1.75 5 6 -2189.340966004046 1.542127789266395
-2 -1.75 6 7 -1591.645822679547 1.316348935719354
-2 -1.75 7 8 -1168.198669461483 1.140854098454497
-2 -1.75 8 9 -864.129679628229 1.001262051115635
-2 -1.75 9 10 -642.3329890299106 0.8876353574695643
-2 -1.75 10 11 -478.1526499129241 0.7934433029346047
-2 -1.75 11 12 -354.9885919668784 0.7142265520601355
-2 -1.75 12 13 -261.5239508960515 0.6467217606282725
-2 -1.75 13 14 -189.9035405695074 0.5885655573461561
-2 -1.75 14 15 -134.579393550438 0.5379915489854064
-2 -1.75 15 16 -91.5678496038006 0.4936528467233485
-2 -1.75 16 17 -57.96440749477506 0.4545041123104195
-2 -1.75 17 18 -31.6215886957923 0.4197212721861782
-2 -1.75 18 19 -10.93136768072509 0.38864563826797
-2 -1.75 19 20 5.324231476791056 0.3607442096233345
-2 -1.75 20 21 18.07735801094077 0.3355809347725365
-2 -1.75 21 22 28.04812021138969 0.3127955506701909
-2 -1.75 22 23 35.79754445510298 0.2920877582000376
-2 -1.75 23 24 41.76607189451374 0.2732052214684054
-2 -1.75 24 25 46.3018730740132 0.2559343494489269
-2 -1.75 25 26 49.68190079625072 0.2400931334991848
-2 -1.75 26 27 52.12770155228293 0.2255255222362989
-2 -1.75 27 28 53.81740114845991 0.2120969605677088
-2 -1.75 28 29 54.89486870243911 0.1996908208941467
-2 -1.75 29 30 55.47677923331901 0.1882055235193436
-2 -1.75 30 31 55.65809713461351 0.1775521955341169
-2 -1.75 31 32 55.5163629226347 0.1676527545545454
-2 -1.75 32 33 55.11506588841951 0.1584383284924494
-2 -1.75 33 34 54.50631340304773 0.1498479458162867
-2 -1.75 34 35 53.73295528694632 0.1418274425028539
-2 -1.75 35 36 52.8302832642517 0.1343285458284989
-2 -1.75 36 37 51.82739704622259 0.1273081012153677
-2 -1.75 37 38 50.74830742713027 0.1207274187477425
-2 -1.75 38 39 49.61283077463412 0.1145517156764488
-2 -1.75 39 40 48.43731719160593 0.108749641286785
-2 -1.75 40 41 47.23524556353533 0.1032928684027371
-2 -1.75 41 42 46.0177113681238 0.09815574249959794
-2 -1.75 42 43 44.79382798475814 0.09331497734595889
-2 -1.75 43 44 43.57105777059917 0.08874939246214306
-2 -1.75 44 45 42.35548597869229 0.08443968275629955
-2 -1.75 45 46 41.15096325914698 0.08096664839880743
-2 -1.75 46 47 39.96350896289687 0.08116990880213761
-2 -1.75 47 48 38.7952020899672 0.08484762117726162
-2 -1.75 48 49 37.64854398227791 0.09136030162805382
-2 -1.75 49 50 36.52528465366925 0.09822967956906974
-1.75 -1.5 0 1 4948.557417761078 0.9763285392735009
-1.75 -1.5 1 2 -2333.949875360851 0.8691016252409937
-1.75 -1.5 2 3 -5429.027318014783 1.773808185433809
-1.75 -1.5 3 4 -4262.046751661319 1.710528103386218
-1.75 -1.5 4 5 -3100.456374465542 1.522864477380293
-1.75 -1.5 5 6 -2241.390458103202 1.334645221694529
-1.75 -1.5 6 7 -1632.345862353526 1.170029202694305
-1.75 -1.5 7 8 -1199.878393863571 1.030854917386824
-1.75 -1.5 8 9 -888.878968328539 0.9144907251627317
-1.75 -1.5 9 10 -661.7492243334423 0.8171184739922166
-1.75 -1.5 10 11 -493.4462795043783 0.7337542253114103
-1.75 -1.5 11 12 -367.0764744268311 0.6628820145910936
-1.75 -1.5 12 13 -271.0968237048087 0.6018231941005312
-1.75 -1.5 13 14 -197.489136727856 0.5487976686782201
-1.75 -1.5 14 15 -140.5850323201296 0.5024091850253011
-1.75 -1.5 15 16 -96.31096532010815 0.4615549241647318
-1.75 -1.5 16 17 -61.69456666730207 0.4253560754034342
-1.75 -1.5 17 18 -34.53653501181566 0.3931056869120384
-1.75 -1.5 18 19 -13.18885558506418 0.3642296988652252
-1.75 -1.5 19 20 3.597602435101862 0.3382577497087341
-1.75 -1.5 20 21 16.77947041886114 0.3148011584030851
-1.75 -1.5 21 22 27.09624359592749 0.2935361847463899
-1.75 -1.5 22 23 35.12440577593691 0.2741911803449868
-1.75 -1.5 23 24 41.31679756665551 0.2565366386940243
-1.75 -1.5 24 25 46.03158978698275 0.2403774185911511
-1.75 -1.5 25 26 49.55383935838324 0.2255466134387177
-1.75 -1.5 26 27 52.11168837411765 0.2119006770054278
-1.75 -1.5 27 28 53.8886509583748 0.1993155185008479
-1.75 -1.5 28 29 55.03301313536747 0.1876833498290676
-1.75 -1.5 29 30 55.66508139366044 0.1769101228869623
-1.75 -1.5 30 31 55.88281371696326 0.166913432049895
-1.75 -1.5 31 32 55.76622408136893 0.1576207874110195
-1.75 -1.5 32 33 55.38084956117552 0.1489681840179098
-1.75 -1.5 33 34 54.78049576545919 0.1408989106760049
-1.75 -1.5 34 35 54.00942284264937 0.1333625520391722
-1.75 -1.5 35 36 53.10409503397739 0.1263141494025856
-1.75 -1.5 36 37 52.09458763330292 0.1197134915776849
-1.75 -1.5 37 38 51.00572355063133 0.1135245114510543
-1.75 -1.5 38 39 49.85799529096886 0.1077147733286276
-1.75 -1.5 39 40 48.6683157615563 0.1022550331308435
-1.75 -1.5 40 41 47.45063203075836 0.09711885975959939
-1.75 -1.5 41 42 46.21642862957549 0.09228231040878979
-1.75 -1.5 42 43 44.97514173225187 0.08772364803600542
-1.75 -1.5 43 44 43.73450093783504 0.08342309697300861
-1.75 -1.5 44 45 42.50081211879819 0.07936262975246516
-1.75 -1.5 45 46 41.2780668584079 0.07623661012926423
-1.75 -1.5 46 47 40.07251205370224 0.07664137995925897
-1.75 -1.5 47 48 38.88630687761176 0.08066409622881417
-1.75 -1.5 48 49 37.72205032051886 0.08765398273659179
-1.75 -1.5 49 50 36.58157873430409 0.09503797430489846
-1.5 -1.25 0 1 5383.807466942129 3.094816895432226
-1.5 -1.25 1 2 -1954.022776856874 3.702693218070759
-1.5 -1.25 2 3 -5452.027882755048 1.699274609016368
-1.5 -1.25 3 4 -4341.009787076221 1.632423932193607
-1.5 -1.25 4 5 -3181.046592441906 1.456962414507169
-1.5 -1.25 5 6 -2312.902949395701 1.285819320271643
-1.5 -1.25 6 7 -1693.45444554853 1.136812071781634
-1.5 -1.25 7 8 -1251.539792551327 1.010145339492658
-1.5 -1.25 8 9 -932.5068303473231 0.9030420632054034
-1.5 -1.25 9 10 -698.7566367516974 0.8127923355369914
-1.5 -1.25 10 11 -524.8985077662901 0.7344323459799892
-1.5 -1.25 11 12 -393.9557255375389 0.6672434653907788
-1.5 -1.25 12 13 -294.1768110820353 0.6088457656086224
-1.5 -1.25 13 14 -217.398262054021 0.5577283294941059
-1.5 -1.25 14 15 -157.8346179126479 0.5126906044430548
-1.5 -1.25 15 16 -111.3187166202326 0.4727722109354466
-1.5 -1.25 16 17 -74.80338381287538 0.4371986146709636
-1.5 -1.25 17 18 -46.02938103934639 0.4053398013203633
-1.5 -1.25 18 19 -23.30045793887575 0.3766789592285988
-1.5 -1.25 19 20 -5.328464845808867 0.3507886821242931
-1.5 -1.25 20 21 8.874963922220786 0.3273127733612919
-1.5 -1.25 21 22 20.07527314918002 0.3059522355062303
-1.5 -1.25 22 23 28.87027784047893 0.2864543854835902
-1.5 -1.25 23 24 35.73044216218034 0.2686043333989493
-1.5 -1.25 24 25 41.02856752200512 0.2522182546106498
-1.5 -1.25 25 26 45.06191235664221 0.2392078317694973
-1.5 -1.25 26 27 48.06883864983934 0.2272598347837602
-1.5 -1.25 27 28 50.24145582663289 0.2161201008123193
-1.5 -1.25 28 29 51.7353070733227 0.2057176998894368
-1.5 -1.25 29 30 52.67684892795751 0.1959893278373907
-1.5 -1.25 30 31 53.16926957342116 0.1868783589085404
-1.5 -1.25 31 32 53.29704585019158 0.1783340261933982
-1.5 -1.25 32 33 53.12953514362891 0.1703107137546279
-1.5 -1.25 33 34 52.72382335116208 0.1627673437413065
-1.5 -1.25 34 35 52.12699548105445 0.1556668451214592
-1.5 -1.25 35 36 51.37795527473048 0.1489756927915409
-1.5 -1.25 36 37 50.50889041874967 0.142663506446407
-1.5 -1.25 37 38 49.54645771037849 0.1367027006236602
-1.5 -1.25 38 39 48.51274572281818 0.1310681799447652
-1.5 -1.25 39 40 47.42605978440105 0.1257370719094734
-1.5 -1.25 40 41 46.3015645272377 0.1206884917371096
-1.5 -1.25 41 42 45.15181151654332 0.1159033372340797
-1.5 -1.25 42 43 43.98717404747538 0.1113641068942306
-1.5 -1.25 43 44 42.81620644743157 0.1070547396010249
-1.5 -1.25 44 45 41.64594185352166 0.1029604732068777
-1.5 -1.25 45 46 40.48098671622557 0.09941082829823925
-1.5 -1.25 46 47 39.32820092517883 0.09767713190833553
-1.5 -1.25 47 48 38.19022107174649 0.09793635808970332
-1.5 -1.25 48 49 37.07009442453588 0.1000901818513966
-1.5 -1.25 49 50 35.97004364613062 0.1028940071128444
-1.25 -1 0 1 5751.703958075259 1.540688446979762
-1.25 -1 1 2 -1650.525655529737 0.7643896844706388
-1.25 -1 2 3 -5488.562512157821 2.087760661797371
-1.25 -1 3 4 -4417.857919214658 1.980655403462897
-1.25 -1 4 5 -3253.380471667293 1.742959770834644
-1.25 -1 5 6 -2373.536033485562 1.522753490322082
-1.25 -1 6 7 -1742.736245108724 1.337362878061783
-1.25 -1 7 8 -1291.29827244842 1.183466091462676
-1.25 -1 8 9 -964.5922400635336 1.05534729474495
-1.25 -1 9 10 -724.7370261207084 0.9479323538325961
-1.25 -1 10 11 -546.0116499671803 0.8561866333265526
-1.25 -1 11 12 -411.1742363224625 0.7776553442256487
-1.25 -1 12 13 -308.2602825887807 0.7096636503702533
-1.25 -1 13 14 -228.9426988656569 0.6503166799414568
-1.25 -1 14 15 -167.3106730940688 0.5981373295073493
-1.25 -1 15 16 -119.1007269476088 0.5519605842383712
-1.25 -1 16 17 -81.1912246563536 0.5108568711980781
-1.25 -1 17 18 -51.26492867493607 0.4740762825825817
-1.25 -1 18 19 -27.58005504833727 0.4410076331847287
-1.25 -1 19 20 -8.812428908271386 0.4111480778560385
-1.25 -1 20 21 6.055028635507597 0.3840803026147562
-1.25 -1 21 22 17.81080592959142 0.3594552039153127
-1.25 -1 22 23 27.07132983424981 0.3369785882688197
-1.25 -1 23 24 34.32218569500424 0.3164008524185911
-1.25 -1 24 25 39.94852683960664 0.2975088964571533
-1.25 -1 25 26 44.25775196407915 0.2801197290673736
-1.25 -1 26 27 47.49658600014106 0.2640753665167337
-1.25 -1 27 28 49.86406484170743 0.2492387315816782
-1.25 -1 28 29 51.52149095314633 0.235490331448608
-1.25 -1 29 30 52.6001270824753 0.2227255469335687
-1.25 -1 30 31 53.20718582883501 0.2108524073287908
-1.25 -1 31 32 53.4305244132795 0.1997897513186171
-1.25 -1 32 33 53.34234793661687 0.1894656984558523
-1.25 -1 33 34 53.00214781817948 0.1798163724473064
-1.25 -1 34 35 52.45904621706518 0.1707848280759546
-1.25 -1 35 36 51.75367614552982 0.1623201457131076
-1.25 -1 36 37 50.91969644260138 0.1543766642581914
-1.25 -1 37 38 49.98501802618659 0.1469133261006316
-1.25 -1 38 39 48.97280060248062 0.1398931192178725
-1.25 -1 39 40 47.90226594357733 0.1332825963881565
-1.25 -1 40 41 46.78936403753596 0.12705146172606
-1.25 -1 41 42 45.64732045312536 0.1211722135277642
-1.25 -1 42 43 44.48708769343006 0.1156198329732731
-1.25 -1 43 44 43.31771842053627 0.1103715152051781
-1.25 -1 44 45 42.14667497205454 0.1054064325614442
-1.25 -1 45 46 40.9789057743987 0.1010828170462237
-1.25 -1 46 47 39.82164726053711 0.09881448135307982
-1.25 -1 47 48 38.67778339962848 0.09881911981145824
-1.25 -1 48 49 37.55059906086558 0.1009813193317345
-1.25 -1 49 50 36.442525254033 0.1082827198637671
-1 -0.75 0 1 6072.711851694875 2.264295513158455
-1 -0.75 1 2 -1359.359700282105 2.028148694166258
-1 -0.75 2 3 -5488.162592404658 1.566056015824596
-1 -0.75 3 4 -4456.508783314592 1.520251383464672
-1 -0.75 4 5 -3293.016563467674 1.363009455388136
-1 -0.75 5 6 -2407.441373260267 1.211582306546412
-1 -0.75 6 7 -1770.467159651827 1.08102200305498
-1 -0.75 7 8 -1313.722558422367 0.9703528107638179
-1 -0.75 8 9 -982.7123152528438 0.8760289506799482
-1 -0.75 9 10 -739.4218764068601 0.7947462362613186
-1 -0.75 10 11 -557.9654262601812 0.7249162887253114
-1 -0.75 11 12 -420.9436711672843 0.6638062963614781
-1 -0.75 12 13 -316.275063088048 0.6101149485330086
-1 -0.75 13 14 -235.5401802192703 0.5626342503776415
-1 -0.75 14 15 -172.757303470707 0.5203994268932725
-1 -0.75 15 16 -123.6083815973507 0.4826319947450072
-1 -0.75 16 17 -84.92952519056917 0.4486975723906825
-1 -0.75 17 18 -54.37053744568493 0.4180744278189553
-1 -0.75 18 19 -30.16372503331377 0.3903298036689388
-1 -0.75 19 20 -10.96439166018217 0.3651019083884106
-1 -0.75 20 21 4.260910784008729 0.3420860688314151
-1 -0.75 21 22 16.31381312789063 0.3210239818730128
-1 -0.75 22 23 25.82135698736909 0.3016952846994335
-1 -0.75 23 24 33.27774738618962 0.2839108901191745
-1 -0.75 24 25 39.07517169334369 0.2675076706659455
-1 -0.75 25 26 43.52679436393726 0.2523441868244967
-1 -0.75 26 27 46.88408571272998 0.2382972270084738
-1 -0.75 27 28 49.35000170083686 0.2252589878526149
-1 -0.75 28 29 51.08909404766177 0.2131347591254957
-1 -0.75 29 30 52.23532707865263 0.2018410133293428
-1 -0.75 30 31 52.89816597961203 0.1913038179443542
-1 -0.75 31 32 53.16735107092234 0.1814575101122874
-1 -0.75 32 33 53.11666542058276 0.1722435839548734
-1 -0.75 33 34 52.80692560771348 0.1636097523546665
-1 -0.75 34 35 52.28836885559184 0.1555091505943404
-1 -0.75 35 36 51.60256815020819 0.1478996605126633
-1 -0.75 36 37 50.78397599391627 0.1407433310280716
-1 -0.75 37 38 49.86117440830077 0.1340058818315182
-1 -0.75 38 39 48.85789129569986 0.127656275874613
-1 -0.75 39 40 47.79383002995547 0.1216663496745352
-1 -0.75 40 41 46.68534918412178 0.1160104924473319
-1 -0.75 41 42 45.54602122393101 0.1106653680553561
-1 -0.75 42 43 44.38709333989397 0.105609670671044
-1 -0.75 43 44 43.21786861698018 0.1008239125983827
-1 -0.75 44 45 42.04602223033476 0.09629023697565967
-1 -0.75 45 46 40.87665885999206 0.09278896270232929
-1 -0.75 46 47 39.71721396716828 0.093237283390998
-1 -0.75 47 48 38.57067724545774 0.09774302337755318
-1 -0.75 48 49 37.44044397849342 0.1055808901066428
-1 -0.75 49 50 36.32903207805865 0.1138722378827508
-0.75 -0.5 0 1 6325.091261044809 3.260429178893187
-0.75 -0.5 1 2 -1133.175511544901 2.744139877987268
-0.75 -0.5 2 3 -5494.501676255978 1.573677590485158
-0.75 -0.5 3 4 -4495.723621878426 1.537268201588197
-0.75 -0.5 4 5 -3333.656528572752 1.380256441901994
-0.75 -0.5 5 6 -2443.360318433026 1.226241778735031
-0.75 -0.5 6 7 -1800.932169297486 1.092531142439715
-0.75 -0.5 7 8 -1339.283642057101 0.97901762316524
-0.75 -0.5 8 9 -1004.145353834124 0.8935070843320916
-0.75 -0.5 9 10 -757.4503216791059 0.823733011648405
-0.75 -0.5 10 11 -573.2044780727688 0.7607751660413815
-0.75 -0.5 11 12 -433.8884306842633 0.7037425001924381
-0.75 -0.5 12 13 -327.3262448061489 0.6523458842033277
-0.75 -0.5 13 14 -245.0205225147597 0.6060073062843753
-0.75 -0.5 14 15 -180.9276028438171 0.5641582187353805
-0.75 -0.5 15 16 -130.6804414108415 0.5262760410542513
-0.75 -0.5 16 17 -91.07633122015568 0.4918953042131792
-0.75 -0.5 17 18 -59.73418185713422 0.460607756032613
-0.75 -0.5 18 19 -34.8615728063437 0.4320579557844976
-0.75 -0.5 19 20 -15.09389563939317 0.4059373562694132
-0.75 -0.5 20 21 0.6184298915065938 0.3819782298328654
-0.75 -0.5 21 22 13.09018091878465 0.3599480165622712
-0.75 -0.5 22 23 22.95917167793209 0.3396443045720805
-0.75 -0.5 23 24 30.72848080273184 0.3208904789609021
-0.75 -0.5 24 25 36.79764075568414 0.3035320000555108
-0.75 -0.5 25 26 41.48592367858248 0.2874332422120917
-0.75 -0.5 26 27 45.0499003965424 0.2724748189214345
-0.75 -0.5 27 28 47.69680343100276 0.2585513199298054
-0.75 -0.5 28 29 49.59478379921813 0.2455693973754037
-0.75 -0.5 29 30 50.88084595138503 0.2334461444586763
-0.75 -0.5 30 31 51.66703159248641 0.2221077187253155
-0.75 -0.5 31 32 52.04527167638855 0.2114881707650643
-0.75 -0.5 32 33 52.09121751663531 0.2015284446377382
-0.75 -0.5 33 34 51.86728365018712 0.1921755225739277
-0.75 -0.5 34 35 51.42507789413031 0.1833816906115599
-0.75 -0.5 35 36 50.80735196247724 0.175103906876224
-0.75 -0.5 36 37 50.04957468473913 0.1673032562569011
-0.75 -0.5 37 38 49.18120654686322 0.1599444778609583
-0.75 -0.5 38 39 48.22673655801992 0.1529955551080717
-0.75 -0.5 39 40 47.20652902783974 0.1464273587950833
-0.75 -0.5 40 41 46.13751774365352 0.1402133356593997
-0.75 -0.5 41 42 45.0337768437463 0.1343292351779171
-0.75 -0.5 42 43 43.90699194984654 0.128752870795607
-0.75 -0.5 43 44 42.76685006574581 0.1234639089793985
-0.75 -0.5 44 45 41.62136319163142 0.1184436840523993
-0.75 -0.5 45 46 40.47591537235269 0.1140524551277418
-0.75 -0.5 46 47 39.33823134626766 0.1116996790148455
-0.75 -0.5 47 48 38.21151456322349 0.1115977165489361
-0.75 -0.5 48 49 37.0993637975362 0.1136410830939273
-0.75 -0.5 49 50 36.00447550386446 0.116451869053826
-0.5 -0.25 0 1 6495.079156311024 3.372682834558864
-0.5 -0.25 1 2 -984.5579532075658 2.407731284650861
-0.5 -0.25 2 3 -5502.781281112433 1.552628469031123
-0.5 -0.25 3 4 -4525.201879124447 1.534774843330489
-0.5 -0.25 4 5 -3363.126676750338 1.422369926323595
-0.5 -0.25 5 6 -2468.862295889325 1.338915222414032
-0.5 -0.25 6 7 -1822.165807423828 1.233423431140925
-0.5 -0.25 7 8 -1356.778279767177 1.129047715440327
-0.5 -0.25 8 9 -1018.544805047223 1.032854242162104
-0.5 -0.25 9 10 -769.33179600837 0.9465566814254428
-0.5 -0.25 10 11 -583.0451814281582 0.8691142216170131
-0.5 -0.25 11 12 -442.0697662480993 0.8003324161223356
-0.5 -0.25 12 13 -334.1526322764257 0.7390219927722488
-0.5 -0.25 13 14 -250.7347679462537 0.6842327181068334
-0.5 -0.25 14 15 -185.7242156270822 0.6351147530544732
-0.5 -0.25 15 16 -134.7161356579802 0.5909296327939707
-0.5 -0.25 16 17 -94.47814351124907 0.5510438725993623
-0.5 -0.25 17 18 -62.60571360671861 0.5149167938690761
-0.5 -0.25 18 19 -37.2877985094924 0.4820873702553315
-0.5 -0.25 19 20 -17.14488502411177 0.4521619780094789
-0.5 -0.25 20 21 -1.115388361146188 0.4248036726895688
-0.5 -0.25 21 22 11.62519731563339 0.3997230787843136
-0.5 -0.25 22 23 21.72261632975165 0.3766707648487108
-0.5 -0.25 23 24 29.68644612558217 0.3554309082531116
-0.5 -0.25 24 25 35.9215715741617 0.3358160464453748
-0.5 -0.25 25 26 40.75169338147668 0.3176627286520211
-0.5 -0.25 26 27 44.43706221148705 0.3008279093843187
-0.5 -0.25 27 28 47.1879804197232 0.2851859490729276
-0.5 -0.25 28 29 49.17516944181341 0.2706261119378149
-0.5 -0.25 29 30 50.53779341167728 0.2570504726455864
-0.5 -0.25 30 31 51.38971448775396 0.2443721569940881
-0.5 -0.25 31 32 51.82440279904245 0.2325138591054137
-0.5 -0.25 32 33 51.91881474324975 0.2214065864165797
-0.5 -0.25 33 34 51.73647444565552 0.2109885937998066
-0.5 -0.25 34 35 51.32993551404098 0.201204474366081
-0.5 -0.25 35 36 50.74275778596831 0.1920043820786902
-0.5 -0.25 36 37 50.01110217263897 0.1833433644574209
-0.5 -0.25 37 38 49.16502315181572 0.1751807874043069
-0.5 -0.25 38 39 48.22952059021003 0.167479838086799
-0.5 -0.25 39 40 47.22539901499277 0.1602070947314684
-0.5 -0.25 40 41 46.16997226317858 0.1533321518628734
-0.5 -0.25 41 42 45.07764315224705 0.1468272936003361
-0.5 -0.25 42 43 43.96038202734354 0.1406672084430104
-0.5 -0.25 43 44 42.8281229229882 0.1348287386556473
-0.5 -0.25 44 45 41.68909247943759 0.1292906605438397
-0.5 -0.25 45 46 40.54884996512413 0.1243873753372334
-0.5 -0.25 46 47 39.41530542895134 0.1214413155248588
-0.5 -0.25 47 48 38.29179271101935 0.1206668084283869
-0.5 -0.25 48 49 37.18203439509509 0.1219933045962907
-0.5 -0.25 49 50 36.08883572860424 0.12413287845131
-0.25 0 0 1 6582.166110849016 3.59889106449308
-0.25 0 1 2 -906.2917432668319 3.093182329796897
-0.25 0 2 3 -5504.045869792212 1.570601869562915
-0.25 0 3 4 -4536.918844720146 1.543831519521774
-0.25 0 4 5 -3374.735294635127 1.389935862165234
-0.25 0 5 6 -2478.54353882299 1.237084573684316
-0.25 0 6 7 -1829.86986294264 1.107314305468485
-0.25 0 7 8 -1362.814772936314 1.025855334240543
-0.25 0 8 9 -1023.246974385287 0.9468529203073661
-0.25 0 9 10 -772.9820731993054 0.8738244704689277
-0.25 0 10 11 -585.8701636534574 0.806840962276774
-0.25 0 11 12 -444.2433346357284 0.7464750860198471
-0.25 0 12 13 -335.8103526904415 0.6920417427024056
-0.25 0 13 14 -251.9822290207528 0.6429490088808929
-0.25 0 14 15 -186.6441866792418 0.5986054439527049
-0.25 0 15 16 -135.3739563292618 0.5584630629941982
-0.25 0 16 17 -94.92574676148456 0.5220314987457223
-0.25 0 17 18 -62.88463405915013 0.4888794226170293
-0.25 0 18 19 -37.43143713337508 0.4586306081809608
-0.25 0 19 20 -17.18022904799 0.4309580719650441
-0.25 0 20 21 -1.064329879769502 0.4055778672181165
-0.25 0 21 22 11.74484090549095 0.3822432229944303
-0.25 0 22 23 21.89630563114588 0.3607392942497645
-0.25 0 23 24 29.90229263959066 0.3408785874343594
-0.25 0 24 25 36.1698404364771 0.3224970337467968
-0.25 0 25 26 41.02440643115449 0.3054506467133246
-0.25 0 26 27 44.72767926399194 0.28961268774787
-0.25 0 27 28 47.49114197867766 0.2748712667223746
-0.25 0 28 29 49.48648802375124 0.2611273100598874
-0.25 0 29 30 50.85368358292158 0.2482928388825283
-0.25 0 30 31 51.70725390895416 0.2362895059551337
-0.25 0 31 32 52.14121823334278 0.2250473503739446
-0.25 0 32 33 52.23298825948643 0.2145037354925041
-0.25 0 33 34 52.04646602452715 0.2046024387941908
-0.25 0 34 35 51.63451903043318 0.1952928715553624
-0.25 0 35 36 51.04096793785965 0.1865294069999275
-0.25 0 36 37 50.30219039249039 0.178270800451747
-0.25 0 37 38 49.44842091594165 0.1704796864740607
-0.25 0 38 39 48.50480883251669 0.1631221441005778
-0.25 0 39 40 47.49228259319966 0.1561673164907871
-0.25 0 40 41 46.42825861472755 0.1495870801569754
-0.25 0 41 42 45.32722443265209 0.1433557550852617
-0.25 0 42 43 44.20122014919207 0.1374498502987453
-0.25 0 43 44 43.06023701290701 0.131847840322944
-0.25 0 44 45 41.91254835920654 0.1265299682207954
-0.25 0 45 46 40.76374443375664 0.1218440844481432
-0.25 0 46 47 39.62177944614081 0.1191575133287134
-0.25 0 47 48 38.49000442950427 0.1186857744887241
-0.25 0 48 49 37.37216082015115 0.120345723459375
-0.25 0 49 50 36.27106784229579 0.1228045555870836
0 0.25 0 1 6581.672012756602 3.59888761595802
0 0.25 1 2 -907.2143016787759 3.093155714922324
0 0.25 2 3 -5504.646721763997 1.570522385290606
0 0.25 3 4 -4537.091973807097 1.543766449408333
0 0.25 4 5 -3374.667897505205 1.389901671117235
0 0.25 5 6 -2478.379455373565 1.237082801315626
0 0.25 6 7 -1829.6808837669 1.107337009034128
0 0.25 7 8 -1362.632974476527 1.025892412147311
0 0.25 8 9 -1023.084262790286 0.9468956631847462
0 0.25 9 10 -772.8409204224108 0.8738659213455073
0 0.25 10 11 -585.7497115097058 0.8068818445275011
0 0.25 11 12 -444.1404481634645 0.7465126255927963
0 0.25 12 13 -335.7219192069088 0.6920754601576934
0 0.25 13 14 -251.9054342794229 0.6429789035344509
0 0.25 14 15 -186.5766880131414 0.5986317558212194
0 0.25 15 16 -135.3138931050482 0.5584861341720047
0 0.25 16 17 -94.87168353348443 0.5220516979130859
0 0.25 17 18 -62.83548328342908 0.4888971060944489
0 0.25 18 19 -37.38638311228124 0.4586461024615031
0 0.25 19 20 -17.13866189557075 0.4309716670910345
0 0.25 20 21 -1.025791927403361 0.4055898166659603
0 0.25 21 22 11.78069677604276 0.3822537461942788
0 0.25 22 23 21.92974740335103 0.3607485800207059
0 0.25 23 24 29.93353228760452 0.3408867978824782
0 0.25 24 25 36.19905060566145 0.3225043080612524
0 0.25 25 26 41.051732249559 0.3054571043813812
0 0.25 26 27 44.75324655689155 0.2896184314746214
0 0.25 27 28 47.51506287727489 0.2748763851018542
0 0.25 28 29 49.50886471945591 0.2611318794368263
0 0.25 29 30 50.87461078501997 0.2482969252997214
0 0.25 30 31 51.72682041525763 0.2362931667620109
0 0.25 31 32 52.15950790460136 0.2250506353053539
0 0.25 32 33 52.25008060728533 0.2145066878441367
0 0.25 33 34 52.0624365536662 0.2046050964826728
0 0.25 34 35 51.64943943729213 0.1952952674824639
0 0.25 35 36 51.05490622670885 0.1865315702517873
0 0.25 36 37 50.31521095531622 0.1782727562952882
0 0.25 37 38 49.46058459834893 0.1704814573226591
0 0.25 38 39 48.5161730043294 0.163123749505173
0 0.25 39 40 47.50290122898122 0.1561687738977906
0 0.25 40 41 46.43818238839162 0.1495884047897033
0 0.25 41 42 45.33650082658363 0.1433569605154036
0 0.25 42 43 44.20989357564525 0.137450948528606
0 0.25 43 44 43.068348946002 0.1318488420549122
0 0.25 44 45 41.92013747508639 0.1265308827804381
0 0.25 45 46 40.77084671428753 0.1218449323458037
0 0.25 46 47 39.62842843510236 0.1191583566580126
0 0.25 47 48 38.49623126137567 0.1186866739954496
0 0.25 48 49 37.37799441802929 0.1203467275782859
0 0.25 49 50 36.27653502755095 0.1228056676570275
0.25 0.5 0 1 6493.671911779384 3.372674759768798
0.25 0.5 1 2 -987.1806469510152 2.40765974700227
0.25 0.5 2 3 -5504.482106301763 1.552474985985036
0.25 0.5 3 4 -4525.686898245422 1.534664704281889
0.25 0.5 4 5 -3362.933479354105 1.422324370357252
0.25 0.5 5 6 -2468.399559169416 1.338924128419756
0.25 0.5 6 7 -1821.635587112183 1.233466715069383
0.25 0.5 7 8 -1356.26994906404 1.129111329769391
0.25 0.5 8 9 -1018.090947239864 1.032924856324412
0.25 0.5 9 10 -768.9386588726202 0.9466219198402774
0.25 0.5 10 11 -582.7099157416519 0.8691800875296527
0.25 0.5 11 12 -441.7832590251169 0.8003931114060296
0.25 0.5 12 13 -333.9059925424131 0.7390768856202412
0.25 0.5 13 14 -250.5200455942111 0.6842818288252199
0.25 0.5 14 15 -185.5348536194672 0.6351584316041154
0.25 0.5 15 16 -134.5469728944056 0.590968370464575
0.25 0.5 16 17 -94.32523571154979 0.5510781984047377
0.25 0.5 17 18 -62.46610263733487 0.5149472205921903
0.25 0.5 18 19 -37.15928974614349 0.4821143698360742
0.25 0.5 19 20 -17.0258562790541 0.4521859723662759
0.25 0.5 20 21 -1.004636207772819 0.4248250331110379
0.25 0.5 21 22 11.72857602007321 0.3997421291822717
0.25 0.5 22 23 21.81931300451765 0.3766877865307178
0.25 0.5 23 24 29.77700503584981 0.3554461450868267
0.25 0.5 24 25 36.00643589004517 0.3358297100235864
0.25 0.5 25 26 40.83123735424363 0.317675002650905
0.25 0.5 26 27 44.51161317624315 0.3008389537166313
0.25 0.5 27 28 47.25783349242977 0.2851959030502384
0.25 0.5 28 29 49.24059707223284 0.2706350973657653
0.25 0.5 29 30 50.59905138822285 0.2570585961069627
0.25 0.5 30 31 51.44704555268152 0.2443795121644592
0.25 0.5 31 32 51.87803869623929 0.2325205282639964
0.25 0.5 32 33 51.96897727778708 0.2214126422045184
0.25 0.5 33 34 51.78337595139669 0.2109941002170997
0.25 0.5 34 35 51.37377899317676 0.2012094880077837
0.25 0.5 35 36 50.78373689792505 0.1920089531942539
0.25 0.5 36 37 50.04940117579201 0.1833475374687074
0.25 0.5 37 38 49.20081686686007 0.17518460185916
0.25 0.5 38 39 48.26297441585376 0.1674833291517905
0.25 0.5 39 40 47.25666901237287 0.160210293730067
0.25 0.5 40 41 46.19920531067021 0.1533350866482843
0.25 0.5 41 42 45.10497716569716 0.1468299891031995
0.25 0.5 42 43 43.98594623682254 0.1406696869514147
0.25 0.5 43 44 42.85203819476908 0.1348310201466667
0.25 0.5 44 45 41.71147167386721 0.1292927627872776
0.25 0.5 45 46 40.56979822551369 0.1243893461838099
0.25 0.5 46 47 39.43492082620645 0.1214433155855
0.25 0.5 47 48 38.31016637425648 0.1206689996695922
0.25 0.5 48 49 37.19925104568134 0.1219958211809727
0.25 0.5 49 50 36.10497398505768 0.1241357326690934
0.5 0.75 0 1 6322.857695323806 3.260428171546609
0.5 0.75 1 2 -1137.323319962416 2.744114131483248
0.5 0.75 2 3 -5497.163356234923 1.57355638288269
0.5 0.75 3 4 -4496.451398556184 1.537145442302143
0.5 0.75 4 5 -3333.32044658638 1.380188018383874
0.5 0.75 5 6 -2442.612462830961 1.226230967145159
0.5 0.75 6 7 -1800.089912248185 1.092558116290613
0.5 0.75 7 8 -1338.483852110264 0.9788514169027299
0.5 0.75 8 9 -1003.437196264991 0.8937742419591601
0.5 0.75 9 10 -756.8399138316263 0.8237935027665328
0.5 0.75 10 11 -572.6860746831076 0.7608256154243259
0.5 0.75 11 12 -433.4466936988947 0.7037885226819055
0.5 0.75 12 13 -326.9466320390982 0.6523871283440895
0.5 0.75 13 14 -244.69025846626 0.6060439079393001
0.5 0.75 14 15 -180.636277013959 0.5641905422036955
0.5 0.75 15 16 -130.4199392173384 0.5263045390183529
0.5 0.75 16 17 -90.84050618404058 0.4919204429392994
0.5 0.75 17 18 -59.51846473138471 0.4606299772715248
0.5 0.75 18 19 -34.66260477251444 0.4320776589346422
0.5 0.75 19 20 -14.90921824432394 0.4059548923977004
0.5 0.75 20 21 0.7906216290843986 0.3819939020374965
0.5 0.75 21 22 13.25122741038967 0.359962083408626
0.5 0.75 22 23 23.1100890453672 0.3396569851092593
0.5 0.75 23 24 30.87006251434457 0.3209019578861815
0.5 0.75 24 25 36.93052964302933 0.3035424328880906
0.5 0.75 25 26 41.61066186008748 0.2874427600279319
0.5 0.75 26 27 45.16696309090275 0.2724835323440998
0.5 0.75 27 28 47.80662126012282 0.2585593223689097
0.5 0.75 28 29 49.69775703186599 0.2455767685085937
0.5 0.75 29 30 50.97735322459812 0.2334529520604775
0.5 0.75 30 31 51.75743494295671 0.2221140210050891
0.5 0.75 31 32 52.12991918225214 0.211494017999192
0.5 0.75 32 33 52.17044445605563 0.2015338803043148
0.5 0.75 33 34 51.94141279511916 0.1921805846673838
0.5 0.75 34 35 51.49441935259864 0.1833864123812423
0.5 0.75 35 36 50.87220283406094 0.1751083177173075
0.5 0.75 36 37 50.11021869494732 0.1673073821306432
0.5 0.75 37 38 49.23791375320013 0.1599483419199655
0.5 0.75 38 39 48.27976317808486 0.1529991780202882
0.5 0.75 39 40 47.25611740414257 0.1464307591402065
0.5 0.75 40 41 46.18389644797355 0.1402165300997885
0.5 0.75 41 42 45.07716090456501 0.1343322388744544
0.5 0.75 42 43 43.94758319000158 0.1287556974276495
0.5 0.75 43 44 42.80483752748523 0.1234665710735218
0.5 0.75 44 45 41.65692362898375 0.1184461929221878
0.5 0.75 45 46 40.50921368129622 0.1140548691797654
0.5 0.75 46 47 39.36942143287433 0.1117022307445442
0.5 0.75 47 48 38.24073961062425 0.1116006477797223
0.5 0.75 48 49 37.1267570399296 0.1136445984916377
0.5 0.75 49 50 36.03016067611588 0.1164559846224648
0.75 1 0 1 6069.706586804239 2.264217558985989
0.75 1 1 2 -1364.936320337923 2.027635451518184
0.75 1 2 3 -5491.733863159716 1.565429543999522
0.75 1 3 4 -4457.47750697322 1.520219013579724
0.75 1 4 5 -3292.556315985384 1.36344776651783
0.75 1 5 6 -2406.429187910142 1.212230209751777
0.75 1 6 7 -1769.329210990483 1.081702639901973
0.75 1 7 8 -1312.64307113264 0.9709759135951673
0.75 1 8 9 -981.7555954654013 0.8765693259546803
0.75 1 9 10 -738.5977538240127 0.7952135086798791
0.75 1 10 11 -557.265644620833 0.7252938671317852
0.75 1 11 12 -420.3476051766438 0.6641147967527662
0.75 1 12 13 -315.763150827247 0.6103654051563199
0.75 1 13 14 -235.0952168449187 0.562836721977063
0.75 1 14 15 -172.3652473914865 0.5205626294693264
0.75 1 15 16 -123.258266027206 0.4827632854549582
0.75 1 16 17 -84.61302244268063 0.448803064820174
0.75 1 17 18 -54.08143795838942 0.4181591491480884
0.75 1 18 19 -29.89744781023592 0.3903978557076564
0.75 1 19 20 -10.7175699620675 0.3651566175889227
0.75 1 20 21 4.490759750536881 0.342130119463466
0.75 1 21 22 16.52854131519916 0.3210595312998701
0.75 1 22 23 26.02237381414102 0.3017240608381712
0.75 1 23 24 33.46615649192654 0.2839342730562188
0.75 1 24 25 39.25186813345647 0.2675267601952381
0.75 1 25 26 43.69253225699924 0.2523598576245235
0.75 1 26 27 47.03952430372556 0.2383101735163595
0.75 1 27 28 49.49573596880111 0.2252697609325227
0.75 1 28 29 51.22567446205539 0.2131437952751809
0.75 1 29 30 52.36327189132817 0.2018486581886097
0.75 1 30 31 53.01796850504229 0.1913103450955028
0.75 1 31 32 53.27948369539422 0.1814631361126527
0.75 1 32 33 53.22158156058038 0.1722484801268233
0.75 1 33 34 52.90506044944243 0.1636140544080645
0.75 1 34 35 52.38013943599134 0.1555129662373395
0.75 1 35 36 51.68837314029849 0.1479030751267097
0.75 1 36 37 50.86419541354115 0.1407464124117302
0.75 1 37 38 49.9361694006019 0.1340086841031665
0.75 1 38 39 48.92800403406574 0.1276588421486535
0.75 1 39 40 47.85938378451226 0.1216687144836248
0.75 1 40 41 46.74664855093732 0.1160126837280682
0.75 1 41 42 45.6033525044042 0.110667408120768
0.75 1 42 43 44.44072504944 0.1056115778324945
0.75 1 43 44 43.26805210069244 0.1008257017118482
0.75 1 44 45 42.09299235879558 0.09629192042989494
0.75 1 45 46 40.92063462157438 0.09279060932836623
0.75 1 46 47 39.75839968061206 0.09323916992912963
0.75 1 47 48 38.60926290504543 0.09774541296975936
0.75 1 48 49 37.47660631194071 0.1055839732902526
0.75 1 49 50 36.36293515648865 0.1138759923058875
1 1.25 0 1 5748.012845125172 1.540957708495315
1 1.25 1 2 -1657.395305402827 0.7666377574478542
1 1.25 2 3 -5492.999906173138 2.088127805498731
1 1.25 3 4 -4419.102484725307 1.980331220655819
1 1.25 4 5 -3252.84977864679 1.74233135061366
1 1.25 5 6 -2372.303114485342 1.522111380185833
1 1.25 6 7 -1741.330353554175 1.336818758430319
1 1.25 7 8 -1289.952597165999 1.183239254345599
1 1.25 8 9 -963.3930703634405 1.054820418342153
1 1.25 9 10 -723.6991068090379 0.9476774293071677
1 1.25 10 11 -545.1274816012715 0.8560047712960597
1 1.25 11 12 -410.4197561324577 0.7775215208008686
1 1.25 12 13 -307.6119718269563 0.709566972919805
1 1.25 13 14 -228.3795198632724 0.6502489261852699
1 1.25 14 15 -166.8152465245591 0.5980921740776954
1 1.25 15 16 -118.6593377114712 0.5519330639461174
1 1.25 16 17 -80.79335421459928 0.5108430352316981
1 1.25 17 18 -50.9026534737834 0.4740729613613715
1 1.25 18 19 -27.24746588447715 0.4410122781575062
1 1.25 19 20 -8.505132247505117 0.4111586438009679
1 1.25 20 21 6.34031228377944 0.3840951561358845
1 1.25 21 22 18.07655228944645 0.3594730493749718
1 1.25 22 23 27.31944345471334 0.3369984065790279
1 1.25 23 24 34.55417018196238 0.3164218500349141
1 1.25 24 25 40.16560690012329 0.2975304626128272
1 1.25 25 26 44.46095923650512 0.2801414004984714
1 1.25 26 27 47.68681826813099 0.2640967976864802
1 1.25 27 28 50.04212606612236 0.2492596708569889
1 1.25 28 29 51.6881177312024 0.2355106007375574
1 1.25 29 30 52.75600568665106 0.2227450259571747
1 1.25 30 31 53.35296284059439 0.2108710205231468
1 1.25 31 32 53.56681310977604 0.1998074571663733
1 1.25 32 33 53.46973194780333 0.1894824813587259
1 1.25 33 34 53.12118310204181 0.1798322359279412
1 1.25 34 35 52.57026206080297 0.1707997896549294
1 1.25 35 36 51.8575756621899 0.1623342329034324
1 1.25 36 37 51.01675685798796 0.1543899110989509
1 1.25 37 38 50.075690938001 0.1469257710893793
1 1.25 38 39 49.05751231211946 0.1399048031879394
1 1.25 39 40 47.98141790954537 0.1332935612421958
1 1.25 40 41 46.86333346453597 0.1270617495274113
1 1.25 41 42 45.71646101399091 0.1211818652615406
1 1.25 42 43 44.55173036523252 0.1156288887533396
1 1.25 43 44 43.37817241314815 0.1103800133393693
1 1.25 44 45 42.20322872719498 0.1054144093673636
1 1.25 45 46 41.03182775335989 0.1010904074423207
1 1.25 46 47 39.87118770381659 0.09882217653771756
1 1.25 47 48 38.72417464958204 0.09882740479961138
1 1.25 48 49 37.59405698430697 0.1009905671676799
1 1.25 49 50 36.4832500426586 0.108292510574237
1.25 1.5 0 1 5379.809732458166 3.095023133363047
1.25 1.5 1 2 -1961.421378680026 3.703577517355305
1.25 1.5 2 3 -5456.73958660085 1.701009396006796
1.25 1.5 3 4 -4342.273290645286 1.632865100637425
1.25 1.5 4 5 -3180.434487225906 1.456396614126392
1.25 1.5 5 6 -2311.572552141011 1.284738205830788
1.25 1.5 6 7 -1691.962551182526 1.135572257046875
1.25 1.5 7 8 -1250.125155229835 1.009305455178483
1.25 1.5 8 9 -931.2515509498039 0.9017052228823983
1.25 1.5 9 10 -697.6795075509563 0.8117763008724618
1.25 1.5 10 11 -523.9805674778481 0.7336776837137318
1.25 1.5 11 12 -393.1726053316106 0.6666295242906513
1.25 1.5 12 13 -293.502866236968 0.6083526471833258
1.25 1.5 13 14 -216.811025908924 0.5573362163234176
1.25 1.5 14 15 -157.3158244217746 0.5123815659695649
1.25 1.5 15 16 -110.8541578615277 0.4725307798951428
1.25 1.5 16 17 -74.38231901410904 0.4370117974069732
1.25 1.5 17 18 -45.64383986279336 0.4051968533892051
1.25 1.5 18 19 -22.94459003446582 0.3765710840680169
1.25 1.5 19 20 -4.997992041224734 0.3507087260869747
1.25 1.5 20 21 9.183182414482644 0.3272549467846494
1.25 1.5 21 22 20.36357234582329 0.3059118700077369
1.25 1.5 22 23 29.14043243213644 0.2864277282770596
1.25 1.5 23 24 35.98384370641975 0.2685883759901123
1.25 1.5 24 25 41.26634948920355 0.2522105912457462
1.25 1.5 25 26 45.28503640951612 0.2392065546758053
1.25 1.5 26 27 48.27815275041121 0.2272633320969862
1.25 1.5 27 28 50.43773229317458 0.216127107512919
1.25 1.5 28 29 51.91926666058532 0.2057272295708366
1.25 1.5 29 30 52.84917538076297 0.1960006146514027
1.25 1.5 30 31 53.33061785797167 0.1868908105175758
1.25 1.5 31 32 53.44804632624755 0.1783471876569203
1.25 1.5 32 33 53.27079524928121 0.1703242378070796
1.25 1.5 33 34 52.85592786663301 0.1627809678747588
1.25 1.5 34 35 52.25050607799125 0.1556803733022226
1.25 1.5 35 36 51.49340980164811 0.1489889808572376
1.25 1.5 36 37 50.61680219799302 0.1426764505202574
1.25 1.5 37 38 49.64731499996151 0.136715228373147
1.25 1.5 38 39 48.60701141871027 0.1310802432138642
1.25 1.5 39 40 47.5141713870172 0.1257486409650198
1.25 1.5 40 41 46.38393436309855 0.1206995511723362
1.25 1.5 41 42 45.22882719075437 0.1159138823024433
1.25 1.5 42 43 44.05919909151487 0.1113741407324533
1.25 1.5 43 44 42.88358112479523 0.1070642712660334
1.25 1.5 44 45 41.70898408678556 0.1029695158189894
1.25 1.5 45 46 40.53999290425975 0.09941951361735572
1.25 1.5 46 47 39.38344750584554 0.09768600827613362
1.25 1.5 47 48 38.24196506876825 0.09794597648097718
1.25 1.5 48 49 37.11857485434473 0.100100970140778
1.25 1.5 49 50 36.01548234541841 0.1029059540159817
1.5 1.75 0 1 4944.264330752624 0.9780996394421148
1.5 1.75 1 2 -2341.884069237127 0.878942744247077
1.5 1.75 2 3 -5434.056267035196 1.777831607328074
1.5 1.75 3 4 -4263.3633134089 1.711235123131523
1.5 1.75 4 5 -3099.762441773842 1.521369619131852
1.5 1.75 5 6 -2239.934323901469 1.332265102393807
1.5 1.75 6 7 -1630.725453562986 1.167528790144896
1.5 1.75 7 8 -1198.338690986363 1.029220099053669
1.5 1.75 8 9 -887.52394361607 0.9129400650544773
1.5 1.75 9 10 -660.6009821807943 0.8144322459195061
1.5 1.75 10 11 -492.4608241264245 0.7324411887234205
1.5 1.75 11 12 -366.2375835751591 0.6618285221599564
1.5 1.75 12 13 -270.3764777009856 0.600984610954115
1.5 1.75 13 14 -196.8628823444317 0.5481341773459304
1.5 1.75 14 15 -140.0330180080232 0.5018870027190923
1.5 1.75 15 16 -95.81775110902504 0.4611461183475657
1.5 1.75 16 17 -61.24846926916666 0.4250378761524619
1.5 1.75 17 18 -34.12886924613895 0.3928596849451359
1.5 1.75 18 19 -12.81323079829235 0.3640410840905133
1.5 1.75 19 20 3.945873148304145 0.3381146456816964
1.5 1.75 20 21 17.10383853412918 0.3146940619604996
1.5 1.75 21 22 27.39928232299792 0.2934575042594782
1.5 1.75 22 23 35.40807465632111 0.2741348591239145
1.5 1.75 23 24 41.58263384699978 0.2564978504601181
1.5 1.75 24 25 46.2808438644056 0.2403523218263486
1.5 1.75 25 26 49.78756862573425 0.2255321542253588
1.5 1.75 26 27 52.3308207995309 0.2118944304421093
1.5 1.75 27 28 54.094027077703 0.1993155621040069
1.5 1.75 28 29 55.22541295326619 0.1876881618936251
1.5 1.75 29 30 55.84524095529616 0.1769185012898464
1.5 1.75 30 31 56.05143478063417 0.1669244294431357
1.5 1.75 31 32 55.92397932458846 0.1576336591643584
1.5 1.75 32 33 55.52838501019681 0.1489823471048615
1.5 1.75 33 34 54.9184316026894 0.1409139103795765
1.5 1.75 34 35 54.13835335802463 0.1333780354188704
1.5 1.75 35 36 53.22458821564197 0.1263298448691666
1.5 1.75 36 37 52.20718470234152 0.1197291910625631
1.5 1.75 37 38 51.1109386154244 0.1135400581373145
1.5 1.75 38 39 49.95631520977969 0.1077300501339303
1.5 1.75 39 40 48.76020024745003 0.1022699545005652
1.5 1.75 40 41 47.53651399616137 0.09713336494007865
1.5 1.75 41 42 46.29671475083342 0.09229635794422059
1.5 1.75 42 43 45.0502132005588 0.08773721161385674
1.5 1.75 43 44 43.80471436138617 0.0834361617607733
1.5 1.75 44 45 42.56650054033179 0.07937519007126317
1.5 1.75 45 46 41.33954064642958 0.07624875980853001
1.5 1.75 46 47 40.13006056943681 0.07665354516781811
1.5 1.75 47 48 38.94019907209588 0.0806766884455047
1.5 1.75 48 49 37.77253623087711 0.08766729768427586
1.5 1.75 49 50 36.62889035192111 0.0950519776165162
1.75 2 0 1 4485.738162718248 1.057521956645029
1.75 2 1 2 -2727.43936876908 2.773408643174901
1.75 2 2 3 -5406.372866724181 2.750893260528273
1.75 2 3 4 -4192.158643510182 2.242405582809665
1.75 2 4 5 -3035.117250790669 1.84030946086179
1.75 2 5 6 -2187.933794548585 1.541731503172493
1.75 2 6 7 -1590.044580235655 1.316033267692924
1.75 2 7 8 -1166.664804178808 1.140672618037803
1.75 2 8 9 -862.7613573915892 1.001134725362376
1.75 2 9 10 -641.1500375441069 0.8874278569223666
1.75 2 10 11 -477.1407449133358 0.7933675885629592
1.75 2 11 12 -354.1225764287233 0.7141786869043076
1.75 2 12 13 -260.7771580399431 0.6466950353471566
1.75 2 13 14 -189.2522183605086 0.5885551080992401
1.75 2 14 15 -134.004015349494 0.5379936928648784
1.75 2 15 16 -91.05308956534441 0.4936646827924159
1.75 2 16 17 -57.49858108237026 0.4545232960442298
1.75 2 17 18 -31.19594786684297 0.419745886305594
1.75 2 18 19 -10.53942730449444 0.3886741134299691
1.75 2 19 20 5.687267640352275 0.3607752689482873
1.75 2 20 21 18.41505617940902 0.3356135503889739
1.75 2 21 22 28.36316833679632 0.3128289062593697
1.75 2 22 23 36.09201368495019 0.2921212162814635
1.75 2 23 24 42.04160611842372 0.2732382934660997
1.75 2 24 25 46.55982332963754 0.2559666702833963
1.75 2 25 26 49.9234185679494 0.2401244384198605
1.75 2 26 27 52.35380212500183 0.2255556276360648
1.75 2 27 28 54.02900559450393 0.2121257472916743
1.75 2 28 29 55.09283092565272 0.1997182204186976
1.75 2 29 30 55.66190278694319 0.1882315065685255
1.75 2 30 31 55.83114520963272 0.1775767626361522
1.75 2 31 32 55.67806391275809 0.1676759282936936
1.75 2 32 33 55.26611620426303 0.1584601477822495
1.75 2 33 34 54.64737867243673 0.1498684607657881
1.75 2 34 35 53.86467069984633 0.1418467105988737
1.75 2 35 36 52.95325354666409 0.1343466290699456
1.75 2 36 37 51.94219636387794 0.1273250640201557
1.75 2 37 38 50.85547938942727 0.1207433258164723
1.75 2 38 39 49.71288862541007 0.1145666312070296
1.75 2 39 40 48.53074421945053 0.1087636276010766
1.75 2 40 41 47.32249572864271 0.1033059857528145
1.75 2 41 42 46.09921012544885 0.0981680481604839
1.75 2 42 43 44.86997327088642 0.09332652592053614
1.75 2 43 44 43.64222112126112 0.08876023517866261
1.75 2 44 45 42.42201374014581 0.08444986791723386
1.75 2 45 46 41.21317759637296 0.08097632091122196
1.75 2 46 47 40.02170985755907 0.08117948652013347
1.75 2 47 48 38.84966790096857 0.08485753378437239
1.75 2 48 49 37.69953313309949 0.09137086695045728
1.75 2 49 50 36.57303661398788 0.09824089463320342
2 2.25 0 1 3989.452841682463 1.020963026792211
2 2.25 1 2 -3123.952401338112 0.8513668507414147
2 2.25 2 3 -5348.463329829323 1.652871807079823
2 2.25 3 4 -4074.550227185088 1.531340223303899
2 2.25 4 5 -2918.803401910621 1.351788643185845
2 2.25 5 6 -2085.051203968758 1.192632399273674
2 2.25 6 7 -1501.94084496197 1.0588825195383
2 2.25 7 8 -1091.950695478194 0.9462554333167897
2 2.25 8 9 -799.4859785315821 0.8512580283363218
2 2.25 9 10 -587.4468105517981 0.7696697448244457
2 2.25 10 11 -431.3962292165054 0.6993597119619853
2 2.25 11 12 -314.993835151141 0.6382042047863994
2 2.25 12 13 -227.1632603019791 0.5846278461575223
2 2.25 13 14 -160.2543906403753 0.5373863481392203
2 2.25 14 15 -108.8880399302511 0.4954861835336933
2 2.25 15 16 -69.21728845052849 0.4581258500375728
2 2.25 16 17 -38.4477394054577 0.4246525253169421
2 2.25 17 18 -14.52048141770297 0.394529739081436
2 2.25 18 19 4.101136277451587 0.3673129905255339
2 2.25 19 20 18.57736925951599 0.3426311607896361
2 2.25 20 21 29.79348285281287 0.3201721937434122
2 2.25 21 22 38.43131688388178 0.29967196421144
2 2.25 22 23 45.02050155713698 0.2809055392200272
2 2.25 23 24 49.97558672762841 0.2636802646505053
2 2.25 24 25 53.62328198539888 0.2478302499521598
2 2.25 25 26 56.22266251715973 0.2332119358103846
2 2.25 26 27 57.98031023026851 0.2197005062542287
2 2.25 27 28 59.06176653158195 0.2071869655208008
2 2.25 28 29 59.60027071630066 0.1955757412464257
2 2.25 29 30 59.70348093447615 0.1847827062737449
2 2.25 30 31 59.4586820866237 0.1747335386367495
2 2.25 31 32 58.93684916977622 0.1653623526206766
2 2.25 32 33 58.19583794347278 0.1566105519539604
2 2.25 33 34 57.28290527591514 0.1484258627050171
2 2.25 34 35 56.23671102602447 0.1407615156830092
2 2.25 35 36 55.08891632052701 0.1335755512278781
2 2.25 36 37 53.86546570459882 0.1268302256476967
2 2.25 37 38 52.58762031597769 0.1204915029691526
2 2.25 38 39 51.27279389402679 0.1145286177101421
2 2.25 39 40 49.93523184100337 0.1089136979227095
2 2.25 40 41 48.58656488831713 0.1036214374095703
2 2.25 41 42 47.23626191800247 0.09862881342892187
2 2.25 42 43 45.89200157551747 0.09391483812705208
2 2.25 43 44 44.55997807228039 0.0894603430006318
2 2.25 44 45 43.24515352004036 0.08524778934755504
2 2.25 45 46 41.95041030374003 0.08191173556194993
2 2.25 46 47 40.68082936767701 0.08182303969152226
2 2.25 47 48 39.43772875894564 0.0850447301470124
2 2.25 48 49 38.22290644163905 0.09096232798528081
2 2.25 49 50 37.03748938722154 0.09722316855624362
2.25 2.5 0 1 3468.435626619153 1.71398900425522
2.25 2.5 1 2 -3519.871082801619 0.9596567779015109
2.25 2.5 2 3 -5258.615680154622 1.695028168109842
2.25 2.5 3 4 -3935.3754992811 1.562173736970336
2.25 2.5 4 5 -2793.160629227837 1.376841862710515
2.25 2.5 5 6 -1981.410796234687 1.22192165147201
2.25 2.5 6 7 -1418.347612900833 1.098256789498106
2.25 2.5 7 8 -1024.741151243628 0.9880993939769898
2.25 2.5 8 9 -745.271537166127 0.891394948661986
2.25 2.5 9 10 -543.480132958337 0.8075009846672848
2.25 2.5 10 11 -395.5407363182264 0.7343010660814808
2.25 2.5 11 12 -285.6007063659101 0.6702640190088344
2.25 2.5 12 13 -202.9579301361769 0.6139804025946038
2.25 2.5 13 14 -140.2450440665023 0.5642665381257688
2.25 2.5 14 15 -92.29647675188994 0.5201407090285459
2.25 2.5 15 16 -55.42763439068426 0.4807912261233895
2.25 2.5 16 17 -26.96849474576425 0.4455460111988371
2.25 2.5 17 18 -4.956312591944879 0.4138465225325901
2.25 2.5 18 19 12.07052603459988 0.385226342246542
2.25 2.5 19 20 25.21321127781266 0.3592939163940821
2.25 2.5 20 21 35.31013042159259 0.3357187448633868
2.25 2.5 21 22 43.00563236881078 0.3142203478001015
2.25 2.5 22 23 48.79915147525287 0.2945594363555078
2.25 2.5 23 24 53.08075885337348 0.276530823975086
2.25 2.5 24 25 56.15720104259344 0.2599577091243964
2.25 2.5 25 26 58.27118295041009 0.2446870432025344
2.25 2.5 26 27 59.61579399018967 0.2305857558118885
2.25 2.5 27 28 60.34540256788489 0.2175376651024763
2.25 2.5 28 29 60.58395531148312 0.2054409339247347
2.25 2.5 29 30 60.43135021194786 0.1942059644254307
2.25 2.5 30 31 59.96836727014301 0.1837536487360389
2.25 2.5 31 32 59.26050953574349 0.1740139057200679
2.25 2.5 32 33 58.36101453036116 0.1649244539040323
2.25 2.5 33 34 57.31322932661709 0.1564297756350182
2.25 2.5 34 35 56.15249413025208 0.1484802407807357
2.25 2.5 35 36 54.90764377970669 0.1410313611849253
2.25 2.5 36 37 53.60221039095194 0.1340431541734614
2.25 2.5 37 38 52.25539095465274 0.1274795970562168
2.25 2.5 38 39 50.88282904775559 0.1213081586197777
2.25 2.5 39 40 49.49724878299958 0.1154993942141526
2.25 2.5 40 41 48.10897085972243 0.1100265951575135
2.25 2.5 41 42 46.72633392854891 0.1048654852441592
2.25 2.5 42 43 45.35603980768474 0.09999395491573609
2.25 2.5 43 44 44.0034370777629 0.09539183038837278
2.25 2.5 44 45 42.67275467673105 0.09104067062011517
2.25 2.5 45 46 41.36628167784619 0.08724427989398607
2.25 2.5 46 47 40.08846273251865 0.08518680391306054
2.25 2.5 47 48 38.84017767427824 0.08499952527316171
2.25 2.5 48 49 37.62280514456626 0.08652386190672688
2.25 2.5 49 50 36.43710716670839 0.09171728954116458
2.5 2.75 0 1 2890.67257238051 2.26451387702573
2.5 2.75 1 2 -3958.813117972637 1.109753646700184
2.5 2.75 2 3 -5172.879058673328 2.698223330934768
2.5 2.75 3 4 -3791.184313922824 2.613111649909058
2.5 2.75 4 5 -2657.690177106224 2.304784441685328
2.5 2.75 5 6 -1865.58890313536 2.00812387283682
2.5 2.75 6 7 -1321.77201290946 1.755411944722639
2.5 2.75 7 8 -944.640532509844 1.545127625080896
2.5 2.75 8 9 -678.7244260421257 1.369691661158629
2.5 2.75 9 10 -487.9541480380608 1.222688448667959
2.5 2.75 10 11 -348.9724950141547 1.098186277485347
2.5 2.75 11 12 -246.3391644458609 0.9918328943990506
2.5 2.75 12 13 -169.6886018760886 0.9002038357624621
2.5 2.75 13 14 -111.9194168681211 0.8206373301578731
2.5 2.75 14 15 -68.07416606911761 0.7510487344585939
2.5 2.75 15 16 -34.63098878413052 0.6897899987804585
2.5 2.75 16 17 -9.047549726324178 0.6355453099020854
2.5 2.75 17 18 10.53814936756862 0.587253851874792
2.5 2.75 18 19 25.50771763485 0.5440524007845357
2.5 2.75 19 20 36.89838429847623 0.5052323400365425
2.5 2.75 20 21 45.49706111378191 0.4702071845249617
2.5 2.75 21 22 51.90640285220218 0.4384878115431943
2.5 2.75 22 23 56.59186541739291 0.4096633896604115
2.5 2.75 23 24 59.91566893619188 0.3833865595889097
2.5 2.75 24 25 62.16160696455188 0.3593618160249973
2.5 2.75 25 26 63.55337108958793 0.3373363219704723
2.5 2.75 26 27 64.26822497558464 0.317092588393318
2.5 2.75 27 28 64.44730473991524 0.2984425953687088
2.5 2.75 28 29 64.20344591542357 0.2812230377622474
2.5 2.75 29 30 63.62717893981107 0.2652914534061972
2.5 2.75 30 31 62.79135610050162 0.2505230509280506
2.5 2.75 31 32 61.75474703358691 0.2368080941567769
2.5 2.75 32 33 60.5648506304301 0.2240497333766926
2.5 2.75 33 34 59.26010721746661 0.2121621981842175
2.5 2.75 34 35 57.87164853843086 0.2010692825645201
2.5 2.75 35 36 56.42468921038505 0.1907030702378368
2.5 2.75 36 37 54.93963836246093 0.1810028564421638
2.5 2.75 37 38 53.43299167636224 0.1719142318580855
2.5 2.75 38 39 51.91805013870635 0.1633883019967828
2.5 2.75 39 40 50.40550134524412 0.1553810181329733
2.5 2.75 40 41 48.90389137600818 0.1478526027645613
2.5 2.75 41 42 47.42000898341087 0.1407670540257471
2.5 2.75 42 43 45.95919941234547 0.134091716778186
2.5 2.75 43 44 44.52562141297489 0.1277969101442941
2.5 2.75 44 45 43.12245825695814 0.1218556036254401
2.5 2.75 45 46 41.75111918403735 0.1164625456212487
2.5 2.75 46 47 40.41515634991896 0.1124224680676897
2.5 2.75 47 48 39.11477325563902 0.1098467084682204
2.5 2.75 48 49 37.85071398192844 0.1086758367464159
2.5 2.75 49 50 36.62317621442159 0.108105985570819
2.75 3 0 1 2254.792092595926 1.755636128223218
2.75 3 1 2 -4391.824888755067 4.345556231586738
2.75 3 2 3 -5032.103616031672 5.943062209032789
2.75 3 3 4 -3595.164710635616 5.088425154177491
2.75 3 4 5 -2479.793200160111 4.235225697943339
2.75 3 5 6 -1716.424203259478 3.554327362096133
2.75 3 6 7 -1199.260617483636 3.022188499647479
2.75 3 7 8 -844.3578336655764 2.602207459114791
2.75 3 8 9 -596.408092255771 2.265220094090258
2.75 3 9 10 -420.0483289989322 1.990750822193614
2.75 3 10 11 -292.6417890757571 1.763801875434112
2.75 3 11 12 -199.3536712764687 1.57374454636236
2.75 3 12 13 -130.2971489691647 1.412767253411564
2.75 3 13 14 -78.74129334130021 1.275052005483724
2.75 3 14 15 -40.01383979500883 1.156192960729034
2.75 3 15 16 -10.81290863074332 1.05280159616311
2.75 3 16 17 11.23321344342958 0.9622345298549441
2.75 3 17 18 27.85325459877959 0.8824027996780095
2.75 3 18 19 40.323936991349 0.8116360251779042
2.75 3 19 20 49.59930892962734 0.7485841365570629
2.75 3 20 21 56.39982426573727 0.692145229761897
2.75 3 21 22 61.27466383456033 0.6414118724674925
2.75 3 22 23 64.64596849264717 0.5956306321724033
2.75 3 23 24 66.84065148366426 0.5541712091737927
2.75 3 24 25 68.11355752572422 0.5165026375919634
2.75 3 25 26 68.66451162652675 0.4821747495986424
2.75 3 26 27 68.65099937852784 0.4508036023851191
2.75 3 27 28 68.19768773165146 0.4220599207842299
2.75 3 28 29 67.4036361836603 0.3956598560660734
2.75 3 29 30 66.34780277042159 0.3713575406732242
2.75 3 30 31 65.09327951869147 0.3489390472944245
2.75 3 31 32 63.69057304090711 0.3282174538264669
2.75 3 32 33 62.18016176934799 0.3090287876957236
2.75 3 33 34 60.59450112281621 0.291228671932611
2.75 3 34 35 58.9596044033164 0.2746895372281156
2.75 3 35 36 57.2962955131934 0.2592982918439805
2.75 3 36 37 55.62120626481567 0.2449543642485245
2.75 3 37 38 53.94757381711537 0.2315680521728358
2.75 3 38 39 52.28588084351202 0.2190591228109038
2.75 3 39 40 50.6443713151053 0.2073556216802291
2.75 3 40 41 49.02946754982889 0.1963928549623563
2.75 3 41 42 47.4461083763284 0.18611251626696
2.75 3 42 43 45.89802418351829 0.1764619353400403
2.75 3 43 44 44.38796118039369 0.1673934288417912
2.75 3 44 45 42.91786465677464 0.1588637378308451
2.75 3 45 46 41.48810610851083 0.1509867017263178
2.75 3 46 47 40.10118111399623 0.1443092110147193
2.75 3 47 48 38.756501122738 0.1389087559428484
2.75 3 48 49 37.45406804743024 0.1347569079156141
2.75 3 49 50 36.19341873465595 0.1312896460807492
3 3.25 0 1 1563.548867912534 1.184838684752128
3 3.25 1 2 -4749.933814901308 9.344723064254449
3 3.25 2 3 -4785.838501251563 9.807906045658672
3 3.25 3 4 -3317.14859531617 7.981199689641296
3 3.25 4 5 -2241.688121162515 6.477295179259912
3 3.25 5 6 -1523.424354561809 5.347258161544544
3 3.25 6 7 -1044.702217933545 4.491730040973592
3 3.25 7 8 -720.4874756254676 3.830256875707827
3 3.25 8 9 -496.6289086309389 3.307576285057748
3 3.25 9 10 -339.1717177732714 2.886732451056995
3 3.25 10 11 -226.6765062728571 2.542107948055668
3 3.25 11 12 -145.2420679999075 2.25583542600443
3 3.25 12 13 -85.68642507857157 2.015060810554417
3 3.25 13 14 -41.80726416908624 1.810350802068152
3 3.25 14 15 -9.329730808588465 1.634646603164879
3 3.25 15 16 14.74726114284499 1.482573185932522
3 3.25 16 17 32.56579509730989 1.349973106563624
3 3.25 17 18 45.67767624619103 1.233585224266642
3 3.25 18 19 55.2220543883717 1.130818947003626
3 3.25 19 20 62.04505104003226 1.039592746904728
3 3.25 20 21 66.78173622551606 0.9582167471510614
3 3.25 21 22 69.91320707623697 0.8853060675208093
3 3.25 22 23 71.80691521928202 0.819715989641005
3 3.25 23 24 72.74554266993493 0.7604928350320562
3 3.25 24 25 72.94793306741235 0.7068363153815181
3 3.25 25 26 72.58443549886249 0.6580703671116646
3 3.25 26 27 71.78826910020121 0.6136203347356622
3 3.25 27 28 70.66402055235869 0.572994957674934
3 3.25 28 29 69.29405351665821 0.5357720279803997
3 3.25 29 30 67.74338205404433 0.5015868808759223
3 3.25 30 31 66.06340371241475 0.4701230900102688
3 3.25 31 32 64.29477870053682 0.4411048933369511
3 3.25 32 33 62.46966450252393 0.4142909878030041
3 3.25 33 34 60.61346034158413 0.3894694147567347
3 3.25 34 35 58.74617632144924 0.3664533198932696
3 3.25 35 36 56.8835133137691 0.345077419885322
3 3.25 36 37 55.03771855850965 0.325195042434634
3 3.25 37 38 53.21826640659322 0.3066756351571978
3 3.25 38 39 51.43240199302568 0.2894026593966976
3 3.25 39 40 49.68557692342046 0.2732718018406201
3 3.25 40 41 47.98179958154378 0.2581894497258409
3 3.25 41 42 46.32391749521875 0.2440713859528646
3 3.25 42 43 44.71384556656841 0.2308416680568642
3 3.25 43 44 43.15275093081905 0.2184316617554774
3 3.25 44 45 41.64120295107904 0.2067792052339601
3 3.25 45 46 40.17843823385888 0.1959332701091822
3 3.25 46 47 38.76576497302452 0.1862446614194855
3 3.25 47 48 37.4017434852519 0.1777473585552888
3 3.25 48 49 36.08557165696638 0.1704099676242596
3 3.25 49 50 34.81607295192508 0.1638328255677504
3.25 3.5 0 1 844.5670182720993 0.4300397928788739
3.25 3.5 1 2 -4919.449848279528 19.01849186177504
3.25 3.5 2 3 -4369.257417440731 15.11118297357751
3.25 3.5 3 4 -2921.744367490332 11.41264137702841
3.25 3.5 4 5 -1924.248157993323 8.898314391003582
3.25 3.5 5 6 -1276.676487630302 7.149337873879969
3.25 3.5 6 7 -853.5444732331089 5.882862094723499
3.25 3.5 7 8 -571.6632605718876 4.932767091416457
3.25 3.5 8 9 -379.9384338721534 4.198849142108195
3.25 3.5 9 10 -247.0313739429223 3.618348764459012
3.25 3.5 10 11 -153.468476603548 3.149989400609605
3.25 3.5 11 12 -86.78450521341279 2.765826894708149
3.25 3.5 12 13 -38.83535416735026 2.44628140593684
3.25 3.5 13 14 -4.172752302053595 2.177273331812761
3.25 3.5 14 15 20.92528000844231 1.948442412498831
3.25 3.5 15 16 39.04995408945229 1.752010788995772
3.25 3.5 16 17 52.0359771618082 1.582035672662769
3.25 3.5 17 18 61.2020310727022 1.433905260503383
3.25 3.5 18 19 67.50855125049736 1.303990829653403
3.25 3.5 19 20 71.66327237723453 1.189401653616631
3.25 3.5 20 21 74.19310133895419 1.087809151145892
3.25 3.5 21 22 75.4938633022814 0.9973186056500801
3.25 3.5 22 23 75.86524802883088 0.9163741743558107
3.25 3.5 23 24 75.53569416960568 0.8436875845656848
3.25 3.5 24 25 74.68032917767562 0.7781839409933367
3.25 3.5 25 26 73.43404972205525 0.7189600667201321
3.25 3.5 26 27 71.9011580724133 0.6652521419403541
3.25 3.5 27 28 70.16252878016377 0.616410321507084
3.25 3.5 28 29 68.28098513248233 0.5718786477945338
3.25 3.5 29 30 66.30536479069355 0.5311790215481497
3.25 3.5 30 31 64.27361678205324 0.4938983122034188
3.25 3.5 31 32 62.21517649518114 0.4596779177847927
3.25 3.5 32 33 60.1527982244283 0.4282052518340436
3.25 3.5 33 34 58.10397714556274 0.399206757808572
3.25 3.5 34 35 56.08205839932774 0.3724421429310015
3.25 3.5 35 36 54.09710619632668 0.3476995919569092
3.25 3.5 36 37 52.15658775664343 0.3247917736537187
3.25 3.5 37 38 50.26591361548299 0.3035524918977918
3.25 3.5 38 39 48.42886591535068 0.2838338644058755
3.25 3.5 39 40 46.64793891463171 0.2655039353936016
3.25 3.5 40 41 44.92461047393186 0.2484446467942155
3.25 3.5 41 42 43.25955892249436 0.2325501075063155
3.25 3.5 42 43 41.65283665741117 0.2177251110131633
3.25 3.5 43 44 40.10400929713222 0.2038838615753517
3.25 3.5 44 45 38.61226731258989 0.1909488753408291
3.25 3.5 45 46 37.17575200669306 0.1789490951095695
3.25 3.5 46 47 35.79455171877926 0.1682049851025269
3.25 3.5 47 48 34.46643753114992 0.1587485336144433
3.25 3.5 48 49 33.18984456370671 0.1505521453240574
3.25 3.5 49 50 31.96292923405385 0.1432357342512564
3.5 3.75 0 1 175.5164174094006 1.625568199737293
3.5 3.75 1 2 -4728.301655380033 25.32327047752619
3.5 3.75 2 3 -3714.287904192674 16.64687413036454
3.5 3.75 3 4 -2382.354649489083 11.7465492276272
3.5 3.75 4 5 -1519.418514719105 8.799172791533902
3.5 3.75 5 6 -976.7421937355673 6.870912547001394
3.5 3.75 6 7 -630.3644848480105 5.528077625652767
3.5 3.75 7 8 -404.2367294077608 4.548617001146869
3.5 3.75 8 9 -253.3373699394851 3.80836538434612
3.5 3.75 9 10 -150.703897242764 3.233203826833681
3.5 3.75 10 11 -79.88115385263677 2.776126016897888
3.5 3.75 11 12 -30.49148733812603 2.406136006770674
3.5 3.75 12 13 4.15810149743902 2.10198245384776
3.5 3.75 13 14 28.49302628287057 1.84865400157267
3.5 3.75 14 15 45.50364584322438 1.635270640468988
3.5 3.75 15 16 57.2501375932062 1.453770588036548
3.5 3.75 16 17 65.17633154277405 1.298064704645472
3.5 3.75 17 18 70.30941370324433 1.163475957032946
3.5 3.75 18 19 73.38980437814291 1.046358297584073
3.5 3.75 19 20 74.95733463641454 0.9438316732018153
3.5 3.75 20 21 75.40948037538249 0.8535940829000432
3.5 3.75 21 22 75.04137304776583 0.7737858933077602
3.5 3.75 22 23 74.07370716737518 0.7028903046735392
3.5 3.75 23 24 72.67247391672777 0.6396592734706662
3.5 3.75 24 25 70.9630895076827 0.5830576525492105
3.5 3.75 25 26 69.04062544288877 0.5322205610946149
3.5 3.75 26 27 66.97729286758653 0.4864204918695292
3.5 3.75 27 28 64.82796961809834 0.4450416742900788
3.5 3.75 28 29 62.63431690699869 0.4075599053942593
3.5 3.75 29 30 60.42786946429368 0.3735265455408738
3.5 3.75 30 31 58.23237163144549 0.3425557168227206
3.5 3.75 31 32 56.06555480331758 0.3143139864387721
3.5 3.75 32 33 53.94049771081109 0.2885119957375125
3.5 3.75 33 34 51.86667293195413 0.2648976231993172
3.5 3.75 34 35 49.85075580712839 0.2432503671368715
3.5 3.75 35 36 47.8972523127951 0.2233767044375377
3.5 3.75 36 37 46.00898819197661 0.2051062356950814
3.5 3.75 37 38 44.18749120780458 0.1882884681316016
3.5 3.75 38 39 42.43329065471048 0.172790119279161
3.5 3.75 39 40 40.74615251004191 0.1584928478210123
3.5 3.75 40 41 39.12526438643305 0.1452913378429959
3.5 3.75 41 42 37.56938108425331 0.1330916769842641
3.5 3.75 42 43 36.07693920293522 0.1218099806443051
3.5 3.75 43 44 34.64614735559954 0.1113712247502982
3.5 3.75 44 45 33.27505707320493 0.1017082560157918
3.5 3.75 45 46 31.96098417249256 0.09291090207102459
3.5 3.75 46 47 30.70295149210465 0.08552950708121342
3.5 3.75 47 48 29.49819599197679 0.07969766878348196
3.5 3.75 48 49 28.34459950608209 0.07543577079362079
3.5 3.75 49 50 27.2398565023626 0.07219268736000992
3.75 4 0 1 -334.1441463279652 1.836034699296508
3.75 4 1 2 -4046.323611029526 28.32067639033013
3.75 4 2 3 -2808.388230628056 13.04001926406745
3.75 4 3 4 -1710.308497295729 7.571200192785101
3.75 4 4 5 -1044.183017319362 4.904932301033469
3.75 4 5 6 -641.1097375113463 3.387363917004847
3.75 4 6 7 -391.4381247517967 2.43770563270582
3.75 4 7 8 -232.7713539792858 1.804209370658199
3.75 4 8 9 -129.6383539527653 1.361712016120949
3.75 4 9 10 -61.38407336709167 1.042297379441246
3.75 4 10 11 -15.67172110629917 0.8058998211219219
3.75 4 11 12 15.13327953215708 0.627983158315634
3.75 4 12 13 35.87438127541191 0.4927741962087679
3.75 4 13 14 49.70555687851106 0.3898940232861693
3.75 4 14 15 58.72729335247686 0.3123958962269284
3.75 4 15 16 64.36631844648582 0.2844644013804775
3.75 4 16 17 67.60845855677013 0.2618631949217835
3.75 4 17 18 69.14501875925993 0.2416387683828046
3.75 4 18 19 69.4669199380881 0.2234664671203396
3.75 4 19 20 68.92650572987208 0.2070757975393175
3.75 4 20 21 67.77889043591517 0.192239964471026
3.75 4 21 22 66.21009187687565 0.1787676566470238
3.75 4 22 23 64.35646685088295 0.1758111125545628
3.75 4 23 24 62.31832385413446 0.1800182196951637
3.75 4 24 25 60.16957649315682 0.1841295917822255
3.75 4 25 26 57.96466618181179 0.1878476840095954
3.75 4 26 27 55.74357696360829 0.1910315356652834
3.75 4 27 28 53.53550145589267 0.1936310482182136
3.75 4 28 29 51.36154278612025 0.1956471822917882
3.75 4 29 30 49.2367206639629 0.1971083219170664
3.75 4 30 31 47.17147060195666 0.198056398784977
3.75 4 31 32 45.1727708518651 0.1985388383900717
3.75 4 32 33 43.24499380106681 0.1986039678637486
3.75 4 33 34 41.39055200960827 0.1982984810843881
3.75 4 34 35 39.61039021652779 0.1976661248015315
3.75 4 35 36 37.90436113729015 0.1967471052915045
3.75 4 36 37 36.27151312382661 0.1955779154998608
3.75 4 37 38 34.71031067104752 0.1941914002264667
3.75 4 38 39 33.21880353081831 0.1926169508012182
3.75 4 39 40 31.79475633907384 0.1908807627144193
3.75 4 40 41 30.4357478495679 0.1890061173905216
3.75 4 41 42 29.13924664401146 0.1870136650277277
3.75 4 42 43 27.90266864485616 0.1849216957865634
3.75 4 43 44 26.72342052362676 0.1827463926905412
3.75 4 44 45 25.59893213613601 0.1805020630948722
3.75 4 45 46 24.52621092297701 0.1782549949487398
3.75 4 46 47 23.50359641579038 0.1762040618727486
3.75 4 47 48 22.52824479565871 0.1743635526797854
3.75 4 48 49 21.59787285201282 0.1727148794735646
3.75 4 49 50 20.71008477832263 0.1710967782739777
4 5 0 1 -1017.679603483272 2.76806769374689
4 5 1 2 -4444.064215206543 7.086620915861126
4 5 2 3 -2547.184823108958 5.309919630037187
4 5 3 4 -1392.651418483193 3.991052529854009
4 5 4 5 -765.0397346608552 2.968782170563786
4 5 5 6 -412.6274868022313 2.22461810628055
4 5 6 7 -208.1957407449358 1.726962767664853
4 5 7 8 -86.40027837719094 1.393258829810967
4 5 8 9 -12.45252452248928 1.160542194333288
4 5 9 10 32.83548354290303 0.9894422088411158
4 5 10 11 60.40286775084758 0.8590012962789034
4 5 11 12 76.80201432880563 0.7581516330850647
4 5 12 13 86.03885357778711 0.6773135251125485
4 5 13 14 90.61236693423814 0.6103312663259263
4 5 14 15 92.12381949367148 0.5544906671598984
4 5 15 16 91.62895835747014 0.5078255520598561
4 5 16 17 89.83420739121419 0.4680619373706661
4 5 17 18 87.21412889788593 0.4332906790536807
4 5 18 19 84.08899908912025 0.4024249208711692
4 5 19 20 80.67690598340749 0.3749296651574431
4 5 20 21 77.12749245476718 0.3504051178216142
4 5 21 22 73.54342137324872 0.3284221397991771
4 5 22 23 69.99442283968673 0.3085585722793832
4 5 23 24 66.52695615706941 0.2904668900093541
4 5 24 25 63.1710729033106 0.2738932113604363
4 5 25 26 59.94531264671824 0.258655268586895
4 5 26 27 56.86016205339041 0.2446112973142415
4 5 27 28 53.92048060550908 0.2316390469249106
4 5 28 29 51.12720464726014 0.2196274266742247
4 5 29 30 48.47855613886466 0.2084756075639033
4 5 30 31 45.9709103656331 0.1980942358793758
4 5 31 32 43.59942414623512 0.1884059489263734
4 5 32 33 41.35849173641259 0.1793445901681626
4 5 33 34 39.24207446433282 0.1708535768780957
4 5 34 35 37.24393702528826 0.1628840516185494
4 5 35 36 35.35781473324907 0.1553932430087561
4 5 36 37 33.5775299183409 0.148343203703323
4 5 37 38 31.89707109564664 0.1416999152245673
4 5 38 39 30.31064502355197 0.1354326756669789
4 5 39 40 28.81270911553729 0.1295136721035939
4 5 40 41 27.39798971306934 0.1239176617914956
4 5 41 42 26.06149019691933 0.1186217122371008
4 5 42 43 24.79849187795949 0.1136049732084931
4 5 43 44 23.60454984116541 0.1088484686874494
4 5 44 45 22.47548528837824 0.1043349046460874
4 5 45 46 21.40692054022987 0.1004436099246191
4 5 46 47 20.39570721186795 0.09858716040991269
4 5 47 48 19.43798817651694 0.09874206712644416
4 5 48 49 18.53058415168409 0.10047420411716
4 5 49 50 17.67008301023672 0.1025604432788941
-5 5 0 50 -530083.4807685538 93.87363507662009
