#ylo yhi qTlo qThi PDF0  uncertainty
-5 -4 0 1 -1005.352602115059 2.839319296733492
-5 -4 1 2 -4416.583988682952 7.17831766284811
-5 -4 2 3 -2539.240311764105 5.41671408910598
-5 -4 3 4 -1392.176758039835 4.076603752368813
-5 -4 4 5 -766.9014640017838 3.048615118932282
-5 -4 5 6 -414.9758839374995 2.304592883966305
-5 -4 6 7 -210.4420899558015 1.801911858416137
-5 -4 7 8 -88.38597711273064 1.459323649069455
-5 -4 8 9 -14.16036450941897 1.217434299489641
-5 -4 9 10 31.38015809280341 1.038397686406187
-5 -4 10 11 59.16435968485098 0.9011352161928741
-5 -4 11 12 75.74559298690053 0.7943572633868086
-5 -4 12 13 85.13407902480367 0.7085484523225658
-5 -4 13 14 89.83376468614813 0.6374361894776911
-5 -4 14 15 91.45049201003809 0.5780693152840485
-5 -4 15 16 91.04386783537035 0.5283365311861542
-5 -4 16 17 89.32346288768827 0.4859274178765614
-5 -4 17 18 86.76638128289869 0.4489073931863237
-5 -4 18 19 83.69494409700809 0.4161328745151636
-5 -4 19 20 80.32887766529797 0.387001397200989
-5 -4 20 21 76.81913492128064 0.3610596501651275
-5 -4 21 22 73.2694288459985 0.3378432189631855
-5 -4 22 23 69.75033643018887 0.3169054728791098
-5 -4 23 24 66.30900516992645 0.2978782742754062
-5 -4 24 25 62.97604999620904 0.2804884618940736
-5 -4 25 26 59.77047468086946 0.2645361018157731
-5 -4 26 27 56.70315072753274 0.2498641655738277
-5 -4 27 28 53.77925857291811 0.2363377922843311
-5 -4 28 29 51.00000386138589 0.2238356378037332
-5 -4 29 30 48.36383588293403 0.2122484598433381
-5 -4 30 31 45.86732295089571 0.2014798553242936
-5 -4 31 32 43.50578669196541 0.1914464363560575
-5 -4 32 33 41.27376279157789 0.1820768354171179
-5 -4 33 34 39.16533450705795 0.1733099441296954
-5 -4 34 35 37.17437209420618 0.1650929775281579
-5 -4 35 36 35.29470260751643 0.1573797633251816
-5 -4 36 37 33.52022838757767 0.1501294131295642
-5 -4 37 38 31.84500795578715 0.1433053660513169
-5 -4 38 39 30.26330950689988 0.1368747181525268
-5 -4 39 40 28.76964451793643 0.1308077444695322
-5 -4 40 41 27.35878702707943 0.1250775359141661
-5 -4 41 42 26.02578259334259 0.1196597027236533
-5 -4 42 43 24.76594990668326 0.1145321154019901
-5 -4 43 44 23.5748772437407 0.1096746716978028
-5 -4 44 45 22.44841533513278 0.1050690825062133
-5 -4 45 46 21.38221356199571 0.1010895511058131
-5 -4 46 47 20.37314420307558 0.09913698158722574
-5 -4 47 48 19.41737207247662 0.09919868036442135
-5 -4 48 49 18.51173671532923 0.1008546842818637
-5 -4 49 50 17.65284162658472 0.1028922702119867
-4 -3.75 0 1 -323.7251384436944 1.824058711397052
-4 -3.75 1 2 -4022.121435081322 27.99558183117841
-4 -3.75 2 3 -2802.807142104048 12.90370486003217
-4 -3.75 3 4 -1711.20690108467 7.498793645599494
-4 -3.75 4 5 -1046.937341760908 4.862393700873256
-4 -3.75 5 6 -644.1171493880956 3.361178043093395
-4 -3.75 6 7 -394.1877962244316 2.421364199192149
-4 -3.75 7 8 -235.1363621423127 1.79417176181995
-4 -3.75 8 9 -131.6241399160183 1.355878826955959
-4 -3.75 9 10 -63.03661291512003 1.039335874971109
-4 -3.75 10 11 -17.04394019794563 0.8049139914531271
-4 -3.75 11 12 13.99277259725181 0.6283326838234576
-4 -3.75 12 13 34.92433137145952 0.493968792178048
-4 -3.75 13 14 48.91207866224875 0.3915251584187164
-4 -3.75 14 15 58.06293149291355 0.3140918003309354
-4 -3.75 15 16 63.80892371784694 0.2834501036214635
-4 -3.75 16 17 67.14015154445224 0.2609655624015899
-4 -3.75 17 18 68.75131796275707 0.2408438644997581
-4 -3.75 18 19 69.13603777143089 0.2227623705193502
-4 -3.75 19 20 68.6487913250669 0.2064522612578832
-4 -3.75 20 21 67.54639275138965 0.1916881394997517
-4 -3.75 21 22 66.01621831883449 0.1782798664050861
-4 -3.75 22 23 64.19571649967105 0.1720489986057657
-4 -3.75 23 24 62.18607849672281 0.1759524872853043
-4 -3.75 24 25 60.06193630017771 0.1798555410143236
-4 -3.75 25 26 57.87831985655404 0.1834359073633407
-4 -3.75 26 27 55.67569855538719 0.1865342145303567
-4 -3.75 27 28 53.48366786361788 0.1890869650757047
-4 -3.75 28 29 51.32366738291253 0.1910853978684781
-4 -3.75 29 30 49.21099954266552 0.1925507951227876
-4 -3.75 30 31 47.15633875684242 0.1935198422127956
-4 -3.75 31 32 45.16686622515311 0.1940360394014736
-4 -3.75 32 33 43.24712759534583 0.194144738940783
-4 -3.75 33 34 41.39968402084786 0.1938903525252975
-4 -3.75 34 35 39.62560821798064 0.193314856464853
-4 -3.75 35 36 37.92486354984871 0.192457070053999
-4 -3.75 36 37 36.29659437254897 0.1913523899311861
-4 -3.75 37 38 34.7393487481207 0.1900327880740347
-4 -3.75 38 39 33.2512493834647 0.1885269563460245
-4 -3.75 39 40 31.83012477524885 0.1868605269682016
-4 -3.75 40 41 30.47360971330639 0.1850563256828341
-4 -3.75 41 42 29.17922205761823 0.1831346332231658
-4 -3.75 42 43 27.94442115282564 0.1811134393632594
-4 -3.75 43 44 26.76665200272644 0.1790086828204649
-4 -3.75 44 45 25.6433783576754 0.1768344723390339
-4 -3.75 45 46 24.57163828498322 0.1746583314286892
-4 -3.75 46 47 23.54979563611316 0.1726840590885534
-4 -3.75 47 48 22.57503096024232 0.1709264197773532
-4 -3.75 48 49 21.64508205091357 0.1693665511850421
-4 -3.75 49 50 20.75757071971628 0.1678388851539261
-3.75 -3.5 0 1 186.9231770602455 1.608163005858115
-3.75 -3.5 1 2 -4697.53519187963 24.85220295121516
-3.75 -3.5 2 3 -3705.64419539863 16.34833406826225
-3.75 -3.5 3 4 -2382.044494298849 11.53975891216904
-3.75 -3.5 4 5 -1521.840077006618 8.64641460906755
-3.75 -3.5 5 6 -979.8190369482261 6.753056717198348
-3.75 -3.5 6 7 -633.3538584571047 5.434299827719068
-3.75 -3.5 7 8 -406.9007407215759 4.472266831013512
-3.75 -3.5 8 9 -255.6298727284643 3.745096351659967
-3.75 -3.5 9 10 -152.6482432728274 3.180036584343424
-3.75 -3.5 10 11 -81.52136760954318 2.730939857118101
-3.75 -3.5 11 12 -31.87388281384824 2.367374556103145
-3.75 -3.5 12 13 2.991580347870581 2.068474271119432
-3.75 -3.5 13 14 27.50657790854086 1.819498442567991
-3.75 -3.5 14 15 44.66751699591487 1.609762602172293
-3.75 -3.5 15 16 56.5398900784453 1.431349359442312
-3.75 -3.5 16 17 64.5719704720949 1.278278283104136
-3.75 -3.5 17 18 69.79457002938295 1.145955582499647
-3.75 -3.5 18 19 72.95103401093013 1.030799913245486
-3.75 -3.5 19 20 74.58354257649228 0.9299821884768575
-3.75 -3.5 20 21 75.0914578618565 0.8412410334041281
-3.75 -3.5 21 22 74.77142971260793 0.7627495473339247
-3.75 -3.5 22 23 73.84538016731904 0.6930175599471412
-3.75 -3.5 23 24 72.48029819281311 0.6308188835989681
-3.75 -3.5 24 25 70.80241605655783 0.5751364536730239
-3.75 -3.5 25 26 68.90747709178754 0.5251204605930209
-3.75 -3.5 26 27 66.86824928557581 0.4800560437677063
-3.75 -3.5 27 28 64.74007513096785 0.439338110964677
-3.75 -3.5 28 29 62.56500613638326 0.4024515277361024
-3.75 -3.5 29 30 60.37490694830933 0.3689553969758952
-3.75 -3.5 30 31 58.19380246226348 0.3384704837336304
-3.75 -3.5 31 32 56.03966399159111 0.3106690811295896
-3.75 -3.5 32 33 53.92577650322946 0.2852667867117687
-3.75 -3.5 33 34 51.86179070449947 0.2620157858192696
-3.75 -3.5 34 35 49.85453645845297 0.2406993328858023
-3.75 -3.5 35 36 47.90865431581329 0.2211271912275153
-3.75 -3.5 36 37 46.02708763726793 0.2031318454515781
-3.75 -3.5 37 38 44.21146731454218 0.1865653403282095
-3.75 -3.5 38 39 42.46241332573535 0.1712966307281267
-3.75 -3.5 39 40 40.77977159559083 0.1572093513659966
-3.75 -3.5 40 41 39.16280038261779 0.1441999334503854
-3.75 -3.5 41 42 37.61031704324523 0.1321760095986045
-3.75 -3.5 42 43 36.12081367449477 0.1210550600847921
-3.75 -3.5 43 44 34.69254820759755 0.1107632637757048
-3.75 -3.5 44 45 33.32361606777765 0.101234522150736
-3.75 -3.5 45 46 32.01137320964638 0.0925604902705528
-3.75 -3.5 46 47 30.75487347473693 0.08529556368573379
-3.75 -3.5 47 48 29.55138625928782 0.07957423409197491
-3.75 -3.5 48 49 28.39882135510655 0.07541681102927957
-3.75 -3.5 49 50 27.29489638910074 0.07226944215415723
-3.5 -3.25 0 1 854.0264952917109 0.4321572714838651
-3.5 -3.25 1 2 -4890.374911026425 18.79310804050687
-3.5 -3.25 2 3 -4361.37669592245 14.9179253158207
-3.5 -3.25 3 4 -2921.958936933932 11.26324228872748
-3.5 -3.25 4 5 -1927.076469479788 8.780335608017554
-3.5 -3.25 5 6 -1280.07409730217 7.053740259365661
-3.5 -3.25 6 7 -856.7782377822573 5.803707536954355
-3.5 -3.25 7 8 -574.5053492951658 4.866073477801097
-3.5 -3.25 8 9 -382.3543224978719 4.141854241549447
-3.5 -3.25 9 10 -249.0559343874152 3.569071483862735
-3.5 -3.25 10 11 -155.1556940553157 3.106969127865437
-3.5 -3.25 11 12 -88.18892822493262 2.727959712753916
-3.5 -3.25 12 13 -40.00543238865816 2.412715455979817
-3.5 -3.25 13 14 -5.149283842271871 2.147339301597909
-3.5 -3.25 14 15 20.10878196323279 1.92160610851221
-3.5 -3.25 15 16 38.36626458880789 1.727839962804536
-3.5 -3.25 16 17 51.4630593626506 1.56017630172556
-3.5 -3.25 17 18 60.72203251330666 1.414064253978578
-3.5 -3.25 18 19 67.1069568333387 1.285923197031991
-3.5 -3.25 19 20 71.32821687880801 1.172900833996514
-3.5 -3.25 20 21 73.91482295589128 1.072699621318498
-3.5 -3.25 21 22 75.26427414002262 0.9834501570516816
-3.5 -3.25 22 23 75.67759831676574 0.9036174306236257
-3.5 -3.25 23 24 75.38431015161649 0.8319304531657066
-3.5 -3.25 24 25 74.56040828306681 0.7673287770414594
-3.5 -3.25 25 26 73.34150000045935 0.7089213855527979
-3.5 -3.25 26 27 71.83247174769878 0.6559547592785524
-3.5 -3.25 27 28 70.1146820978928 0.607787829522719
-3.5 -3.25 28 29 68.25135850362693 0.5638721576118184
-3.5 -3.25 29 30 66.29167865143819 0.5237361188838607
-3.5 -3.25 30 31 64.27387967441882 0.4869721845972258
-3.5 -3.25 31 32 62.22764270141136 0.4532266210673546
-3.5 -3.25 32 33 60.17593291590896 0.4221910902712965
-3.5 -3.25 33 34 58.13642748198521 0.3935957577423133
-3.5 -3.25 34 35 56.12262937643064 0.3672036037393109
-3.5 -3.25 35 36 54.14474030902858 0.3428057010659095
-3.5 -3.25 36 37 52.21034775746958 0.3202172752239767
-3.5 -3.25 37 38 50.32496779982264 0.2992744007046111
-3.5 -3.25 38 39 48.49247549091334 0.2798312174484452
-3.5 -3.25 39 40 46.71544709899359 0.261757575909795
-3.5 -3.25 40 41 44.99543303997274 0.244937035449826
-3.5 -3.25 41 42 43.33317596385007 0.229265157100194
-3.5 -3.25 42 43 41.72878538855861 0.2146480411842462
-3.5 -3.25 43 44 40.18187773728141 0.2010010707252217
-3.5 -3.25 44 45 38.69168872912253 0.1882478274702914
-3.5 -3.25 45 46 37.25640086478616 0.1764198882763458
-3.5 -3.25 46 47 35.87613382422327 0.1658454386505285
-3.5 -3.25 47 48 34.54869206909274 0.1565598783270972
-3.5 -3.25 48 49 33.27253964568435 0.1485380496765999
-3.5 -3.25 49 50 32.04585573907637 0.1413956345460298
-3.25 -3 0 1 1570.747429674655 1.188323865521333
-3.25 -3 1 2 -4726.999006114779 9.375113774830083
-3.25 -3 2 3 -4781.893096845892 9.77321516130676
-3.25 -3 3 4 -3319.873332458518 7.940625457022355
-3.25 -3 4 5 -2246.169874743584 6.43922942317162
-3.25 -3 5 6 -1527.93492769242 5.313051481608357
-3.25 -3 6 7 -1048.686765002959 4.46126766900423
-3.25 -3 7 8 -723.829383885829 3.803108907155774
-3.25 -3 8 9 -499.3676498841141 3.283290634131526
-3.25 -3 9 10 -341.393356612112 2.864901932413769
-3.25 -3 10 11 -228.4709825714438 2.522388570825057
-3.25 -3 11 12 -146.6896208983346 2.237939583812505
-3.25 -3 12 13 -86.85397544801708 1.99874914703891
-3.25 -3 13 14 -42.74894261096892 1.79542364279335
-3.25 -3 14 15 -10.08869134130305 1.620936554813244
-3.25 -3 15 16 14.13681801082271 1.469939073512582
-3.25 -3 16 17 32.07678594919412 1.338295109511835
-3.25 -3 17 18 45.28859964717094 1.222761001295057
-3.25 -3 18 19 54.91575924118047 1.120760549514266
-3.25 -3 19 20 61.80777036172924 1.030224152807981
-3.25 -3 20 21 66.60233864593863 0.949471880372694
-3.25 -3 21 22 69.78262089876921 0.8771271984862968
-3.25 -3 22 23 71.7176865565873 0.8120524354062888
-3.25 -3 23 24 72.69149652122076 0.7532998961815246
-3.25 -3 24 25 72.92391288677743 0.7000744012825832
-3.25 -3 25 26 72.58610239218069 0.6517042716988384
-3.25 -3 26 27 71.81194625942436 0.6076186336160172
-3.25 -3 27 28 70.70657202519664 0.5673295031095712
-3.25 -3 28 29 69.35278908269373 0.5304175239847709
-3.25 -3 29 30 67.81598201292286 0.4965205235362727
-3.25 -3 30 31 66.14785892160722 0.4653242618599577
-3.25 -3 31 32 64.38934235144535 0.4365549022236594
-3.25 -3 32 33 62.57281298657665 0.4099728429940256
-3.25 -3 33 34 60.72386120380986 0.3853676339881958
-3.25 -3 34 35 58.86266178283228 0.3625537625879327
-3.25 -3 35 36 57.00505820320231 0.3413671423589783
-3.25 -3 36 37 55.16342176909808 0.3216621717783981
-3.25 -3 37 38 53.34733519219114 0.30330925903324
-3.25 -3 38 39 51.56413857651918 0.2861927292301528
-3.25 -3 39 40 49.81936700294676 0.2702090479715737
-3.25 -3 40 41 48.11710240850741 0.2552653062694208
-3.25 -3 41 42 46.46025726620567 0.2412779244532809
-3.25 -3 42 43 44.85080392166446 0.2281715386549787
-3.25 -3 43 44 43.28996039158054 0.2158780407431196
-3.25 -3 44 45 41.77834116002762 0.2043357483847101
-3.25 -3 45 46 40.31522309023927 0.1935958887676987
-3.25 -3 46 47 38.90194542215607 0.184017087930464
-3.25 -3 47 48 37.53710077329842 0.1756364700533642
-3.25 -3 48 49 36.21991540278148 0.1684248034394724
-3.25 -3 49 50 34.94923349455301 0.161977424179766
-3 -2.75 0 1 2261.183659548015 1.687993617912097
-3 -2.75 1 2 -4374.893134940811 4.435161490759604
-3 -2.75 2 3 -5033.210341300495 5.968141880138214
-3 -2.75 3 4 -3601.501301297892 5.096067964806913
-3 -2.75 4 5 -2486.837877561323 4.23609290684325
-3 -2.75 5 6 -1722.76272636916 3.552151729467997
-3 -2.75 6 7 -1204.550924094485 3.01857096727355
-3 -2.75 7 8 -848.6299756686803 2.597916210359281
-3 -2.75 8 9 -599.8045201565842 2.260656678083299
-3 -2.75 9 10 -422.7285104375862 1.986126034550691
-3 -2.75 10 11 -294.7483998032519 1.759233898522419
-3 -2.75 11 12 -201.0052574063936 1.569297497154887
-3 -2.75 12 13 -131.5886392484667 1.408474979705791
-3 -2.75 13 14 -79.74741315968913 1.270930710141663
-3 -2.75 14 15 -40.79296040223971 1.152248415266055
-3 -2.75 15 16 -11.4105239586147 1.049033384013211
-3 -2.75 16 17 10.78160275639152 0.9586386000852705
-3 -2.75 17 18 27.51984638376166 0.878973030802445
-3 -2.75 18 19 40.08684245432846 0.8083651937035395
-3 -2.75 19 20 49.44118183546288 0.7454645203340818
-3 -2.75 20 21 56.30681580156613 0.6891689832186159
-3 -2.75 21 22 61.23562860588993 0.638571257524267
-3 -2.75 22 23 64.65186192576607 0.5929181569812924
-3 -2.75 23 24 66.88407209375794 0.5515797071233762
-3 -2.75 24 25 68.18839839536406 0.5140253086901851
-3 -2.75 25 26 68.76569406388001 0.4798051766521699
-3 -2.75 26 27 68.77426840436891 0.4485357519655135
-3 -2.75 27 28 68.33945413176059 0.4198881342665776
-3 -2.75 28 29 67.56085370984772 0.3935788346894357
-3 -2.75 29 30 66.51787195268173 0.3693623277493348
-3 -2.75 30 31 65.27397170829789 0.3470250080482933
-3 -2.75 31 32 63.87996990881481 0.3263802554828715
-3 -2.75 32 33 62.37660667772434 0.3072643791783983
-3 -2.75 33 34 60.79655968072569 0.2895332645900737
-3 -2.75 34 35 59.1660321744402 0.2730595862796685
-3 -2.75 35 36 57.5060113408195 0.2577304787241102
-3 -2.75 36 37 55.83327004394164 0.2434455804808559
-3 -2.75 37 38 54.16116782046254 0.2301153839555285
-3 -2.75 38 39 52.50029391355039 0.2176598368353868
-3 -2.75 39 40 50.8589853882238 0.2060071521484095
-3 -2.75 40 41 49.24374609697048 0.195092791319427
-3 -2.75 41 42 47.65958643203166 0.1848585921906629
-3 -2.75 42 43 46.1102997034364 0.1752520184041221
-3 -2.75 43 44 44.59868751804359 0.1662255109755893
-3 -2.75 44 45 43.12674399051645 0.1577359267137975
-3 -2.75 45 46 41.69488307562605 0.1498996366975471
-3 -2.75 46 47 40.30563444574983 0.1432735167115057
-3 -2.75 47 48 38.95844306175979 0.1379387135519134
-3 -2.75 48 49 37.65334077350923 0.1338688711556598
-3 -2.75 49 50 36.38988507028634 0.130492637343225
-2.75 -2.5 0 1 2897.895695177925 2.212586784776998
-2.75 -2.5 1 2 -3945.923531315245 1.107048714155772
-2.75 -2.5 2 3 -5178.800865419657 2.739081791239691
-2.75 -2.5 3 4 -3801.366065548205 2.635638574435166
-2.75 -2.5 4 5 -2667.655710944181 2.318420994145987
-2.75 -2.5 5 6 -1874.119391482253 2.016828471588901
-2.75 -2.5 6 7 -1328.700837666417 1.761147560403645
-2.75 -2.5 7 8 -950.1353747493945 1.548966672016972
-2.75 -2.5 8 9 -683.0315716260393 1.372274716330828
-2.75 -2.5 9 10 -491.3104599033825 1.224402293224806
-2.75 -2.5 10 11 -351.5781052214784 1.099286537913797
-2.75 -2.5 11 12 -248.3553922671053 0.9924898061340813
-2.75 -2.5 12 13 -171.2423232243762 0.9005349770041273
-2.75 -2.5 13 14 -113.1093206405185 0.8207259864227248
-2.75 -2.5 14 15 -68.9766827898236 0.7509551744806877
-2.75 -2.5 15 16 -35.30529053022406 0.689558633862059
-2.75 -2.5 16 17 -9.539552640373586 0.6352093757264829
-2.75 -2.5 17 18 10.19266656844593 0.5868385501422585
-2.75 -2.5 18 19 25.28072027895007 0.5435770567233945
-2.75 -2.5 19 20 36.76776046582199 0.5047119141522551
-2.75 -2.5 20 21 45.44524191867151 0.4696533513516176
-2.75 -2.5 21 22 51.91931916194562 0.4379097421361914
-2.75 -2.5 22 23 56.65815889583575 0.4090683271380912
-2.75 -2.5 23 24 60.02609446473753 0.3827802486730389
-2.75 -2.5 24 25 62.3085787375669 0.3587488267721558
-2.75 -2.5 25 26 63.73061649308477 0.3367202968558229
-2.75 -2.5 26 27 64.47051937067351 0.3164764325819807
-2.75 -2.5 27 28 64.67026707122204 0.2978286245635489
-2.75 -2.5 28 29 64.44338016298985 0.2806130937924152
-2.75 -2.5 29 30 63.88095023668438 0.2646869957784407
-2.75 -2.5 30 31 63.05629317371336 0.2499252293146269
-2.75 -2.5 31 32 62.02856473009513 0.2362178062207559
-2.75 -2.5 32 33 60.84558785238721 0.2234676716142585
-2.75 -2.5 33 34 59.54607675970527 0.2115888871047459
-2.75 -2.5 34 35 58.16139617753532 0.200505109709218
-2.75 -2.5 35 36 56.71696004631684 0.1901483104416539
-2.75 -2.5 36 37 55.23334888787286 0.1804576926463133
-2.75 -2.5 37 38 53.72720641077581 0.1713787715610805
-2.75 -2.5 38 39 52.21196193225671 0.1628625908383989
-2.75 -2.5 39 40 50.69841466017064 0.1548650514569734
-2.75 -2.5 40 41 49.19520800578348 0.1473463347923082
-2.75 -2.5 41 42 47.70921578316359 0.1402704056387833
-2.75 -2.5 42 43 46.24585770681009 0.1336045820058637
-2.75 -2.5 43 44 44.80935781177436 0.12731916152025
-2.75 -2.5 44 45 43.4029566586043 0.1213870966512285
-2.75 -2.5 45 46 42.02811244016669 0.116006539344091
-2.75 -2.5 46 47 40.68841836827795 0.1119959399511667
-2.75 -2.5 47 48 39.38411605717459 0.1094708050657847
-2.75 -2.5 48 49 38.11598405966174 0.1083729642633687
-2.75 -2.5 49 50 36.88424359687596 0.1078874005905819
-2.5 -2.25 0 1 3477.831067107147 1.676176984359236
-2.5 -2.25 1 2 -3508.786822791386 0.9582591034882257
-2.5 -2.25 2 3 -5268.592034491056 1.693578656155703
-2.5 -2.25 3 4 -3949.207819491859 1.560321084446849
-2.5 -2.25 4 5 -2806.066668852984 1.374727925292135
-2.5 -2.25 5 6 -1992.228171824243 1.231818643635312
-2.5 -2.25 6 7 -1427.034274367957 1.105203763970906
-2.5 -2.25 7 8 -1031.582882112717 0.9931529160463816
-2.5 -2.25 8 9 -750.6105851668981 0.8951901791808079
-2.5 -2.25 9 10 -547.6274069331453 0.8104125226581645
-2.5 -2.25 10 11 -398.7525589710133 0.7365782548162647
-2.5 -2.25 11 12 -288.0807890129681 0.6720717562439249
-2.5 -2.25 12 13 -204.8651729008818 0.6154326138431528
-2.5 -2.25 13 14 -141.7024207362929 0.5654442062293363
-2.5 -2.25 14 15 -93.39892928499421 0.5211028227193258
-2.5 -2.25 15 16 -56.2485288408277 0.4815816690270006
-2.5 -2.25 16 17 -27.56470012670252 0.4461980349397102
-2.5 -2.25 17 18 -5.372116242127049 0.4143857317147985
-2.5 -2.25 18 19 11.80043345396666 0.3856727349090903
-2.5 -2.25 19 20 25.06147372444639 0.3596633094389621
-2.5 -2.25 20 21 35.25501712229391 0.3360237882605479
-2.5 -2.25 21 22 43.02974700169227 0.314471259716974
-2.5 -2.25 22 23 48.88845650482006 0.2947645443498438
-2.5 -2.25 23 24 53.22383645329194 0.2766969685675392
-2.5 -2.25 24 25 56.34469140838405 0.2600905500555984
-2.5 -2.25 25 26 58.49535562761093 0.2447912930528604
-2.5 -2.25 26 27 59.87021906319319 0.2306653616873581
-2.5 -2.25 27 28 60.62469697312406 0.2175959507486364
-2.5 -2.25 28 29 60.88358582813544 0.2054807112408832
-2.5 -2.25 29 30 60.74747936729642 0.1942296235564314
-2.5 -2.25 30 31 60.29773188042122 0.1837632290920816
-2.5 -2.25 31 32 59.60032418586286 0.1740111543826619
-2.5 -2.25 32 33 58.70889422420777 0.1649108725712947
-2.5 -2.25 33 34 57.6671269630736 0.1564066594933524
-2.5 -2.25 34 35 56.51064952540258 0.1484487102314422
-2.5 -2.25 35 36 55.26854174958316 0.1409923879951463
-2.5 -2.25 36 37 53.96454600043194 0.1339975838390468
-2.5 -2.25 37 38 52.61804047994025 0.127428166654069
-2.5 -2.25 38 39 51.24482553614706 0.1212515125112295
-2.5 -2.25 39 40 49.85776134179457 0.1154380966526857
-2.5 -2.25 40 41 48.4672869972116 0.1099611418880866
-2.5 -2.25 41 42 47.08184441301697 0.1047963117257502
-2.5 -2.25 42 43 45.70822562266503 0.09992144540917504
-2.5 -2.25 43 44 44.35185813466569 0.09531632390091227
-2.5 -2.25 44 45 43.01704000846374 0.09096246681315455
-2.5 -2.25 45 46 41.7061189234646 0.0871683719103639
-2.5 -2.25 46 47 40.42359030020936 0.08513684655569509
-2.5 -2.25 47 48 39.17037924900279 0.08500342512639568
-2.5 -2.25 48 49 37.94790561668546 0.08660858582746352
-2.5 -2.25 49 50 36.75696020994565 0.09216383289496853
-2.25 -2 0 1 4002.504989900332 1.036418261651904
-2.25 -2 1 2 -3111.557074824758 0.8492121175901324
-2.25 -2 2 3 -5360.530921213991 1.652204871778513
-2.25 -2 3 4 -4090.969434871128 1.530400266038318
-2.25 -2 4 5 -2934.196304629588 1.350373076888405
-2.25 -2 5 6 -2098.056563968037 1.19100331283442
-2.25 -2 6 7 -1512.475261002471 1.057262397218032
-2.25 -2 7 8 -1100.321680182103 0.9447746714772538
-2.25 -2 8 9 -806.0783929110212 0.8499529939977776
-2.25 -2 9 10 -592.6169854746295 0.7685608311240586
-2.25 -2 10 11 -435.4419321693513 0.6984343172469271
-2.25 -2 11 12 -318.1540337115166 0.6374447379411602
-2.25 -2 12 13 -229.6258879708655 0.584014561202959
-2.25 -2 13 14 -162.1659341986833 0.5369000504524886
-2.25 -2 14 15 -110.3623321911057 0.4951093644383838
-2.25 -2 15 16 -70.34282789728286 0.4578430502928106
-2.25 -2 16 17 -39.2935179756023 0.4244503358006567
-2.25 -2 17 18 -15.14051821104749 0.394396642087074
-2.25 -2 18 19 3.664312482165542 0.3672391430290189
-2.25 -2 19 20 18.29006325314094 0.3426081690448971
-2.25 -2 20 21 29.6288128767759 0.3201929012351325
-2.25 -2 21 22 38.36767998196228 0.2997302628746379
-2.25 -2 22 23 45.04040678664512 0.2809962058609887
-2.25 -2 23 24 50.06476615641327 0.2637988215930297
-2.25 -2 24 25 53.77001116365761 0.2479728475303778
-2.25 -2 25 26 56.41723892019741 0.2333752542258816
-2.25 -2 26 27 58.21465097615737 0.2198816735904237
-2.25 -2 27 28 59.32909634717896 0.2073834894027513
-2.25 -2 28 29 59.89487838954142 0.1957854518830523
-2.25 -2 29 30 60.02052792717234 0.1850037089509892
-2.25 -2 30 31 59.79405104449955 0.1749641742522678
-2.25 -2 31 32 59.28702309975733 0.1656011644029727
-2.25 -2 32 33 58.55780309389809 0.1568562573802322
-2.25 -2 33 34 57.65407244658064 0.1486773302347388
-2.25 -2 34 35 56.61485130405777 0.1410177447973248
-2.25 -2 35 36 55.47210818583949 0.1338356555069055
-2.25 -2 36 37 54.25205116274105 0.1270934184251403
-2.25 -2 37 38 52.97616825505969 0.1207570851909452
-2.25 -2 38 39 51.66206926557646 0.1147959673015177
-2.25 -2 39 40 50.32416957576106 0.1091822605956416
-2.25 -2 40 41 48.97424769121341 0.1038907191822798
-2.25 -2 41 42 47.62190126265403 0.09889837333224322
-2.25 -2 42 43 46.27492136449206 0.09418428282600377
-2.25 -2 43 44 44.93960052484886 0.08972932119570266
-2.25 -2 44 45 43.62098694109577 0.08551598756660107
-2.25 -2 45 46 42.32203620942224 0.08218409707897877
-2.25 -2 46 47 41.04789342482633 0.08212443310032255
-2.25 -2 47 48 39.79993316584759 0.08540252008201599
-2.25 -2 48 49 38.58000471717688 0.09140067767975295
-2.25 -2 49 50 37.38927246685623 0.09774989459747729
-2 -1.75 0 1 4502.508889630049 1.070849318557744
-2 -1.75 1 2 -2713.207333015793 2.828156665432311
-2 -1.75 2 3 -5420.269314066731 2.785920825110431
-2 -1.75 3 4 -4210.583906955224 2.266580704196514
-2 -1.75 4 5 -3052.200458454492 1.857965903952381
-2 -1.75 5 6 -2202.289125481285 1.55509679985343
-2 -1.75 6 7 -1601.645330817889 1.326430563103275
-2 -1.75 7 8 -1175.877893930767 1.148954839205683
-2 -1.75 8 9 -870.0199680339274 1.007693826086905
-2 -1.75 9 10 -646.8496884563324 0.89316694770573
-2 -1.75 10 11 -481.6073221483161 0.7980333162604443
-2 -1.75 11 12 -357.618032977615 0.7181432411921365
-2 -1.75 12 13 -263.5069179886648 0.6501007642983995
-2 -1.75 13 14 -191.3763662957324 0.5915086552289117
-2 -1.75 14 15 -135.6470087524647 0.5405765496668027
-2 -1.75 15 16 -92.31177494255462 0.4959402185746968
-2 -1.75 16 17 -58.44854957892494 0.4565415391260314
-2 -1.75 17 18 -31.89646923186251 0.4215468497392629
-2 -1.75 18 19 -11.03723621628205 0.3902901608688379
-2 -1.75 19 20 5.355083833300569 0.362232833711385
-2 -1.75 20 21 18.21886125421372 0.3369344090137303
-2 -1.75 21 22 28.27910783545065 0.3140311374835935
-2 -1.75 22 23 36.10074460393946 0.2932199345092883
-2 -1.75 23 24 42.12732793586042 0.2742462163460024
-2 -1.75 24 25 46.70953633849467 0.256894562579086
-2 -1.75 25 26 50.12635372894613 0.240981463428202
-2 -1.75 26 27 52.6009805336821 0.2263496266089382
-2 -1.75 27 28 54.31289612605633 0.2128634637703425
-2 -1.75 28 29 55.4070824834223 0.2004054818578204
-2 -1.75 29 30 56.00113345534953 0.1888733715222915
-2 -1.75 30 31 56.19077501131221 0.1781776415275532
-2 -1.75 31 32 56.05418114553822 0.1682396825455884
-2 -1.75 32 33 55.6553697854057 0.1589901714743554
-2 -1.75 33 34 55.04689075073793 0.1503677487131594
-2 -1.75 34 35 54.2719651663607 0.1423179151653769
-2 -1.75 35 36 53.36619710618277 0.134792107255531
-2 -1.75 36 37 52.35894960166308 0.127746917685201
-2 -1.75 37 38 51.27445585462516 0.1211434350064295
-2 -1.75 38 39 50.13272039087269 0.1149466831122726
-2 -1.75 39 40 48.95025271740542 0.1091251403573947
-2 -1.75 40 41 47.74066691535 0.1036503296116571
-2 -1.75 41 42 46.51517322387411 0.09849646308277055
-2 -1.75 42 43 45.2829824952309 0.09364013664506311
-2 -1.75 43 44 44.05163989750565 0.08906006485765713
-2 -1.75 44 45 42.82730103654222 0.0847368492340488
-2 -1.75 45 46 41.61387341942236 0.08133382149828157
-2 -1.75 46 47 40.41742622475888 0.08156497438106501
-2 -1.75 47 48 39.24007917100224 0.08530064854522992
-2 -1.75 48 49 38.08437035091086 0.09189783129516384
-2 -1.75 49 50 36.95207290238642 0.09886012971637299
-1.75 -1.5 0 1 4965.369534962531 0.9864669196225184
-1.75 -1.5 1 2 -2324.348076878539 0.8540374430330672
-1.75 -1.5 2 3 -5449.263155787747 1.764548175890065
-1.75 -1.5 3 4 -4283.994447684143 1.703315582619957
-1.75 -1.5 4 5 -3119.048780664978 1.5173836438918
-1.75 -1.5 5 6 -2256.224573994592 1.330595642902388
-1.75 -1.5 6 7 -1643.951153248939 1.167095788809164
-1.75 -1.5 7 8 -1208.895132790292 1.028874982750215
-1.75 -1.5 8 9 -895.8856592783891 0.9126594439073821
-1.75 -1.5 9 10 -667.2217775708305 0.8164584609724734
-1.75 -1.5 10 11 -497.6866853638685 0.7331778467207656
-1.75 -1.5 11 12 -370.3655265617035 0.6625940337167925
-1.75 -1.5 12 13 -273.635273359451 0.601759101493434
-1.75 -1.5 13 14 -199.4311374742415 0.5489084112513112
-1.75 -1.5 14 15 -142.0499508578496 0.5026570542188179
-1.75 -1.5 15 16 -97.39205042224489 0.4619106283328123
-1.75 -1.5 16 17 -62.46529601705492 0.4257966407834466
-1.75 -1.5 17 18 -35.05528152194051 0.3936129370050516
-1.75 -1.5 18 19 -13.50234397168219 0.3647891397026619
-1.75 -1.5 19 20 3.451712069461792 0.3388577437059559
-1.75 -1.5 20 21 16.77063306803484 0.3154323039536677
-1.75 -1.5 21 22 27.19954428499409 0.2941908466183322
-1.75 -1.5 22 23 35.31941789684515 0.2748631291794972
-1.75 -1.5 23 24 41.58669754847836 0.257220772641824
-1.75 -1.5 24 25 46.36246491502823 0.2410695459508764
-1.75 -1.5 25 26 49.93414245193424 0.226243281800256
-1.75 -1.5 26 27 52.53180509165543 0.2125990374231337
-1.75 -1.5 27 28 54.34055418060166 0.2000132179068563
-1.75 -1.5 28 29 55.50998518854567 0.1883784435716671
-1.75 -1.5 29 30 56.161489505752 0.1776010047975969
-1.75 -1.5 30 31 56.39392752530523 0.1675987772504203
-1.75 -1.5 31 32 56.28806656914821 0.1582995058011923
-1.75 -1.5 32 33 55.91007472600614 0.1496393817935333
-1.75 -1.5 33 34 55.31428778301279 0.1415618588217362
-1.75 -1.5 34 35 54.5454126040658 0.1340166602414012
-1.75 -1.5 35 36 53.640290797349 0.1269589443606788
-1.75 -1.5 36 37 52.62931719178744 0.120348598316479
-1.75 -1.5 37 38 51.53758583941675 0.1141496389858964
-1.75 -1.5 38 39 50.38581976376338 0.1083297012622945
-1.75 -1.5 39 40 49.19112818489299 0.1028596009323508
-1.75 -1.5 40 41 47.96762560059045 0.09771295793210712
-1.75 -1.5 41 42 46.7269395190404 0.09286587273958968
-1.75 -1.5 42 43 45.4786283353169 0.08829664476019412
-1.75 -1.5 43 44 44.23052621260308 0.0839855294786548
-1.75 -1.5 44 45 42.98902853175213 0.07991452568529327
-1.75 -1.5 45 46 41.75820052441449 0.07678419245114815
-1.75 -1.5 46 47 40.54435406169881 0.07721438004787992
-1.75 -1.5 47 48 39.34970214947768 0.08129502412471616
-1.75 -1.5 48 49 38.17689223376934 0.08837132292283875
-1.75 -1.5 49 50 37.02779408149905 0.09585025486906767
-1.5 -1.25 0 1 5405.001018727768 3.110142576092747
-1.5 -1.25 1 2 -1940.30198149885 3.70924463380154
-1.5 -1.25 2 3 -5472.484866323643 1.692223734137498
-1.5 -1.25 3 4 -4364.048389749668 1.627150994362382
-1.5 -1.25 4 5 -3200.832421439698 1.452800327982637
-1.5 -1.25 5 6 -2328.814921658857 1.28255814328314
-1.5 -1.25 6 7 -1705.976126987137 1.134295778470345
-1.5 -1.25 7 8 -1261.328022094778 1.008279669964576
-1.5 -1.25 8 9 -940.1477327216917 0.9023654253832424
-1.5 -1.25 9 10 -704.7292732534747 0.8109646461484102
-1.5 -1.25 10 11 -529.5636968494437 0.7337238668822268
-1.5 -1.25 11 12 -397.5947782103212 0.666789521542055
-1.5 -1.25 12 13 -297.0041179403629 0.6085973227701831
-1.5 -1.25 13 14 -219.57899116369 0.5576463376938248
-1.5 -1.25 14 15 -159.4970141911538 0.5127438240864477
-1.5 -1.25 15 16 -112.5631985707225 0.4729355118294394
-1.5 -1.25 16 17 -75.709240485696 0.4374516620674363
-1.5 -1.25 17 18 -46.6597169044062 0.4056660445457196
-1.5 -1.25 18 19 -23.70586854465932 0.3770648515556058
-1.5 -1.25 19 20 -5.549792161496953 0.3512230769502799
-1.5 -1.25 20 21 8.804547192360133 0.3277864540508867
-1.5 -1.25 21 22 20.12867235929502 0.3064575473842912
-1.5 -1.25 22 23 29.02525078525673 0.286984945040037
-1.5 -1.25 23 24 35.96864700644676 0.26915479812998
-1.5 -1.25 24 25 41.33481728175354 0.2533661972416181
-1.5 -1.25 25 26 45.42358672625107 0.2404948294832593
-1.5 -1.25 26 27 48.47541670243243 0.2285114831913575
-1.5 -1.25 27 28 50.68414231373595 0.2173367089377124
-1.5 -1.25 28 29 52.20673174720582 0.2068997294472616
-1.5 -1.25 29 30 53.17082323832267 0.1971373544851842
-1.5 -1.25 30 31 53.68058874197595 0.1879930418414985
-1.5 -1.25 31 32 53.82132705806532 0.1794160843708071
-1.5 -1.25 32 33 53.66308462635629 0.1713609076332821
-1.5 -1.25 33 34 53.26352676172121 0.1637864602100081
-1.5 -1.25 34 35 52.67022707601052 0.1566556868403309
-1.5 -1.25 35 36 51.92250240386699 0.149935068779817
-1.5 -1.25 36 37 51.05289051245825 0.1435942254943477
-1.5 -1.25 37 38 50.08834551759259 0.1376055658966618
-1.5 -1.25 38 39 49.05120899147545 0.1319439850207285
-1.5 -1.25 39 40 47.96000192194811 0.1265865974305933
-1.5 -1.25 40 41 46.83007305109942 0.1215125034192605
-1.5 -1.25 41 42 45.67413132859031 0.1167025839690933
-1.5 -1.25 42 43 44.50268473666841 0.1121393194518359
-1.5 -1.25 43 44 43.32440296806982 0.1078066302803106
-1.5 -1.25 44 45 42.14641804201813 0.1036897347647367
-1.5 -1.25 45 46 40.97341804240574 0.100122139915654
-1.5 -1.25 46 47 39.81233549210393 0.09839114244241967
-1.5 -1.25 47 48 38.66586680457621 0.09867826294941144
-1.5 -1.25 48 49 37.53711305203643 0.1008861076493433
-1.5 -1.25 49 50 36.42833526701719 0.103756860269046
-1.25 -1 0 1 5777.070062180383 1.558433400088184
-1.25 -1 1 2 -1632.513940176537 0.7571054986751855
-1.25 -1 2 3 -5508.804905910894 2.09697105512009
-1.25 -1 3 4 -4441.633439707243 1.990781055073165
-1.25 -1 4 5 -3274.118937565609 1.752008993387841
-1.25 -1 5 6 -2390.376440332484 1.530600932206505
-1.25 -1 6 7 -1756.090445018429 1.344194784197696
-1.25 -1 7 8 -1301.810209581416 1.189677758321492
-1.25 -1 8 9 -972.856436686749 1.060510535125175
-1.25 -1 9 10 -731.2354405763181 0.9527352333190882
-1.25 -1 10 11 -551.1289826883144 0.8605612820887385
-1.25 -1 11 12 -415.2000447290638 0.781656737654276
-1.25 -1 12 13 -311.4193219389776 0.7133471322997238
-1.25 -1 13 14 -231.4088572539815 0.6537260748914054
-1.25 -1 14 15 -169.2194547794356 0.6013078757471398
-1.25 -1 15 16 -120.5585724407426 0.5549210206313999
-1.25 -1 16 17 -82.28241907874258 0.5136309409453469
-1.25 -1 17 18 -52.05672983232307 0.4766838324288508
-1.25 -1 18 19 -28.12652178238181 0.4434654288027582
-1.25 -1 19 20 -9.157301387553389 0.4134704177583426
-1.25 -1 20 21 5.876143194816223 0.3862794867527426
-1.25 -1 21 22 17.76875998808214 0.3615418955507204
-1.25 -1 22 23 27.14214348097676 0.3389620973164181
-1.25 -1 23 24 34.48604069834175 0.3182893595621469
-1.25 -1 24 25 40.18897730491926 0.2993096321717946
-1.25 -1 25 26 44.56110038945599 0.2818391182532003
-1.25 -1 26 27 47.85138667106241 0.2657191463929932
-1.25 -1 27 28 50.26072602698639 0.2508120482714464
-1.25 -1 28 29 51.95195432705862 0.2369978199913783
-1.25 -1 29 30 53.05760792690558 0.2241713983462936
-1.25 -1 30 31 53.68596138652549 0.2122404243958333
-1.25 -1 31 32 53.92576061729528 0.2011233960467669
-1.25 -1 32 33 53.84995690514813 0.1907481325004626
-1.25 -1 33 34 53.51867014495502 0.1810504910636533
-1.25 -1 34 35 52.98155334729557 0.171973290119613
-1.25 -1 35 36 52.27968910243038 0.1634653990197186
-1.25 -1 36 37 51.4471179214674 0.1554809674887779
-1.25 -1 37 38 50.51207546651591 0.1479787684800606
-1.25 -1 38 39 49.49799831025786 0.1409216369449462
-1.25 -1 39 40 48.4243447043263 0.1342759875129197
-1.25 -1 40 41 47.30726695204879 0.128011399492866
-1.25 -1 41 42 46.16016395803661 0.122100257354977
-1.25 -1 42 43 44.99413692073375 0.1165174390453673
-1.25 -1 43 44 43.81836619358046 0.1112400453029742
-1.25 -1 44 45 42.64042386306051 0.1062471622462868
-1.25 -1 45 46 41.46534949906356 0.1019002624685394
-1.25 -1 46 47 40.30046086908754 0.09962665846000232
-1.25 -1 47 48 39.14870920518803 0.09964892099791001
-1.25 -1 48 49 38.01343985682695 0.1018538711995561
-1.25 -1 49 50 36.89712825223555 0.1090441526654615
-1 -0.75 0 1 6101.597055449953 2.292805574531442
-1 -0.75 1 2 -1337.7281083311 2.058938909991578
-1 -0.75 2 3 -5508.318255255985 1.560956619003092
-1 -0.75 3 4 -4481.015764489493 1.517123087389441
-1 -0.75 4 5 -3314.656520835343 1.360611117095225
-1 -0.75 5 6 -2425.144798937647 1.209630604183747
-1 -0.75 6 7 -1784.58635487369 1.079429549653002
-1 -0.75 7 8 -1324.89313402951 0.9690654621008963
-1 -0.75 8 9 -991.5357770357591 0.8750167910305893
-1 -0.75 9 10 -746.3943907119797 0.7939971169379864
-1 -0.75 10 11 -563.4840746455575 0.724354668477998
-1 -0.75 11 12 -425.3097538792545 0.6634184036835906
-1 -0.75 12 13 -319.7232687467981 0.6098740350142543
-1 -0.75 13 14 -238.2526893582065 0.5625173391029673
-1 -0.75 14 15 -174.8764842134153 0.5203869728005035
-1 -0.75 15 16 -125.2463426771146 0.4827074552266268
-1 -0.75 16 17 -86.17523668007993 0.4488469737242735
-1 -0.75 17 18 -55.2951392737084 0.4182859675952045
-1 -0.75 18 19 -30.82450387430367 0.3905935027056769
-1 -0.75 19 20 -11.40778172781302 0.3654093142546982
-1 -0.75 20 21 3.997044843339154 0.3424300067275012
-1 -0.75 21 22 16.19842471176685 0.3213983473045943
-1 -0.75 22 23 25.82886240591199 0.3020948713261705
-1 -0.75 23 24 33.38696892175562 0.2843312473482938
-1 -0.75 24 25 39.26850689851631 0.2679449852764042
-1 -0.75 25 26 43.7895584412787 0.2527951849514083
-1 -0.75 26 27 47.20398737681489 0.2387590923290948
-1 -0.75 27 28 49.71672277211303 0.2257292935060991
-1 -0.75 28 29 51.49395024498972 0.213611410982058
-1 -0.75 29 30 52.67099280434343 0.2023222018424653
-1 -0.75 30 31 53.35844986336008 0.1917879777157222
-1 -0.75 31 32 53.64701201901937 0.1819432864830577
-1 -0.75 32 33 53.61126117145977 0.172729803801733
-1 -0.75 33 34 53.31268751384812 0.1640953992036009
-1 -0.75 34 35 52.80209793428713 0.1559933448887617
-1 -0.75 35 36 52.12154845953035 0.1483816405685812
-1 -0.75 36 37 51.30590219251854 0.1412224385374649
-1 -0.75 37 38 50.38409096803065 0.1344815484437404
-1 -0.75 38 39 49.38014133266273 0.1281280118832023
-1 -0.75 39 40 48.31401210186078 0.1221337342107527
-1 -0.75 40 41 47.20228071049615 0.1164731652904527
-1 -0.75 41 42 46.05870743018562 0.1111230218183675
-1 -0.75 42 43 44.89470082484752 0.1060620449042207
-1 -0.75 43 44 43.71970280252208 0.1012707878382545
-1 -0.75 44 45 42.54150807722527 0.0967314300859724
-1 -0.75 45 46 41.36532105168266 0.09323106868551248
-1 -0.75 46 47 40.19866639751473 0.09371251504457716
-1 -0.75 47 48 39.04460774822925 0.09828655349001597
-1 -0.75 48 49 37.90660681262185 0.1062235410345811
-1 -0.75 49 50 36.78723145433094 0.1146227374850017
-0.75 -0.5 0 1 6356.78070348734 3.302030204884879
-0.75 -0.5 1 2 -1108.595373075638 2.793924380972963
-0.75 -0.5 2 3 -5514.396703596783 1.567727379177765
-0.75 -0.5 3 4 -4520.578599307457 1.533699777338074
-0.75 -0.5 4 5 -3355.782773256355 1.377647715558501
-0.75 -0.5 5 6 -2461.53992530061 1.224205692971607
-0.75 -0.5 6 7 -1815.474173691841 1.090931450431801
-0.75 -0.5 7 8 -1350.815415755464 0.9775728908882486
-0.75 -0.5 8 9 -1013.272961853838 0.8963559371438707
-0.75 -0.5 9 10 -764.6785192704824 0.8271951852781726
-0.75 -0.5 10 11 -578.935978802418 0.7637792303593728
-0.75 -0.5 11 12 -438.4323474137173 0.7066859544335105
-0.75 -0.5 12 13 -330.9232018278904 0.6552166465633789
-0.75 -0.5 13 14 -247.8576426326749 0.6087988347796008
-0.75 -0.5 14 15 -183.1513281321988 0.5668674214239134
-0.75 -0.5 15 16 -132.4062277471162 0.5289020195013507
-0.75 -0.5 16 17 -92.39589911833491 0.4944385679137293
-0.75 -0.5 17 18 -60.7209357750055 0.4630697172458675
-0.75 -0.5 18 19 -35.57466922511071 0.4344405971251455
-0.75 -0.5 19 20 -15.58131774765639 0.4082430085959419
-0.75 -0.5 20 21 0.3175298254454901 0.3842094223414199
-0.75 -0.5 21 22 12.94368222874186 0.3621073751696415
-0.75 -0.5 22 23 22.94059172813309 0.3417344823793946
-0.75 -0.5 23 24 30.815887056919 0.3229141095830287
-0.75 -0.5 24 25 36.97279501051355 0.3054916659070694
-0.75 -0.5 25 26 41.73360409746192 0.2893314546417267
-0.75 -0.5 26 27 45.35736079465073 0.2743140046649117
-0.75 -0.5 27 28 48.05333930971415 0.2603338138385661
-0.75 -0.5 28 29 49.99138200690629 0.2472974386392443
-0.75 -0.5 29 30 51.30990029437021 0.2351218753946986
-0.75 -0.5 30 31 52.12211079274391 0.2237331857326084
-0.75 -0.5 31 32 52.52092912497835 0.2130653259138105
-0.75 -0.5 32 33 52.58283458636981 0.2030591487213263
-0.75 -0.5 33 34 52.37094009974112 0.1936615483832055
-0.75 -0.5 34 35 51.93744424923983 0.1848247266576993
-0.75 -0.5 35 36 51.32559981004238 0.1765055610158165
-0.75 -0.5 36 37 50.5713016335917 0.1686650598126
-0.75 -0.5 37 38 49.70437324561385 0.1612678893587207
-0.75 -0.5 38 39 48.74961366613923 0.1542819639762061
-0.75 -0.5 39 40 47.72765243348402 0.1476780892748687
-0.75 -0.5 40 41 46.6556506384087 0.1414296499793607
-0.75 -0.5 41 42 45.54787751944747 0.135512337242959
-0.75 -0.5 42 43 44.41618638431987 0.1299039093035017
-0.75 -0.5 43 44 43.27040853047322 0.1245839802619784
-0.75 -0.5 44 45 42.11868024540053 0.1195338351648354
-0.75 -0.5 45 46 40.96648933664409 0.1151161594725474
-0.75 -0.5 46 47 39.82165363931284 0.112750651453946
-0.75 -0.5 47 48 38.68745357351798 0.1126542092626659
-0.75 -0.5 48 49 37.56755704908858 0.1147245485356994
-0.75 -0.5 49 50 36.46471295712735 0.1175764127684361
-0.5 -0.25 0 1 6528.705958953571 3.410553630511546
-0.5 -0.25 1 2 -957.9518592465238 2.442304738140215
-0.5 -0.25 2 3 -5522.467268339007 1.546487383944096
-0.5 -0.25 3 4 -4550.263684429625 1.530939499054498
-0.5 -0.25 4 5 -3385.562730570677 1.429432567516282
-0.5 -0.25 5 6 -2487.354049011681 1.345901785533239
-0.5 -0.25 6 7 -1836.991113903913 1.240024281953339
-0.5 -0.25 7 8 -1368.557625910971 1.135217791112611
-0.5 -0.25 8 9 -1027.884986608418 1.038602876445542
-0.5 -0.25 9 10 -776.7402963434338 0.951896376671188
-0.5 -0.25 10 11 -588.9309114582588 0.8741262845823596
-0.5 -0.25 11 12 -446.7452104926942 0.8050347087170094
-0.5 -0.25 12 13 -337.862006392199 0.7434455150447437
-0.5 -0.25 13 14 -253.668241428187 0.6884043833405479
-0.5 -0.25 14 15 -188.0307794488847 0.6390578849086933
-0.5 -0.25 15 16 -136.5133661638679 0.5946644982137411
-0.5 -0.25 16 17 -95.85952285376766 0.554588161543081
-0.5 -0.25 17 18 -63.64611110267901 0.5182860268867804
-0.5 -0.25 18 19 -38.04759131215678 0.4852952361351966
-0.5 -0.25 19 20 -17.67307633568475 0.4552206117242469
-0.5 -0.25 20 21 -1.451985425492012 0.4277238842082856
-0.5 -0.25 21 22 11.44735488329889 0.4025145414588847
-0.5 -0.25 22 23 21.67643937006233 0.3793421719618482
-0.5 -0.25 23 24 29.74948878690282 0.3579901031512182
-0.5 -0.25 24 25 36.07515986532599 0.3382701316297153
-0.5 -0.25 25 26 40.98023437694383 0.3200181580389426
-0.5 -0.25 26 27 44.72749280671417 0.3030905661490478
-0.5 -0.25 27 28 47.52932469771531 0.2873612120508666
-0.5 -0.25 28 29 49.55818117152432 0.2727189126558676
-0.5 -0.25 29 30 50.95466572378939 0.2590653443152552
-0.5 -0.25 30 31 51.83384289746823 0.2463132769127374
-0.5 -0.25 31 32 52.29019084163281 0.2343850853529383
-0.5 -0.25 32 33 52.40151384295928 0.223211490199138
-0.5 -0.25 33 34 52.23205142839561 0.2127304871882152
-0.5 -0.25 34 35 51.83496255457777 0.2028864353810017
-0.5 -0.25 35 36 51.25432064863213 0.193629276377253
-0.5 -0.25 36 37 50.52672343289646 0.1849138645031943
-0.5 -0.25 37 38 49.68259773824337 0.1766993896896215
-0.5 -0.25 38 39 48.7472615000753 0.1689488784776017
-0.5 -0.25 39 40 47.7417914604062 0.1616287618711662
-0.5 -0.25 40 41 46.68373483027966 0.1547084995546092
-0.5 -0.25 41 42 45.58769481162517 0.1481602516146489
-0.5 -0.25 42 43 44.46581404612749 0.1419585925655133
-0.5 -0.25 43 44 43.32817489011632 0.1360802593334242
-0.5 -0.25 44 45 42.18313179909359 0.1305039309253096
-0.5 -0.25 45 46 41.03635084149181 0.1255662588332063
-0.5 -0.25 46 47 39.89583804808927 0.1225993982859278
-0.5 -0.25 47 48 38.76500656234754 0.1218221112591418
-0.5 -0.25 48 49 37.64765020518431 0.1231670977438781
-0.5 -0.25 49 50 36.54662860042879 0.125339569865093
-0.25 0 0 1 6616.766007020957 3.636747477438136
-0.25 0 1 2 -878.6902980308832 3.128988340094503
-0.25 0 2 3 -5523.670551342966 1.564670304187495
-0.25 0 3 4 -4562.132673800457 1.540251086159974
-0.25 0 4 5 -3397.374656931686 1.387307199289532
-0.25 0 5 6 -2497.237021974888 1.235038797701153
-0.25 0 6 7 -1844.878667697602 1.113265062667627
-0.25 0 7 8 -1374.755495257822 1.031455048936293
-0.25 0 8 9 -1032.727159590012 0.9520958664091675
-0.25 0 9 10 -780.5114667162543 0.8787111417522562
-0.25 0 10 11 -591.8601386213045 0.8114460728395599
-0.25 0 11 12 -449.0088220389325 0.7508089712004596
-0.25 0 12 13 -339.5976936831034 0.6961299462519251
-0.25 0 13 14 -254.9834116978175 0.6468139957349436
-0.25 0 14 15 -189.009736772849 0.602266874681375
-0.25 0 15 16 -137.2227381870405 0.5619381591197139
-0.25 0 16 17 -96.35232198186486 0.5253353969386462
-0.25 0 17 18 -63.96477742527622 0.4920254848797228
-0.25 0 18 19 -38.22628693445336 0.4616306852045656
-0.25 0 19 20 -17.73943007281855 0.4338227224474458
-0.25 0 20 21 -1.42843186773257 0.4083165407735727
-0.25 0 21 22 11.54253813661512 0.3848644119829119
-0.25 0 22 23 21.8283212392223 0.363250660930659
-0.25 0 23 24 29.94584631341877 0.343287070570191
-0.25 0 24 25 36.30597166550069 0.3248089383976437
-0.25 0 25 26 41.23727606299224 0.3076717204386806
-0.25 0 26 27 45.00401194285325 0.2917481857674849
-0.25 0 27 28 47.81977827625997 0.2769260072292204
-0.25 0 28 29 49.85802258614694 0.2631057224433424
-0.25 0 29 30 51.26017117796573 0.2501990048007505
-0.25 0 30 31 52.14196941277748 0.2381271953746035
-0.25 0 31 32 52.59845971949505 0.2268200532039671
-0.25 0 32 33 52.70791472380643 0.2162146886502544
-0.25 0 33 34 52.53496308784122 0.2062546505695775
-0.25 0 34 35 52.13308735452409 0.1968891427783398
-0.25 0 35 36 51.54663016435018 0.1880723501516721
-0.25 0 36 37 50.81241325757605 0.1797628557569148
-0.25 0 37 38 49.96104984679778 0.1719231375577998
-0.25 0 38 39 49.01801285332232 0.1645191307657134
-0.25 0 39 40 48.00450777730686 0.1575198469125511
-0.25 0 40 41 46.93818864531579 0.1508970412608712
-0.25 0 41 42 45.83374709873209 0.1446249225510506
-0.25 0 42 43 44.70339881059607 0.1386798967786657
-0.25 0 43 44 43.55728624111453 0.1330403438084169
-0.25 0 44 45 42.40381309397901 0.1276864186902665
-0.25 0 45 46 41.24867866304203 0.1229683337517101
-0.25 0 46 47 40.09993521578315 0.1202635489604794
-0.25 0 47 48 38.96101485906456 0.1197921277280811
-0.25 0 48 49 37.83573185222949 0.1214741578623149
-0.25 0 49 50 36.72696128468496 0.1239695394902704
0 0.25 0 1 6616.264977324815 3.636744119611676
0 0.25 1 2 -879.6255591832864 3.128962379758713
0 0.25 2 3 -5524.279252401483 1.564591211732109
0 0.25 3 4 -4562.30763385276 1.540186103278416
0 0.25 4 5 -3397.305935122627 1.387272828433703
0 0.25 5 6 -2497.070485366748 1.235036712237981
0 0.25 6 7 -1844.687039772578 1.113287261382868
0 0.25 7 8 -1374.571231314208 1.031491561978085
0 0.25 8 9 -1032.562283887015 0.9521380528396992
0 0.25 9 10 -780.3684573627088 0.8787520642434127
0 0.25 10 11 -591.7381117015188 0.8114865015409258
0 0.25 11 12 -448.9045925887917 0.7508461211554164
0 0.25 12 13 -339.5081043399719 0.6961633340127568
0 0.25 13 14 -254.905610081981 0.6468436141860819
0 0.25 14 15 -188.9413496658342 0.6022929564081463
0 0.25 15 16 -137.1618813669891 0.5619610394357911
0 0.25 16 17 -96.2975421950614 0.525355438204227
0 0.25 17 18 -63.91497385083198 0.4920430380807191
0 0.25 18 19 -38.18063401960876 0.4616460720495222
0 0.25 19 20 -17.69731059082437 0.43383622923187
0 0.25 20 21 -1.389382619909384 0.4083284176914527
0 0.25 21 22 11.57886851531271 0.3848748757856534
0 0.25 22 23 21.86220408053418 0.3632598981492282
0 0.25 23 24 29.97749631581826 0.343295241499001
0 0.25 24 25 36.33556376618969 0.3248161806159168
0 0.25 25 26 41.26495738077824 0.307678152244564
0 0.25 26 27 45.02991008101731 0.2917539088419803
0 0.25 27 28 47.8440069892099 0.2769311091286576
0 0.25 28 29 49.88068557049132 0.2631102788701218
0 0.25 29 30 51.28136455398351 0.2502030812373157
0 0.25 30 31 52.16178330848095 0.2381308485910444
0 0.25 31 32 52.61697925399551 0.2268233325528335
0 0.25 32 33 52.72522059900177 0.2162176371046765
0 0.25 33 34 52.55113193493742 0.2062573056471272
0 0.25 34 35 52.14819193281505 0.1968915373266066
0 0.25 35 36 51.56073947970071 0.188074512803546
0 0.25 36 37 50.82559264326704 0.1797648118483273
0 0.25 37 38 49.97336103112912 0.1719249092085459
0 0.25 38 39 49.02951403177167 0.1645207375305528
0 0.25 39 40 48.01525369468533 0.1575213059978117
0 0.25 40 41 46.94823069331892 0.1508983679573767
0 0.25 41 42 45.84313342669668 0.1446261302166049
0 0.25 42 43 44.71217445028913 0.1386809975233168
0 0.25 43 44 43.56549324064389 0.1330413481318111
0 0.25 44 45 42.41149066014526 0.1276873359659753
0 0.25 45 46 41.25586326934473 0.1229691845345567
0 0.25 46 47 40.1066608597705 0.1202643958428396
0 0.25 47 48 38.96731309403606 0.1197930319895175
0 0.25 48 49 37.84163198777298 0.1214751684118215
0 0.25 49 50 36.7324904983669 0.1239706596987043
0.25 0.5 0 1 6527.278161754957 3.410545592840749
0.25 0.5 1 2 -960.6122468896092 2.442233968401511
0.25 0.5 2 3 -5524.191439250937 1.546333345364131
0.25 0.5 3 4 -4550.754209492063 1.530829570683386
0.25 0.5 4 5 -3385.365654992412 1.429387849193372
0.25 0.5 5 6 -2486.884055739248 1.345911191221695
0.25 0.5 6 7 -1836.453031863367 1.240067774731817
0.25 0.5 7 8 -1368.041960481839 1.135281430752685
0.25 0.5 8 9 -1027.424678693241 1.038673400549133
0.25 0.5 9 10 -776.3416173448882 0.9519614205412246
0.25 0.5 10 11 -588.5909393412744 0.8741919714630664
0.25 0.5 11 12 -446.4546862559632 0.8050952269132163
0.25 0.5 12 13 -337.6119078214106 0.7435002432987133
0.25 0.5 13 14 -253.4505059258822 0.6884533465642564
0.25 0.5 14 15 -187.8387595322063 0.6391014342392636
0.25 0.5 15 16 -136.3418306612846 0.5947031245931024
0.25 0.5 16 17 -95.70447439483019 0.5546223926896227
0.25 0.5 17 18 -63.50455181831558 0.5183163739918509
0.25 0.5 18 19 -37.91729695696654 0.4853221694410503
0.25 0.5 19 20 -17.55240255850072 0.4552445516503234
0.25 0.5 20 21 -1.33971202688258 0.427745200446363
0.25 0.5 21 22 11.5521439822121 0.4025335565946204
0.25 0.5 22 23 21.77444582350859 0.3793591660161647
0.25 0.5 23 24 29.841265206814 0.3580053188853389
0.25 0.5 24 25 36.16115644954345 0.3382837796837987
0.25 0.5 25 26 41.06083147799563 0.3200304212832457
0.25 0.5 26 27 44.8030231992127 0.3031016036833689
0.25 0.5 27 28 47.6000884502281 0.2873711625115948
0.25 0.5 28 29 49.62445531342075 0.2727278973735572
0.25 0.5 29 30 51.01671032260106 0.2590734693756918
0.25 0.5 30 31 51.89190471797008 0.2463206355148509
0.25 0.5 31 32 52.34450542157617 0.2343917595480051
0.25 0.5 32 33 52.45230656867716 0.2232175521834918
0.25 0.5 33 34 52.27953801268779 0.2127360007509815
0.25 0.5 34 35 51.8793491837763 0.2028914569814964
0.25 0.5 35 36 51.29580397625642 0.19363385592106
0.25 0.5 36 37 50.56549052732714 0.1849180464399871
0.25 0.5 37 38 49.71882605075308 0.1767032133523951
0.25 0.5 38 39 48.78111888743501 0.1689523788373688
0.25 0.5 39 40 47.77343627544042 0.1616319703416953
0.25 0.5 40 41 46.71331608325352 0.1547114437921937
0.25 0.5 41 42 45.61535239930504 0.1481629565751942
0.25 0.5 42 43 44.4916790352234 0.1419610804066912
0.25 0.5 43 44 43.35236984846603 0.1360825499834212
0.25 0.5 44 45 42.20577116086531 0.1305060422359011
0.25 0.5 45 46 41.0575412037075 0.1255682388396027
0.25 0.5 46 47 39.91567882536964 0.1226014090210797
0.25 0.5 47 48 38.78359012272898 0.1218243162405824
0.25 0.5 48 49 37.66506241285293 0.1231696325420194
0.25 0.5 49 50 36.56294912668019 0.1253424469719939
0.5 0.75 0 1 6354.51369120872 3.302029066760738
0.5 0.75 1 2 -1112.804487658568 2.793898343401015
0.5 0.75 2 3 -5517.096300917485 1.567605081122141
0.5 0.75 3 4 -4521.315277275657 1.533577194165376
0.5 0.75 4 5 -3355.440358115616 1.377579985277188
0.5 0.75 5 6 -2460.780260172523 1.224195656697812
0.5 0.75 6 7 -1814.619126142217 1.090959150527185
0.5 0.75 7 8 -1350.004110478311 0.9776238123912423
0.5 0.75 8 9 -1012.553903032566 0.8964130874910009
0.5 0.75 9 10 -764.0590522853881 0.8272416631105383
0.5 0.75 10 11 -578.4098990695024 0.7638298939780721
0.5 0.75 11 12 -437.9840552226651 0.7067321640028648
0.5 0.75 12 13 -330.5379432724692 0.6552580611412756
0.5 0.75 13 14 -247.522460393212 0.6088355963913956
0.5 0.75 14 15 -182.8556652233203 0.5668998979821187
0.5 0.75 15 16 -132.1418558373621 0.5289306655078568
0.5 0.75 16 17 -92.15658531758277 0.4944638506261249
0.5 0.75 17 18 -60.50204596638855 0.4630920786617236
0.5 0.75 18 19 -35.37279606888183 0.4344604364073635
0.5 0.75 19 20 -15.39396635312028 0.4082606767287436
0.5 0.75 20 21 0.4921921181442031 0.3842252220345023
0.5 0.75 21 22 13.10701725306694 0.3621215646834733
0.5 0.75 22 23 23.09363260475743 0.3417472804400661
0.5 0.75 23 24 30.95944114435247 0.322925700686812
0.5 0.75 24 25 37.10751684557954 0.3055022055971519
0.5 0.75 25 26 41.86004595711415 0.2893410737586778
0.5 0.75 26 27 45.4760069422581 0.274322813799848
0.5 0.75 27 28 48.16462858691955 0.2603419067352066
0.5 0.75 28 29 50.09572226503394 0.2473048948873059
0.5 0.75 29 30 51.40767723745307 0.2351287630581087
0.5 0.75 30 31 52.21369308530154 0.2237395631422801
0.5 0.75 31 32 52.60667108108487 0.2130712435233927
0.5 0.75 32 33 52.66307735878388 0.2030646503437425
0.5 0.75 33 34 52.4460119926365 0.1936666722299216
0.5 0.75 34 35 52.00766057437295 0.1848295061093423
0.5 0.75 35 36 51.39126255336004 0.1765100258195755
0.5 0.75 36 37 50.63269909973474 0.1686692361334466
0.5 0.75 37 38 49.76177977479153 0.161271800452854
0.5 0.75 38 39 48.8032894721577 0.1542856309168525
0.5 0.75 39 40 47.77784358165314 0.1476815307483604
0.5 0.75 40 41 46.70258916090893 0.1414328828666276
0.5 0.75 41 42 45.59178165727053 0.1355153769438479
0.5 0.75 42 43 44.45726093730519 0.129906769560427
0.5 0.75 43 44 43.3088452959517 0.1245866738040425
0.5 0.75 44 45 42.15465852575301 0.1195363735139269
0.5 0.75 45 46 41.00017637927743 0.1151186016726813
0.5 0.75 46 47 39.85320552338345 0.1127532326890077
0.5 0.75 47 48 38.71701548467996 0.1126571742073858
0.5 0.75 48 49 37.59526406798796 0.1147281043432592
0.5 0.75 49 50 36.49069051889416 0.1175805757273196
0.75 1 0 1 6098.548018480353 2.292728184420139
0.75 1 1 2 -1343.384881190215 2.058434319324821
0.75 1 2 3 -5511.938981617097 1.560331698417093
0.75 1 3 4 -4481.996013391618 1.517089214098937
0.75 1 4 5 -3314.187966479516 1.361044834668235
0.75 1 5 6 -2424.117219485593 1.210273431947822
0.75 1 6 7 -1783.431767108174 1.080105920012471
0.75 1 7 8 -1323.797722401063 0.9694769403172159
0.75 1 8 9 -990.5658243111361 0.8757749912496567
0.75 1 9 10 -745.5585380503153 0.7944630339981161
0.75 1 10 11 -562.7743214705647 0.7247312814804504
0.75 1 11 12 -424.7051672266102 0.6637263148594361
0.75 1 12 13 -319.204010878736 0.6101241670406662
0.75 1 13 14 -237.8013193617844 0.5627196720547546
0.75 1 14 15 -174.4787708592762 0.5205501675121135
0.75 1 15 16 -124.8911723361314 0.4828388296093754
0.75 1 16 17 -85.85417043034977 0.4489526133048279
0.75 1 17 18 -55.00188428515048 0.4183708792355776
0.75 1 18 19 -30.55441703847532 0.3906617732309452
0.75 1 19 20 -11.15744977704844 0.3654642590349189
0.75 1 20 21 4.230139979451224 0.3424743018756674
0.75 1 21 22 16.41616226126371 0.3214341441479556
0.75 1 22 23 26.03267343397908 0.3021238933683815
0.75 1 23 24 33.57797478047996 0.2843548714639383
0.75 1 24 25 39.4476176078141 0.2679643090303925
0.75 1 25 26 43.95754115081058 0.2528110813149641
0.75 1 26 27 47.3615129782487 0.2387722548914165
0.75 1 27 28 49.86439686910887 0.2257402724975874
0.75 1 28 29 51.63233314366801 0.2136206426777508
0.75 1 29 30 52.80061195423502 0.2023300316819578
0.75 1 30 31 53.47980722857096 0.1917946796212258
0.75 1 31 32 53.76058814328542 0.1819490771466351
0.75 1 32 33 53.71751717059806 0.172734854864346
0.75 1 33 34 53.41206583605242 0.1640998469687531
0.75 1 34 35 52.89502245592297 0.1559972973199022
0.75 1 35 36 52.20842428120466 0.1483851836748668
0.75 1 36 37 51.38711536387581 0.1412256404802327
0.75 1 37 38 50.46000827498801 0.1344844637987791
0.75 1 38 39 49.45111021775341 0.1281306842709839
0.75 1 39 40 48.38036074501503 0.1221361986503472
0.75 1 40 41 47.26431827398648 0.1164754500290687
0.75 1 41 42 46.11672445450967 0.1111251496523162
0.75 1 42 43 44.94896975550489 0.1060640344737666
0.75 1 43 44 43.77047862208673 0.1012726544170799
0.75 1 44 45 42.58902902070901 0.09673318620467962
0.75 1 45 46 41.40980921287576 0.09323278448175233
0.75 1 46 47 40.2403289645884 0.09371447059936475
0.75 1 47 48 39.08363736001465 0.0982890152786126
0.75 1 48 49 37.94318263526799 0.1062267021073237
0.75 1 49 50 36.82151980435481 0.1146265754202403
1 1.25 0 1 5773.327949500108 1.558695318494985
1 1.25 1 2 -1639.477008821814 0.7593382074209792
1 1.25 2 3 -5513.299984763735 2.09732853279277
1 1.25 3 4 -4442.891477799003 1.990459596495135
1 1.25 4 5 -3273.578574947118 1.751389637116307
1 1.25 5 6 -2389.125576445097 1.529968966441481
1 1.25 6 7 -1754.665157981593 1.343659618565009
1 1.25 7 8 -1300.446929060716 1.189252658979125
1 1.25 8 9 -971.640108340453 1.060568935231747
1 1.25 9 10 -730.1846672305742 0.9521052396897085
1 1.25 10 11 -550.2332132081765 0.860382839998308
1 1.25 11 12 -414.4356539540026 0.7815255846788002
1 1.25 12 13 -310.7624677320152 0.7132525500196933
1 1.25 13 14 -230.8382256995287 0.6536599716902985
1 1.25 14 15 -168.7174450722996 0.6012640249563599
1 1.25 15 16 -120.1112983397093 0.5548945347941701
1 1.25 16 17 -81.87923269390262 0.5136179277292997
1 1.25 17 18 -51.68961101278546 0.4766811677837869
1 1.25 18 19 -27.78948945136835 0.4434705999125886
1 1.25 19 20 -8.845908304794875 0.4134814074082594
1 1.25 20 21 6.16521714415444 0.3862946835957139
1 1.25 21 22 18.03802187783049 0.3615600211466273
1 1.25 22 23 27.39352270910877 0.3389821461741259
1 1.25 23 24 34.72106119570867 0.3183105486248962
1 1.25 24 25 40.4088809583061 0.2993313590756215
1 1.25 25 26 44.76693381585631 0.2818609260947494
1 1.25 26 27 48.04406106496253 0.2657406947775858
1 1.25 27 28 50.44105760795856 0.2508330894143487
1 1.25 28 29 52.12069106598415 0.2370181788763822
1 1.25 29 30 53.21544675144105 0.224190957206566
1 1.25 30 31 53.83355891660153 0.2122591094143074
1 1.25 31 32 54.06373961253564 0.2011411672130942
1 1.25 32 33 53.97890995749776 0.190764975252485
1 1.25 33 34 53.63916167490521 0.1810664099585213
1 1.25 34 35 53.09412062092326 0.1719883033119742
1 1.25 35 36 52.38484273854522 0.1634795344793603
1 1.25 36 37 51.54534219060236 0.1554942599020626
1 1.25 37 38 50.60382856285963 0.1479912564718047
1 1.25 38 39 49.58371269768094 0.1409333617609601
1 1.25 39 40 48.5044275858113 0.1342869912900428
1 1.25 40 41 47.38210087673724 0.1280217243384995
1 1.25 41 42 46.23010756227023 0.1221099445624066
1 1.25 42 43 45.05952578333495 0.1165265287598534
1 1.25 43 44 43.87951378560012 0.1112485759931555
1 1.25 44 45 42.69762256707378 0.1062551703215857
1 1.25 45 46 41.51887141523184 0.1019078838689297
1 1.25 46 47 40.3505595999971 0.09963438905393616
1 1.25 47 48 39.19562019222224 0.09965725057029703
1 1.25 48 49 38.05738182454328 0.1018631765970556
1 1.25 49 50 36.93830402393212 0.1090540297064614
1.25 1.5 0 1 5400.947650978521 3.110342224345986
1.25 1.5 1 2 -1947.802581061881 3.710105573053384
1.25 1.5 2 3 -5477.259777750989 1.693929381880892
1.25 1.5 3 4 -4365.326989287361 1.62758697834599
1.25 1.5 4 5 -3200.210139705042 1.452243365472159
1.25 1.5 5 6 -2327.465208435116 1.281490705881882
1.25 1.5 6 7 -1704.463209890565 1.133069895849445
1.25 1.5 7 8 -1259.894335679375 1.007100304910824
1.25 1.5 8 9 -938.8762802700803 0.900695442174373
1.25 1.5 9 10 -703.6353333819184 0.8106771867255417
1.25 1.5 10 11 -528.6329918974834 0.7329760772102453
1.25 1.5 11 12 -396.8007250893647 0.6661811165406697
1.25 1.5 12 13 -296.3207281071589 0.6081086687791032
1.25 1.5 13 14 -218.9835023236212 0.5572578372917949
1.25 1.5 14 15 -158.970922192023 0.5124377232383549
1.25 1.5 15 16 -112.0921108010918 0.472696482975375
1.25 1.5 16 17 -75.28227607587837 0.4372668212621748
1.25 1.5 17 18 -46.2688004905342 0.4055247333368764
1.25 1.5 18 19 -23.34507129304166 0.3769583409329305
1.25 1.5 19 20 -5.214776963623535 0.3511442662585842
1.25 1.5 20 21 9.116965952396185 0.327729595581952
1.25 1.5 21 22 20.42086449806811 0.3064180057786589
1.25 1.5 22 23 29.29901874053485 0.2869589937965066
1.25 1.5 23 24 36.22540515221363 0.269139449735614
1.25 1.5 24 25 41.57571845635925 0.2533590789480385
1.25 1.5 25 26 45.6496095276209 0.2404940127201743
1.25 1.5 26 27 48.68742427798895 0.2285153681507919
1.25 1.5 27 28 50.88292086641206 0.2173440444156255
1.25 1.5 28 29 52.39301490553726 0.2069095400989443
1.25 1.5 29 30 53.34530679287877 0.1971488831652556
1.25 1.5 30 31 53.84393898903511 0.1880057033226915
1.25 1.5 31 32 53.97418504039842 0.179429429363973
1.25 1.5 32 33 53.80606785988977 0.171374593304741
1.25 1.5 33 34 53.39722952598385 0.1638002279699944
1.25 1.5 34 35 52.79521998240642 0.1566693434316953
1.25 1.5 35 36 52.03933169706778 0.1499484724964503
1.25 1.5 36 37 51.16207738274767 0.14360727442572
1.25 1.5 37 38 50.19038557950927 0.1376181894412792
1.25 1.5 38 39 49.14657200447033 0.1319561361945304
1.25 1.5 39 40 48.04913177571819 0.1265982477305425
1.25 1.5 40 41 46.91338801022357 0.1215236383179465
1.25 1.5 41 42 45.75202450643349 0.1167131994147114
1.25 1.5 42 43 44.57552476669349 0.1121494192962209
1.25 1.5 43 44 43.39253483369299 0.1078162240455261
1.25 1.5 44 45 42.21016402661775 0.1036988360629513
1.25 1.5 45 46 41.03307856828309 0.100130882030152
1.25 1.5 46 47 39.86819071199778 0.09840007935546957
1.25 1.5 47 48 38.71817716367875 0.09868795115384812
1.25 1.5 48 49 37.58612071962719 0.1008969791438859
1.25 1.5 49 50 36.47426498120248 0.1037689034772599
1.5 1.75 0 1 4961.019848338597 0.9881681269552716
1.5 1.75 1 2 -2332.385620381984 0.8637847453123314
1.5 1.75 2 3 -5454.355475604104 1.76850196114268
1.5 1.75 3 4 -4285.325560790412 1.704014327240093
1.5 1.75 4 5 -3118.344176276198 1.515911118912993
1.5 1.75 5 6 -2254.748882088103 1.328245845947403
1.5 1.75 6 7 -1642.309680575015 1.164624142403055
1.5 1.75 7 8 -1207.343880849713 1.027048420474468
1.5 1.75 8 9 -894.5034063298131 0.9105004351585406
1.5 1.75 9 10 -666.0605969891189 0.814641290282763
1.5 1.75 10 11 -496.6885747312026 0.7318770231975629
1.5 1.75 11 12 -369.5157854857275 0.6615501528399728
1.5 1.75 12 13 -272.9055351542422 0.6009281060571323
1.5 1.75 13 14 -198.796654199718 0.5482509364314011
1.5 1.75 14 15 -141.490635906714 0.5021396664900045
1.5 1.75 15 16 -96.89228310716226 0.4615056636990263
1.5 1.75 16 17 -62.01325713844312 0.4254815359207628
1.5 1.75 17 18 -34.6421848741777 0.3933694420342524
1.5 1.75 18 19 -13.12172402502915 0.364602568076948
1.5 1.75 19 20 3.804598030151965 0.3387163149243679
1.5 1.75 20 21 17.09927872007074 0.315326589935953
1.5 1.75 21 22 27.50655548768555 0.2941133143191531
1.5 1.75 22 23 35.60678022030561 0.2748077681001412
1.5 1.75 23 24 41.85596971589564 0.257182792915024
1.5 1.75 24 25 46.61491567448354 0.2410451349138037
1.5 1.75 25 26 50.17084538494601 0.2262294082536913
1.5 1.75 26 27 52.75370282639938 0.2125932948985538
1.5 1.75 27 28 54.54850079122878 0.2000136983373542
1.5 1.75 28 29 55.70477334993416 0.1883836370582246
1.5 1.75 29 30 56.34386721563999 0.1776097185460762
1.5 1.75 30 31 56.5646078647103 0.1676100716415328
1.5 1.75 31 32 56.44773295517666 0.1583126423393341
1.5 1.75 32 33 56.05938336617407 0.1496537824569789
1.5 1.75 33 34 55.45386849543706 0.1415770731037155
1.5 1.75 34 35 54.67586877702763 0.1340323385795742
1.5 1.75 35 36 53.76219898713924 0.1269748178292183
1.5 1.75 36 37 52.74322666669315 0.1203644614669678
1.5 1.75 37 38 51.64401824542966 0.1141653366801795
1.5 1.75 38 39 50.48526900136989 0.1083451180926531
1.5 1.75 39 40 49.28406053169886 0.1028746527972515
1.5 1.75 40 41 48.05448007504253 0.09772758522605454
1.5 1.75 41 42 46.80812846615981 0.0928800349048355
1.5 1.75 42 43 45.55453820041492 0.08831031637058043
1.5 1.75 43 44 44.30151846654149 0.08399869639244956
1.5 1.75 44 45 43.05544071284794 0.07992718290659634
1.5 1.75 45 46 41.82034714942526 0.07679643527256604
1.5 1.75 46 47 40.6025283225116 0.07722663955741028
1.5 1.75 47 48 39.40417652626576 0.08130771636379272
1.5 1.75 48 49 38.22792001615983 0.08838474704619469
1.5 1.75 49 50 37.07561025424093 0.09586437651573276
1.75 2 0 1 4498.146067247718 1.071079951682709
1.75 2 1 2 -2721.287052426613 2.828491070740836
1.75 2 2 3 -5425.436630152105 2.786003212024369
1.75 2 3 4 -4212.007440588323 2.266314315433567
1.75 2 4 5 -3051.575723013139 1.857552488129398
1.75 2 5 6 -2200.863288251017 1.554705765873609
1.75 2 6 7 -1600.023819532088 1.326089656490728
1.75 2 7 8 -1174.325260875401 1.148588339758743
1.75 2 8 9 -868.6344817775639 1.007973793189581
1.75 2 9 10 -645.6527285570523 0.8927857031839103
1.75 2 10 11 -480.5831540923668 0.7979595575142923
1.75 2 11 12 -356.7414958862093 0.7180969724120672
1.75 2 12 13 -262.7510132637929 0.6500753480456913
1.75 2 13 14 -190.7170590322182 0.5914992831011168
1.75 2 14 15 -135.0645461816653 0.5405795826508641
1.75 2 15 16 -91.79065705792391 0.4959527917229492
1.75 2 16 17 -57.97696063836474 0.4565613372952274
1.75 2 17 18 -31.46556347813475 0.4215719797999753
1.75 2 18 19 -10.64045593183369 0.3903190731325621
1.75 2 19 20 5.722589137247269 0.3622642674524867
1.75 2 20 21 18.56069893984977 0.336967348984065
1.75 2 21 22 28.59799778683976 0.3140647777988118
1.75 2 22 23 36.39878350014783 0.2932536455146108
1.75 2 23 24 42.40618078374837 0.2742795159496802
1.75 2 24 25 46.97057224814023 0.2569270905374187
1.75 2 25 26 50.37074013801828 0.2410129589729723
1.75 2 26 27 52.82974717225432 0.2263799088782335
1.75 2 27 28 54.52697739611631 0.2128924160246522
1.75 2 28 29 55.60734474790627 0.200433037380754
1.75 2 29 30 56.18839200493983 0.1888995022793615
1.75 2 30 31 56.3658041388702 0.1782023491738099
1.75 2 31 32 56.21771975908575 0.1682629904756694
1.75 2 32 33 55.80812424883459 0.1590121191734859
1.75 2 33 34 55.18953609889269 0.1503883868380007
1.75 2 34 35 54.40514546009035 0.1423373015805591
1.75 2 35 36 53.49052541593215 0.1348103044056147
1.75 2 36 37 52.4750079216596 0.1277639900422577
1.75 2 37 38 51.38279511930892 0.1211594477496355
1.75 2 38 39 50.23386068208458 0.1149617003596548
1.75 2 39 40 49.04468369198878 0.109139224843695
1.75 2 40 41 47.82884845236805 0.1036635415867735
1.75 2 41 42 46.59753626929682 0.09850886014382676
1.75 2 42 43 45.35993007142423 0.09365177342028601
1.75 2 43 44 44.12354824439052 0.08907099266476512
1.75 2 44 45 42.89452084608729 0.08474711650198832
1.75 2 45 46 41.67673086510351 0.08134356530537298
1.75 2 46 47 40.47622498737044 0.08157462625410367
1.75 2 47 48 39.29510101576011 0.08531064329190588
1.75 2 48 49 38.13587683908534 0.09190849042839817
1.75 2 49 50 37.00030638998359 0.09887144994419772
2 2.25 0 1 3998.092596865807 1.03636027245917
2 2.25 1 2 -3119.693475484484 0.8486625465231882
2 2.25 2 3 -5365.654999452623 1.651817655289004
2 2.25 3 4 -4092.272211681324 1.530235493119151
2 2.25 4 5 -2933.439761826803 1.350495443574234
2 2.25 5 6 -2096.524015484541 1.191305427693054
2 2.25 6 7 -1510.779454002535 1.057631517715933
2 2.25 7 8 -1098.72281380354 0.9451500314410278
2 2.25 8 9 -804.6670863279169 0.8502898197731669
2 2.25 9 10 -591.4079823188245 0.7688583848308089
2 2.25 10 11 -434.4161809941056 0.698688454315373
2 2.25 11 12 -317.2827194827428 0.6376589498737513
2 2.25 12 13 -228.8798978613293 0.5841939295085808
2 2.25 13 14 -161.5197847259178 0.537049869675015
2 2.25 14 15 -109.7952501095194 0.4952345406491498
2 2.25 15 16 -69.83856964039455 0.4579478795021314
2 2.25 16 17 -38.83970898778875 0.4245384619893725
2 2.25 17 18 -14.72788315164826 0.3944710963784793
2 2.25 18 19 4.042665645546094 0.3673024152237197
2 2.25 19 20 18.6392457324539 0.3426622873493628
2 2.25 20 21 29.95263392187292 0.3202395093015755
2 2.25 21 22 38.66901333543137 0.2997706882369344
2 2.25 22 23 45.32146341015493 0.2810315192380725
2 2.25 23 24 50.32729269669937 0.263829886383239
2 2.25 24 25 54.0154315770792 0.2480003607578576
2 2.25 25 26 56.64675369222743 0.2333997798136488
2 2.25 26 27 58.42930536140204 0.2199036688246216
2 2.25 27 28 59.52982639300023 0.207403326887057
2 2.25 28 29 60.08254130875696 0.195803436144701
2 2.25 29 30 60.19592164877099 0.1850200906843716
2 2.25 30 31 59.95792643290252 0.174979160419181
2 2.25 31 32 59.44009132805047 0.1656149273729518
2 2.25 32 33 58.7007399111888 0.1568689412664747
2 2.25 33 34 57.78752053788634 0.1486890565447249
2 2.25 34 35 56.73942154785033 0.1410286166209196
2 2.25 35 36 55.58838034081839 0.1338457607635866
2 2.25 36 37 54.36057431794791 0.1271028329451796
2 2.25 37 38 53.07746124686815 0.1207658743280408
2 2.25 38 39 51.7566211734183 0.114804188107107
2 2.25 39 40 50.41244035043292 0.1091899629118352
2 2.25 40 41 49.05666893103569 0.1038979469516087
2 2.25 41 42 47.69887713291638 0.09890516555579572
2 2.25 42 43 46.34682963706305 0.09419067402086984
2 2.25 43 44 45.00679371787115 0.08973534234158022
2 2.25 44 45 43.68379352684912 0.08552166632819491
2 2.25 45 46 42.38076162303335 0.08218954864971841
2 2.25 46 47 41.10282196228491 0.08213008895075843
2 2.25 47 48 39.85132857166022 0.08540878930473433
2 2.25 48 49 38.62811179697496 0.09140785657174842
2 2.25 49 50 37.43431801839111 0.09775795697417163
2.25 2.5 0 1 3473.912473534275 1.676165761498152
2.25 2.5 1 2 -3515.925404369415 0.9580911786610367
2.25 2.5 2 3 -5272.955691720077 1.693419582441101
2.25 2.5 3 4 -3950.214754979375 1.560213539479506
2.25 2.5 4 5 -2805.346389515836 1.374719908534324
2.25 2.5 5 6 -1990.895807245309 1.231879526436423
2.25 2.5 6 7 -1425.595279132856 1.105293484022826
2.25 2.5 7 8 -1030.241834864431 0.9930283813863838
2.25 2.5 8 9 -749.4350017223401 0.8955013360108507
2.25 2.5 9 10 -546.6227672374416 0.8104891398543301
2.25 2.5 10 11 -397.8999944888476 0.7366450169560957
2.25 2.5 11 12 -287.3545676442011 0.6721297157416165
2.25 2.5 12 13 -204.2403193295327 0.6154831081626939
2.25 2.5 13 14 -141.1575858031993 0.5654885107625068
2.25 2.5 14 15 -92.91703052699017 0.5211420376698789
2.25 2.5 15 16 -55.81643455754897 0.4816167007241057
2.25 2.5 16 17 -27.17257503811265 0.4462296122870084
2.25 2.5 17 18 -5.012716482221549 0.4144144328654487
2.25 2.5 18 19 12.13239399859799 0.3856990148667112
2.25 2.5 19 20 25.36984524156355 0.3596875249708112
2.25 2.5 20 21 35.54262148673433 0.336046219271835
2.25 2.5 21 22 43.29868468704842 0.3144921267710559
2.25 2.5 22 23 49.14033118020529 0.294784022466238
2.25 2.5 23 24 53.45991538149008 0.2767151983844238
2.25 2.5 24 25 56.56601740424151 0.2601076461859538
2.25 2.5 25 26 58.70282340349183 0.2448073506682728
2.25 2.5 26 27 60.06462596211031 0.2306804612764428
2.25 2.5 27 28 60.80677566715531 0.2176101616413017
2.25 2.5 28 29 61.05402458641709 0.2054940945677882
2.25 2.5 29 30 60.9069339610956 0.1942422336252749
2.25 2.5 30 31 60.44683202306419 0.1837751153325627
2.25 2.5 31 32 59.73967653729596 0.1740223620738002
2.25 2.5 32 33 58.83908334880124 0.1649214434605995
2.25 2.5 33 34 57.78871517516637 0.1564166323856895
2.25 2.5 34 35 56.62417622807692 0.1484581215738
2.25 2.5 35 36 55.3745226468738 0.1410012718854354
2.25 2.5 36 37 54.06347240440772 0.1340059720583127
2.25 2.5 37 38 52.71037883343519 0.1274360893653105
2.25 2.5 38 39 51.33101719922405 0.121258997884744
2.25 2.5 39 40 49.93822265037653 0.1154451712724756
2.25 2.5 40 41 48.54240957547455 0.1099678304190409
2.25 2.5 41 42 47.15199570621289 0.1048026377387399
2.25 2.5 42 43 45.77374961486595 0.09992743067788439
2.25 2.5 43 44 44.41307620954797 0.09532198883810687
2.25 2.5 44 45 43.07425191950094 0.09096783079611991
2.25 2.5 45 46 41.75960369133895 0.08717355002284458
2.25 2.5 46 47 40.47360761577437 0.08514230449225803
2.25 2.5 47 48 39.2171702227219 0.08500963799881869
2.25 2.5 48 49 37.99169411869966 0.08661594112364096
2.25 2.5 49 50 36.79795368395227 0.09217203310916927
2.5 2.75 0 1 2894.385464616385 2.212590996208924
2.5 2.75 1 2 -3952.292201060263 1.107052957070738
2.5 2.75 2 3 -5182.649015766303 2.73902187063241
2.5 2.75 3 4 -3802.206680225992 2.635542705870006
2.5 2.75 4 5 -2666.968618140747 2.31834682942068
2.5 2.75 5 6 -1872.901844008667 2.016792382668702
2.5 2.75 6 7 -1327.399280933141 1.761140460255686
2.5 2.75 7 8 -948.9287787768335 1.548973286340265
2.5 2.75 8 9 -681.9766198558937 1.372293398865063
2.5 2.75 9 10 -490.4115396791958 1.224422805893318
2.5 2.75 10 11 -350.8170859198917 1.099308119802383
2.5 2.75 11 12 -247.7087301352583 0.9925112969478167
2.5 2.75 12 13 -170.6873602204287 0.9005558706333477
2.5 2.75 13 14 -112.6267533958544 0.820746090466862
2.5 2.75 14 15 -68.55108080375771 0.7509744368149065
2.5 2.75 15 16 -34.92478469327352 0.6895770588226693
2.5 2.75 16 17 -9.195236119783203 0.6352269865014847
2.5 2.75 17 18 10.5073744789795 0.5868553729777973
2.5 2.75 18 19 25.57064232635878 0.5435931155457839
2.5 2.75 19 20 37.03642778683366 0.5047272299180636
2.5 2.75 20 21 45.69525772738598 0.4696679427267874
2.5 2.75 21 22 52.15263248583176 0.4379236266270659
2.5 2.75 22 23 56.87626504794821 0.409081522454688
2.5 2.75 23 24 60.23017849615076 0.3827927732801231
2.5 2.75 24 25 62.49961591346175 0.3587607003666768
2.5 2.75 25 26 63.90944117350489 0.3367315406985296
2.5 2.75 26 27 64.63787115341154 0.3164870692337832
2.5 2.75 27 28 64.82682089220145 0.2978386778868087
2.5 2.75 28 29 64.58976530506061 0.2806225885118971
2.5 2.75 29 30 64.01776183993195 0.2646959573828552
2.5 2.75 30 31 63.18409880838362 0.2499336835198753
2.5 2.75 31 32 62.14790782735298 0.2362257788343579
2.5 2.75 32 33 60.95698922815939 0.2234751881459943
2.5 2.75 33 34 59.65003506164146 0.211595972726862
2.5 2.75 34 35 58.2583878010542 0.2005117887161537
2.5 2.75 35 36 56.8074388612136 0.1901546065764818
2.5 2.75 36 37 55.31774598281351 0.1804636286026161
2.5 2.75 37 38 53.80592996841852 0.1713843689850521
2.5 2.75 38 39 52.28539728718437 0.1628678704431296
2.5 2.75 39 40 50.76692455219705 0.1548700327760079
2.5 2.75 40 41 49.25913301990721 0.14735103631024
2.5 2.75 41 42 47.7688749542572 0.1402748447882268
2.5 2.75 42 43 46.30154925846179 0.1336087751755567
2.5 2.75 43 44 44.86136000076385 0.1273231239971883
2.5 2.75 44 45 43.4515286973305 0.1213908427512436
2.5 2.75 45 46 42.07349533492382 0.1160101529468478
2.5 2.75 46 47 40.73083620223062 0.1119997623355136
2.5 2.75 47 48 39.42377667528558 0.1094752004841216
2.5 2.75 48 49 38.15308027363338 0.1083782586007887
2.5 2.75 49 50 36.91895391361336 0.1078936527625972
2.75 3 0 1 2258.16693438182 1.688003964906545
2.75 3 1 2 -4380.312081383234 4.435182805816835
2.75 3 2 3 -5036.391704265618 5.968134082681321
2.75 3 3 4 -3602.101119229887 5.096024222059103
2.75 3 4 5 -2486.172027951155 4.236043107793273
2.75 3 5 6 -1721.683616402011 3.552113229441953
2.75 3 6 7 -1203.426149649325 3.018545164117726
2.75 3 7 8 -847.6010489126197 2.5978981596408
2.75 3 8 9 -598.9126936082071 2.260647154411696
2.75 3 9 10 -421.9735094803741 1.986119932513791
2.75 3 10 11 -294.1125509608198 1.759230895482586
2.75 3 11 12 -200.4673709262731 1.569296785947474
2.75 3 12 13 -131.1288709701141 1.408476017284461
2.75 3 13 14 -79.34908301948212 1.270933103952597
2.75 3 14 15 -40.44283520252407 1.152251862973078
2.75 3 15 16 -11.09846814498042 1.049037642555583
2.75 3 16 17 11.06317898128896 0.9586434695192712
2.75 3 17 18 27.77654752934927 0.8789783450512597
2.75 3 18 19 40.32277849591617 0.8083708147466067
2.75 3 19 20 49.65936662361366 0.7454703339803084
2.75 3 20 21 56.50947571293898 0.6891748957006839
2.75 3 21 22 61.4244339250215 0.6385771927032601
2.75 3 22 23 64.82809593608908 0.5929240536778674
2.75 3 23 24 67.04875200309482 0.5515855172206817
2.75 3 24 25 68.34236011131634 0.5140309948275622
2.75 3 25 26 68.90965046165354 0.4798107107398178
2.75 3 26 27 68.90884854226533 0.4485411135649755
2.75 3 27 28 68.46522902729146 0.4198933091676249
2.75 3 28 29 67.67835281262728 0.3935838140226365
2.75 3 29 30 66.62759331139847 0.3693671065970156
2.75 3 30 31 65.37638796627283 0.3470295850306634
2.75 3 31 32 63.97553162370292 0.3263846316770653
2.75 3 32 33 62.46574399599945 0.3072685577969226
2.75 3 33 34 60.8796830615027 0.2895372503183142
2.75 3 34 35 59.24353261931981 0.2730633849071385
2.75 3 35 36 57.57826042061049 0.2577340968769989
2.75 3 36 37 55.90061989820202 0.2434490252425946
2.75 3 37 38 54.22395122863935 0.2301186627621916
2.75 3 38 39 52.55882448560874 0.2176629572288176
2.75 3 39 40 50.9135578905709 0.2060101216734891
2.75 3 40 41 49.29463691050796 0.1950956174562279
2.75 3 41 42 47.70705412489576 0.1848612822135699
2.75 3 42 43 46.15458570089748 0.1752545793930158
2.75 3 43 44 44.64001684520548 0.1662279497117787
2.75 3 44 45 43.16532606770519 0.1577382496861212
2.75 3 45 46 41.7309124457623 0.1499018963255306
2.75 3 46 47 40.33929181648637 0.1432759371450702
2.75 3 47 48 38.98989592146128 0.137941543757055
2.75 3 48 49 37.68274438179807 0.1338723496918504
2.75 3 49 50 36.41738305806237 0.1304968317733246
3 3.25 0 1 1568.244404082308 1.188328582712673
3 3.25 1 2 -4731.430952524317 9.37511920805777
3 3.25 2 3 -4784.383445876133 9.773209208610639
3 3.25 3 4 -3320.224181052669 7.940600778088809
3 3.25 4 5 -2245.525476057292 6.439202791465046
3 3.25 5 6 -1526.997853713335 5.313032609233282
3 3.25 6 7 -1047.743597312278 4.4612567368788
3 3.25 7 8 -722.9832686234581 3.803102458311621
3 3.25 8 9 -498.6440425375065 3.283288931742912
3 3.25 9 10 -340.787182600033 2.864901771173226
3 3.25 10 11 -227.9649933065562 2.522389753024384
3 3.25 11 12 -146.2649809814709 2.23794164545837
3 3.25 12 13 -86.49366272885209 1.998751799887963
3 3.25 13 14 -42.43890662423746 1.795426696260044
3 3.25 14 15 -9.817898687572779 1.620939874968071
3 3.25 15 16 14.37676969902941 1.469942561991085
3 3.25 16 17 32.29217102141149 1.338298692079276
3 3.25 17 18 45.48404776885684 1.222764621171589
3 3.25 18 19 55.09466774179009 1.120764163175801
3 3.25 19 20 61.97263418038608 1.030227726936704
3 3.25 20 21 66.75500378522645 0.9494753896570303
3 3.25 21 22 69.92447354472574 0.877130624073482
3 3.25 22 23 71.84979102776026 0.8120557634797518
3 3.25 23 24 72.81469397938417 0.7533031170540235
3 3.25 24 25 73.03889074138363 0.7000775085253635
3 3.25 25 26 72.6934422708477 0.6517072615270502
3 3.25 26 27 71.91215657825688 0.6076215043238079
3 3.25 27 28 70.8001096801878 0.5673322546465059
3 3.25 28 29 69.44007358275093 0.5304201575972124
3 3.25 29 30 67.89740445693053 0.4965230415023595
3 3.25 30 31 66.22378753167271 0.4653266671560546
3 3.25 31 32 64.46012576369878 0.4365571984296442
3 3.25 32 33 62.63878213107768 0.4099750340483724
3 3.25 33 34 60.78533033595761 0.3853697240516856
3 3.25 34 35 58.91992904150175 0.3625557560223754
3 3.25 35 36 57.05840593667759 0.3413690435553298
3 3.25 36 37 55.21311677832043 0.321663985105266
3 3.25 37 38 53.3936289793555 0.3033109887816144
3 3.25 38 39 51.60726764512219 0.2861943796660756
3 3.25 39 40 49.85955322819365 0.2702106231187054
3 3.25 40 41 48.15455348284297 0.2552668100863392
3 3.25 41 42 46.49516721211327 0.2412793606951609
3 3.25 42 43 44.88335366038652 0.2281729108568703
3 3.25 43 44 43.32031835496505 0.2158793523642026
3 3.25 44 45 41.80666393075859 0.2043370026280624
3 3.25 45 46 40.34165599143216 0.1935971156907717
3 3.25 46 47 38.92662329486453 0.1840184191231393
3 3.25 47 48 37.56014849719602 0.1756380552475037
3 3.25 48 49 36.24144864930129 0.1684267927499944
3 3.25 49 50 34.96935918352224 0.1619798713428726
3.25 3.5 0 1 851.9928719357657 0.4321496990566747
3.25 3.5 1 2 -4893.903095013713 18.79311020298914
3.25 3.5 2 3 -4363.230557930007 14.91792410474831
3.25 3.5 3 4 -2922.076009547881 11.26322961382245
3.25 3.5 4 5 -1926.446342059809 8.780320270165156
3.25 3.5 5 6 -1279.263185276475 7.053728451219871
3.25 3.5 6 7 -855.9989910624081 5.803699592622294
3.25 3.5 7 8 -573.8255044092557 4.866067447112997
3.25 3.5 8 9 -381.7845571474568 4.141850662053128
3.25 3.5 9 10 -248.5865219222148 3.569068523669207
3.25 3.5 10 11 -154.7695757346489 3.106966893886909
3.25 3.5 11 12 -87.86927312380931 2.727958058342398
3.25 3.5 12 13 -39.73768556566688 2.412714293074439
3.25 3.5 13 14 -4.921711659366565 2.147338564209487
3.25 3.5 14 15 20.30526932128669 1.921605738916595
3.25 3.5 15 16 38.53853651814586 1.727839907751744
3.25 3.5 16 17 51.61622587806755 1.560176512140466
3.25 3.5 17 18 60.85985930096638 1.414064685427779
3.25 3.5 18 19 67.23220790147832 1.285923810000483
3.25 3.5 19 20 71.44292368892263 1.172901593939394
3.25 3.5 20 21 74.0204889880481 1.072700498340543
3.25 3.5 21 22 75.36202673216349 0.9834511255793063
3.25 3.5 22 23 75.76829928464105 0.903618468957058
3.25 3.5 23 24 75.46863512549987 0.8319315430034999
3.25 3.5 24 25 74.6389028093177 0.7673299030286291
3.25 3.5 25 26 73.41461868364894 0.7089225349916508
3.25 3.5 26 27 71.90060519471325 0.655955921623757
3.25 3.5 27 28 70.17817520942316 0.6077889962006503
3.25 3.5 28 29 68.31052271044604 0.5638733216234115
3.25 3.5 29 30 66.34679997329107 0.5237372746591686
3.25 3.5 30 31 64.32522394357306 0.4869733277178836
3.25 3.5 31 32 62.27545889678095 0.4532277480652483
3.25 3.5 32 33 60.22045526655972 0.4221921985328148
3.25 3.5 33 34 58.17787679372634 0.3935968453436287
3.25 3.5 34 35 56.16121388486604 0.367204669263089
3.25 3.5 35 36 54.1806562634695 0.3428067436031271
3.25 3.5 36 37 52.2437798624386 0.3202182942539332
3.25 3.5 37 38 50.35608959771039 0.299275395978491
3.25 3.5 38 39 48.52144972908408 0.2798321889806636
3.25 3.5 39 40 46.74242611009737 0.2617585238765515
3.25 3.5 40 41 45.02055914356262 0.244937960244504
3.25 3.5 41 42 43.35658189250631 0.2292660591932492
3.25 3.5 42 43 41.75059473558511 0.214648921129024
3.25 3.5 43 44 40.20220542078215 0.2010019291674738
3.25 3.5 44 45 38.7106414653029 0.1882486651034525
3.25 3.5 45 46 37.2740776082812 0.1764207256657679
3.25 3.5 46 47 35.89262628499328 0.1658463726094171
3.25 3.5 47 48 34.56408512329638 0.1565610229026429
3.25 3.5 48 49 33.28691185419375 0.1485395230271056
3.25 3.5 49 50 32.05927966197319 0.1413974850296314
3.5 3.75 0 1 185.3081784681966 1.608157259469703
3.5 3.75 1 2 -4700.265879522139 24.85220324304048
3.5 3.75 2 3 -3706.951552147914 16.34833333854973
3.5 3.75 3 4 -2381.976436180836 11.53975195823168
3.5 3.75 4 5 -1521.240221208517 8.646406428671375
3.5 3.75 5 6 -979.1313754351895 6.753050898495375
3.5 3.75 6 7 -632.726381884806 5.434296258233164
3.5 3.75 7 8 -406.3713770246388 4.472263907844638
3.5 3.75 8 9 -255.1974248934007 3.74509476991171
3.5 3.75 9 10 -152.2996681959628 3.180034920897604
3.5 3.75 10 11 -81.24028123051221 2.730938364394118
3.5 3.75 11 12 -31.64553159923844 2.367373217809334
3.5 3.75 12 13 3.179386317675608 2.068473093003149
3.5 3.75 13 14 27.66341003154935 1.819497429822251
3.5 3.75 14 15 44.80067135825755 1.609761753793605
3.5 3.75 15 16 56.65482623375749 1.431348668942532
3.5 3.75 16 17 64.67272603897823 1.278277740570219
3.5 3.75 17 18 69.88411078988634 1.145955176464891
3.5 3.75 18 19 73.0315328676503 1.030799631859699
3.5 3.75 19 20 74.65659407019848 0.9299820201980941
3.5 3.75 20 21 75.158239190605 0.8412409672655737
3.5 3.75 21 22 74.83281945506377 0.7627495731274697
3.5 3.75 22 23 73.90204459548983 0.6930176682326351
3.5 3.75 23 24 72.53275328519254 0.6308190656580541
3.5 3.75 24 25 70.85107158822518 0.5751367015529067
3.5 3.75 25 26 68.95266767823199 0.5251207670646084
3.5 3.75 26 27 66.91025603570876 0.4800564022177857
3.5 3.75 27 28 64.77914061068589 0.4393385154856123
3.5 3.75 28 29 62.60134461515733 0.4024519729970025
3.5 3.75 29 30 60.40871135364759 0.3689558782141478
3.5 3.75 30 31 58.22524906234474 0.3384709967788583
3.5 3.75 31 32 56.06891552961287 0.3106696222490541
3.5 3.75 32 33 53.95298429243303 0.2852673527059476
3.5 3.75 33 34 51.88709603674812 0.2620163739034701
3.5 3.75 34 35 49.87807156933999 0.2406999406301323
3.5 3.75 35 36 47.93054307003283 0.2211278166396089
3.5 3.75 36 37 46.04744604488755 0.2031324868648006
3.5 3.75 37 38 44.23040394742222 0.1865659963681668
3.5 3.75 38 39 42.48002968054774 0.1712973003316522
3.5 3.75 39 40 40.79616242960638 0.1572100337259084
3.5 3.75 40 41 39.17805403801847 0.1442006280610555
3.5 3.75 41 42 37.62451576784652 0.1321767160783846
3.5 3.75 42 43 36.13403394114374 0.1210557784322286
3.5 3.75 43 44 34.70486103359094 0.1107639941414274
3.5 3.75 44 45 33.33508733182698 0.1012352649113945
3.5 3.75 45 46 32.02206395479881 0.09256126668603135
3.5 3.75 46 47 30.76484020027236 0.08529647708761832
3.5 3.75 47 48 29.56068122788945 0.07957540901502021
3.5 3.75 48 49 28.40749290978597 0.07541837239611608
3.5 3.75 49 50 27.30298914819758 0.07227143289738054
3.75 4 0 1 -324.9524855336009 1.824055071861632
3.75 4 1 2 -4024.134821289777 27.99558157791908
3.75 4 2 3 -2803.660303973885 12.90370461040892
3.75 4 3 4 -1711.023543943411 7.498791866315063
3.75 4 4 5 -1046.406717862165 4.862392822456367
3.75 4 5 6 -643.5682590254391 3.361178949725588
3.75 4 6 7 -393.713221557482 2.421365734132072
3.75 4 7 8 -234.750372008562 1.794115880370793
3.75 4 8 9 -131.3183403262606 1.355947879917816
3.75 4 9 10 -62.79604003156453 1.039333614214323
3.75 4 10 11 -16.85431085150685 0.8049108286869237
3.75 4 11 12 14.14354954486896 0.6283285770601617
3.75 4 12 13 35.04579953425275 0.4939639256319217
3.75 4 13 14 49.01151575450842 0.3915196881090778
3.75 4 14 15 58.14577632347778 0.3140858781676215
3.75 4 15 16 63.87918988946933 0.2834444931804727
3.75 4 16 17 67.20077765019391 0.2609604076081163
3.75 4 17 18 68.8044461641004 0.2408391775158184
3.75 4 18 19 69.18322773948893 0.2227581469845643
3.75 4 19 20 68.69118084075961 0.2064484868140436
3.75 4 20 21 67.58481632896803 0.1916847934546597
3.75 4 21 22 66.05129375451793 0.1782769242270894
3.75 4 22 23 64.22790739643472 0.1720465227184498
3.75 4 23 24 62.21573905458737 0.1759505363132237
3.75 4 24 25 60.08934316259118 0.1798540163993441
3.75 4 25 26 57.90369459528506 0.1834347255273149
3.75 4 26 27 55.69922344009302 0.1865333071432454
3.75 4 27 28 53.50549684959665 0.1890862769843495
3.75 4 28 29 51.34393371924654 0.1910848850299309
3.75 4 29 30 49.22982100998902 0.192550422254767
3.75 4 30 31 47.17382125541943 0.1935195811084355
3.75 4 31 32 45.18310622619242 0.1940358674302984
3.75 4 32 33 43.26221381551822 0.1941446379064122
3.75 4 33 34 41.4136985739088 0.1938903077512091
3.75 4 34 35 39.63862741669045 0.1933148561099842
3.75 4 35 36 37.93695848028079 0.1924571045315105
3.75 4 36 37 36.3078313204626 0.1913524514873801
3.75 4 37 38 34.74978953296019 0.1900328704151636
3.75 4 38 39 33.26095163478871 0.1885270543927763
3.75 4 39 40 31.83914217461411 0.1868606365459665
3.75 4 40 41 30.48199221557685 0.1850564434996533
3.75 4 41 42 29.18701609985352 0.1831347565297002
3.75 4 42 43 27.95166985541765 0.1811135660045767
3.75 4 43 44 26.77339536483176 0.1790088110368597
3.75 4 44 45 25.64965344754067 0.1768346007417794
3.75 4 45 46 24.57747943291523 0.1746584640738319
3.75 4 46 47 23.55523456151465 0.1726842188421352
3.75 4 47 48 22.58009699513182 0.1709266315394855
3.75 4 48 49 21.64980230824885 0.1693668390041253
3.75 4 49 50 20.76197020421617 0.1678392557283719
4 5 0 1 -1006.896734929908 2.83261452738477
4 5 1 2 -4419.014401185981 7.166433598674965
4 5 2 3 -2540.073729105057 5.410967997626011
4 5 3 4 -1391.717739132811 4.087823821758986
4 5 4 5 -766.1165816554151 3.061747670359667
4 5 5 6 -414.2693698731784 2.310280048314786
4 5 6 7 -209.8840388723279 1.803004683313122
4 5 7 8 -87.95822138190124 1.459316119486767
4 5 8 9 -13.8327126754441 1.217439249627134
4 5 9 10 31.63252568677126 1.038392150050604
4 5 10 11 59.36032937987352 0.9011266211362899
4 5 11 12 75.89935674919559 0.794183938597704
4 5 12 13 85.25639359703155 0.70829766147864
4 5 13 14 89.93251642282439 0.6371461059063418
4 5 14 15 91.53150191534701 0.5777673434526969
4 5 15 16 91.11141281165169 0.5280406266432923
4 5 16 17 89.3806788673611 0.4856504978857473
4 5 17 18 86.81556853879624 0.4486578037666503
4 5 18 19 83.73779401281985 0.4159143795714975
4 5 19 20 80.36663951092771 0.386814336977362
4 5 20 21 76.85273791825188 0.3609024117698914
4 5 21 22 73.29957102704984 0.3377132534680614
4 5 22 23 69.77754887700195 0.316799827395905
4 5 23 24 66.33369815659188 0.2977938732615379
4 5 24 25 62.99854600741708 0.2804222929644116
4 5 25 26 59.79103200782043 0.264485349181588
4 5 26 27 56.72198033450729 0.2498262920302571
4 5 27 28 53.79653616101692 0.2363105729005984
4 5 28 29 51.01587850212945 0.2238171582595127
4 5 29 30 48.37843620254253 0.2122370939990031
4 5 30 31 45.88076157063762 0.2014742339590698
4 5 31 32 43.51816343049424 0.1914454145028972
4 5 32 33 41.2851669918285 0.1820794608576132
4 5 33 34 39.17584674803433 0.1733154293699478
4 5 34 35 37.18406546912711 0.1651006745277519
4 5 35 36 35.3036436983931 0.1573891415052071
4 5 36 37 33.52847802591414 0.1501400404113453
4 5 37 38 31.85262183189566 0.1433168921419176
4 5 38 39 30.27033867146599 0.1368868608250694
4 5 39 40 28.77613580583802 0.1308202773415701
4 5 40 41 27.36478342384985 0.125090278807931
4 5 41 42 26.03132355823953 0.1196725130130491
4 5 42 43 24.77107166242545 0.1145448812433286
4 5 43 44 23.57961303926405 0.1096873063003353
4 5 44 45 22.45279568570981 0.1050815195364996
4 5 45 46 21.38626642715224 0.1011017869689724
4 5 46 47 20.37689529690418 0.09914906393944382
4 5 47 48 19.42084494321426 0.09921067202292741
4 5 48 49 18.51495297211978 0.1008666143586793
4 5 49 50 17.65582106140505 0.1029040981557293
-5 5 0 50 -531592.795358959 92.92389980125846
