#ylo yhi qTlo qThi PDF0  uncertainty
-5 -4 0 1 -1007.028465777909 2.830937930085586
-5 -4 1 2 -4428.483326174974 7.310382381413489
-5 -4 2 3 -2545.37714232981 5.463724088098523
-5 -4 3 4 -1395.166489853987 4.091769123406432
-5 -4 4 5 -768.3775866863195 3.052095255686022
-5 -4 5 6 -415.6769377639689 2.305037155981749
-5 -4 6 7 -210.7275972732937 1.802101929453157
-5 -4 7 8 -88.44094361923203 1.459862020981358
-5 -4 8 9 -14.08457619212845 1.218227577081996
-5 -4 9 10 31.52993938784471 1.039234174140455
-5 -4 10 11 59.35486339254498 0.9020013683884947
-5 -4 11 12 75.9569010447367 0.7952806308895307
-5 -4 12 13 85.35373368150886 0.7094064052719957
-5 -4 13 14 90.05410204080079 0.6381504177137536
-5 -4 14 15 91.66673544468392 0.5786324447129877
-5 -4 15 16 91.25310262138277 0.5287664370112416
-5 -4 16 17 89.52399741040881 0.4862313359449061
-5 -4 17 18 86.95732144166448 0.4490834236587398
-5 -4 18 19 83.87591008769994 0.4161821901680993
-5 -4 19 20 80.4998213091543 0.3869324494507014
-5 -4 20 21 76.98022273609649 0.3608851304577128
-5 -4 21 22 73.42096492395569 0.3375760869669368
-5 -4 22 23 69.89270952078192 0.3165571194368345
-5 -4 23 24 66.44265175232584 0.2974585126925143
-5 -4 24 25 63.10142879070239 0.2800061107244176
-5 -4 25 26 59.88804950435571 0.263999399352794
-5 -4 26 27 56.81337928021881 0.2492808711088797
-5 -4 27 28 53.88258529572661 0.2357151117552548
-5 -4 28 29 51.09685552636502 0.2231801293874698
-5 -4 29 30 48.45461901484298 0.2115659949140569
-5 -4 30 31 45.95242249419974 0.2007756416891031
-5 -4 31 32 43.58556553510165 0.1907250803084215
-5 -4 32 33 41.34856188544448 0.1813424154802014
-5 -4 33 34 39.23547338983828 0.1725660810841937
-5 -4 34 35 37.2401496837454 0.1643428925294396
-5 -4 35 36 35.3563981591092 0.1566263244238049
-5 -4 36 37 33.57810254411093 0.1493751729951978
-5 -4 37 38 31.89930383626967 0.1425525927681243
-5 -4 38 39 30.31425379737934 0.1361254227836793
-5 -4 39 40 28.81744854047135 0.1300637053641989
-5 -4 40 41 27.40364777102366 0.1243403216491703
-5 -4 41 42 26.06788369906456 0.1189306929640385
-5 -4 42 43 24.80546259687985 0.1138125203059546
-5 -4 43 44 23.61196119992083 0.1089655497538603
-5 -4 44 45 22.48321951826575 0.1043713570106277
-5 -4 45 46 21.41487607683275 0.1004057227153251
-5 -4 46 47 20.40379665948936 0.09847477999269198
-5 -4 47 48 19.446136442568 0.0985632442117126
-5 -4 48 49 18.53872691186821 0.1002466622149722
-5 -4 49 50 17.67816477299361 0.102306766807662
-4 -3.75 0 1 -321.0570230346352 1.821163688854016
-4 -3.75 1 2 -4020.187084718936 28.14141796500322
-4 -3.75 2 3 -2801.272286755174 13.05495863920821
-4 -3.75 3 4 -1710.163956871884 7.621365820589964
-4 -3.75 4 5 -1046.346991164987 4.961333865866075
-4 -3.75 5 6 -643.8258002510363 3.442274254191777
-4 -3.75 6 7 -394.0847342327738 2.488856891633704
-4 -3.75 7 8 -235.1492367108274 1.851030499813789
-4 -3.75 8 9 -131.7069448091672 1.404235371147445
-4 -3.75 9 10 -63.16035787893316 1.080662511623233
-4 -3.75 10 11 -17.19083165244365 0.8402926359712907
-4 -3.75 11 12 13.83387571604783 0.6585114395910368
-4 -3.75 12 13 34.76040346437765 0.5194372245156481
-4 -3.75 13 14 48.74749247478928 0.4125534319694538
-4 -3.75 14 15 57.90041505288036 0.3307638082190693
-4 -3.75 15 16 63.6501528151997 0.2828477606499235
-4 -3.75 16 17 66.98612197761435 0.2604204672254891
-4 -3.75 17 18 68.60258284847998 0.2403483704474934
-4 -3.75 18 19 68.99286092317521 0.2223101262659772
-4 -3.75 19 20 68.51124762979543 0.2060379459471073
-4 -3.75 20 21 67.41443457635597 0.1913072606925849
-4 -3.75 21 22 65.88971983621786 0.1779286043675051
-4 -3.75 22 23 64.07450346677541 0.1657412004115544
-4 -3.75 23 24 62.06994834026284 0.1678481950959412
-4 -3.75 24 25 59.9506716710751 0.1717087123951806
-4 -3.75 25 26 57.77169774618267 0.175417343983495
-4 -3.75 26 27 55.57349637501156 0.1787462178133895
-4 -3.75 27 28 53.38566743331842 0.1815878033406398
-4 -3.75 28 29 51.22965747750186 0.1839053111340626
-4 -3.75 29 30 49.12077744042364 0.1857022761641612
-4 -3.75 30 31 47.06971109941918 0.1870042168218139
-4 -3.75 31 32 45.08364940531581 0.1878476901419263
-4 -3.75 32 33 43.16714782245295 0.1882738306417699
-4 -3.75 33 34 41.32277717174232 0.1883245998102079
-4 -3.75 34 35 39.55161954603102 0.1880406736689195
-4 -3.75 35 36 37.85364730697212 0.1874603190853727
-4 -3.75 36 37 36.22801337894332 0.1866188641981054
-4 -3.75 37 38 34.67327393723387 0.1855485216091426
-4 -3.75 38 39 33.18755933837156 0.1842784165785969
-4 -3.75 39 40 31.76870526982593 0.1828347294679091
-4 -3.75 40 41 30.41435326557219 0.1812408971402474
-4 -3.75 41 42 29.12202749994675 0.1795178392781703
-4 -3.75 42 43 27.88919322400551 0.1776841896434073
-4 -3.75 43 44 26.71330096088477 0.1757565207101101
-4 -3.75 44 45 25.59181961696586 0.1737495553046592
-4 -3.75 45 46 24.52179234905372 0.1717320011324951
-4 -3.75 46 47 23.50158843769694 0.1699099874123215
-4 -3.75 47 48 22.52839275787043 0.1682981538960798
-4 -3.75 48 49 21.59994691422828 0.1668771651249739
-4 -3.75 49 50 20.71387794908496 0.1654799477396229
-3.75 -3.5 0 1 191.2435401381605 1.609641189833365
-3.75 -3.5 1 2 -4687.987951037909 24.71268965270025
-3.75 -3.5 2 3 -3698.831128512158 16.30774266905808
-3.75 -3.5 3 4 -2377.785153536779 11.52599570007847
-3.75 -3.5 4 5 -1519.31452926356 8.643130196079669
-3.75 -3.5 5 6 -978.3660212335401 6.754587845429294
-3.75 -3.5 6 7 -632.5666857138158 5.438225447239304
-3.75 -3.5 7 8 -406.5312349591561 4.477413714887585
-3.75 -3.5 8 9 -255.5247710010965 3.750846081350589
-3.75 -3.5 9 10 -152.7109627796888 3.186047053981405
-3.75 -3.5 10 11 -81.69091057523633 2.737013551872417
-3.75 -3.5 11 12 -32.1106762696279 2.373395849320226
-3.75 -3.5 12 13 2.713546458170299 2.074375199128186
-3.75 -3.5 13 14 27.20462387789553 1.825239751656697
-3.75 -3.5 14 15 44.35328747213021 1.615322733662881
-3.75 -3.5 15 16 56.22125728384526 1.43671783266052
-3.75 -3.5 16 17 64.25426031911741 1.283451611305208
-3.75 -3.5 17 18 69.48136689945159 1.150934696476541
-3.75 -3.5 18 19 72.64471807621044 1.035588507272359
-3.75 -3.5 19 20 74.28565413522819 0.9345856439809179
-3.75 -3.5 20 21 74.80294781239456 0.8456657119697624
-3.75 -3.5 21 22 74.49283385712118 0.7670023235341729
-3.75 -3.5 22 23 73.57694179535162 0.6971055124293201
-3.75 -3.5 23 24 72.22205506785195 0.6347490915263322
-3.75 -3.5 24 25 70.55426260117457 0.5789158641604741
-3.75 -3.5 25 26 68.66920910335358 0.5287558041757587
-3.75 -3.5 26 27 66.63959622679164 0.4835537823479074
-3.75 -3.5 27 28 64.52072350650178 0.4427044080128699
-3.75 -3.5 28 29 62.35461642764503 0.4056922333159322
-3.75 -3.5 29 30 60.17312586207944 0.3720760428641742
-3.75 -3.5 30 31 58.00027175261201 0.3414762850045195
-3.75 -3.5 31 32 55.85402676484941 0.3135649417852409
-3.75 -3.5 32 33 53.74768166851257 0.2880573077270166
-3.75 -3.5 33 34 51.69089605546611 0.264705274355462
-3.75 -3.5 34 35 49.69051074334513 0.2432918116275841
-3.75 -3.5 35 36 47.7511785598908 0.2236264073456227
-3.75 -3.5 36 37 45.87585591610923 0.2055412787483765
-3.75 -3.5 37 38 44.06618712289725 0.1888882094808159
-3.75 -3.5 38 39 42.3228056533153 0.1735358982818926
-3.75 -3.5 39 40 40.64557079131328 0.1593677260812493
-3.75 -3.5 40 41 39.03375386866239 0.1462798701330192
-3.75 -3.5 41 42 37.48618492624603 0.1341797054717621
-3.75 -3.5 42 43 36.00136828752834 0.1229844475611934
-3.75 -3.5 43 44 34.57757360906314 0.1126199980445549
-3.75 -3.5 44 45 33.2129075168216 0.1030199633312738
-3.75 -3.5 45 46 31.9047377347276 0.09427213054645373
-3.75 -3.5 46 47 30.65212798752371 0.08691526891161912
-3.75 -3.5 47 48 29.45235821403217 0.08107729275610467
-3.75 -3.5 48 49 28.30334715872567 0.07677618868501179
-3.75 -3.5 49 50 27.20282318961304 0.073471593283863
-3.5 -3.25 0 1 857.9711698343672 0.4313070747301831
-3.5 -3.25 1 2 -4875.890114922864 18.56716918182616
-3.5 -3.25 2 3 -4349.801798899948 14.77434830415466
-3.5 -3.25 3 4 -2914.445691278228 11.16335925203953
-3.5 -3.25 4 5 -1922.412506902976 8.70626163856222
-3.5 -3.25 5 6 -1277.217519355194 6.99637915221516
-3.5 -3.25 6 7 -855.0702116700695 5.757894403502773
-3.5 -3.25 7 8 -573.5365961101722 4.828628567349395
-3.5 -3.25 8 9 -381.867913137075 4.110693895818803
-3.5 -3.25 9 10 -248.88730119365 3.542769570204764
-3.5 -3.25 10 11 -155.1985507088584 3.084508590521524
-3.5 -3.25 11 12 -88.37282768831028 2.708594443426341
-3.5 -3.25 12 13 -40.28293838865716 2.395883844497503
-3.5 -3.25 13 14 -5.487958574984532 2.132609524226789
-3.5 -3.25 14 15 19.73140286490707 1.908640047949981
-3.5 -3.25 15 16 37.96589112255288 1.716368687094142
-3.5 -3.25 16 17 51.05075192401011 1.549982959885672
-3.5 -3.25 17 18 60.30560451084932 1.40497187191369
-3.5 -3.25 18 19 66.69192583891879 1.277785794480217
-3.5 -3.25 19 20 70.91845993759773 1.165596843915231
-3.5 -3.25 20 21 73.51303457471045 1.066126937459711
-3.5 -3.25 21 22 74.87229049402401 0.9775223539657926
-3.5 -3.25 22 23 75.29662937436387 0.8982608414606175
-3.5 -3.25 23 24 75.015107547252 0.827081884344002
-3.5 -3.25 24 25 74.20338778800675 0.7629337020507463
-3.5 -3.25 25 26 72.99683155083045 0.7049325037057507
-3.5 -3.25 26 27 71.50014604895421 0.6523308351870073
-3.5 -3.25 27 28 69.79456016182252 0.6044927513145901
-3.5 -3.25 28 29 67.94320864583199 0.560874166515986
-3.5 -3.25 29 30 65.99520420770216 0.5210071749070014
-3.5 -3.25 30 31 63.98873980094959 0.4844874405013417
-3.5 -3.25 31 32 61.95346799311494 0.4509639837553007
-3.5 -3.25 32 33 59.91233712011206 0.4201308529235837
-3.5 -3.25 33 34 57.88301625950035 0.3917202895551092
-3.5 -3.25 34 35 55.87900681939976 0.3654970870214729
-3.5 -3.25 35 36 53.910513752295 0.3412539072864184
-3.5 -3.25 36 37 51.98513128652868 0.3188073737930958
-3.5 -3.25 37 38 50.10838476440532 0.2979947942481419
-3.5 -3.25 38 39 48.28416025676836 0.2786714002762364
-3.5 -3.25 39 40 46.51504622092193 0.2607080111904767
-3.5 -3.25 40 41 44.80260599122187 0.2439890487187175
-3.5 -3.25 41 42 43.1475955297428 0.2284108433046402
-3.5 -3.25 42 43 41.55013780754291 0.2138801835317564
-3.5 -3.25 43 44 40.00986265054368 0.2003130694198502
-3.5 -3.25 44 45 38.52601899058389 0.1876336370561327
-3.5 -3.25 45 46 37.09680420656636 0.1758737538006053
-3.5 -3.25 46 47 35.72234910113109 0.1653609441455517
-3.5 -3.25 47 48 34.40047203612549 0.1561299109099571
-3.5 -3.25 48 49 33.12964856661473 0.1481545936907809
-3.5 -3.25 49 50 31.90807186397231 0.1410510307452624
-3.25 -3 0 1 1572.807347357593 1.190189797557982
-3.25 -3 1 2 -4711.78923958327 9.250790322076936
-3.25 -3 2 3 -4767.602710398332 9.658660198240318
-3.25 -3 3 4 -3310.085699026797 7.850244670646905
-3.25 -3 4 5 -2239.820236513052 6.367128369996797
-3.25 -3 5 6 -1523.858322261508 5.254249430595221
-3.25 -3 6 7 -1046.098875337575 4.412339330183937
-3.25 -3 7 8 -722.2256575641827 3.761709465769537
-3.25 -3 8 9 -498.4232468644689 3.247769469215953
-3.25 -3 9 10 -340.895828383877 2.834073143780669
-3.25 -3 10 11 -228.2802780404802 2.495371050702156
-3.25 -3 11 12 -146.7111330017194 2.214066330882479
-3.25 -3 12 13 -87.02275433270688 1.977504488052718
-3.25 -3 13 14 -43.01967750368385 1.776401833821448
-3.25 -3 14 15 -10.42933139656452 1.603813395683522
-3.25 -3 15 16 13.74920750855927 1.454451985729836
-3.25 -3 16 17 31.65876877823007 1.324228856610687
-3.25 -3 17 18 44.8522213357212 1.209937258080156
-3.25 -3 18 19 54.46981909510407 1.109030151866783
-3.25 -3 19 20 61.35870870050837 1.019461249940348
-3.25 -3 20 21 66.15486458795613 0.9395694610984326
-3.25 -3 21 22 69.34016236926448 0.8679936248681119
-3.25 -3 22 23 71.28271664828821 0.8036087263395058
-3.25 -3 23 24 72.26577267420851 0.7454775757075717
-3.25 -3 24 25 72.50865382231393 0.6928137781507211
-3.25 -3 25 26 72.18212009531828 0.6449530513409234
-3.25 -3 26 27 71.41974515805123 0.6013307889386511
-3.25 -3 27 28 70.32642400315973 0.5614643492129018
-3.25 -3 28 29 68.98479053496715 0.5249389542788823
-3.25 -3 29 30 67.46009745093681 0.4913963752423219
-3.25 -3 30 31 65.80395443296686 0.460525785582085
-3.25 -3 31 32 64.05721135539596 0.4320563159622993
-3.25 -3 32 33 62.25219610675043 0.405750955335725
-3.25 -3 33 34 60.41446162333699 0.3814015240245598
-3.25 -3 34 35 58.56415711382988 0.3588245065567239
-3.25 -3 35 36 56.71710965807864 0.337857579612878
-3.25 -3 36 37 54.88568123198547 0.3183567029550554
-3.25 -3 37 38 53.07945065343171 0.3001936719028354
-3.25 -3 38 39 51.30575828779894 0.2832540475675426
-3.25 -3 39 40 49.57014262863771 0.2674353997337153
-3.25 -3 40 41 47.87669139083224 0.2526458087262626
-3.25 -3 41 42 46.2283245718001 0.2388025834247544
-3.25 -3 42 43 44.6270233039356 0.2258311597509406
-3.25 -3 43 44 43.07401527116164 0.2136641514805852
-3.25 -3 44 45 41.56992520740906 0.2022405288623364
-3.25 -3 45 46 40.11404310646529 0.1916126237030429
-3.25 -3 46 47 38.70771692885407 0.1821413354068831
-3.25 -3 47 48 37.34955238567309 0.1738638988992279
-3.25 -3 48 49 36.03878623639262 0.1667504343644829
-3.25 -3 49 50 34.77427661674517 0.1603942090134048
-3 -2.75 0 1 2261.309700123232 1.647541211079596
-3 -2.75 1 2 -4361.33863452609 4.434030876530076
-3 -2.75 2 3 -5017.975907587121 5.927946065442613
-3 -2.75 3 4 -3590.499723122259 5.056313196838435
-3 -2.75 4 5 -2479.424693851444 4.201081655997176
-3 -2.75 5 6 -1717.828669394135 3.521849058039343
-3 -2.75 6 7 -1201.289102170745 2.99228046148512
-3 -2.75 7 8 -846.5004863690165 2.574943402446273
-3 -2.75 8 9 -598.4504892623472 2.240415527321338
-3 -2.75 9 10 -421.9117310168851 1.968156658270312
-3 -2.75 10 11 -294.3090246884408 1.743167560361955
-3 -2.75 11 12 -200.8335574380378 1.554841733923863
-3 -2.75 12 13 -131.6081048321316 1.395394997069719
-3 -2.75 13 14 -79.90383855868117 1.259036095847994
-3 -2.75 14 15 -41.04739215671816 1.141383168391502
-3 -2.75 15 16 -11.73462269406514 1.03906844174448
-3 -2.75 16 17 10.40866992252245 0.9494662044893319
-3 -2.75 17 18 27.11352527887027 0.870502445259476
-3 -2.75 18 19 39.6586617004881 0.8005194136964642
-3 -2.75 19 20 48.99978810543007 0.7381777222025917
-3 -2.75 20 21 55.85871341504924 0.6823845255443722
-3 -2.75 21 22 60.7857147915912 0.6322401007214493
-3 -2.75 22 23 64.20381878397552 0.5869976018560933
-3 -2.75 23 24 66.44065669567783 0.5460323800974568
-3 -2.75 24 25 67.75165956629485 0.5088183380803714
-3 -2.75 25 26 68.33713579228095 0.4749095196940482
-3 -2.75 26 27 68.35497398638643 0.443925640768634
-3 -2.75 27 28 67.93018115015235 0.4155406166914182
-3 -2.75 28 29 67.16210715982953 0.3894733917298897
-3 -2.75 29 30 66.12996085877853 0.3654805522613488
-3 -2.75 30 31 64.89705317814196 0.3433503344376265
-3 -2.75 31 32 63.51408355928066 0.3228977301162826
-3 -2.75 32 33 62.02170163890202 0.303960465082195
-3 -2.75 33 34 60.45251584343549 0.286395674221385
-3 -2.75 34 35 58.83267695011745 0.2700771379230246
-3 -2.75 35 36 57.18313290619858 0.2548929725071527
-3 -2.75 36 37 55.52062782059409 0.2407436910830981
-3 -2.75 37 38 53.85850077008411 0.2275405670808977
-3 -2.75 38 39 52.2073271019602 0.215204247927678
-3 -2.75 39 40 50.57543517215132 0.2036635750048332
-3 -2.75 40 41 48.96932421535129 0.1928545754588459
-3 -2.75 41 42 47.39400321853853 0.1827195977067801
-3 -2.75 42 43 45.85326659746525 0.1732065672230393
-3 -2.75 43 44 44.34991901311398 0.1642683436260481
-3 -2.75 44 45 42.88595913113519 0.155862164118303
-3 -2.75 45 46 41.46180935536506 0.1481056687317158
-3 -2.75 46 47 40.08000382159784 0.1415593189792901
-3 -2.75 47 48 38.73999712108832 0.1363042119132977
-3 -2.75 48 49 37.44182841899394 0.1323126052754682
-3 -2.75 49 50 36.18506699326858 0.1290090605042709
-2.75 -2.5 0 1 2896.949112756719 2.163099178356299
-2.75 -2.5 1 2 -3934.137098788692 1.10685459144059
-2.75 -2.5 2 3 -5163.399549038862 2.756462394470879
-2.75 -2.5 3 4 -3789.74358586006 2.640251329697698
-2.75 -2.5 4 5 -2659.58072577547 2.318377937565635
-2.75 -2.5 5 6 -1868.595621774421 2.01483842188486
-2.75 -2.5 6 7 -1324.94281098663 1.758299603065673
-2.75 -2.5 7 8 -947.5972236110674 1.545756370392251
-2.75 -2.5 8 9 -681.3436745954095 1.368936571553133
-2.75 -2.5 9 10 -490.2216522615615 1.221064507130962
-2.75 -2.5 10 11 -350.9173227320409 1.096011944173115
-2.75 -2.5 11 12 -248.003667513153 0.9893116544431335
-2.75 -2.5 12 13 -171.1156882399628 0.8974694023509595
-2.75 -2.5 13 14 -113.1475780904102 0.8177794646698994
-2.75 -2.5 14 15 -69.13605909256057 0.7481286640876775
-2.75 -2.5 15 16 -35.55355173432304 0.6868499520966981
-2.75 -2.5 16 17 -9.852701395295298 0.6326145948645777
-2.75 -2.5 17 18 9.832662937351415 0.5843528313184627
-2.75 -2.5 18 19 24.88751793637391 0.5411951523203505
-2.75 -2.5 19 20 36.35176619109836 0.5024284707021331
-2.75 -2.5 20 21 45.01442430800148 0.4674630900409707
-2.75 -2.5 21 22 51.47980000906239 0.4358075634657028
-2.75 -2.5 22 23 56.21464940948931 0.4070493687201055
-2.75 -2.5 23 24 59.58222049229335 0.3808399128427316
-2.75 -2.5 24 25 61.8671256084275 0.3568827902756739
-2.75 -2.5 25 26 63.2937149855552 0.3349245089589611
-2.75 -2.5 26 27 64.03978810359092 0.3147471064392531
-2.75 -2.5 27 28 64.2469223285334 0.2961622245923848
-2.75 -2.5 28 29 64.0283211663529 0.2790063215041612
-2.75 -2.5 29 30 63.47482575349642 0.2631367741013149
-2.75 -2.5 30 31 62.6595538300694 0.2484286875555445
-2.75 -2.5 31 32 61.64150429765323 0.2347722649738659
-2.75 -2.5 32 33 60.46837597705462 0.2220706286074984
-2.75 -2.5 33 34 59.17878500580355 0.2102380039113175
-2.75 -2.5 34 35 57.80401882419403 0.1991981990061888
-2.75 -2.5 35 36 56.36943074146427 0.1888833246312299
-2.75 -2.5 36 37 54.89555401770332 0.1792327131164418
-2.75 -2.5 37 38 53.39899585333222 0.1701919986191392
-2.75 -2.5 38 39 51.89315772035008 0.1617123351299683
-2.75 -2.5 39 40 50.38881796481047 0.1537497252666582
-2.75 -2.5 40 41 48.89460476925777 0.1462644445749813
-2.75 -2.5 41 42 47.41738126086503 0.1392205451252795
-2.75 -2.5 42 43 45.96256012557765 0.1325854258508244
-2.75 -2.5 43 44 44.53436131064876 0.1263294592793768
-2.75 -2.5 44 45 43.1360236481128 0.1204256675044621
-2.75 -2.5 45 46 41.76900825289096 0.1150725846186026
-2.75 -2.5 46 47 40.43690823706578 0.1110896467872423
-2.75 -2.5 47 48 39.13997051404985 0.1085914256542591
-2.75 -2.5 48 49 37.87897713019782 0.1075178387914338
-2.75 -2.5 49 50 36.65415815135077 0.1070516140756253
-2.5 -2.25 0 1 3476.702417574977 1.639385286586496
-2.5 -2.25 1 2 -3497.801922536919 0.9580480785743953
-2.5 -2.25 2 3 -5253.121896213357 1.693048720747088
-2.5 -2.25 3 4 -3937.172529601759 1.559844687913312
-2.5 -2.25 4 5 -2797.507484035763 1.383085989213498
-2.5 -2.25 5 6 -1986.249259867635 1.244221457195618
-2.5 -2.25 6 7 -1422.878096444204 1.114538158048144
-2.5 -2.25 7 8 -1028.706048456821 1.000392289852038
-2.5 -2.25 8 9 -748.637812166317 0.9009247725008179
-2.5 -2.25 9 10 -546.3000032339173 0.8150340423455804
-2.5 -2.25 10 11 -397.8921884386905 0.7403494143067493
-2.5 -2.25 11 12 -287.5621508981053 0.6751793638768739
-2.5 -2.25 12 13 -204.5989841817711 0.618012837512122
-2.5 -2.25 13 14 -141.6240886181442 0.5675987825664414
-2.5 -2.25 14 15 -93.4610604474733 0.522909358061591
-2.5 -2.25 15 16 -56.4159060449665 0.4831004225653824
-2.5 -2.25 16 17 -27.81085935506349 0.4474765209216536
-2.5 -2.25 17 18 -5.676976392423285 0.4154619218320943
-2.5 -2.25 18 19 11.45223790399041 0.3865773367884382
-2.5 -2.25 19 20 24.68178306206914 0.3604214191539755
-2.5 -2.25 20 21 34.85300801095673 0.3366561102221843
-2.5 -2.25 21 22 42.61256412950559 0.3149950203385488
-2.5 -2.25 22 23 48.46168108422739 0.2951941864056017
-2.5 -2.25 23 24 52.79183744509373 0.2770446855419081
-2.5 -2.25 24 25 55.91089141045131 0.2603667016904918
-2.5 -2.25 25 26 58.06243396616139 0.2450047320896289
-2.5 -2.25 26 27 59.44026819057001 0.2308236935876202
-2.5 -2.25 27 28 60.19934380831967 0.2177057409211949
-2.5 -2.25 28 29 60.46408654357845 0.2055476530536903
-2.5 -2.25 29 30 60.33479389648875 0.1942586745368609
-2.5 -2.25 30 31 59.89258281889903 0.1837587226722775
-2.5 -2.25 31 32 59.20324359907426 0.1739768917216023
-2.5 -2.25 32 33 58.32026101860174 0.1648501993022302
-2.5 -2.25 33 34 57.28719685326791 0.1563225288546152
-2.5 -2.25 34 35 56.1395791573313 0.1483437367223893
-2.5 -2.25 35 36 54.90640818458849 0.1408688925935325
-2.5 -2.25 36 37 53.61136250286745 0.1338576313867711
-2.5 -2.25 37 38 52.2737693425359 0.1272735989025702
-2.5 -2.25 38 39 50.90938852339241 0.1210839753722425
-2.5 -2.25 39 40 49.53104820986988 0.1152590641215228
-2.5 -2.25 40 41 48.14916245457209 0.1097719360125566
-2.5 -2.25 41 42 46.77215381436665 0.104598121054962
-2.5 -2.25 42 43 45.40679962811544 0.09971533917602453
-2.5 -2.25 43 44 44.0585165243383 0.09510326616253423
-2.5 -2.25 44 45 42.73159480350617 0.09074332756655229
-2.5 -2.25 45 46 41.42837960219316 0.08694253088367591
-2.5 -2.25 46 47 40.15336185620524 0.08489820716457831
-2.5 -2.25 47 48 38.90746759573364 0.08474452275151592
-2.5 -2.25 48 49 37.69211635141903 0.08632158068509925
-2.5 -2.25 49 50 36.50810463234822 0.09196325774226984
-2.25 -2 0 1 4001.774462222269 1.036526984734236
-2.25 -2 1 2 -3100.156545564988 0.847956124928147
-2.25 -2 2 3 -5344.636889318652 1.650936984873681
-2.25 -2 3 4 -4078.393381091368 1.529447748546476
-2.25 -2 4 5 -2925.106433997456 1.349672566904861
-2.25 -2 5 6 -2091.613815546499 1.19048219921639
-2.25 -2 6 7 -1507.930725194004 1.056855373430618
-2.25 -2 7 8 -1097.12476249819 0.9444323856014081
-2.25 -2 8 9 -803.8430537249683 0.8496554154741965
-2.25 -2 9 10 -591.0742961990022 0.7682854469593199
-2.25 -2 10 11 -434.4047954748683 0.698173709164019
-2.25 -2 11 12 -317.4900424167693 0.6371936215365351
-2.25 -2 12 13 -229.2400730330376 0.583769965437088
-2.25 -2 13 14 -161.9891664916452 0.5366603320302231
-2.25 -2 14 15 -110.3435882595204 0.4948736402841953
-2.25 -2 15 16 -70.44396894669057 0.4576108715091473
-2.25 -2 16 17 -39.48571277346332 0.4242214985545827
-2.25 -2 17 18 -15.4017540736902 0.3941710775906743
-2.25 -2 18 19 3.350988135010084 0.3670168533424882
-2.25 -2 19 20 17.93780336021064 0.3423891896153086
-2.25 -2 20 21 29.24788659458022 0.3199772795491423
-2.25 -2 21 22 37.96614658564181 0.2995180461932019
-2.25 -2 22 23 44.6246173140122 0.2807874349961152
-2.25 -2 23 24 49.63974082389541 0.2635935276419025
-2.25 -2 24 25 53.33972610093952 0.2477710509453958
-2.25 -2 25 26 55.98484597015829 0.2331769649392925
-2.25 -2 26 27 57.78264757330669 0.2196868910497914
-2.25 -2 27 28 58.89945780444236 0.2071922043779724
-2.25 -2 28 29 59.46916162648756 0.1955976466335802
-2.25 -2 29 30 59.59995332295955 0.184819359118354
-2.25 -2 30 31 59.37956740610912 0.1747832491617606
-2.25 -2 31 32 58.87935950456711 0.1654236284320676
-2.25 -2 32 33 58.15751046224199 0.1566820706316452
-2.25 -2 33 34 57.26155702852799 0.1485064493301014
-2.25 -2 34 35 56.23040176292045 0.1408501234722453
-2.25 -2 35 36 55.09591758528114 0.1336712452831873
-2.25 -2 36 37 53.88423487658991 0.1269321691893353
-2.25 -2 37 38 52.61677859907638 0.1205989452378538
-2.25 -2 38 39 51.31110748413801 0.1146408840418117
-2.25 -2 39 40 49.98159568523266 0.1090301808670189
-2.25 -2 40 41 48.63998857679189 0.103741589253506
-2.25 -2 41 42 47.29585735470482 0.09875213951514474
-2.25 -2 42 43 45.95697214489999 0.09404089121926648
-2.25 -2 43 44 44.62960907837055 0.08958871821680676
-2.25 -2 44 45 43.31880371589637 0.08537811987265845
-2.25 -2 45 46 42.02750469978938 0.08204688106739128
-2.25 -2 46 47 40.76084905025121 0.08197809291352952
-2.25 -2 47 48 39.52020876504744 0.0852364337827964
-2.25 -2 48 49 38.30742978470442 0.0912055942680806
-2.25 -2 49 50 37.1236796071891 0.09752303240510596
-2 -1.75 0 1 4502.210899703421 1.070416557142248
-2 -1.75 1 2 -2700.84494115481 2.849471618188692
-2 -1.75 2 3 -5403.803822859574 2.80857250421804
-2 -1.75 3 4 -4197.393845108831 2.284954454600602
-2 -1.75 4 5 -3042.499743581339 1.872778023481489
-2 -1.75 5 6 -2195.289428553958 1.567221480697508
-2 -1.75 6 7 -1596.612220663243 1.336509409105335
-2 -1.75 7 8 -1172.259312626476 1.157445012736352
-2 -1.75 8 9 -867.423296124542 1.015092567041264
-2 -1.75 9 10 -644.9966919011008 0.899211661483144
-2 -1.75 10 11 -480.3042371947149 0.8034306049906076
-2 -1.75 11 12 -356.7252328513321 0.7228600158312254
-2 -1.75 12 13 -262.9236609301502 0.6542496183682974
-2 -1.75 13 14 -191.0287164685333 0.5951789197960974
-2 -1.75 14 15 -135.4799599229598 0.5438399641175858
-2 -1.75 15 16 -92.2838878138034 0.4988550326183563
-2 -1.75 16 17 -58.52825033602085 0.4591555267567765
-2 -1.75 17 18 -32.05945693833519 0.4238995549010944
-2 -1.75 18 19 -11.26464010444647 0.3924145920206389
-2 -1.75 19 20 5.07803265568964 0.3641567582498932
-2 -1.75 20 21 17.90380007730914 0.3386813516815226
-2 -1.75 21 22 27.93525991507465 0.3156211605161651
-2 -1.75 22 23 35.7354559387984 0.2946702506277196
-2 -1.75 23 24 41.74647306032114 0.2755716767997978
-2 -1.75 24 25 46.3178280808479 0.2581080479903386
-2 -1.75 25 26 49.72758178414824 0.2420941991603816
-2 -1.75 26 27 52.19819672406607 0.2273714396851995
-2 -1.75 27 28 53.90855935633772 0.21380299344239
-2 -1.75 28 29 55.00317295356638 0.2012703525599157
-2 -1.75 29 30 55.59924323211317 0.1896703371960832
-2 -1.75 30 31 55.79218027992306 0.1789127054955759
-2 -1.75 31 32 55.65990016486893 0.1689181981102508
-2 -1.75 32 33 55.26620961122472 0.1596169269393684
-2 -1.75 33 34 54.66348508098429 0.1509470391682274
-2 -1.75 34 35 53.89480512778067 0.1428536037324295
-2 -1.75 35 36 52.99565639882525 0.1352876774167877
-2 -1.75 36 37 51.99530511066303 0.1282055181006672
-2 -1.75 37 38 50.91790460211172 0.1215679181872967
-2 -1.75 38 39 49.78339352226578 0.1153396386862381
-2 -1.75 39 40 48.60822707199509 0.1094889245827809
-2 -1.75 40 41 47.40597462156978 0.1039870898452879
-2 -1.75 41 42 46.18780967740872 0.09880816051785715
-2 -1.75 42 43 44.96291300077121 0.0939285652785779
-2 -1.75 43 44 43.73880521315311 0.08932686858213273
-2 -1.75 44 45 42.52162200355582 0.08498353650312117
-2 -1.75 45 46 41.31525728043655 0.08127595527661106
-2 -1.75 46 47 40.12576654083264 0.08141325617704616
-2 -1.75 47 48 38.95526154596331 0.08512989398744157
-2 -1.75 48 49 37.80627232907139 0.09169880301744006
-2 -1.75 49 50 36.68057090176126 0.0986301760026965
-1.75 -1.5 0 1 4965.382843544767 0.9843550675981673
-1.75 -1.5 1 2 -2310.794770047825 0.8493042462201295
-1.75 -1.5 2 3 -5432.210738206704 1.75929986328073
-1.75 -1.5 3 4 -4270.36452850799 1.698855577392953
-1.75 -1.5 4 5 -3108.985500613197 1.513804182490218
-1.75 -1.5 5 6 -2248.928575832357 1.327778502511393
-1.75 -1.5 6 7 -1638.676468755522 1.164861994496978
-1.75 -1.5 7 8 -1205.080234486453 1.027028814523252
-1.75 -1.5 8 9 -893.1341732770306 0.9125218562663824
-1.75 -1.5 9 10 -665.2239709599307 0.8139057573083861
-1.75 -1.5 10 11 -496.2704031703925 0.7321214001009203
-1.75 -1.5 11 12 -369.3772580372113 0.6616820053527365
-1.75 -1.5 12 13 -272.9709166631678 0.6009621515565976
-1.75 -1.5 13 14 -199.0141368749132 0.5482047390755242
-1.75 -1.5 14 15 -141.8232408391834 0.5020301518282058
-1.75 -1.5 15 16 -97.3125585958453 0.4613477718943346
-1.75 -1.5 16 17 -62.50014180587459 0.4252878627078449
-1.75 -1.5 17 18 -35.17910924172747 0.3931503134080852
-1.75 -1.5 18 19 -13.69542448085303 0.3643662872540233
-1.75 -1.5 19 20 3.204851653247715 0.3384694580692036
-1.75 -1.5 20 21 16.48221160945354 0.3150742958913911
-1.75 -1.5 21 22 26.8792687506633 0.2938595461866329
-1.75 -1.5 22 23 34.97503915757795 0.2745555381658557
-1.75 -1.5 23 24 41.22443103669968 0.2569343525124845
-1.75 -1.5 24 25 45.98731209261712 0.2408021310432176
-1.75 -1.5 25 26 49.5501386760501 0.2259930115862516
-1.75 -1.5 26 27 52.14221230549219 0.2123643035914059
-1.75 -1.5 27 28 53.94801184710263 0.1997926214217554
-1.75 -1.5 28 29 55.11662934706919 0.1881707611284229
-1.75 -1.5 29 30 55.76904728881277 0.1774051609546953
-1.75 -1.5 30 31 56.00379264379069 0.1674138221216712
-1.75 -1.5 31 32 55.90135993024217 0.1581245965608382
-1.75 -1.5 32 33 55.52769336112249 0.1494737674056467
-1.75 -1.5 33 34 54.93694452677892 0.1414048674408667
-1.75 -1.5 34 35 54.17366841319301 0.1338676884888366
-1.75 -1.5 35 36 53.27458118068154 0.1268174485600042
-1.75 -1.5 36 37 52.2699739047265 0.120214086937507
-1.75 -1.5 37 38 51.18485475358005 0.1140216660156991
-1.75 -1.5 38 39 50.03987562985714 0.1082078610283818
-1.75 -1.5 39 40 48.85208686713418 0.102743523326202
-1.75 -1.5 40 41 47.63555423902994 0.09760230426506626
-1.75 -1.5 41 42 46.40186499315939 0.09276033236863247
-1.75 -1.5 42 43 45.1605443265255 0.08819593216935638
-1.75 -1.5 43 44 43.91939910782929 0.08388938141772399
-1.75 -1.5 44 45 42.684802368509 0.07982269910009851
-1.75 -1.5 45 46 41.46080356987946 0.07669451211664195
-1.75 -1.5 46 47 40.25369889388224 0.07711732835338654
-1.75 -1.5 47 48 39.06569167178509 0.08118025474345558
-1.75 -1.5 48 49 37.89941976200126 0.08822970506027522
-1.75 -1.5 49 50 36.75675027687058 0.09567905777388507
-1.5 -1.25 0 1 5405.051588945413 3.129448584649634
-1.5 -1.25 1 2 -1925.715785883549 3.741824512810221
-1.5 -1.25 2 3 -5454.780758360998 1.685842643114535
-1.5 -1.25 3 4 -4349.875821142372 1.621866895824555
-1.5 -1.25 4 5 -3190.289048056792 1.448480046156813
-1.5 -1.25 5 6 -2321.100897317371 1.279021312551936
-1.5 -1.25 6 7 -1700.340820460848 1.1313636465926
-1.5 -1.25 7 8 -1257.201600872466 1.006127267141577
-1.5 -1.25 8 9 -937.120615277051 0.8992456863052516
-1.5 -1.25 9 10 -702.5098014177051 0.8098344085701936
-1.5 -1.25 10 11 -527.9467120265385 0.7321213361085791
-1.5 -1.25 11 12 -396.4313525090092 0.6653713655709456
-1.5 -1.25 12 13 -296.1861298630499 0.6073318501919458
-1.5 -1.25 13 14 -219.0265848089409 0.5565090489195011
-1.5 -1.25 14 15 -159.1504135538969 0.5117154500495577
-1.5 -1.25 15 16 -112.3770979538745 0.4720006571109867
-1.5 -1.25 16 17 -75.64891059398019 0.4365978515524124
-1.5 -1.25 17 18 -46.69826348574793 0.4048830412081599
-1.5 -1.25 18 19 -23.82227478566392 0.3763441599126183
-1.5 -1.25 19 20 -5.727501379311434 0.3505575753271857
-1.5 -1.25 20 21 8.578671142448684 0.3271701184038049
-1.5 -1.25 21 22 19.8651169620382 0.3058852399538016
-1.5 -1.25 22 23 28.73243447976949 0.2864522518867274
-1.5 -1.25 23 24 35.65335899316858 0.2686579014099064
-1.5 -1.25 24 25 41.00255447344261 0.2535004025382013
-1.5 -1.25 25 26 45.07881420060903 0.2406415904139136
-1.5 -1.25 26 27 48.12177068091171 0.2286688979006722
-1.5 -1.25 27 28 50.32458954965182 0.2175031531785039
-1.5 -1.25 28 29 51.84369556483227 0.2070738101992637
-1.5 -1.25 29 30 52.80628384650652 0.1973178723328625
-1.5 -1.25 30 31 53.3161635536253 0.1881789600663298
-1.5 -1.25 31 32 53.45833535940983 0.1796065043152847
-1.5 -1.25 32 33 53.30259991484195 0.1715550475220866
-1.5 -1.25 33 34 52.90641930565448 0.1639836386940294
-1.5 -1.25 34 35 52.31719867912057 0.1568553080083931
-1.5 -1.25 35 36 51.57411491851605 0.1501366106974708
-1.5 -1.25 36 37 50.70958931529481 0.1437972298841167
-1.5 -1.25 37 38 49.75047890710255 0.1378096297916429
-1.5 -1.25 38 39 48.7190442675676 0.1321487535307239
-1.5 -1.25 39 40 47.6337387564746 0.1267917572472187
-1.5 -1.25 40 41 46.50985463614512 0.1217177780264186
-1.5 -1.25 41 42 45.36005369663667 0.1169077288124186
-1.5 -1.25 42 43 44.1948045687983 0.1123441181993586
-1.5 -1.25 43 44 43.02274415212321 0.1080108913262755
-1.5 -1.25 44 45 41.85097718756413 0.1038932883250744
-1.5 -1.25 45 46 40.6841715427625 0.1003218748497714
-1.5 -1.25 46 47 39.52924005828561 0.09857263974522165
-1.5 -1.25 47 48 38.38886586551052 0.09882524831038073
-1.5 -1.25 48 49 37.26613721205052 0.1009835309406023
-1.5 -1.25 49 50 36.16330946218318 0.1038001286390161
-1.25 -1 0 1 5776.855591425878 1.569641742342702
-1.25 -1 1 2 -1617.373026702457 0.7347931513630461
-1.25 -1 2 3 -5490.603344815914 2.082907052397718
-1.25 -1 3 4 -4427.030652662277 1.981486638500043
-1.25 -1 4 5 -3263.199665410438 1.745380697136838
-1.25 -1 5 6 -2382.34131924131 1.525638352685305
-1.25 -1 6 7 -1750.183602719482 1.34034062950025
-1.25 -1 7 8 -1297.454139581656 1.186598275366363
-1.25 -1 8 9 -969.6348691924595 1.057986167453062
-1.25 -1 9 10 -728.852210730839 0.9506387897132965
-1.25 -1 10 11 -549.3711642469075 0.8587854921547504
-1.25 -1 11 12 -413.9155002128632 0.7801361922903696
-1.25 -1 12 13 -310.4965253720004 0.7120317982848696
-1.25 -1 13 14 -230.7652134272862 0.6525785035051748
-1.25 -1 14 15 -168.7929788570636 0.6002994223164725
-1.25 -1 15 16 -120.3021696287879 0.5540293562030576
-1.25 -1 16 17 -82.15990277810624 0.512838369105002
-1.25 -1 17 18 -52.04001147179474 0.4759761232310237
-1.25 -1 18 19 -28.19359964185537 0.4428309922383299
-1.25 -1 19 20 -9.290801564799722 0.4128997059779112
-1.25 -1 20 21 5.690038975720199 0.3857645543571677
-1.25 -1 21 22 17.54111184789349 0.3610760702792012
-1.25 -1 22 23 26.88185320309049 0.3385397299824032
-1.25 -1 23 24 34.20030758096607 0.3179056318289957
-1.25 -1 24 25 39.88364793124822 0.2989604065076583
-1.25 -1 25 26 44.24093938529734 0.2815208201692578
-1.25 -1 26 27 47.52028801406323 0.265428670085897
-1.25 -1 27 28 49.92187920946844 0.2505466817686985
-1.25 -1 28 29 51.60797593167888 0.2367551834069455
-1.25 -1 29 30 52.71064649106006 0.2239493943778655
-1.25 -1 30 31 53.33778147907924 0.2120371972980767
-1.25 -1 31 32 53.57781062532831 0.200937297414497
-1.25 -1 32 33 53.50342396914459 0.1905776929726445
-1.25 -1 33 34 53.17452489412244 0.1808943967331289
-1.25 -1 34 35 52.64058649071382 0.1718303623483744
-1.25 -1 35 36 51.94254148415519 0.1633345774921033
-1.25 -1 36 37 51.11430530259662 0.1553612957348162
-1.25 -1 37 38 50.18400903188422 0.1478693816245618
-1.25 -1 38 39 49.17500169541484 0.1408217507525153
-1.25 -1 39 40 48.10666817622723 0.1341848897627922
-1.25 -1 40 41 46.99509925234349 0.1279284414603703
-1.25 -1 41 42 45.85364222301138 0.122024847186597
-1.25 -1 42 43 44.69335500686492 0.1164490359572923
-1.25 -1 43 44 43.52338168363849 0.1111781537179738
-1.25 -1 44 45 42.35126397164538 0.106191327771331
-1.25 -1 45 46 41.18201847902702 0.1018476549710922
-1.25 -1 46 47 40.02294065843927 0.09956512949478273
-1.25 -1 47 48 38.87696628279133 0.09956458258925958
-1.25 -1 48 49 37.74742592128115 0.1017336869321055
-1.25 -1 49 50 36.63678738136559 0.1087824622269855
-1 -0.75 0 1 6100.893559421889 2.300150061198516
-1 -0.75 1 2 -1322.557664594353 2.084150578888227
-1 -0.75 2 3 -5489.896597903344 1.551454790318812
-1 -0.75 3 4 -4466.197371304041 1.509720736345641
-1 -0.75 4 5 -3303.538339366784 1.354687877286227
-1 -0.75 5 6 -2416.93267415851 1.20475577145864
-1 -0.75 6 7 -1778.524270751463 1.075320264030055
-1 -0.75 7 8 -1320.401510082884 0.9655359413576078
-1 -0.75 8 9 -988.1956658153667 0.8719382567816556
-1 -0.75 9 10 -743.9070633974129 0.7912755482533999
-1 -0.75 10 11 -561.6344676201402 0.7219323886251766
-1 -0.75 11 12 -423.943747603646 0.6612434178930181
-1 -0.75 12 13 -318.7277345035243 0.6079086070057215
-1 -0.75 13 14 -237.5437090112227 0.560731705899388
-1 -0.75 14 15 -174.390983517309 0.5187572077026554
-1 -0.75 15 16 -124.9363284991573 0.4812140110942741
-1 -0.75 16 17 -86.003779138146 0.4474736611257663
-1 -0.75 17 18 -55.2335320723264 0.4170192193428967
-1 -0.75 18 19 -30.85022936054042 0.3894218325777898
-1 -0.75 19 20 -11.5030328393957 0.3643229105799005
-1 -0.75 20 21 3.846451964106791 0.341420421684281
-1 -0.75 21 22 16.00386034256121 0.3204582561877134
-1 -0.75 22 23 25.59949281122249 0.3012178829561247
-1 -0.75 23 24 33.13022005700805 0.283511753149136
-1 -0.75 24 25 38.99042053071923 0.2671780381953065
-1 -0.75 25 26 43.49506806600766 0.2520764003774716
-1 -0.75 26 27 46.89713374017072 0.2380845676842528
-1 -0.75 27 28 49.40082348713622 0.2250955412921525
-1 -0.75 28 29 51.17173421308178 0.2130153028995263
-1 -0.75 29 30 52.34470743346856 0.2017609223378977
-1 -0.75 30 31 53.02994710217001 0.1912589850060576
-1 -0.75 31 32 53.31781777480967 0.1814442783054231
-1 -0.75 32 33 53.28263161387724 0.1722586898363593
-1 -0.75 33 34 52.98565496035235 0.1636502762883717
-1 -0.75 34 35 52.47750841173013 0.15557247579624
-1 -0.75 35 36 51.8000925831625 0.14798343631267
-1 -0.75 36 37 50.98814064725656 0.1408454423695774
-1 -0.75 37 38 50.07047561223533 0.1341244219533352
-1 -0.75 38 39 49.07103273693872 0.1277895231855189
-1 -0.75 39 40 48.00969416834499 0.1218127473732894
-1 -0.75 40 41 46.90297289605087 0.1161686307382624
-1 -0.75 41 42 45.76457499217997 0.1108339687033328
-1 -0.75 42 43 44.60586343188237 0.1057875730728138
-1 -0.75 43 44 43.43624178655136 0.1010100620975039
-1 -0.75 44 45 42.26347255586461 0.09648367393233412
-1 -0.75 45 46 41.0927355452385 0.09299322578392182
-1 -0.75 46 47 39.93153146243804 0.0934729342988822
-1 -0.75 47 48 38.78290716721247 0.09803314202017376
-1 -0.75 48 49 37.65030837769831 0.1059462370318319
-1 -0.75 49 50 36.53629411414249 0.1143191620378497
-0.75 -0.5 0 1 6355.524028948311 3.303961138065188
-0.75 -0.5 1 2 -1093.721192844994 2.809056554887594
-0.75 -0.5 2 3 -5495.885701126484 1.556501525554859
-0.75 -0.5 3 4 -4505.602588516083 1.524866528422547
-0.75 -0.5 4 5 -3344.491325976549 1.370555883318054
-0.75 -0.5 5 6 -2453.159157174239 1.218378803761931
-0.75 -0.5 6 7 -1809.255755021984 1.086041747088706
-0.75 -0.5 7 8 -1346.182000881753 0.9733950552373815
-0.75 -0.5 8 9 -1009.805425355956 0.8921308753349141
-0.75 -0.5 9 10 -762.0769959486074 0.8235114417171967
-0.75 -0.5 10 11 -576.9840410130482 0.7605300881142211
-0.75 -0.5 11 12 -436.9744150192087 0.7037987111961436
-0.75 -0.5 12 13 -329.8448268140926 0.6526332849157942
-0.75 -0.5 13 14 -247.0737409838582 0.606473770112811
-0.75 -0.5 14 15 -182.5978155575674 0.5647642081133005
-0.75 -0.5 15 16 -132.034244251945 0.526991076651198
-0.75 -0.5 16 17 -92.16777362041785 0.4926955706011782
-0.75 -0.5 17 18 -60.60732856781624 0.4614744327463626
-0.75 -0.5 18 19 -35.55252064438014 0.4329760262120552
-0.75 -0.5 19 20 -15.63235581150252 0.4068947410709741
-0.75 -0.5 20 21 0.207888983902194 0.3829651448187532
-0.75 -0.5 21 22 12.78715422260234 0.3609564903699867
-0.75 -0.5 22 23 22.74664202935128 0.340667810874986
-0.75 -0.5 23 24 30.59220181498017 0.3219236532809521
-0.75 -0.5 24 25 36.72564309356483 0.3045704184696645
-0.75 -0.5 25 26 41.46811794180292 0.288473248240575
-0.75 -0.5 26 27 45.07775604275378 0.2735133851549117
-0.75 -0.5 27 28 47.76308787157586 0.2595859380109471
-0.75 -0.5 28 29 49.69334937089889 0.2465979890740816
-0.75 -0.5 29 30 51.00645517838984 0.2344669895759368
-0.75 -0.5 30 31 51.81521323122683 0.2231193963744094
-0.75 -0.5 31 32 52.21220162689588 0.2124895110334719
-0.75 -0.5 32 33 52.27361991686416 0.2025184888793611
-0.75 -0.5 33 34 52.06234842522031 0.1931534902953953
-0.75 -0.5 34 35 51.63039177726461 0.1843469521408126
-0.75 -0.5 35 36 51.02084059226604 0.176055960363817
-0.75 -0.5 36 37 50.2694538428741 0.1682417082612661
-0.75 -0.5 37 38 49.405940966711 0.1608690274641373
-0.75 -0.5 38 39 48.45500502868504 0.1539059799472525
-0.75 -0.5 39 40 47.43719474795387 0.1473235033358298
-0.75 -0.5 40 41 46.36960306820913 0.1410951018183305
-0.75 -0.5 41 42 45.2664417198539 0.1351965733752104
-0.75 -0.5 42 43 44.13951545613855 0.1296057731306067
-0.75 -0.5 43 44 42.99861457475009 0.1243024029375343
-0.75 -0.5 44 45 41.85184074996272 0.1192678271257498
-0.75 -0.5 45 46 40.70465502775295 0.1148629347013861
-0.75 -0.5 46 47 39.56484923853469 0.1125002602232313
-0.75 -0.5 47 48 38.43568525769905 0.1123952505504497
-0.75 -0.5 48 49 37.32081339790471 0.1144458735864255
-0.75 -0.5 49 50 36.22297210051971 0.1172731508914506
-0.5 -0.25 0 1 6526.968693559878 3.403263120505821
-0.5 -0.25 1 2 -943.4917052664396 2.438051046671212
-0.5 -0.25 2 3 -5503.971357062717 1.534268714459677
-0.5 -0.25 3 4 -4535.217406536844 1.521335850648983
-0.5 -0.25 4 5 -3374.175871085527 1.424622140543419
-0.5 -0.25 5 6 -2478.8742519129 1.341522080300867
-0.5 -0.25 6 7 -1830.678507765553 1.236070337628893
-0.5 -0.25 7 8 -1363.837875670466 1.131647891954755
-0.5 -0.25 8 9 -1024.339585254313 1.035371996106617
-0.5 -0.25 9 10 -774.0689911643635 0.9489649235647417
-0.5 -0.25 10 11 -586.9165577492081 0.8714523015796956
-0.5 -0.25 11 12 -445.2313712847736 0.8025884915102733
-0.5 -0.25 12 13 -336.7334227527012 0.7412000880043704
-0.5 -0.25 13 14 -252.8390966342188 0.6863367678840299
-0.5 -0.25 14 15 -187.4363469655932 0.6371484420929238
-0.5 -0.25 15 16 -136.1042314449169 0.5928963694177685
-0.5 -0.25 16 17 -95.59753937298524 0.5529468056493624
-0.5 -0.25 17 18 -63.50153263458014 0.5167588401043185
-0.5 -0.25 18 19 -37.99701066495459 0.4838712417215936
-0.5 -0.25 19 20 -17.69792403223573 0.4538902058041209
-0.5 -0.25 20 21 -1.5374223592612 0.4264786267374087
-0.5 -0.25 21 22 11.31326392391793 0.4013469843180008
-0.5 -0.25 22 23 21.50334938160154 0.3782457159696338
-0.5 -0.25 23 24 29.54525002784601 0.3569588796732601
-0.5 -0.25 24 25 35.84618378840264 0.3372989029960197
-0.5 -0.25 25 26 40.73177772547888 0.3191022340756797
-0.5 -0.25 26 27 44.4638799658477 0.3022257337370845
-0.5 -0.25 27 28 47.25412302562074 0.2865436752373228
-0.5 -0.25 28 29 49.27434021467332 0.27194524170025
-0.5 -0.25 29 30 50.66462846830359 0.2583324320161592
-0.5 -0.25 30 31 51.53963520506716 0.2456183011302855
-0.5 -0.25 31 32 51.99349374864425 0.2337254768642618
-0.5 -0.25 32 33 52.10372230862072 0.2225849042439466
-0.5 -0.25 33 34 51.9343223016383 0.2121347797842917
-0.5 -0.25 34 35 51.53825391565397 0.2023196415049692
-0.5 -0.25 35 36 50.95942421125181 0.193089591914481
-0.5 -0.25 36 37 50.23429133502225 0.1843996297718211
-0.5 -0.25 37 38 49.393164775679 0.1762090750630218
-0.5 -0.25 38 39 48.46126364108943 0.1684810719200144
-0.5 -0.25 39 40 47.45958131112133 0.1611821576678144
-0.5 -0.25 40 41 46.40559459310663 0.154281888411125
-0.5 -0.25 41 42 45.31384717367263 0.147752512023987
-0.5 -0.25 42 43 44.19643134896864 0.1415686826320653
-0.5 -0.25 43 44 43.06338687497384 0.1357072100231561
-0.5 -0.25 44 45 41.92303215905281 0.1301468396977963
-0.5 -0.25 45 46 40.78100521718363 0.125222694367365
-0.5 -0.25 46 47 39.64528483696256 0.1222608824849678
-0.5 -0.25 47 48 38.5192645727933 0.1214789312265466
-0.5 -0.25 48 49 37.40671970777726 0.1228095676654976
-0.5 -0.25 49 50 36.31049845439946 0.1249631531599352
-0.25 0 0 1 6614.752999098062 3.625783054333177
-0.25 0 1 2 -864.5120265139394 3.118298521352141
-0.25 0 2 3 -5505.22324478375 1.551985407865246
-0.25 0 3 4 -4547.083816588644 1.530268003483374
-0.25 0 4 5 -3385.967859945418 1.379262473651187
-0.25 0 5 6 -2488.731556435191 1.228391668685232
-0.25 0 6 7 -1838.53954162917 1.109571239024352
-0.25 0 7 8 -1370.01041544008 1.028031140960904
-0.25 0 8 9 -1029.158375827818 0.9489344186199518
-0.25 0 9 10 -777.8189000783796 0.8757965802312074
-0.25 0 10 11 -589.8265700634988 0.8087517402116177
-0.25 0 11 12 -447.477634882071 0.7483160103235615
-0.25 0 12 13 -338.4534228640982 0.6938188422270349
-0.25 0 13 14 -254.1400384051258 0.6446670888255511
-0.25 0 14 15 -188.4023495393863 0.6002683841031135
-0.25 0 15 16 -136.8017588572334 0.5600740658559326
-0.25 0 16 17 -96.07946182531396 0.5235932750027783
-0.25 0 17 18 -63.81016776825231 0.490394322113704
-0.25 0 18 19 -38.16641563902294 0.4601007119201663
-0.25 0 19 20 -17.75563788351451 0.4323852560730631
-0.25 0 20 21 -1.505802886130596 0.4069638475617143
-0.25 0 21 22 11.41600487086203 0.3835895866230568
-0.25 0 22 23 21.66233711349673 0.3620475220478841
-0.25 0 23 24 29.74831005901535 0.3421500701639479
-0.25 0 24 25 36.08333650873612 0.3237330844559395
-0.25 0 25 26 40.99483485012422 0.3066525092248427
-0.25 0 26 27 44.74612035416806 0.29078154420456
-0.25 0 27 28 47.55003088319097 0.2760082429120366
-0.25 0 28 29 49.5793926750282 0.2622334798899419
-0.25 0 29 30 50.97512251281046 0.249369227974786
-0.25 0 30 31 51.85254610176435 0.2373370950930277
-0.25 0 31 32 52.30635887592246 0.2260670782289638
-0.25 0 32 33 52.41454551965205 0.215496500793317
-0.25 0 33 34 52.24149498014765 0.2055691028131585
-0.25 0 34 35 51.84048964452887 0.1962342599740764
-0.25 0 35 36 51.25570458580671 0.187446312065284
-0.25 0 36 37 50.52382092585657 0.1791639819407537
-0.25 0 37 38 49.67533362697822 0.17134987418119
-0.25 0 38 39 48.73561598967166 0.1639700388168468
-0.25 0 39 40 47.72578945759835 0.1569935914450704
-0.25 0 40 41 46.66343704428232 0.1503923826665183
-0.25 0 41 42 45.56319033800338 0.1441407073800116
-0.25 0 42 43 44.43721419352784 0.1382150510052428
-0.25 0 43 44 43.29560805033105 0.1325938654899622
-0.25 0 44 45 42.14673919175192 0.1272573722634507
-0.25 0 45 46 40.99627853223501 0.1225544166569386
-0.25 0 46 47 39.85225075126539 0.119857044858827
-0.25 0 47 48 38.718068109461 0.1193841914827262
-0.25 0 48 49 37.59752609430018 0.1210558607304401
-0.25 0 49 50 36.49348812233134 0.1235364486082331
0 0.25 0 1 6614.253182278925 3.625779759505949
0 0.25 1 2 -865.4451256839425 3.118272956815308
0 0.25 2 3 -5505.830717764449 1.551906832230929
0 0.25 3 4 -4547.258604524146 1.530203321592938
0 0.25 4 5 -3385.899465214264 1.379228153631804
0 0.25 5 6 -2488.565492123936 1.228389458146484
0 0.25 6 7 -1838.348386674304 1.109593177283539
0 0.25 7 8 -1369.826574862649 1.028067340137038
0 0.25 8 9 -1028.993863291591 0.9489762898153901
0 0.25 9 10 -777.6761979658327 0.8758372197936489
0 0.25 10 11 -589.7048011814127 0.8087919099907876
0 0.25 11 12 -447.3736239178752 0.7483529347656392
0 0.25 12 13 -338.3640203529112 0.6938520363550643
0 0.25 13 14 -254.0623984259691 0.6446965422817632
0 0.25 14 15 -188.3341039399959 0.6002943258774529
0 0.25 15 16 -136.7410272982581 0.5600968276402752
0 0.25 16 17 -96.02479399290951 0.5236132159140323
0 0.25 17 18 -63.76046505955651 0.490411790265064
0 0.25 18 19 -38.12085417942194 0.4601160266574513
0 0.25 19 20 -17.71360172944628 0.4323987015400519
0 0.25 20 21 -1.466829834728742 0.4069756723237175
0 0.25 21 22 11.45226539565056 0.3836000059131706
0 0.25 22 23 21.69615580342838 0.3620567212111104
0 0.25 23 24 29.77990107971846 0.3421582085223931
0 0.25 24 25 36.11287434338419 0.3237402986981904
0 0.25 25 26 41.02246622177461 0.306658917012835
0 0.25 26 27 44.77197251466271 0.2907872465719413
0 0.25 27 28 47.57421727031601 0.276013326914932
0 0.25 28 29 49.60201669687899 0.2622380208254915
0 0.25 29 30 50.9962800251061 0.2493732910757924
0 0.25 30 31 51.87232698841126 0.237340736724771
0 0.25 31 32 52.32484803044167 0.226070347476002
0 0.25 32 33 52.43182343528474 0.2154994404789156
0 0.25 33 34 52.25763809436683 0.2055717502939987
0 0.25 34 35 51.8555705376865 0.1962366479022513
0 0.25 35 36 51.26979209843734 0.1874484689164122
0 0.25 36 37 50.53698023818225 0.1791659329496158
0 0.25 37 38 49.68762632628841 0.1713516414131757
0 0.25 38 39 48.74710014158768 0.1639716416545448
0 0.25 39 40 47.73651968719696 0.1569950472362089
0 0.25 40 41 46.67346463342318 0.1503937063964396
0 0.25 41 42 45.57256333537589 0.144141912495605
0 0.25 42 43 44.44597753817015 0.1382161494297418
0 0.25 43 44 43.30380370548539 0.1325948678099
0 0.25 44 45 42.15440628682546 0.1272582879020405
0 0.25 45 46 41.00345346939008 0.1225552659116625
0 0.25 46 47 39.85896746307736 0.1198578902775993
0 0.25 47 48 38.72435808974092 0.1193850942283242
0 0.25 48 49 37.60341859823788 0.1210568696255866
0 0.25 49 50 36.499010277765 0.1235375670165067
0.25 0.5 0 1 6525.544139773179 3.403255161514818
0.25 0.5 1 2 -946.1463452226508 2.437980930903309
0.25 0.5 2 3 -5505.692317714698 1.534115082272132
0.25 0.5 3 4 -4535.707531132713 1.521226486934772
0.25 0.5 4 5 -3373.979686277132 1.424577969078993
0.25 0.5 5 6 -2478.405501256326 1.341531717656811
0.25 0.5 6 7 -1830.141649826626 1.236113840752133
0.25 0.5 7 8 -1363.323293959349 1.131711396589837
0.25 0.5 8 9 -1023.880200158152 1.035442316238463
0.25 0.5 9 10 -773.6710897680246 0.9490297632386896
0.25 0.5 10 11 -586.5772378504612 0.8715177616552959
0.25 0.5 11 12 -444.9414003512898 0.8026487931206594
0.25 0.5 12 13 -336.4837995337593 0.7412546162299158
0.25 0.5 13 14 -252.6217752405109 0.6863855498740288
0.25 0.5 14 15 -187.2446927106464 0.6371918290375809
0.25 0.5 15 16 -135.9330227321823 0.5929348512328612
0.25 0.5 16 17 -95.44278590650742 0.5529809084534161
0.25 0.5 17 18 -63.36024175081866 0.5167890735335479
0.25 0.5 18 19 -37.86696196445655 0.4838980743833553
0.25 0.5 19 20 -17.57747603981693 0.4539140565743571
0.25 0.5 20 21 -1.425357070365408 0.4264998640318791
0.25 0.5 21 22 11.41786086648085 0.4013659294411759
0.25 0.5 22 23 21.60117823678866 0.3782626478958497
0.25 0.5 23 24 29.63686223771231 0.3569740402786679
0.25 0.5 24 25 35.93202853774267 0.3373125020557181
0.25 0.5 25 26 40.81223446509102 0.3191144537292145
0.25 0.5 26 27 44.53928065038781 0.3022367324375926
0.25 0.5 27 28 47.32476696649701 0.286553591140811
0.25 0.5 28 29 49.34050373542323 0.2719541955688202
0.25 0.5 29 30 50.72657097428817 0.2583405295331644
0.25 0.5 30 31 51.59760283896094 0.2456256351616463
0.25 0.5 31 32 52.04772146309006 0.2337321289314874
0.25 0.5 32 33 52.15443494031558 0.2225909464709651
0.25 0.5 33 34 51.98173504801036 0.2121402756025299
0.25 0.5 34 35 51.58257248090604 0.2023246471914113
0.25 0.5 35 36 51.00084479872737 0.1930941571929174
0.25 0.5 36 37 50.27300059419434 0.1844037988216822
0.25 0.5 37 38 49.42933976918755 0.1762128870913443
0.25 0.5 38 39 48.49507186464234 0.1684845618709062
0.25 0.5 39 40 47.49118078426136 0.1611853566756924
0.25 0.5 40 41 46.43513401870644 0.1542848241104516
0.25 0.5 41 42 45.34146616428569 0.147755209233178
0.25 0.5 42 43 44.22226071077483 0.1415711634468865
0.25 0.5 43 44 43.08754893566135 0.1357094943280843
0.25 0.5 44 45 41.94564113273896 0.1301489452458999
0.25 0.5 45 46 40.80216749872636 0.1252246690489895
0.25 0.5 46 47 39.66509965575892 0.1222628879528723
0.25 0.5 47 48 38.53782412717862 0.1214811306358532
0.25 0.5 48 49 37.4241097064974 0.122812096328967
0.25 0.5 49 50 36.3267984264964 0.1249660236012328
0.5 0.75 0 1 6353.26176316298 3.303959964423169
0.5 0.75 1 2 -1097.921972502657 2.80903074582778
0.5 0.75 2 3 -5498.580787650688 1.556379637493383
0.5 0.75 3 4 -4506.338875157182 1.524744735207364
0.5 0.75 4 5 -3344.15033498236 1.370488742820651
0.5 0.75 5 6 -2452.401348534298 1.218369051910349
0.5 0.75 6 7 -1808.402477363036 1.086069515478733
0.5 0.75 7 8 -1345.372225828183 0.9734459117354676
0.5 0.75 8 9 -1009.087646091054 0.8921879417764691
0.5 0.75 9 10 -761.4585929182035 0.8235578391388633
0.5 0.75 10 11 -576.4588453223487 0.7605806460475899
0.5 0.75 11 12 -436.5268691189867 0.7038448192337293
0.5 0.75 12 13 -329.4602087257408 0.6526746066519192
0.5 0.75 13 14 -246.7391178973896 0.6065104492321355
0.5 0.75 14 15 -182.3026486551857 0.564796612602404
0.5 0.75 15 16 -131.7703183782073 0.5270196605459069
0.5 0.75 16 17 -91.92886531888189 0.4927208001060327
0.5 0.75 17 18 -60.38881044180357 0.4614967486806098
0.5 0.75 18 19 -35.35099015762171 0.4329958269650699
0.5 0.75 19 20 -15.44532155225011 0.4069123763794603
0.5 0.75 20 21 0.3822570940892547 0.3829809165454641
0.5 0.75 21 22 12.95021603337386 0.3609706559836999
0.5 0.75 22 23 22.89942906950682 0.3406805884511292
0.5 0.75 23 24 30.73552010482467 0.3219352266733772
0.5 0.75 24 25 36.86014599617192 0.304580942719086
0.5 0.75 25 26 41.59435666783395 0.2884828538357444
0.5 0.75 26 27 45.19621386248934 0.2735221824078464
0.5 0.75 27 28 47.87420268656126 0.2595940202627413
0.5 0.75 28 29 49.79752813548475 0.2466054357142741
0.5 0.75 29 30 51.1040827376878 0.2344738685162332
0.5 0.75 30 31 51.90665742715373 0.2231257657803265
0.5 0.75 31 32 52.29781598785019 0.2124954212958858
0.5 0.75 32 33 52.35374484748513 0.2025239836040693
0.5 0.75 33 34 52.13731151984814 0.1931586076577924
0.5 0.75 34 35 51.70050767748432 0.1843517254968366
0.5 0.75 35 36 51.08641065297661 0.1760604194207314
0.5 0.75 36 37 50.3307657771058 0.1682458790704444
0.5 0.75 37 38 49.46326856176495 0.1608729333723092
0.5 0.75 38 39 48.50860798385219 0.1539096417509753
0.5 0.75 39 40 47.4873186497324 0.1473269399911222
0.5 0.75 40 41 46.41647950602612 0.1410983299837213
0.5 0.75 41 42 45.31028852437481 0.1351996085035408
0.5 0.75 42 43 44.18053704917571 0.1296086290099632
0.5 0.75 43 44 43.03700240491935 0.1243050922472032
0.5 0.75 44 45 41.88777379859317 0.1192703613479852
0.5 0.75 45 46 40.73830024726226 0.1148653727808591
0.5 0.75 46 47 39.59636243730461 0.1125028368881024
0.5 0.75 47 48 38.46521137278455 0.1123982100021673
0.5 0.75 48 49 37.34848728186861 0.1144494226446549
0.5 0.75 49 50 36.24891897951329 0.1172773059247279
0.75 1 0 1 6097.850643072061 2.300074003588858
0.75 1 1 2 -1328.203679966281 2.083658091490496
0.75 1 2 3 -5493.511490362647 1.55083197341472
0.75 1 3 4 -4467.177111260803 1.509686066945964
0.75 1 4 5 -3303.071638509364 1.355118951790971
0.75 1 5 6 -2415.907521317416 1.205395478841204
0.75 1 6 7 -1777.372005161508 1.075993717016186
0.75 1 7 8 -1319.308523929564 0.9661533244513303
0.75 1 8 9 -987.2269903684319 0.8724743271075575
0.75 1 9 10 -743.0726163885606 0.7917398191003673
0.75 1 10 11 -560.9258827257941 0.7223077218897309
0.75 1 11 12 -423.3401458484541 0.6615503215692107
0.75 1 12 13 -318.2093194951069 0.608157949021198
0.75 1 13 14 -237.0930718677128 0.5609334220743337
0.75 1 14 15 -173.9939169988265 0.5189199234490065
0.75 1 15 16 -124.5817365883408 0.4813450160018188
0.75 1 16 17 -85.68323570401958 0.4475790179731294
0.75 1 17 18 -54.94075354814481 0.4171039167751307
0.75 1 18 19 -30.58057937960916 0.3894899428257268
0.75 1 19 20 -11.2531031075282 0.3643777373307474
0.75 1 20 21 4.079175764814636 0.3414646317810026
0.75 1 21 22 16.22125452109753 0.320493993413273
0.75 1 22 23 25.80298607786767 0.3012468650745118
0.75 1 23 24 33.32093178989408 0.2835353522977465
0.75 1 24 25 39.16925903501408 0.2671973481238669
0.75 1 25 26 43.66279895632397 0.2520922914647062
0.75 1 26 27 47.0544265020776 0.2380977311860046
0.75 1 27 28 49.54828241640053 0.2251065256288383
0.75 1 28 29 51.30991838799844 0.2130245430246883
0.75 1 29 30 52.47414314463049 0.2017687628692235
0.75 1 30 31 53.15113521783246 0.1912656987194473
0.75 1 31 32 53.43123780389897 0.1814500816592308
0.75 1 32 33 53.38874369582766 0.172263753799427
0.75 1 33 34 53.08490062456463 0.1636547369692107
0.75 1 34 35 52.57031067300835 0.1555764409219323
0.75 1 35 36 51.88685573591584 0.147986991659514
0.75 1 36 37 51.0692499890003 0.1408486560781487
0.75 1 37 38 50.14629722967715 0.1341273484455017
0.75 1 38 39 49.14191342355565 0.1277922061569365
0.75 1 39 40 48.07596150337025 0.1218152217239227
0.75 1 40 41 46.96493548683981 0.1161709247550111
0.75 1 41 42 45.82252286748565 0.1108361052121825
0.75 1 42 43 44.66006856573932 0.1057895707894336
0.75 1 43 44 43.48695872885344 0.101011936170618
0.75 1 44 45 42.31093914309918 0.09648543710220522
0.75 1 45 46 41.13717350631975 0.09299494790945062
0.75 1 46 47 39.97314765089976 0.09347489500140808
0.75 1 47 48 38.82189391522365 0.09803560722184705
0.75 1 48 49 37.68684457049153 0.1059493993314045
0.75 1 49 50 36.57054581119408 0.1143229990194531
1 1.25 0 1 5773.120464489359 1.569898771347791
1 1.25 1 2 -1624.323740232808 0.7370666255713798
1 1.25 2 3 -5495.091568888184 2.083263042535221
1 1.25 3 4 -4428.287893893995 1.981167353547637
1 1.25 4 5 -3262.661273745221 1.744765176102872
1 1.25 5 6 -2381.093170257819 1.525010093344957
1 1.25 6 7 -1748.76098121575 1.339808489565226
1 1.25 7 8 -1296.093216226231 1.18617550538067
1 1.25 8 9 -968.4205350090738 1.058052056710516
1 1.25 9 10 -727.8031400888935 0.9500041301343246
1 1.25 10 11 -548.4768122758164 0.8586080234905592
1 1.25 11 12 -413.1523110785033 0.7800057665988747
1 1.25 12 13 -309.8407020989825 0.7119377558412842
1 1.25 13 14 -230.1954781277404 0.6525127952084281
1 1.25 14 15 -168.2917583948331 0.6002558531715716
1 1.25 15 16 -119.8555985620903 0.5540030628749942
1 1.25 16 17 -81.75734868517475 0.5128254783687329
1 1.25 17 18 -51.67346568021276 0.4759735262932481
1 1.25 18 19 -27.85708964078935 0.4428361884996876
1 1.25 19 20 -8.979886592433559 0.4129106882868062
1 1.25 20 21 5.978674033958896 0.3857797193061758
1 1.25 21 22 17.80997010343663 0.3610941457992872
1 1.25 22 23 27.13286081919159 0.3385597157928734
1 1.25 23 24 34.43498576485786 0.3179267489524527
1 1.25 24 25 40.10323621103532 0.2989820557414691
1 1.25 25 26 44.44648228522249 0.2815425470619052
1 1.25 26 27 47.71269483617425 0.2654501362229419
1 1.25 27 28 50.10196443845666 0.2505676406142934
1 1.25 28 29 51.77648593396282 0.2367754612717561
1 1.25 29 30 52.86827670195623 0.2239688741341375
1 1.25 30 31 53.48518712697603 0.212055805611141
1 1.25 31 32 53.71561317101475 0.2009549947077146
1 1.25 32 33 53.63221479326728 0.1905944649830073
1 1.25 33 34 53.29486728883114 0.1809102480238393
1 1.25 34 35 52.75301667234305 0.1718453111361407
1 1.25 35 36 52.04756909767895 0.1633486517815084
1 1.25 36 37 51.21241371641526 0.1553745300020507
1 1.25 37 38 50.27565560623981 0.1478818145551607
1 1.25 38 39 49.26061812485739 0.1408334234531984
1 1.25 39 40 48.18666095481694 0.1341958441773746
1 1.25 40 41 47.06985027803034 0.1279387195836023
1 1.25 41 42 45.92350953340491 0.1220344902561779
1 1.25 42 43 44.75867363214178 0.1164580837180131
1 1.25 43 44 43.58446459182937 0.1111866447862194
1 1.25 44 45 42.40840308526515 0.1061992983207632
1 1.25 45 46 41.23548547692286 0.1018552404843329
1 1.25 46 47 40.07298875828633 0.09957282425643131
1 1.25 47 48 38.92383057423334 0.09957287510049179
1 1.25 48 49 37.79132480744579 0.1017429535568467
1 1.25 49 50 36.67792339216692 0.1087923095417582
1.25 1.5 0 1 5401.00463308862 3.129645117545929
1.25 1.5 1 2 -1933.205214709604 3.742669583799572
1.25 1.5 2 3 -5459.549769516535 1.687539143531676
1.25 1.5 3 4 -4351.154054519582 1.622302911179462
1.25 1.5 4 5 -3189.668755557225 1.44792909656189
1.25 1.5 5 6 -2319.753683548659 1.27796171293044
1.25 1.5 6 7 -1698.830250298603 1.130145346091557
1.25 1.5 7 8 -1255.769402523135 1.004635240773329
1.25 1.5 8 9 -935.8511929833985 0.899183131119234
1.25 1.5 9 10 -701.4174296018823 0.8082495191162751
1.25 1.5 10 11 -527.0171689655208 0.7313770359129725
1.25 1.5 11 12 -395.6382841559571 0.6647657212877235
1.25 1.5 12 13 -295.5035892337737 0.6068453714859326
1.25 1.5 13 14 -218.4318409966027 0.5561222572901033
1.25 1.5 14 15 -158.6249853658276 0.5114106874267069
1.25 1.5 15 16 -111.9066092481514 0.4717626726249843
1.25 1.5 16 17 -75.2224921902714 0.4364138223080993
1.25 1.5 17 18 -46.3078483005047 0.4047423571702143
1.25 1.5 18 19 -23.46193989512653 0.3762381304471755
1.25 1.5 19 20 -5.392913974414114 0.3504791304753166
1.25 1.5 20 21 8.890693450820208 0.32711353455416
1.25 1.5 21 22 20.15694146497526 0.3058459011214551
1.25 1.5 22 23 29.00586154049756 0.2864264468503655
1.25 1.5 23 24 35.9098011986996 0.2686426547210367
1.25 1.5 24 25 41.24316305894445 0.2534933678668296
1.25 1.5 25 26 45.30456628143838 0.2406408150461705
1.25 1.5 26 27 48.333528005468 0.228672791692901
1.25 1.5 27 28 50.52313698676835 0.2175104724381695
1.25 1.5 28 29 52.02976546405523 0.2070835857467247
1.25 1.5 29 30 52.9805707719911 0.1973293516504084
1.25 1.5 30 31 53.47933262819242 0.1881915619609924
1.25 1.5 31 32 53.61102650685359 0.1796197822342538
1.25 1.5 32 33 53.44542958798706 0.1715686612097342
1.25 1.5 33 34 53.0399807793454 0.1639973311981369
1.25 1.5 34 35 52.44206161876417 0.1568688876048275
1.25 1.5 35 36 51.69082468146246 0.1501499368222745
1.25 1.5 36 37 50.81866626348716 0.14381020151558
1.25 1.5 37 38 49.85241788352658 0.1378221768721547
1.25 1.5 38 39 48.81431431584684 0.1321608295243931
1.25 1.5 39 40 47.72278310382416 0.1268033341408865
1.25 1.5 40 41 46.5930909354193 0.1217288414623019
1.25 1.5 41 42 45.43787449739409 0.1169182749035116
1.25 1.5 42 43 44.26757798594628 0.1123541509417108
1.25 1.5 43 44 43.09081469275947 0.1080204202325856
1.25 1.5 44 45 41.91466669867498 0.1039023271389317
1.25 1.5 45 46 40.74378004587834 0.100330556242485
1.25 1.5 46 47 39.58504734011035 0.09858151518962666
1.25 1.5 47 48 38.44113203607591 0.09883487223451018
1.25 1.5 48 49 37.31510413409686 0.1009943346710272
1.25 1.5 49 50 36.2092015937979 0.1038121018855645
1.5 1.75 0 1 4961.039148870015 0.9860432454466852
1.5 1.75 1 2 -2318.821817714841 0.859009264501001
1.5 1.75 2 3 -5437.297438920858 1.763230214680392
1.5 1.75 3 4 -4271.695250687074 1.699556047250796
1.5 1.75 4 5 -3108.282795520852 1.512346673458265
1.5 1.75 5 6 -2247.45531490298 1.325446240159408
1.5 1.75 6 7 -1637.037303223811 1.162406024178774
1.5 1.75 7 8 -1203.529763668881 1.024878522647515
1.5 1.75 8 9 -891.7473741563463 0.9093298756098037
1.5 1.75 9 10 -664.0716048405711 0.8134922801014455
1.5 1.75 10 11 -495.2734469414681 0.7308265903073734
1.5 1.75 11 12 -368.5284906832217 0.6606427724144507
1.5 1.75 12 13 -272.2420117621336 0.6001347531416742
1.5 1.75 13 14 -198.3803774791627 0.5475500506802782
1.5 1.75 14 15 -141.2645634944943 0.501514922791133
1.5 1.75 15 16 -96.81335963609604 0.4609444778736386
1.5 1.75 16 17 -62.04861446392806 0.4249740479059477
1.5 1.75 17 18 -34.76647640902024 0.3929078108940001
1.5 1.75 18 19 -13.31522735026169 0.3641804750896067
1.5 1.75 19 20 3.557350738926061 0.3383286061920776
1.5 1.75 20 21 16.81050242339734 0.3149690156875504
1.5 1.75 21 22 27.18595404333769 0.2937823356148698
1.5 1.75 22 23 35.2621019387251 0.2745004111792698
1.5 1.75 23 24 41.4934278487583 0.2568965383032998
1.5 1.75 24 25 46.23950977200195 0.2407778321362581
1.5 1.75 25 26 49.78660908820302 0.2259792087542654
1.5 1.75 26 27 52.3638965113247 0.2123585996428146
1.5 1.75 27 28 54.15576247337276 0.1997931158033458
1.5 1.75 28 29 55.31123772164051 0.1881759496175488
1.5 1.75 29 30 55.95126015222615 0.1774138555129769
1.5 1.75 30 31 56.17432190174634 0.1674250866205523
1.5 1.75 31 32 56.06088790215711 0.1581376953290148
1.5 1.75 32 33 55.67687523063518 0.149488124713984
1.5 1.75 33 34 55.0764091587738 0.1414200342948215
1.5 1.75 34 35 54.30401831066797 0.1338833169797612
1.5 1.75 35 36 53.39639207997016 0.1268332705880786
1.5 1.75 36 37 52.38379431625003 0.1202298978495688
1.5 1.75 37 38 51.29120562430575 0.1140373113433855
1.5 1.75 38 39 50.13925021739311 0.1082232258680856
1.5 1.75 39 40 48.94495085802919 0.1027585238050058
1.5 1.75 40 41 47.72234611035071 0.09761688101695638
1.5 1.75 41 42 46.48299659393109 0.09277444518639028
1.5 1.75 42 43 45.23640164846802 0.08820955557668501
1.5 1.75 43 44 43.99034320785518 0.08390250151664121
1.5 1.75 44 45 42.75117040655687 0.0798353107901221
1.5 1.75 45 46 41.52290971809958 0.07670671041482649
1.5 1.75 46 47 40.31183603006829 0.07712954272111112
1.5 1.75 47 48 39.12013198996604 0.08119289973074575
1.5 1.75 48 49 37.95041629113504 0.08824307891564483
1.5 1.75 49 50 36.80453776457125 0.09569312629776859
1.75 2 0 1 4497.852566076494 1.070647025013646
1.75 2 1 2 -2708.916754251658 2.849802751323884
1.75 2 2 3 -5408.966783794362 2.808653949613915
1.75 2 3 4 -4198.816868447062 2.284691236405487
1.75 2 4 5 -3041.876227677446 1.872369378299341
1.75 2 5 6 -2193.865276692964 1.566834799036672
1.75 2 6 7 -1594.992374933073 1.336171758743909
1.75 2 7 8 -1170.708159944555 1.157078492050461
1.75 2 8 9 -866.0386888023095 1.015212557367516
1.75 2 9 10 -643.8012351407915 0.899006073457249
1.75 2 10 11 -479.280998901083 0.8033576357433069
1.75 2 11 12 -355.849494770174 0.7228142614705686
1.75 2 12 13 -262.1684504518646 0.6542245108799555
1.75 2 13 14 -190.3700193830543 0.5951696998411726
1.75 2 14 15 -134.8980393184768 0.5438430292748805
1.75 2 15 16 -91.76325559794236 0.4988675462911927
1.75 2 16 17 -58.05709966153177 0.459175196558823
1.75 2 17 18 -31.6289487194108 0.4239245060680483
1.75 2 18 19 -10.86822169958145 0.3924432899071985
1.75 2 19 20 5.445207783108344 0.3641879539307867
1.75 2 20 21 18.24533612207733 0.3387140396383153
1.75 2 21 22 28.25387413961153 0.3156545421486885
1.75 2 22 23 36.03324278392552 0.2947037021141352
1.75 2 23 24 42.02509556798839 0.2756047203726375
1.75 2 24 25 46.57865359897482 0.2581403264166537
1.75 2 25 26 49.97177614384225 0.2421254540316591
1.75 2 26 27 52.426788175507 0.2274014916238472
1.75 2 27 28 54.12248092958725 0.2138317266198016
1.75 2 28 29 55.20328973656922 0.2012977006362687
1.75 2 29 30 55.78636932881886 0.1896962724271787
1.75 2 30 31 55.96708888017918 0.1789372293026895
1.75 2 31 32 55.82332915305579 0.1689413337297985
1.75 2 32 33 55.41886440303523 0.159638713348316
1.75 2 33 34 54.8060398354512 0.1509675265121777
1.75 2 34 35 54.02790309868357 0.1428728494064037
1.75 2 35 36 53.1199099147891 0.135305743327346
1.75 2 36 37 52.11129548528152 0.1282224679974899
1.75 2 37 38 51.02618214719456 0.1215838167235724
1.75 2 38 39 49.88447775073627 0.11535454955076
1.75 2 39 40 48.70260712178049 0.1095029097843612
1.75 2 40 41 47.49410989965605 0.1040002093207739
1.75 2 41 42 46.27013069998389 0.09882047121622914
1.75 2 42 43 45.03982240039335 0.09394012144369991
1.75 2 43 44 43.81067887533749 0.0893377210017163
1.75 2 44 45 42.58881029950211 0.08499373340637688
1.75 2 45 46 41.37808609267515 0.08128566675492575
1.75 2 46 47 40.18453928663234 0.08142288603697663
1.75 2 47 48 39.01025975198419 0.08513986577042128
1.75 2 48 49 37.85775734055125 0.09170943743067467
1.75 2 49 50 36.72878487928219 0.0986414696083337
2 2.25 0 1 3997.365774233453 1.036468134604774
2 2.25 1 2 -3108.286548195956 0.8474024773520458
2 2.25 2 3 -5349.757753543506 1.650549004068895
2 2.25 3 4 -4079.696257572453 1.529282665914276
2 2.25 4 5 -2924.351372712404 1.349794421481651
2 2.25 5 6 -2090.082996254673 1.190783651364642
2 2.25 6 7 -1506.236493198411 1.057223810828283
2 2.25 7 8 -1095.527219847737 0.9448071077466543
2 2.25 8 9 -802.432829511225 0.849991690100266
2 2.25 9 10 -589.8661723041946 0.7685825300789901
2 2.25 10 11 -433.3797628027639 0.6984274537145378
2 2.25 11 12 -316.6193216460338 0.6374075099671314
2 2.25 12 13 -228.4945793648787 0.5839490698649487
2 2.25 13 14 -161.3434376546415 0.5368099377348486
2 2.25 14 15 -109.7768668149224 0.49499864526111
2 2.25 15 16 -69.9400230653514 0.4577155645752948
2 2.25 16 17 -39.03217665241323 0.4243095173646285
2 2.25 17 18 -14.98935896686544 0.3942454479217707
2 2.25 18 19 3.729129215620105 0.3670800605367867
2 2.25 19 20 18.28679769430937 0.3424432581204664
2 2.25 20 21 29.57154030127583 0.3200238498496119
2 2.25 21 22 38.26733085920796 0.2995584433085187
2 2.25 22 23 44.90554099784947 0.2808227275246079
2 2.25 23 24 49.90214876882521 0.2636245773735857
2 2.25 24 25 53.58504071584139 0.2477985536330681
2 2.25 25 26 56.21426638915636 0.2332014831349055
2 2.25 26 27 57.99721785825557 0.2197088816100895
2 2.25 27 28 59.10011294176945 0.2072120388676921
2 2.25 28 29 59.6567578808108 0.1956156294091016
2 2.25 29 30 59.7752877721166 0.1848357402041416
2 2.25 30 31 59.54339014920401 0.1747982353783567
2 2.25 31 32 59.03238102582281 0.1654373917734956
2 2.25 32 33 58.30040589061571 0.1566947551041173
2 2.25 33 34 57.39496849032878 0.1485181763163436
2 2.25 34 35 56.35493963409033 0.1408609959810454
2 2.25 35 36 55.21216117265845 0.1336813512044128
2 2.25 36 37 53.99273286325865 0.1269415841103607
2 2.25 37 38 52.71804945691377 0.1206077346387665
2 2.25 38 39 51.40563996586462 0.1146491049628344
2 2.25 39 40 50.06984944853093 0.1090378830544311
2 2.25 40 41 48.7223949582372 0.1037488167781759
2 2.25 41 42 47.37282028467291 0.09875893127940284
2 2.25 42 43 46.02886918587359 0.09404728180447033
2 2.25 43 44 44.69679256090046 0.08959473849304532
2 2.25 44 45 43.38160194493457 0.08538379768990362
2 2.25 45 46 42.08622296119202 0.08205233134377894
2 2.25 46 47 40.81577150676145 0.08198374648637487
2 2.25 47 48 39.57159904231281 0.08524269902793311
2 2.25 48 49 38.35553258230252 0.09121276684383615
2 2.25 49 50 37.1687216283716 0.09753108599975019
2.25 2.5 0 1 3472.785288571994 1.639373624032239
2.25 2.5 1 2 -3504.93824835096 0.9578787335152487
2.25 2.5 2 3 -5257.484915972153 1.692889236028057
2.25 2.5 3 4 -3938.180110075834 1.559737278407287
2.25 2.5 4 5 -2796.788129935796 1.383078329645884
2.25 2.5 5 6 -1984.917676549031 1.244282017781141
2.25 2.5 6 7 -1421.439675262943 1.114627364260925
2.25 2.5 7 8 -1027.365789265079 1.000481028031817
2.25 2.5 8 9 -747.4621340169656 0.9010134792767678
2.25 2.5 9 10 -545.2955735383507 0.8151103551230902
2.25 2.5 10 11 -397.0397838438423 0.7404159417975739
2.25 2.5 11 12 -286.8360567895272 0.6752371418783
2.25 2.5 12 13 -203.9742358862266 0.6180631898212732
2.25 2.5 13 14 -141.0793432872149 0.5676429743658146
2.25 2.5 14 15 -92.97923931015316 0.5229484821232128
2.25 2.5 15 16 -55.98387956882334 0.4831353800580472
2.25 2.5 16 17 -27.41879357396579 0.4475080368822735
2.25 2.5 17 18 -5.317628298338605 0.4154905716547758
2.25 2.5 18 19 11.78415379466333 0.3866035734287398
2.25 2.5 19 20 24.99011641094262 0.3604455979043326
2.25 2.5 20 21 35.14058020663265 0.3366785099118593
2.25 2.5 21 22 42.88147517128095 0.3150158605771822
2.25 2.5 22 23 48.71353416977809 0.2952136415559923
2.25 2.5 23 24 53.02789936912654 0.2770628957275721
2.25 2.5 24 25 56.13220452819166 0.2603837810936763
2.25 2.5 25 26 58.26989254481884 0.245020775502673
2.25 2.5 26 27 59.63466914804656 0.2308387811690003
2.25 2.5 27 28 60.38141941611684 0.2177199418013044
2.25 2.5 28 29 60.63452469801041 0.2055610280406864
2.25 2.5 29 30 60.49425002566687 0.194271277827642
2.25 2.5 30 31 60.0416863237582 0.1837706034919951
2.25 2.5 31 32 59.3426008567198 0.1739880952011722
2.25 2.5 32 33 58.45045634012257 0.1648607669816581
2.25 2.5 33 34 57.40879232795538 0.1563324995663692
2.25 2.5 34 35 56.25311398896355 0.1483531467532115
2.25 2.5 35 36 55.01239790229147 0.1408777758356709
2.25 2.5 36 37 53.71029826596316 0.1338660196906306
2.25 2.5 37 38 52.36611746124856 0.1272815222710288
2.25 2.5 38 39 50.99559024346581 0.1210914619237522
2.25 2.5 39 40 49.6115197689054 0.1152661403292455
2.25 2.5 40 41 48.22429539295877 0.1097786266451911
2.25 2.5 41 42 46.84231550619918 0.1046044493762355
2.25 2.5 42 43 45.47233399758085 0.09972132718325684
2.25 2.5 43 44 44.11974490521317 0.09510893410255701
2.25 2.5 44 45 42.788816907707 0.09074869473795395
2.25 2.5 45 46 41.48187441616778 0.08694771236794044
2.25 2.5 46 47 40.20338904345314 0.08490366842487534
2.25 2.5 47 48 38.95426824466614 0.0847507386628855
2.25 2.5 48 49 37.73591431488731 0.08632893852465749
2.25 2.5 49 50 36.54910734082378 0.09197144821973458
2.5 2.75 0 1 2893.439323481184 2.163103414947242
2.5 2.75 1 2 -3940.505382549802 1.106857991249995
2.5 2.75 2 3 -5167.248230676392 2.756402718042983
2.5 2.75 3 4 -3790.585175464091 2.640155891043053
2.5 2.75 4 5 -2658.894467591734 2.318304151276713
2.5 2.75 5 6 -1867.378615525884 2.014802642465149
2.5 2.75 6 7 -1323.641553011596 1.758292772940004
2.5 2.75 7 8 -946.3907658818175 1.54576322176493
2.5 2.75 8 9 -680.2887652736531 1.368955477415755
2.5 2.75 9 10 -489.3227203895183 1.221085217472149
2.5 2.75 10 11 -350.1562627137987 1.096033704314796
2.5 2.75 11 12 -247.3569493686948 0.9893333062736893
2.5 2.75 12 13 -170.56066114396 0.8974904420122655
2.5 2.75 13 14 -112.6649422831404 0.8177997019620653
2.5 2.75 14 15 -68.71038582575375 0.7481480488846463
2.5 2.75 15 16 -35.17297277000444 0.6868684904279955
2.5 2.75 16 17 -9.508310401426797 0.6326323112242842
2.5 2.75 17 18 10.14744629018674 0.5843697530707952
2.5 2.75 18 19 25.17751603780664 0.5412113043170265
2.5 2.75 19 20 36.62050980745016 0.5024438744859555
2.5 2.75 20 21 45.26451627026256 0.4674777647609785
2.5 2.75 21 22 51.71318896216439 0.435821527096635
2.5 2.75 22 23 56.43283029935401 0.4070626392087143
2.5 2.75 23 24 59.78637803172978 0.3808525089419761
2.5 2.75 24 25 62.05823476154967 0.3568947318994027
2.5 2.75 25 26 63.47260985518631 0.3349358174956316
2.5 2.75 26 27 64.20720807444957 0.3147578046727966
2.5 2.75 27 28 64.40354216841581 0.2961723365020954
2.5 2.75 28 29 64.17477003177788 0.2790158718961419
2.5 2.75 29 30 63.61169869697619 0.2631457886805609
2.5 2.75 30 31 62.78741836838998 0.2484371920970947
2.5 2.75 31 32 61.76090383863084 0.2347802854312397
2.5 2.75 32 33 60.57983133844641 0.2220781906429419
2.5 2.75 33 34 59.28279485907569 0.2102451327425942
2.5 2.75 34 35 57.90105960521203 0.1992049190921537
2.5 2.75 35 36 56.4599563747845 0.1888896598150566
2.5 2.75 36 37 54.97999565756237 0.1792386861068342
2.5 2.75 37 38 53.47776175628462 0.1701976313424391
2.5 2.75 38 39 51.96663330014434 0.1617176482951858
2.5 2.75 39 40 50.45736604472498 0.1537547384795886
2.5 2.75 40 41 48.95856602010258 0.1462691764691849
2.5 2.75 41 42 47.47707480384082 0.1392250131825378
2.5 2.75 42 43 46.018284270604 0.1325896465040111
2.5 2.75 43 44 44.58639440009836 0.1263334479284791
2.5 2.75 44 45 43.18462497769599 0.1204294386240336
2.5 2.75 45 46 41.8144189103707 0.1150762223292525
2.5 2.75 46 47 40.47935238450944 0.1110934938373418
2.5 2.75 47 48 39.17965607230065 0.1085958475117279
2.5 2.75 48 49 37.91609698377476 0.1075231618988928
2.5 2.75 49 50 36.68889087675788 0.1070578966646614
2.75 3 0 1 2258.292833039358 1.647551375581544
2.75 3 1 2 -4366.758403118953 4.434052210736128
2.75 3 2 3 -5021.158779905063 5.927938141790889
2.75 3 3 4 -3591.100997506783 5.056269268264829
2.75 3 4 5 -2478.75979546535 4.201031670239636
2.75 3 5 6 -1716.750023167755 3.521810439416707
2.75 3 6 7 -1200.164462688198 2.992254610937141
2.75 3 7 8 -845.4715040455176 2.5749253377544
2.75 3 8 9 -597.5585080152396 2.240406039554661
2.75 3 9 10 -421.1565292602263 1.968150601093949
2.75 3 10 11 -293.6729577648437 1.743164613517977
2.75 3 11 12 -200.2954498204745 1.554841086503466
2.75 3 12 13 -131.1481187446029 1.395396103797118
2.75 3 13 14 -79.50529639428532 1.259038562709085
2.75 3 14 15 -40.69706139707318 1.141386691951902
2.75 3 15 16 -11.42236778775691 1.039072778051082
2.75 3 16 17 10.69043893180606 0.9494711527747923
2.75 3 17 18 27.37041301681506 0.8705078387749959
2.75 3 18 19 39.89477816072815 0.800525113795905
2.75 3 19 20 49.21814707181125 0.7381836141478112
2.75 3 20 21 56.06154114558353 0.6823905151393088
2.75 3 21 22 60.97468143648507 0.6322461113581996
2.75 3 22 23 64.3802075055255 0.5870035721582888
2.75 3 23 24 66.60548461376709 0.5460382616068465
2.75 3 24 25 67.90576254573443 0.5088240932823334
2.75 3 25 26 68.48122671542399 0.4749151203957477
2.75 3 26 27 68.48968196846329 0.4439310664042991
2.75 3 27 28 68.05607731222051 0.415545853084953
2.75 3 28 29 67.27972109589336 0.3894784298497777
2.75 3 29 30 66.23979079677991 0.3654853873922198
2.75 3 30 31 64.99957196823908 0.3433549651345297
2.75 3 31 32 63.60974198735488 0.3229021575523214
2.75 3 32 33 62.11093009498859 0.3039646925293911
2.75 3 33 34 60.53572503984356 0.2863997064302472
2.75 3 34 35 58.91025814684195 0.270080980790685
2.75 3 35 36 57.25545793354877 0.2548966327770806
2.75 3 36 37 55.58804907557544 0.2407471759173476
2.75 3 37 38 53.92135128497677 0.2275438839985504
2.75 3 38 39 52.26592073252178 0.2152074045987445
2.75 3 39 40 50.63006692294064 0.2036665790582677
2.75 3 40 41 49.02027069533645 0.1928574344304485
2.75 3 41 42 47.44152321401396 0.1827223190013148
2.75 3 42 43 45.89760174148844 0.1732091579592217
2.75 3 43 44 44.39129452775731 0.1642708107147128
2.75 3 44 45 42.92458462258617 0.1558645141540254
2.75 3 45 46 41.49787954182136 0.1481079545444479
2.75 3 46 47 40.11369957579828 0.1415617667595673
2.75 3 47 48 38.77148608614888 0.1363070725749691
2.75 3 48 49 37.47126599959654 0.1323161187575137
2.75 3 49 50 36.21259695595649 0.1290132940008846
3 3.25 0 1 1570.304125110345 1.190194145293283
3 3.25 1 2 -4716.222289442957 9.250795674119255
3 3.25 2 3 -4770.095058880746 9.658654161780412
3 3.25 3 4 -3310.438433494348 7.850219812709041
3 3.25 4 5 -2239.177034479987 6.367101569826024
3 3.25 5 6 -1522.921808401922 5.25423046791933
3 3.25 6 7 -1045.155849762178 4.412328378462496
3 3.25 7 8 -721.3794456015044 3.76170302965975
3 3.25 8 9 -497.6994190534674 3.24776781794949
3 3.25 9 10 -340.2893759186854 2.834073038866076
3 3.25 10 11 -227.7739881755804 2.495372294669868
3 3.25 11 12 -146.2861883181577 2.214068456407793
3 3.25 12 13 -86.66214112819466 1.977507205103905
3 3.25 13 14 -42.70934894682478 1.776404950804888
3 3.25 14 15 -10.15825547399936 1.603816778096128
3 3.25 15 16 13.98943271671988 1.45445553482949
3 3.25 16 17 31.87441749533059 1.324232497927569
3 3.25 17 18 45.04792316666828 1.209940934707903
3 3.25 18 19 54.64897129415442 1.109033820144101
3 3.25 19 20 61.52380611179956 1.0194648765219
3 3.25 20 21 66.30775312326898 0.9395730206228325
3 3.25 21 22 69.48222815309555 0.8679970985066781
3 3.25 22 23 71.41502398778914 0.8036121002445266
3 3.25 23 24 72.38916278134297 0.7454808402644053
3 3.25 24 25 72.62381422333453 0.6928169269574425
3 3.25 25 26 72.28963259893476 0.6449560806566512
3 3.25 26 27 71.52011842052224 0.6013336971113525
3 3.25 27 28 70.42011521092491 0.5614671362826413
3 3.25 28 29 69.072219528853 0.5249416215756598
3 3.25 29 30 67.541655693385 0.4913989251122234
3 3.25 30 31 65.88001053205693 0.4605282210603181
3 3.25 31 32 64.12811434775307 0.432058640695119
3 3.25 32 33 62.31827732955401 0.4057531734077357
3 3.25 33 34 60.47603573970287 0.3814036396183139
3 3.25 34 35 58.62152266633689 0.3588265241520127
3 3.25 35 36 56.77054938991529 0.3378595036104119
3 3.25 36 37 54.93546232730145 0.3183585378717693
3 3.25 37 38 53.12582498379561 0.3001954220773355
3 3.25 38 39 51.34896270972843 0.2832557173085608
3 3.25 39 40 49.61039935400427 0.2674369931562038
3 3.25 40 41 47.91420843089645 0.2526473298201588
3 3.25 41 42 46.2632962502731 0.238804036005653
3 3.25 42 43 44.65963082539474 0.2258325474576908
3 3.25 43 44 43.10442733360441 0.2136654777489041
3 3.25 44 45 41.59829864247365 0.2022417969915841
3 3.25 45 46 40.14052347003985 0.1916138640247992
3 3.25 46 47 38.73243927934587 0.182142680652624
3 3.25 47 48 37.37264180507495 0.1738654999392017
3 3.25 48 49 36.0603585844737 0.1667524422074987
3 3.25 49 50 34.79443898829633 0.1603966773265676
3.25 3.5 0 1 855.9374710965404 0.4312982377396636
3.25 3.5 1 2 -4879.419327323301 18.56717128438474
3.25 3.5 2 3 -4351.657839194862 14.77434707189796
3.25 3.5 3 4 -2914.564883347692 11.16334651465371
3.25 3.5 4 5 -1921.783718629719 8.706246227308112
3.25 3.5 5 6 -1276.407223572187 6.996367297047668
3.25 3.5 6 7 -854.2911135233949 5.757886438677788
3.25 3.5 7 8 -572.8566361597477 4.828622527004793
3.25 3.5 8 9 -381.2978975320073 4.110690321536461
3.25 3.5 9 10 -248.417575678232 3.542766616588685
3.25 3.5 10 11 -154.8120959549271 3.084506365612062
3.25 3.5 11 12 -88.05283257949259 2.708592799800177
3.25 3.5 12 13 -40.01485740231487 2.395882693736982
3.25 3.5 13 14 -5.260062221801036 2.132608800087135
3.25 3.5 14 15 19.92820275590748 1.908639692495656
3.25 3.5 15 16 38.13846339550344 1.716368646866643
3.25 3.5 16 17 51.20420646086336 1.54998318562658
3.25 3.5 17 18 60.44370699531078 1.404972318991037
3.25 3.5 18 19 66.81744030459993 1.27778642321575
3.25 3.5 19 20 71.03341787980037 1.165597619611062
3.25 3.5 20 21 73.61893952826517 1.066127830093972
3.25 3.5 21 22 74.97026988945811 0.9775233378748319
3.25 3.5 22 23 75.38754517290954 0.8982618948309227
3.25 3.5 23 24 75.09963558421441 0.827082988803013
3.25 3.5 24 25 74.28207387620273 0.7629348422157778
3.25 3.5 25 26 73.07013061812904 0.7049336667924689
3.25 3.5 26 27 71.5684490757364 0.6523320106712653
3.25 3.5 27 28 69.85821246299145 0.6044939305587665
3.25 3.5 28 29 68.0025220978327 0.5608753425496535
3.25 3.5 29 30 66.05046529741293 0.5210083421216913
3.25 3.5 30 31 64.04021484088219 0.4844885944714868
3.25 3.5 31 32 62.00140644698638 0.4509651210550851
3.25 3.5 32 33 59.95697370040386 0.4201319709322978
3.25 3.5 33 34 57.92457224749626 0.3917213863612668
3.25 3.5 34 35 55.91769091484497 0.3654981612166615
3.25 3.5 35 36 53.94652265279129 0.3412549580199321
3.25 3.5 36 37 52.01865012749946 0.3188084004994512
3.25 3.5 37 38 50.13958749864148 0.2979957967102057
3.25 3.5 38 39 48.31321002198459 0.2786723785514683
3.25 3.5 39 40 46.54209571841318 0.2607089654627675
3.25 3.5 40 41 44.82779788764643 0.2439899793799867
3.25 3.5 41 42 43.17106288352426 0.2284117508489735
3.25 3.5 42 43 41.57200451689167 0.213881068535395
3.25 3.5 43 44 40.03024391837826 0.2003139325498238
3.25 3.5 44 45 38.54502179847395 0.1876344789930616
3.25 3.5 45 46 37.11452775594444 0.175874595207679
3.25 3.5 46 47 35.73888533160353 0.1653618820774568
3.25 3.5 47 48 34.41590603675407 0.1561310595700922
3.25 3.5 48 49 33.14405909573939 0.1481560712220083
3.25 3.5 49 50 31.92153166449225 0.1410528852428554
3.5 3.75 0 1 189.6282884919751 1.609635234528642
3.5 3.75 1 2 -4690.719935351475 24.71268991018791
3.5 3.75 2 3 -3700.140699136606 16.30774194223762
3.5 3.75 3 4 -2377.719041381597 11.52598876257952
3.5 3.75 4 5 -1518.715779737063 8.643122024923306
3.5 3.75 5 6 -977.6787689320761 6.754582030191903
3.5 3.75 6 7 -631.9391993765109 5.438221879307455
3.5 3.75 7 8 -406.001643607713 4.477410795426869
3.5 3.75 8 9 -255.0919964569646 3.750844503072376
3.5 3.75 9 10 -152.3620250668703 3.186045397105106
3.5 3.75 10 11 -81.40945768628285 2.737012067519342
3.5 3.75 11 12 -31.88196913611159 2.373394520741539
3.5 3.75 12 13 2.901692136563156 2.074374031586819
3.5 3.75 13 14 27.36177805918589 1.825238749953012
3.5 3.75 14 15 44.48674656280514 1.615321896479014
3.5 3.75 15 16 56.33648174454345 1.436717153239232
3.5 3.75 16 17 64.35528874639328 1.283451079557949
3.5 3.75 17 18 69.57116593547107 1.150934300789054
3.5 3.75 18 19 72.72546132972695 1.035588235694279
3.5 3.75 19 20 74.35893672363062 0.9345854848923568
3.5 3.75 20 21 74.86994742178308 0.8456656543468783
3.5 3.75 21 22 74.55442950523604 0.7670023571235911
3.5 3.75 22 23 73.63380017437476 0.6971056277592904
3.5 3.75 23 24 72.27469257748885 0.6347492798611399
3.5 3.75 24 25 70.6030894501751 0.5789161175551094
3.5 3.75 25 26 68.71456035763941 0.5287561153683495
3.5 3.75 26 27 66.68175346205413 0.4835541447507796
3.5 3.75 27 28 64.55992976944697 0.4427048156986196
3.5 3.75 28 29 62.39108647727508 0.4056926809658961
3.5 3.75 29 30 60.20705311907349 0.3720765257595591
3.5 3.75 30 31 58.03183297656108 0.3414767989245794
3.5 3.75 31 32 55.88338518388971 0.3135654830409516
3.5 3.75 32 33 53.77498907033717 0.2880578731215821
3.5 3.75 33 34 51.71629419190211 0.2647058610776049
3.5 3.75 34 35 49.71413229276871 0.2432924172994824
3.5 3.75 35 36 47.77314781120194 0.2236270299664022
3.5 3.75 36 37 45.89628928273143 0.2055419165626095
3.5 3.75 37 38 44.0851935588629 0.1888888612185777
3.5 3.75 38 39 42.3404870158154 0.1735365627787082
3.5 3.75 39 40 40.66202217629029 0.159368402573115
3.5 3.75 40 41 39.04906393568658 0.1462805580482365
3.5 3.75 41 42 37.50043621972914 0.1341804044373033
3.5 3.75 42 43 36.01463755664584 0.1229851574993289
3.5 3.75 43 44 34.58993212829361 0.1126207190972766
3.5 3.75 44 45 33.2244214037769 0.1030206957662168
3.5 3.75 45 46 31.91546825380281 0.09427289530289833
3.5 3.75 46 47 30.66213184342189 0.0869161676602134
3.5 3.75 47 48 29.46168785934657 0.08107844815916217
3.5 3.75 48 49 28.312051112174 0.07677772438157886
3.5 3.75 49 50 27.21094623177484 0.07347355284453061
3.75 4 0 1 -322.2852643526188 1.821159942705749
3.75 4 1 2 -4022.202580620414 28.14141770090851
3.75 4 2 3 -2802.127536073371 13.054958399643
3.75 4 3 4 -1709.981858439987 7.621364054895134
3.75 4 4 5 -1045.816798789696 4.961332948030859
3.75 4 5 6 -643.2768311987234 3.442275066372053
3.75 4 6 7 -393.6098348323924 2.48885831584805
3.75 4 7 8 -234.7630561169567 1.851037775487517
3.75 4 8 9 -131.4004869451364 1.404226262404026
3.75 4 9 10 -62.91937300994448 1.080660311727526
3.75 4 10 11 -17.0008224750901 0.840289592717858
3.75 4 11 12 13.98499849514928 0.6585075181366205
3.75 4 12 13 34.88218600495009 0.5194326031203835
3.75 4 13 14 48.84721639328632 0.4125482553508331
3.75 4 14 15 57.98352304455193 0.3307582067749055
3.75 4 15 16 63.72066182922993 0.2828421654652618
3.75 4 16 17 67.04697329494206 0.260415330533514
3.75 4 17 18 68.65592071556085 0.2403437032581174
3.75 4 18 19 69.04024660806556 0.2223059234227868
3.75 4 19 20 68.5538201424622 0.2060341924324939
3.75 4 20 21 67.45302939679362 0.1913039354302703
3.75 4 21 22 65.92495554521298 0.1779256825607002
3.75 4 22 23 64.10684433086516 0.1657386550217587
3.75 4 23 24 62.09974914493458 0.1678461713614571
3.75 4 24 25 59.97820959492006 0.1717071337695333
3.75 4 25 26 57.79719486425589 0.1754161237737188
3.75 4 26 27 55.59713543845388 0.1787452842305424
3.75 4 27 28 53.40760286295634 0.1815870983046375
3.75 4 28 29 51.25002297435063 0.1839047880982436
3.75 4 29 30 49.13969122385745 0.1857018980230693
3.75 4 30 31 47.08727949465847 0.187003953924934
3.75 4 31 32 45.09996929359605 0.1878475188308573
3.75 4 32 33 43.18230831451696 0.1882737319332792
3.75 4 33 34 41.33686075794887 0.1883245584746248
3.75 4 34 35 39.56470289794385 0.1880406774409942
3.75 4 35 36 37.86580185066089 0.1874603581018033
3.75 4 36 37 36.23930572129444 0.186618930477623
3.75 4 37 38 34.68376619975598 0.1855486087279219
3.75 4 38 39 33.19730943386649 0.184278519291474
3.75 4 39 40 31.77776714479461 0.1828348435953308
3.75 4 40 41 30.42277712187456 0.181241019306721
3.75 4 41 42 29.12986000478516 0.1795179667231502
3.75 4 42 43 27.89647771125615 0.177684320179499
3.75 4 43 44 26.72007762787075 0.1757566525704963
3.75 4 44 45 25.59812571533296 0.1737496870882335
3.75 4 45 46 24.52766237879217 0.1717321370357304
3.75 4 46 47 23.50705427507204 0.1699101507123211
3.75 4 47 48 22.5334838796556 0.1682983698853978
3.75 4 48 49 21.60469056699363 0.1668774581483186
3.75 4 49 50 20.71829926065536 0.1654803244568723
4 5 0 1 -1008.576870644209 2.824121568624002
4 5 1 2 -4430.921111620576 7.298611651807451
4 5 2 3 -2546.214212421321 5.458013895400796
4 5 3 4 -1394.707282629212 4.102881761611266
4 5 4 5 -767.5910209248536 3.06504614179891
4 5 5 6 -414.9685782784265 2.310591232879178
4 5 6 7 -210.1679268847529 1.803148985912661
4 5 7 8 -88.01178692286931 1.459860926181366
4 5 8 9 -13.75593655273951 1.218215412469491
4 5 9 10 31.78317151342799 1.039226812571205
4 5 10 11 59.5517371766598 0.9019481253484042
4 5 11 12 76.11130480996007 0.7950938514312886
4 5 12 13 85.47658751577205 0.7091418098009817
4 5 13 14 90.15331309338978 0.6378476224695724
4 5 14 15 91.74814113832599 0.5783193967580316
4 5 15 16 91.3209925596002 0.5284611902715292
4 5 16 17 89.58151723926443 0.4859467046076377
4 5 17 18 87.00677883289796 0.4488275653699256
4 5 18 19 83.91900206724654 0.4159586570642748
4 5 19 20 80.53780147380769 0.3867413787814921
4 5 20 21 77.01402365893131 0.3607247282965241
4 5 21 22 73.45128727049044 0.3374436483983849
4 5 22 23 69.920086477073 0.3164495597889629
4 5 23 24 66.46749530662987 0.2973726466292441
4 5 24 25 63.12406285195311 0.2799388354652143
4 5 25 26 59.90873356948831 0.2639478255356512
4 5 26 27 56.83232535238363 0.2492424019666091
4 5 27 28 53.89996998485762 0.2356874747219417
4 5 28 29 51.1128287094419 0.2231613718950293
4 5 29 30 48.46931003968689 0.2115544603417449
4 5 30 31 45.96594463349618 0.2007699366324145
4 5 31 32 43.59801919927799 0.1907240402972787
4 5 32 33 41.36003695746489 0.1813450730664763
4 5 33 34 39.24605094263086 0.1725716364323715
4 5 34 35 37.24990326341513 0.1643506879433639
4 5 35 36 35.36539476325559 0.1566358216112978
4 5 36 37 33.58640338571595 0.1493859337099228
4 5 37 38 31.9069649559349 0.1425642621040459
4 5 38 39 30.32132656745001 0.136137714589205
4 5 39 40 28.82398009102803 0.1300763905047645
4 5 40 41 27.40968135836061 0.1243532175133806
4 5 41 42 26.07345903082973 0.118943655213682
4 5 42 43 24.81061612356621 0.113825435882227
4 5 43 44 23.61672637910216 0.1089783308222278
4 5 44 45 22.48762705635794 0.104383936407191
4 5 45 46 21.41895410812108 0.1004180963610988
4 5 46 47 20.40757105866116 0.09848699358317803
4 5 47 48 19.44963090453648 0.09857535925111885
4 5 48 49 18.5419631801331 0.100258707313836
4 5 49 50 17.68116276234637 0.1023187019081958
-5 5 0 50 -529779.2840695677 92.70457341588585
