#ylo yhi qTlo qThi PDF0  uncertainty
-5 -4 0 1 -1003.728598729909 2.839711648703524
-5 -4 1 2 -4419.519263335827 7.274837702041213
-5 -4 2 3 -2544.393604801773 5.421929945997293
-5 -4 3 4 -1396.332659474633 4.067731022355273
-5 -4 4 5 -769.9509790660613 3.036828424068486
-5 -4 5 6 -417.1832081995296 2.291370303579769
-5 -4 6 7 -212.0435041502064 1.788095659162736
-5 -4 7 8 -89.55458555506016 1.445506267675999
-5 -4 8 9 -15.0172694921896 1.20397688295111
-5 -4 9 10 30.75050982519303 1.025471459225126
-5 -4 10 11 58.70246470013115 0.8888598466735445
-5 -4 11 12 75.40911335768305 0.7827818514129401
-5 -4 12 13 84.8927743367891 0.6976962029614486
-5 -4 13 14 89.66533927401633 0.6272778301533353
-5 -4 14 15 91.3382933291295 0.5685783670698717
-5 -4 15 16 90.97532212201043 0.5194919935088662
-5 -4 16 17 89.28899163344238 0.4776968949549536
-5 -4 17 18 86.7586113353517 0.4412452588073816
-5 -4 18 19 83.70813604206182 0.4089913509032615
-5 -4 19 20 80.35852093470322 0.380338707370468
-5 -4 20 21 76.86165977255291 0.3548403817892048
-5 -4 21 22 73.32199529754135 0.3320353861647459
-5 -4 22 23 69.81067473933203 0.3114785526638908
-5 -4 23 24 66.37529336051617 0.2928030626870491
-5 -4 24 25 63.04681955969863 0.2757377362855457
-5 -4 25 26 59.84453797130786 0.2600851189837029
-5 -4 26 27 56.77954485645608 0.2456906955800167
-5 -4 27 28 53.85720169454405 0.2324218337683087
-5 -4 28 29 51.07886075420055 0.220159050695844
-5 -4 29 30 48.44309058521765 0.2087946615218092
-5 -4 30 31 45.94655684150858 0.1982336145215821
-5 -4 31 32 43.58466083732628 0.1883937443617772
-5 -4 32 33 41.35200367295556 0.1792048148290373
-5 -4 33 34 39.24272244237211 0.1706067703474964
-5 -4 34 35 37.25073181281972 0.1625477991178675
-5 -4 35 36 35.36989555037188 0.1549826195632306
-5 -4 36 37 33.59414639314308 0.1478711517350341
-5 -4 37 38 31.91756806310411 0.1411775642854304
-5 -4 38 39 30.33444966226892 0.134869610923044
-5 -4 39 40 28.83932001721751 0.1289181590973029
-5 -4 40 41 27.42696755840373 0.1232968355777973
-5 -4 41 42 26.09244977303722 0.1179817362510027
-5 -4 42 43 24.83109522203152 0.1129511735303826
-5 -4 43 44 23.63850033140845 0.1081854481117276
-5 -4 44 45 22.5105225390726 0.1036666399478279
-5 -4 45 46 21.44281597907082 0.09977444208817748
-5 -4 46 47 20.43225849317101 0.09792764723777572
-5 -4 47 48 19.4750177914464 0.09811055516283516
-5 -4 48 49 18.56793632044709 0.09989450257496735
-5 -4 49 50 17.70761913369946 0.1020516756619178
-4 -3.75 0 1 -320.333096972003 1.823166808802553
-4 -3.75 1 2 -4015.29189515286 28.01908084498193
-4 -3.75 2 3 -2801.534142968097 12.96251695244934
-4 -3.75 3 4 -1711.372885678346 7.553097602858014
-4 -3.75 4 5 -1047.499419397016 4.909031762248758
-4 -3.75 5 6 -644.7691883034472 3.400952547506674
-4 -3.75 6 7 -394.8206744180586 2.455449979563052
-4 -3.75 7 8 -235.7127077935195 1.823568662193964
-4 -3.75 8 9 -132.134841701353 1.381365996464947
-4 -3.75 9 10 -63.48390642059906 1.061488905575348
-4 -3.75 10 11 -17.43352439107616 0.8241558419008108
-4 -3.75 11 12 13.65414116992645 0.6449516770940291
-4 -3.75 12 13 34.63009163441632 0.5081374795983922
-4 -3.75 13 14 48.6562882658435 0.4033093392933715
-4 -3.75 14 15 57.84037794526546 0.323461428349146
-4 -3.75 15 16 63.6151050693158 0.2827823495312217
-4 -3.75 16 17 66.97120767147487 0.2603728397210768
-4 -3.75 17 18 68.60394845335878 0.2403158693099312
-4 -3.75 18 19 69.00742178332109 0.2222905307512023
-4 -3.75 19 20 68.53651532891837 0.2060293921338544
-4 -3.75 20 21 67.44838780341036 0.1913081772711271
-4 -3.75 21 22 65.9307066621185 0.1779376606666043
-4 -3.75 22 23 64.12116657002559 0.1669375772018306
-4 -3.75 23 24 62.12116720165668 0.1706219899067313
-4 -3.75 24 25 60.00551745894884 0.1744713668563086
-4 -3.75 25 26 57.82939779848599 0.1781026998505803
-4 -3.75 26 27 55.63340600986831 0.1813163549054005
-4 -3.75 27 28 53.44724741125003 0.1840226891945251
-4 -3.75 28 29 51.29245585820158 0.1861960823807953
-4 -3.75 29 30 49.18441488524752 0.18784696625364
-4 -3.75 30 31 47.13386889577544 0.1890050550994138
-4 -3.75 31 32 45.14805965583196 0.1897093935304622
-4 -3.75 32 33 43.23158536684498 0.1900025202908894
-4 -3.75 33 34 41.38705290503947 0.1899271133609854
-4 -3.75 34 35 39.61557486654134 0.1895241294479446
-4 -3.75 35 36 37.91714948511228 0.1888318421848466
-4 -3.75 36 37 36.29095167907992 0.1878854171890822
-4 -3.75 37 38 34.7355563582618 0.186716803237597
-4 -3.75 38 39 33.24910986614469 0.1853548049636565
-4 -3.75 39 40 31.82946155273183 0.1838252540803826
-4 -3.75 40 41 30.47426464313406 0.1821512295800861
-4 -3.75 41 42 29.18105332605883 0.1803532959634822
-4 -3.75 42 43 27.94730143716271 0.1784497420095242
-4 -3.75 43 44 26.77046686227313 0.1764568100125323
-4 -3.75 44 45 25.64802482366439 0.1743889096725475
-4 -3.75 45 46 24.57702398530877 0.1723144669731421
-4 -3.75 46 47 23.55583758231209 0.170439546276809
-4 -3.75 47 48 22.58165462388205 0.1687789063030349
-4 -3.75 48 49 21.65222013661281 0.1673133203587547
-4 -3.75 49 50 20.76516341912101 0.1658754710695033
-3.75 -3.5 0 1 191.899827750549 1.61016374190832
-3.75 -3.5 1 2 -4683.257560772641 24.64704848906953
-3.75 -3.5 2 3 -3699.275067497562 16.25105957172595
-3.75 -3.5 3 4 -2379.1329570825 11.48244114936382
-3.75 -3.5 4 5 -1520.576021863629 8.608998285909433
-3.75 -3.5 5 6 -979.3980537749637 6.727155465325196
-3.75 -3.5 6 7 -633.374560288632 5.415698968222214
-3.75 -3.5 7 8 -407.1526885461906 4.458589548396646
-3.75 -3.5 8 9 -255.9990694102241 3.734891520658915
-3.75 -3.5 9 10 -153.0716505190608 3.172364774352346
-3.75 -3.5 10 11 -81.96326095832956 2.725165143562014
-3.75 -3.5 11 12 -32.31407484795409 2.363050758043777
-3.75 -3.5 12 13 2.564371511476566 2.065279131122495
-3.75 -3.5 13 14 27.09840792938542 1.817193532887769
-3.75 -3.5 14 15 44.28133553385533 1.608167900621165
-3.75 -3.5 15 16 56.17679146873434 1.430326568019888
-3.75 -3.5 16 17 64.23194593157496 1.277719559444407
-3.75 -3.5 17 18 69.47696701640211 1.145775733979167
-3.75 -3.5 18 19 72.65483975270774 1.030930869842205
-3.75 -3.5 19 20 74.30756002185819 0.9303690127445348
-3.75 -3.5 20 21 74.83441478301461 0.841838990324674
-3.75 -3.5 21 22 74.53204574968686 0.7635219193277235
-3.75 -3.5 22 23 73.62240717728071 0.6939339949325649
-3.75 -3.5 23 24 72.27254356559922 0.6318541303910032
-3.75 -3.5 24 25 70.60875515226581 0.5762693828990672
-3.75 -3.5 25 26 68.72685875840637 0.5263332987517038
-3.75 -3.5 26 27 66.69969702347629 0.4813337682617533
-3.75 -3.5 27 28 64.58268557644425 0.4406679680330379
-3.75 -3.5 28 29 62.41794595498783 0.4038226451557465
-3.75 -3.5 29 30 60.23740884971122 0.3703584704358394
-3.75 -3.5 30 31 58.06516079757267 0.3398975210112936
-3.75 -3.5 31 32 55.91923022801473 0.3121131918055878
-3.75 -3.5 32 33 53.81295476189905 0.2867220082045264
-3.75 -3.5 33 34 51.75603347288407 0.2634769382794706
-3.75 -3.5 34 35 49.75534054248101 0.242161897357122
-3.75 -3.5 35 36 47.81555706211878 0.2225872063380958
-3.75 -3.5 36 37 45.93966343890261 0.2045858192086414
-3.75 -3.5 37 38 44.12932439683723 0.1880101736077865
-3.75 -3.5 38 39 42.38519080389364 0.1727295505110263
-3.75 -3.5 39 40 40.70713678838733 0.1586278510291835
-3.75 -3.5 40 41 39.09444636571575 0.1456017187286811
-3.75 -3.5 41 42 37.54596042432715 0.1335589479442722
-3.75 -3.5 42 43 36.06019257120869 0.1224171328244193
-3.75 -3.5 43 44 34.63542041185991 0.1121025177824939
-3.75 -3.5 44 45 33.26975737884392 0.1025490210036288
-3.75 -3.5 45 46 31.96057712492343 0.09384574195017674
-3.75 -3.5 46 47 30.70694777795573 0.08653588804602945
-3.75 -3.5 47 48 29.50615369899893 0.08074880891179977
-3.75 -3.5 48 49 28.35611728275164 0.07650267245461041
-3.75 -3.5 49 50 27.25456952850156 0.0732532274894649
-3.5 -3.25 0 1 858.9413116948041 0.4327354117578223
-3.5 -3.25 1 2 -4871.516858183751 18.54492913234328
-3.5 -3.25 2 3 -4350.205159612206 14.75208237723013
-3.5 -3.25 3 4 -2915.550392442412 11.14564407209107
-3.5 -3.25 4 5 -1923.403970330269 8.692138313816921
-3.5 -3.25 5 6 -1278.008984595949 6.984909943721805
-3.5 -3.25 6 7 -855.6776896906185 5.748411689843035
-3.5 -3.25 7 8 -573.9948856395054 4.820665959641404
-3.5 -3.25 8 9 -382.2102715551364 4.103922052136099
-3.5 -3.25 9 10 -249.1413987960611 3.536946962876585
-3.5 -3.25 10 11 -155.3847550710316 3.079456563648173
-3.5 -3.25 11 12 -88.50660973265076 2.704176897249539
-3.5 -3.25 12 13 -40.37594736139113 2.391995329931401
-3.5 -3.25 13 14 -5.549036440761938 2.129166973917975
-3.5 -3.25 14 15 19.69547943306975 1.905577060290065
-3.5 -3.25 15 16 37.94987619411347 1.713631489542123
-3.5 -3.25 16 17 51.05054540703827 1.547527501692849
-3.5 -3.25 17 18 60.3179733864697 1.402761692524526
-3.5 -3.25 18 19 66.71430040585631 1.275790435079568
-3.5 -3.25 19 20 70.94878325573052 1.16379064610459
-3.5 -3.25 20 21 73.54964994112174 1.064488122607792
-3.5 -3.25 21 22 74.91385639473435 0.9760323088920888
-3.5 -3.25 22 23 75.342054516085 0.8969035580971335
-3.5 -3.25 23 24 75.0635007342396 0.8258435156305617
-3.5 -3.25 24 25 74.2540188981751 0.7618022066088644
-3.5 -3.25 25 26 73.04910089967012 0.7038973591708353
-3.5 -3.25 26 27 71.55356015169195 0.6513828049973619
-3.5 -3.25 27 28 69.84871242325983 0.6036236935612169
-3.5 -3.25 28 29 67.99776387692225 0.5600768762868994
-3.5 -3.25 29 30 66.04988613430487 0.5202752532371461
-3.5 -3.25 30 31 64.04332093329856 0.4838151850670808
-3.5 -3.25 31 32 62.00776136637398 0.4503462968748888
-3.5 -3.25 32 33 59.96618952953216 0.41956316392924
-3.5 -3.25 33 34 57.93630269507091 0.3911984888807939
-3.5 -3.25 34 35 55.93162586926607 0.3650174700180727
-3.5 -3.25 35 36 53.96238379134624 0.3408131261662329
-3.5 -3.25 36 37 52.0361873059999 0.3184023960743625
-3.5 -3.25 37 38 50.15857572542438 0.2976228671733112
-3.5 -3.25 38 39 48.33344687488494 0.2783300197825894
-3.5 -3.25 39 40 46.56339910640614 0.2603948949189147
-3.5 -3.25 40 41 44.85000408457881 0.2437021126300925
-3.5 -3.25 41 42 43.19402478139043 0.2281481810288518
-3.5 -3.25 42 43 41.59559006165983 0.2136400482694944
-3.5 -3.25 43 44 40.05433470117873 0.2000938581709392
-3.5 -3.25 44 45 38.56951177912434 0.1874338764308479
-3.5 -3.25 45 46 37.13932215718 0.1756923587699913
-3.5 -3.25 46 47 35.76389924130478 0.1651980357133712
-3.5 -3.25 47 48 34.44106385066239 0.1559861007828499
-3.5 -3.25 48 49 33.16929352163211 0.1480308274198238
-3.5 -3.25 49 50 31.94678277417461 0.140947510732389
-3.25 -3 0 1 1574.491212421447 1.189933761295408
-3.25 -3 1 2 -4707.410668636761 9.236683154063845
-3.25 -3 2 3 -4767.495707966631 9.650205678787358
-3.25 -3 3 4 -3310.490215842166 7.844651060723926
-3.25 -3 4 5 -2240.151567523283 6.363162131401277
-3.25 -3 5 6 -1524.09000545019 5.251316276794002
-3.25 -3 6 7 -1046.24917757416 4.410109719564167
-3.25 -3 7 8 -722.3153950157257 3.759981540738415
-3.25 -3 8 9 -498.4694664350097 3.246414384373759
-3.25 -3 9 10 -340.9118410002084 2.83300028438994
-3.25 -3 10 11 -228.2748884563707 2.494517796840581
-3.25 -3 11 12 -146.6906969369859 2.213386704691574
-3.25 -3 12 13 -86.99179457658852 1.976964150707152
-3.25 -3 13 14 -42.98144890196136 1.775974609728533
-3.25 -3 14 15 -10.38620056157743 1.603478980323324
-3.25 -3 15 16 13.79550467906688 1.454194389545356
-3.25 -3 16 17 31.70695021744962 1.324035321542815
-3.25 -3 17 18 44.90133572573268 1.209797486392737
-3.25 -3 18 19 54.51915905805515 1.108935746525322
-3.25 -3 19 20 61.40774871022666 1.01940530148404
-3.25 -3 20 21 66.20321594521704 0.9395462377824016
-3.25 -3 21 22 69.3875401212091 0.8679983373540485
-3.25 -3 22 23 71.32891499366235 0.8036373462692405
-3.25 -3 23 24 72.31064648305073 0.7455266948035386
-3.25 -3 24 25 72.55210462140599 0.6928804971863372
-3.25 -3 25 26 72.22408535368947 0.6450348920848231
-3.25 -3 26 27 71.46019003993717 0.6014256235857665
-3.25 -3 27 28 70.36533498099993 0.5615703434980314
-3.25 -3 28 29 69.02217042014308 0.5250545211740716
-3.25 -3 29 30 67.49596150989919 0.4915201369868573
-3.25 -3 30 31 65.83832734243362 0.4606565423817379
-3.25 -3 31 32 64.09012481002469 0.4321930202998766
-3.25 -3 32 33 62.28368693484316 0.40589269020641
-3.25 -3 33 34 60.44457030261401 0.381547484849833
-3.25 -3 34 35 58.59292660271996 0.3589739860586316
-3.25 -3 35 36 56.74458447484176 0.3380099548043023
-3.25 -3 36 37 54.91190673246632 0.3185114243328598
-3.25 -3 37 38 53.10447246570627 0.3003502540417657
-3.25 -3 38 39 51.32962187240048 0.2834120611226513
-3.25 -3 39 40 49.59289293882244 0.2675944645964117
-3.25 -3 40 41 47.89837261277262 0.2528055881267991
-3.25 -3 41 42 46.24897992958074 0.2389627787468476
-3.25 -3 42 43 44.64669491462121 0.2259915062246282
-3.25 -3 43 44 43.09274404181366 0.2138244141185938
-3.25 -3 44 45 41.58775076456598 0.2024004993313819
-3.25 -3 45 46 40.13100363279764 0.1917721480650413
-3.25 -3 46 47 38.72384935578731 0.1823004277261719
-3.25 -3 47 48 37.36489220497646 0.1740227256051186
-3.25 -3 48 49 36.05336759910065 0.1669093441484413
-3.25 -3 49 50 34.7881322670992 0.1605535631032008
-3 -2.75 0 1 2263.790744355179 1.656769786376118
-3 -2.75 1 2 -4356.840261017216 4.424519446926973
-3 -2.75 2 3 -5017.134922708684 5.92715210964472
-3 -2.75 3 4 -3589.992128083102 5.057393712320617
-3 -2.75 4 5 -2478.912119152375 4.202672313325404
-3 -2.75 5 6 -1717.344129001475 3.523553362525545
-3 -2.75 6 7 -1200.850809372582 2.993962504698261
-3 -2.75 7 8 -846.1120182229997 2.576552876295604
-3 -2.75 8 9 -598.1092581650519 2.241939028250628
-3 -2.75 9 10 -421.6135325373225 1.969589695722263
-3 -2.75 10 11 -294.048457230823 1.744513945984434
-3 -2.75 11 12 -200.6056721912921 1.55610684885968
-3 -2.75 12 13 -131.4085153931819 1.396584888773331
-3 -2.75 13 14 -79.72876655321534 1.260156783641454
-3 -2.75 14 15 -40.8936201006893 1.142440338641626
-3 -2.75 15 16 -11.59942004243658 1.040067330171162
-3 -2.75 16 17 10.52762194261572 0.9504115685471202
-3 -2.75 17 18 27.21820119582469 0.8713985790398087
-3 -2.75 18 19 39.75074941778041 0.8013701815855242
-3 -2.75 19 20 49.08073687779404 0.7389865989232672
-3 -2.75 20 21 55.92977332596536 0.6831546371106336
-3 -2.75 21 22 60.84796908351586 0.6329742629496118
-3 -2.75 22 23 64.25821031830822 0.5876983557125545
-3 -2.75 23 24 66.4880096484502 0.546702023379013
-3 -2.75 24 25 67.79269727824919 0.5094589531046371
-3 -2.75 25 26 68.37249551742752 0.4755229980342235
-3 -2.75 26 27 68.3852191344219 0.444513704645964
-3 -2.75 27 28 67.95581150114782 0.4161048377475208
-3 -2.75 28 29 67.18356742666174 0.3900152074315689
-3 -2.75 29 30 66.14764790184256 0.3660012803466247
-3 -2.75 30 31 64.91132211221503 0.3438511853498717
-3 -2.75 31 32 63.52525294721056 0.3233798181723658
-3 -2.75 32 33 62.03005792785382 0.3044248179679155
-3 -2.75 33 34 60.45831716953791 0.2868432417735894
-3 -2.75 34 35 58.83615641633139 0.2705087995113303
-3 -2.75 35 36 57.1845014151337 0.2553095437432756
-3 -2.75 36 37 55.52007653240105 0.2411459296743095
-3 -2.75 37 38 53.85620324355 0.227929178149838
-3 -2.75 38 39 52.20344116310127 0.2155798887517093
-3 -2.75 39 40 50.57010455343541 0.204026859029522
-3 -2.75 40 41 48.96267999448821 0.1932060761914853
-3 -2.75 41 42 47.38616508767177 0.1830598519767906
-3 -2.75 42 43 45.84434398514824 0.1735360782031359
-3 -2.75 43 44 44.34001207681851 0.1645875837044
-3 -2.75 44 45 42.87515963987531 0.1561715770412015
-3 -2.75 45 46 41.45020119896841 0.1484054712699639
-3 -2.75 46 47 40.06766448672431 0.1418489647238748
-3 -2.75 47 48 38.72699756382903 0.1365831209230496
-3 -2.75 48 49 37.42823389331537 0.1325804203059781
-3 -2.75 49 50 36.17093761624602 0.1292662748590787
-2.75 -2.5 0 1 2900.005155907431 2.173690842827257
-2.75 -2.5 1 2 -3929.802325196939 1.103461609722249
-2.75 -2.5 2 3 -5161.971056020091 2.759947894393511
-2.75 -2.5 3 4 -3788.451035554957 2.644939264919098
-2.75 -2.5 4 5 -2658.322286461802 2.322898831094371
-2.75 -2.5 5 6 -1867.46326154342 2.018928568087922
-2.75 -2.5 6 7 -1323.961365744845 1.761945771887159
-2.75 -2.5 7 8 -946.7595932287622 1.549002297597143
-2.75 -2.5 8 9 -680.6325821182081 1.371840333880309
-2.75 -2.5 9 10 -489.6188174942772 1.223673147559311
-2.75 -2.5 10 11 -350.4055307887868 1.098368989439609
-2.75 -2.5 11 12 -247.5683061593702 0.9914525955888684
-2.75 -2.5 12 13 -170.7446015459113 0.8994235990049749
-2.75 -2.5 13 14 -112.8307561058825 0.819571238351239
-2.75 -2.5 14 15 -68.86527203232117 0.7497782587945505
-2.75 -2.5 15 16 -35.3220160141957 0.6883743219463648
-2.75 -2.5 16 17 -9.654800024261704 0.6340280339751257
-2.75 -2.5 17 18 10.00160634381155 0.5856674727181972
-2.75 -2.5 18 19 25.03141917092728 0.5424213622528518
-2.75 -2.5 19 20 36.47392316457069 0.503575161779457
-2.75 -2.5 20 21 45.11763021300101 0.4685379707191233
-2.75 -2.5 21 22 51.56643332458896 0.4368173381288185
-2.75 -2.5 22 23 56.28674581427276 0.4079998992002614
-2.75 -2.5 23 24 59.6415306336047 0.3817363495581269
-2.75 -2.5 24 25 61.91516177755068 0.3577296793589078
-2.75 -2.5 25 26 63.33178905655427 0.3357258807219956
-2.75 -2.5 26 27 64.06904255061431 0.3155065482391652
-2.75 -2.5 27 28 64.26835573442554 0.2968829417952462
-2.75 -2.5 28 29 64.04280931494628 0.2796911881580307
-2.75 -2.5 29 30 63.48313916711328 0.2637883762132612
-2.75 -2.5 30 31 62.66237242446249 0.2490493589304915
-2.75 -2.5 31 32 61.63942968887994 0.2353641184562819
-2.75 -2.5 32 33 60.4619418653013 0.2226355820334396
-2.75 -2.5 33 34 59.16846597416293 0.2107778030848168
-2.75 -2.5 34 35 57.79023782782946 0.1997144367788333
-2.75 -2.5 35 36 56.35256550597501 0.1893774581287357
-2.75 -2.5 36 37 54.8759425272022 0.1797060780237943
-2.75 -2.5 37 38 53.37694107477864 0.1706458222234212
-2.75 -2.5 38 39 51.86893168424757 0.1621477469989897
-2.75 -2.5 39 40 50.36266530202195 0.1541677674121429
-2.75 -2.5 40 41 48.86674578503911 0.1466660800091237
-2.75 -2.5 41 42 47.38801461591137 0.1396066652091697
-2.75 -2.5 42 43 45.93186517996429 0.1329568570184444
-2.75 -2.5 43 44 44.5025001790186 0.126686969365317
-2.75 -2.5 44 45 43.10314300634195 0.120769970592906
-2.75 -2.5 45 46 41.73524049752717 0.1154038023048201
-2.75 -2.5 46 47 40.40237419876806 0.1114058585015179
-2.75 -2.5 47 48 39.10477940182045 0.1088906268167463
-2.75 -2.5 48 49 37.84322807569947 0.1077986212724809
-2.75 -2.5 49 50 36.61794133898653 0.1073147285952553
-2.5 -2.25 0 1 3479.960441438329 1.648652789389573
-2.5 -2.25 1 2 -3494.136249356619 0.95454686507061
-2.5 -2.25 2 3 -5251.510993524042 1.691068307037758
-2.5 -2.25 3 4 -3935.480090064516 1.558639306408006
-2.5 -2.25 4 5 -2795.828697400707 1.3883617393424
-2.5 -2.25 5 6 -1984.727566727224 1.248737190034735
-2.5 -2.25 6 7 -1421.554216903335 1.118394779753193
-2.5 -2.25 7 8 -1027.574133875727 1.003707380506495
-2.5 -2.25 8 9 -747.6763037611058 0.9038049824431518
-2.5 -2.25 9 10 -545.4846920791915 0.817557208643826
-2.5 -2.25 10 11 -397.200247270845 0.742579959958293
-2.5 -2.25 11 12 -286.9739569042495 0.6771667563908371
-2.5 -2.25 12 13 -204.0981175976337 0.6197959915796182
-2.5 -2.25 13 14 -141.1969711847694 0.5692086390829391
-2.5 -2.25 14 15 -93.09649450975621 0.5243707966164379
-2.5 -2.25 15 16 -56.10464157951901 0.4844336701060383
-2.5 -2.25 16 17 -27.54522561650015 0.4486981935640202
-2.5 -2.25 17 18 -5.450581084632859 0.4165858020095631
-2.5 -2.25 18 19 11.64475004214 0.3876149594616777
-2.5 -2.25 19 20 24.84492273029628 0.3613825179065848
-2.5 -2.25 20 21 34.99059467279665 0.3375489613665895
-2.5 -2.25 21 22 42.72784842619774 0.3158267104241252
-2.5 -2.25 22 23 48.55744295914747 0.2959708226185526
-2.5 -2.25 23 24 52.87046518322757 0.2777715626473193
-2.5 -2.25 24 25 55.97444564533907 0.261048435297904
-2.5 -2.25 25 26 58.1126998030511 0.2456453668956114
-2.5 -2.25 26 27 59.4787978856366 0.2314267904781359
-2.5 -2.25 27 28 60.22749190591219 0.2182744491169672
-2.5 -2.25 28 29 60.48303895852769 0.2060847692814589
-2.5 -2.25 29 30 60.34559210679151 0.1947666918702433
-2.5 -2.25 30 31 59.89614408921358 0.1842398718433442
-2.5 -2.25 31 32 59.20037796608682 0.1744331756165169
-2.5 -2.25 32 33 58.31168562064062 0.1652834214879079
-2.5 -2.25 33 34 57.2735480702928 0.1567343190529238
-2.5 -2.25 34 35 56.12142293757938 0.1487355713756063
-2.5 -2.25 35 36 54.88424886396689 0.1412421125591598
-2.5 -2.25 36 37 53.58565036338166 0.1342134581549703
-2.5 -2.25 37 38 52.24490711387602 0.127613147458963
-2.5 -2.25 38 39 50.87773699350203 0.1214082658483192
-2.5 -2.25 39 40 49.49693108220481 0.1155690321037209
-2.5 -2.25 40 41 48.11287056680527 0.110068441108612
-2.5 -2.25 41 42 46.73394881148602 0.1048819545834898
-2.5 -2.25 42 43 45.36691717170103 0.09998723115136798
-2.5 -2.25 43 44 44.01716910093194 0.09536389097611744
-2.5 -2.25 44 45 42.68897419169204 0.09099330963746606
-2.5 -2.25 45 46 41.38465847494277 0.08718162490866063
-2.5 -2.25 46 47 40.1086974428311 0.08512317320693881
-2.5 -2.25 47 48 38.86200161939951 0.08495233279290718
-2.5 -2.25 48 49 37.64597711731145 0.08651056870245133
-2.5 -2.25 49 50 36.46140853857884 0.09197983920082965
-2.25 -2 0 1 4004.951910966031 1.033885178730766
-2.25 -2 1 2 -3097.439618885744 0.8460079844739086
-2.25 -2 2 3 -5343.049162934774 1.650019211143374
-2.25 -2 3 4 -4076.55541687643 1.529070439374671
-2.25 -2 4 5 -2923.273472628633 1.349537192296999
-2.25 -2 5 6 -2089.954603987064 1.190431358763498
-2.25 -2 6 7 -1506.491870909066 1.056827608977001
-2.25 -2 7 8 -1095.899695086036 0.9444067513931172
-2.25 -2 8 9 -802.8073274006051 0.8496249926428587
-2.25 -2 9 10 -590.2003349312945 0.7682503321102691
-2.25 -2 10 11 -433.6669593625434 0.6981346214939033
-2.25 -2 11 12 -316.8663244880922 0.6371518649400485
-2.25 -2 12 13 -228.7121162680889 0.5837267100799636
-2.25 -2 13 14 -161.5418309695885 0.5366165058347908
-2.25 -2 14 15 -109.9644186316391 0.4948299367736989
-2.25 -2 15 16 -70.12269976842208 0.4575677891964443
-2.25 -2 16 17 -39.21385010050722 0.4241793837222363
-2.25 -2 17 18 -15.17223508436109 0.3941301611770565
-2.25 -2 18 19 3.544067494820638 0.3669772805837572
-2.25 -2 19 20 18.09940502187987 0.3423510427666518
-2.25 -2 20 21 29.3822026303784 0.3199405950956342
-2.25 -2 21 22 38.07673653468828 0.2994828279502916
-2.25 -2 22 23 44.71451811673535 0.2807536632124987
-2.25 -2 23 24 49.71155526815971 0.2635611668009431
-2.25 -2 24 25 53.3956943692109 0.2477400545919788
-2.25 -2 25 26 56.02690383532365 0.2331472795239782
-2.25 -2 26 27 57.81247399879612 0.2196584592196879
-2.25 -2 27 28 58.91851408666969 0.2071649664421195
-2.25 -2 28 29 59.47872375292866 0.1955715426610036
-2.25 -2 29 30 59.60113885672399 0.1847943295627228
-2.25 -2 30 31 59.37335792924989 0.1747592359923713
-2.25 -2 31 32 58.8666194437979 0.1654005753292004
-2.25 -2 32 33 58.13900294695281 0.1566599235344177
-2.25 -2 33 34 57.23795730664443 0.1484851565292606
-2.25 -2 34 35 56.20230859648819 0.140829635974822
-2.25 -2 35 36 55.06386296690141 0.1336515164403686
-2.25 -2 36 37 53.84869234330051 0.1269131549557511
-2.25 -2 37 38 52.5781703733187 0.1205806042702375
-2.25 -2 38 39 51.26981062502028 0.1146231771921102
-2.25 -2 39 40 49.93794740534099 0.1090130714896354
-2.25 -2 40 41 48.59429085255329 0.1037250429236137
-2.25 -2 41 42 47.24838093341504 0.09873612384272039
-2.25 -2 42 43 45.90796003912396 0.09402537602813286
-2.25 -2 43 44 44.57927962020807 0.08957367508330888
-2.25 -2 44 45 43.26735323332525 0.08536352218435987
-2.25 -2 45 46 41.97510925390918 0.08203279515937771
-2.25 -2 46 47 40.70766840894569 0.08196490429924377
-2.25 -2 47 48 39.46638630911957 0.08522449884382986
-2.25 -2 48 49 38.25309476770474 0.0911951501838941
-2.25 -2 49 50 37.0689487522981 0.0975139620134732
-2 -1.75 0 1 4504.859096898407 1.068332105227281
-2 -1.75 1 2 -2699.737905545918 2.842427831310456
-2 -1.75 2 3 -5402.716080056819 2.807711270022365
-2 -1.75 3 4 -4195.709005598461 2.285542646584771
-2 -1.75 4 5 -3040.672800598046 1.87384032060428
-2 -1.75 5 6 -2193.56202755371 1.568415164770674
-2 -1.75 6 7 -1595.070961657676 1.337697429888516
-2 -1.75 7 8 -1170.919287537222 1.158570293802946
-2 -1.75 8 9 -866.271358977312 1.016134610459133
-2 -1.75 9 10 -644.0107787484249 0.9001648306601493
-2 -1.75 10 11 -479.4613610635374 0.8042980892364759
-2 -1.75 11 12 -356.0043889902347 0.7236474743218498
-2 -1.75 12 13 -262.3066431215082 0.6549640236168116
-2 -1.75 13 14 -190.5001004822163 0.5958273486318736
-2 -1.75 14 15 -135.0267990004854 0.544429127321307
-2 -1.75 15 16 -91.89534239566979 0.4993910810096001
-2 -1.75 16 17 -58.19523662461825 0.4596439954691893
-2 -1.75 17 18 -31.77434150931617 0.4243453755635336
-2 -1.75 18 19 -11.02098467411838 0.3928221357158947
-2 -1.75 19 20 5.285680717179275 0.3645298899491068
-2 -1.75 20 21 18.08007834813736 0.3390234870377256
-2 -1.75 21 22 28.08412953145262 0.3159353193305564
-2 -1.75 22 23 35.8603142955476 0.2949591063585195
-2 -1.75 23 24 41.85024567311461 0.275837600180775
-2 -1.75 24 25 46.40304372444234 0.2583531452018575
-2 -1.75 25 26 49.79643419941522 0.2423203455764953
-2 -1.75 26 27 52.25259551414695 0.2275803086636084
-2 -1.75 27 28 53.95017215163602 0.2139960814651185
-2 -1.75 28 29 55.03346049702759 0.201449001062711
-2 -1.75 29 30 55.619488702323 0.189835750856189
-2 -1.75 30 31 55.8035139019396 0.1790659689956876
-2 -1.75 31 32 55.66331995115956 0.1690602897487373
-2 -1.75 32 33 55.26259891142547 0.1597487310874391
-2 -1.75 33 34 54.65362748840556 0.1510693568600449
-2 -1.75 34 35 53.87939718677711 0.1429671617244823
-2 -1.75 35 36 52.97531847667352 0.135393136514052
-2 -1.75 36 37 51.97059073036934 0.1283034799700236
-2 -1.75 37 38 50.88930847997057 0.1216589319361779
-2 -1.75 38 39 49.75135851130136 0.1154242058681914
-2 -1.75 39 40 48.57315017860793 0.1095675042766448
-2 -1.75 40 41 47.36821223371265 0.1040601029281778
-2 -1.75 41 42 46.14768211983397 0.09887599321904525
-2 -1.75 42 43 44.92070851566757 0.09399157274596757
-2 -1.75 43 44 43.69478344483122 0.08938537747831073
-2 -1.75 44 45 42.47601705914929 0.08503784831271149
-2 -1.75 45 46 41.26827968687562 0.08132622098785734
-2 -1.75 46 47 40.07760787530586 0.08143062902102273
-2 -1.75 47 48 38.90609425471303 0.08514532845841644
-2 -1.75 48 49 37.75625236188759 0.091712295504266
-2 -1.75 49 50 36.6298395207736 0.09864152050822979
-1.75 -1.5 0 1 4967.207272839422 0.9833014150901827
-1.75 -1.5 1 2 -2311.86723495708 0.8471665230212788
-1.75 -1.5 2 3 -5432.225616534638 1.759031946848066
-1.75 -1.5 3 4 -4269.455622964928 1.698707918114307
-1.75 -1.5 4 5 -3107.761057038595 1.513891611449345
-1.75 -1.5 5 6 -2247.677051242817 1.328073967988017
-1.75 -1.5 6 7 -1637.515523880658 1.165310202627432
-1.75 -1.5 7 8 -1204.047424071948 1.027576050878949
-1.75 -1.5 8 9 -892.2349694803502 0.9119313544645885
-1.75 -1.5 9 10 -664.4427764254788 0.8157420477645208
-1.75 -1.5 10 11 -495.5989065497606 0.7327587002865876
-1.75 -1.5 11 12 -368.7996044396916 0.6623126978570317
-1.75 -1.5 12 13 -272.4742156930643 0.6015779244292042
-1.75 -1.5 13 14 -198.5870827820138 0.5488005219554382
-1.75 -1.5 14 15 -141.4561157204187 0.5026030334358309
-1.75 -1.5 15 16 -96.99708348650961 0.4618962722059695
-1.75 -1.5 16 17 -62.22928569085229 0.4258114458622019
-1.75 -1.5 17 18 -34.94690113639967 0.393649061670637
-1.75 -1.5 18 19 -13.49678515069718 0.3648406819250285
-1.75 -1.5 19 20 3.374254102791383 0.3389202318376194
-1.75 -1.5 20 21 16.62608309755342 0.3155023329355083
-1.75 -1.5 21 22 27.00079018629242 0.2942658144631311
-1.75 -1.5 22 23 35.07695006608185 0.2749410437100981
-1.75 -1.5 23 24 41.30909875058751 0.2573001084302091
-1.75 -1.5 24 25 46.05678904776983 0.2411491370903661
-1.75 -1.5 25 26 49.60620995654551 0.2263222410362494
-1.75 -1.5 26 27 52.18643520284616 0.2126766944567098
-1.75 -1.5 27 28 53.98174888298627 0.2000890717681159
-1.75 -1.5 28 29 55.14107592987057 0.1884521262304648
-1.75 -1.5 29 30 55.78525495999349 0.1776722524774789
-1.75 -1.5 30 31 56.01268868531793 0.1676674085198438
-1.75 -1.5 31 32 55.90376396122167 0.1583654033983257
-1.75 -1.5 32 33 55.52433143530658 0.1497024793285823
-1.75 -1.5 33 34 54.92846114686853 0.1416221296917582
-1.75 -1.5 34 35 54.16063680516277 0.1340741087258752
-1.75 -1.5 35 36 53.25751210650589 0.1270135987881314
-1.75 -1.5 36 37 52.24932324641782 0.1204005057254376
-1.75 -1.5 37 38 51.16103005883059 0.1141988602803023
-1.75 -1.5 38 39 50.013241777497 0.1083763078184738
-1.75 -1.5 39 40 48.82297098469309 0.1029036720069872
-1.75 -1.5 40 41 47.60424998328523 0.09775457795396114
-1.75 -1.5 41 42 46.36863628434656 0.09290512974996901
-1.75 -1.5 42 43 45.12562861556023 0.08833362880355553
-1.75 -1.5 43 44 43.88301024075002 0.08402033162275306
-1.75 -1.5 44 45 42.64713310366869 0.07994723699819251
-1.75 -1.5 45 46 41.42202706168581 0.07681313102412443
-1.75 -1.5 46 47 40.21397284039895 0.07723104560966507
-1.75 -1.5 47 48 39.02515783283417 0.08128972181433615
-1.75 -1.5 48 49 37.85820626615427 0.08833498857953602
-1.75 -1.5 49 50 36.71497298532364 0.09577958868795798
-1.5 -1.25 0 1 5405.953224425554 3.12027136483342
-1.5 -1.25 1 2 -1929.093209697163 3.724801383900842
-1.5 -1.25 2 3 -5455.861286957412 1.689310774235464
-1.5 -1.25 3 4 -4349.573114116887 1.624661276757377
-1.5 -1.25 4 5 -3189.439712375205 1.450830569123764
-1.5 -1.25 5 6 -2320.086475904331 1.281049254151242
-1.5 -1.25 6 7 -1699.330701004326 1.133146772269821
-1.5 -1.25 7 8 -1256.264070363162 1.007716531458202
-1.5 -1.25 8 9 -936.2782654071611 0.9006673076438076
-1.5 -1.25 9 10 -701.7650560438924 0.8111254533721637
-1.5 -1.25 10 11 -527.2928501249189 0.7332899463599474
-1.5 -1.25 11 12 -395.8598128704393 0.6664355406250756
-1.5 -1.25 12 13 -295.6875348887386 0.6083039218742605
-1.5 -1.25 13 14 -218.5920490096175 0.5573993843478123
-1.5 -1.25 14 15 -158.7719118620221 0.5125328737716019
-1.5 -1.25 15 16 -112.0475508670017 0.4727527497539669
-1.5 -1.25 16 17 -75.3621462233591 0.4372911723892281
-1.5 -1.25 17 18 -46.44893161222262 0.4055232999330086
-1.5 -1.25 18 19 -23.60574773445364 0.3769363532231232
-1.5 -1.25 19 20 -5.539777264439181 0.3511060968507969
-1.5 -1.25 20 21 8.74105646394105 0.3276788483540709
-1.5 -1.25 21 22 20.00516725387797 0.3063576190623161
-1.5 -1.25 22 23 28.85275983597103 0.2868913428870662
-1.5 -1.25 23 24 35.75623277404077 0.2690664400741317
-1.5 -1.25 24 25 41.08996163833297 0.2535331936793246
-1.5 -1.25 25 26 45.15249223986473 0.2406571750100061
-1.5 -1.25 26 27 48.1832442592181 0.2286690461919181
-1.5 -1.25 27 28 50.37519984799144 0.2174894397991193
-1.5 -1.25 28 29 51.88462516565278 0.2070476401151195
-1.5 -1.25 29 30 52.83857788116757 0.1972805021723896
-1.5 -1.25 30 31 53.34074771301243 0.1881315171861945
-1.5 -1.25 31 32 53.47603127254979 0.1795500017991107
-1.5 -1.25 32 33 53.3141383115954 0.1714903981856477
-1.5 -1.25 33 34 52.91245131551847 0.1639116665762369
-1.5 -1.25 34 35 52.31830555349654 0.1567767585589371
-1.5 -1.25 35 36 51.57081641995114 0.1500521593353907
-1.5 -1.25 36 37 50.70235097628586 0.14370748959766
-1.5 -1.25 37 38 49.73971832446222 0.1377151580453611
-1.5 -1.25 38 39 48.70513657741816 0.1320500576085925
-1.5 -1.25 39 40 47.61702140513012 0.1266892999273475
-1.5 -1.25 40 41 46.49063155150867 0.1216119815606424
-1.5 -1.25 41 42 45.33859893893651 0.1167989791381712
-1.5 -1.25 42 43 44.17136553700578 0.1122327685637527
-1.5 -1.25 43 44 42.99754440431821 0.1078972650672072
-1.5 -1.25 44 45 41.82421892790921 0.1037776820427157
-1.5 -1.25 45 46 40.65603700662768 0.1002055487312301
-1.5 -1.25 46 47 39.49989591784299 0.09846037253368481
-1.5 -1.25 47 48 38.3584624653142 0.09872150263349501
-1.5 -1.25 48 49 37.2348109548407 0.1008911012834628
-1.5 -1.25 49 50 36.1311841970589 0.1037180133799975
-1.25 -1 0 1 5776.893710755167 1.562976201912431
-1.25 -1 1 2 -1622.991837654414 0.7446609709297984
-1.25 -1 2 3 -5492.822994866474 2.088076802398449
-1.25 -1 3 4 -4427.416607420409 1.984761079731226
-1.25 -1 4 5 -3262.809253594767 1.747787921663666
-1.25 -1 5 6 -2381.649533471021 1.527540749609994
-1.25 -1 6 7 -1749.409381244695 1.341901753050806
-1.25 -1 7 8 -1296.694925830773 1.187712409443336
-1.25 -1 8 9 -968.9296194465942 1.059297783422673
-1.25 -1 9 10 -728.2161189821763 0.9515916852354415
-1.25 -1 10 11 -548.8044376232433 0.8596024875352009
-1.25 -1 11 12 -413.414876239573 0.7808416270401864
-1.25 -1 12 13 -310.0563183644124 0.7126424703537437
-1.25 -1 13 14 -230.3792145221207 0.6531079842598182
-1.25 -1 14 15 -168.4551449866001 0.6007588477922481
-1.25 -1 15 16 -120.0069167710021 0.5544279751782606
-1.25 -1 16 17 -81.90220652020253 0.5131839390421898
-1.25 -1 17 18 -51.81541540301737 0.4762752049526155
-1.25 -1 18 19 -27.99818182506988 0.4430891744237349
-1.25 -1 19 20 -9.121124258584814 0.413121779732067
-1.25 -1 20 21 5.836983871341999 0.385954649942936
-1.25 -1 21 22 17.66795564439553 0.3612377668855724
-1.25 -1 22 23 26.99089894162069 0.3386761435705871
-1.25 -1 23 24 34.29357329156778 0.3180194865766248
-1.25 -1 24 25 39.96290455951021 0.2990540936297256
-1.25 -1 25 26 44.30774371863754 0.2815964458064846
-1.25 -1 26 27 47.5760111042531 0.2654880960062944
-1.25 -1 27 28 49.96773083156108 0.2505915582477439
-1.25 -1 28 29 51.64502560488813 0.2367869779782187
-1.25 -1 29 30 52.73984153974618 0.2239694154338264
-1.25 -1 30 31 53.35996256131727 0.2120466138076794
-1.25 -1 31 32 53.59372509750506 0.2009371570118428
-1.25 -1 32 33 53.51373740741701 0.1905689359300431
-1.25 -1 33 34 53.17983104161635 0.1808778692563374
-1.25 -1 34 35 52.64141586506139 0.171806826907059
-1.25 -1 35 36 51.93936883811028 0.1633047227611844
-1.25 -1 36 37 51.10755610617184 0.1553257446141674
-1.25 -1 37 38 50.17406511505027 0.147828698330521
-1.25 -1 38 39 49.16220617079568 0.1407764474463158
-1.25 -1 39 40 48.09132974322898 0.13413543148143
-1.25 -1 40 41 46.97749596790533 0.1278752514718233
-1.25 -1 41 42 45.83402481122465 0.121968310953247
-1.25 -1 42 43 44.67194977223846 0.1163895048996925
-1.25 -1 43 44 43.50039307605971 0.1111159488150511
-1.25 -1 44 45 42.32687685485331 0.1061267421302415
-1.25 -1 45 46 41.15639925979661 0.1017817220000083
-1.25 -1 46 47 39.99624164027034 0.09950152293475667
-1.25 -1 47 48 38.84932464538474 0.09950653552910818
-1.25 -1 48 49 37.71896604367276 0.1016829685331016
-1.25 -1 49 50 36.60762203085901 0.1088368375337604
-1 -0.75 0 1 6100.143133429508 2.288400738019818
-1 -0.75 1 2 -1330.336151686565 2.058436854464075
-1 -0.75 2 3 -5493.344041009716 1.560660125873897
-1 -0.75 3 4 -4467.366258272563 1.517049988264201
-1 -0.75 4 5 -3303.68405551982 1.360733941920186
-1 -0.75 5 6 -2416.623947497215 1.209835442895247
-1 -0.75 6 7 -1778.032148041545 1.079639984174718
-1 -0.75 7 8 -1319.854467631881 0.9692463684947079
-1 -0.75 8 9 -987.654101774584 0.8751497950434113
-1 -0.75 9 10 -743.3981962487569 0.7940697961007104
-1 -0.75 10 11 -561.1679922374133 0.7243867825293194
-1 -0.75 11 12 -423.522863131258 0.6634084517439828
-1 -0.75 12 13 -318.3513839421714 0.6098278207210794
-1 -0.75 13 14 -237.209086927812 0.562440424630943
-1 -0.75 14 15 -174.0945950681707 0.5202843735937529
-1 -0.75 15 16 -124.6745285556758 0.4825835552410262
-1 -0.75 16 17 -85.77303993104078 0.4487055405603679
-1 -0.75 17 18 -55.03056745705726 0.41813020917467
-1 -0.75 18 19 -30.67204314896549 0.3904261363319217
-1 -0.75 19 20 -11.34692733301563 0.3652326359193513
-1 -0.75 20 21 3.982887622589715 0.3422459541775985
-1 -0.75 21 22 16.12277127982816 0.3212085556259366
-1 -0.75 22 23 25.70278315616611 0.3019007205787538
-1 -0.75 23 24 33.219578162414 0.2841339028202588
-1 -0.75 24 25 39.06734307635327 0.2677454315386019
-1 -0.75 25 26 43.56088228004512 0.2525942541900618
-1 -0.75 26 27 46.95301745693405 0.2385574880187779
-1 -0.75 27 28 49.44782301220528 0.2255276105281477
-1 -0.75 28 29 51.210780104901 0.2134101519219681
-1 -0.75 29 30 52.37662836958782 0.2021217912161579
-1 -0.75 30 31 53.05548202568093 0.1915887736395436
-1 -0.75 31 32 53.33762651519248 0.1817455900955543
-1 -0.75 32 33 53.29730416659368 0.1725338680450684
-1 -0.75 33 34 52.99571959465254 0.1639014358355534
-1 -0.75 34 35 52.48343875771985 0.155801529769745
-1 -0.75 35 36 51.80231383163687 0.1481921195137427
-1 -0.75 36 37 50.98703497939914 0.14103533109199
-1 -0.75 37 38 50.06638696111474 0.1342969517064947
-1 -0.75 38 39 49.0642709686694 0.1279460033885388
-1 -0.75 39 40 48.00053875933844 0.1219543752175907
-1 -0.75 40 41 46.89167617192339 0.1162965021766448
-1 -0.75 41 42 45.75136498529616 0.1109490888647622
-1 -0.75 42 43 44.59094640724572 0.1058908654409611
-1 -0.75 43 44 43.41980447617533 0.1011023760115557
-1 -0.75 44 45 42.24568414082836 0.09656579203658749
-1 -0.75 45 46 41.07374847828856 0.09306606650406468
-1 -0.75 46 47 39.91148578911003 0.09353786883912082
-1 -0.75 47 48 38.76192914258218 0.09809097766127621
-1 -0.75 48 49 37.62851269193123 0.1059970817591229
-1 -0.75 49 50 36.5137849534002 0.1143623223762393
-0.75 -0.5 0 1 6354.212421763867 3.294660553491831
-0.75 -0.5 1 2 -1103.139211121196 2.785606382903671
-0.75 -0.5 2 3 -5500.251143846477 1.567409856105333
-0.75 -0.5 3 4 -4507.311248726087 1.533466214215704
-0.75 -0.5 4 5 -3344.970323653884 1.377594639650509
-0.75 -0.5 5 6 -2453.06313072754 1.224276212010532
-0.75 -0.5 6 7 -1808.902188031161 1.091060660587583
-0.75 -0.5 7 8 -1345.726130403367 0.9777129829269012
-0.75 -0.5 8 9 -1009.324607357226 0.8964699011879226
-0.75 -0.5 9 10 -761.6062955106659 0.8264738021511312
-0.75 -0.5 10 11 -576.5419981388654 0.7634496310658362
-0.75 -0.5 11 12 -436.5678323295297 0.7063432613640699
-0.75 -0.5 12 13 -329.475612825606 0.6548644029363198
-0.75 -0.5 13 14 -246.7411469301826 0.6084400702535296
-0.75 -0.5 14 15 -182.2997973097645 0.5665046786304455
-0.75 -0.5 15 16 -131.768194819314 0.5285374035698003
-0.75 -0.5 16 17 -91.93091718986648 0.4940738045123167
-0.75 -0.5 17 18 -60.39692915765454 0.4627062101757531
-0.75 -0.5 18 19 -35.36598786531886 0.434079480730967
-0.75 -0.5 19 20 -15.46729316269943 0.4078851939010049
-0.75 -0.5 20 21 0.3536678038183254 0.3838556357383593
-0.75 -0.5 21 22 12.91562648992613 0.3617581910646535
-0.75 -0.5 22 23 22.85958633428822 0.341390350343067
-0.75 -0.5 23 24 30.69121277387671 0.322575376491027
-0.75 -0.5 24 25 36.81214770077042 0.3051585943506154
-0.75 -0.5 25 26 41.54339202199219 0.2890042377918136
-0.75 -0.5 26 27 45.14293998034498 0.2739927789138369
-0.75 -0.5 27 28 47.81920120473001 0.2600186688364854
-0.75 -0.5 28 29 49.74130408428186 0.2469884257580302
-0.75 -0.5 29 30 51.04706766614368 0.2348190145130696
-0.75 -0.5 30 31 51.84921497962716 0.223436470889765
-0.75 -0.5 31 32 52.24024870511573 0.2127747304971407
-0.75 -0.5 32 33 52.29630138059872 0.2027746287903585
-0.75 -0.5 33 34 52.08019374348453 0.1933830462720614
-0.75 -0.5 34 35 51.64387738890349 0.1845521733685111
-0.75 -0.5 35 36 51.03039569171915 0.1762388790746012
-0.75 -0.5 36 37 50.27546548601072 0.1684041643905624
-0.75 -0.5 37 38 49.40875857986794 0.1610126902722497
-0.75 -0.5 38 39 48.45494439233926 0.1540323668884478
-0.75 -0.5 39 40 47.4345415195541 0.1474339967701262
-0.75 -0.5 40 41 46.36461590268061 0.1411909623721124
-0.75 -0.5 41 42 45.25935503349837 0.1352789534579663
-0.75 -0.5 42 43 44.13054188200283 0.1296757273127488
-0.75 -0.5 43 44 42.98794714276892 0.1243608979237951
-0.75 -0.5 44 45 41.83965482829018 0.1193157503889087
-0.75 -0.5 45 46 40.69110902843784 0.1149015457048539
-0.75 -0.5 46 47 39.55008918224195 0.1125322332946042
-0.75 -0.5 47 48 38.4198431074376 0.1124228118309368
-0.75 -0.5 48 49 37.30400936277749 0.1144702691529332
-0.75 -0.5 49 50 36.20531566631041 0.1172939083839343
-0.5 -0.25 0 1 6525.312214863674 3.395273014194557
-0.5 -0.25 1 2 -954.0031001710531 2.414467462849744
-0.5 -0.25 2 3 -5508.977683463738 1.546419116706013
-0.5 -0.25 3 4 -4537.309718038968 1.530872794191886
-0.5 -0.25 4 5 -3374.89650930971 1.434268384898692
-0.5 -0.25 5 6 -2478.93731726368 1.349325624549786
-0.5 -0.25 6 7 -1830.43341254778 1.242533619993625
-0.5 -0.25 7 8 -1363.458077844143 1.137092324219604
-0.5 -0.25 8 9 -1023.912575695813 1.040021458473421
-0.5 -0.25 9 10 -773.6389563034136 0.9529841125502295
-0.5 -0.25 10 11 -586.5041261377332 0.8749478895057723
-0.5 -0.25 11 12 -444.8470315421932 0.8056542574417941
-0.5 -0.25 12 13 -336.3810760356578 0.7439055170385144
-0.5 -0.25 13 14 -252.5193851081272 0.6887368581448206
-0.5 -0.25 14 15 -187.1482167998693 0.6392873932671002
-0.5 -0.25 15 16 -135.845792997347 0.5948101730519408
-0.5 -0.25 16 17 -95.36654439661356 0.5546651077968612
-0.5 -0.25 17 18 -63.29563835213594 0.5183063087260817
-0.5 -0.25 18 19 -37.813923225503 0.4852685884667432
-0.5 -0.25 19 20 -17.53547292385497 0.4551549614010919
-0.5 -0.25 20 21 -1.393595117182258 0.4276257382730981
-0.5 -0.25 21 22 11.4403097381537 0.4023892801059444
-0.5 -0.25 22 23 21.61528698425536 0.3791942727029348
-0.5 -0.25 23 24 29.64359113222326 0.3578233139237955
-0.5 -0.25 24 25 35.93228976665864 0.3380876063256102
-0.5 -0.25 25 26 40.80687217358911 0.3198225631087064
-0.5 -0.25 26 27 44.52906149235093 0.302884165591921
-0.5 -0.25 27 28 47.31037760263428 0.2871459354638975
-0.5 -0.25 28 29 49.32255274704187 0.2724964103165042
-0.5 -0.25 29 30 50.70559342265278 0.2588370318147525
-0.5 -0.25 30 31 51.57406625228941 0.246080371868192
-0.5 -0.25 31 32 52.02203244015027 0.2341486376721469
-0.5 -0.25 32 33 52.12694583699511 0.2229724066702232
-0.5 -0.25 33 34 51.95275041909952 0.2124895527740671
-0.5 -0.25 34 35 51.55235508462397 0.2026443301091553
-0.5 -0.25 35 36 50.96962106574102 0.1933865904890784
-0.5 -0.25 36 37 50.24096552689946 0.1846711102324834
-0.5 -0.25 37 38 49.39666127315974 0.176457012005501
-0.5 -0.25 38 39 48.46189454202198 0.168707263889371
-0.5 -0.25 39 40 47.45762922929617 0.161388246110201
-0.5 -0.25 40 41 46.40131566471439 0.1544693737996574
-0.5 -0.25 41 42 45.30747373058216 0.1479227684695237
-0.5 -0.25 42 43 44.1881742984902 0.1417229703901836
-0.5 -0.25 43 44 43.05343781832431 0.1358466868277795
-0.5 -0.25 44 45 41.91156528189407 0.1302725705571238
-0.5 -0.25 45 46 40.76817789296547 0.1253359592592936
-0.5 -0.25 46 47 39.63124232438736 0.1223638215940361
-0.5 -0.25 47 48 38.50413815463577 0.1215731981589531
-0.5 -0.25 48 49 37.3906290321666 0.122895992654807
-0.5 -0.25 49 50 36.2935525289582 0.1250414020457068
-0.25 0 0 1 6612.922821059072 3.618317250088863
-0.25 0 1 2 -875.599189767082 3.093543394025083
-0.25 0 2 3 -5510.597151530505 1.564765792096394
-0.25 0 3 4 -4549.414213598939 1.540306654496483
-0.25 0 4 5 -3386.851540408222 1.387448877207256
-0.25 0 5 6 -2488.911875227674 1.235230790649813
-0.25 0 6 7 -1838.382034071003 1.116877816883353
-0.25 0 7 8 -1369.698060531628 1.034209964280422
-0.25 0 8 9 -1028.784591849846 0.9542280668353635
-0.25 0 9 10 -777.4317302371555 0.880385107986861
-0.25 0 10 11 -589.4492671888925 0.8127536022831295
-0.25 0 11 12 -447.1224954043737 0.75183486805734
-0.25 0 12 13 -338.1256468633278 0.6969320360921968
-0.25 0 13 14 -253.8412195934432 0.6474360034401806
-0.25 0 14 15 -188.1321457103681 0.6027424565184919
-0.25 0 15 16 -136.558822348808 0.5622936200364638
-0.25 0 16 17 -95.86196389434053 0.525591570838672
-0.25 0 17 18 -63.61609506064269 0.4921990658047045
-0.25 0 18 19 -37.99373636142832 0.4617351886262012
-0.25 0 19 20 -17.60239244321042 0.4338691913666886
-0.25 0 20 21 -1.370150387198464 0.4083140724830644
-0.25 0 21 22 11.5357659505496 0.3848205563692755
-0.25 0 22 23 21.76776322229966 0.3631717257313641
-0.25 0 23 24 29.84081536177177 0.3431783573545253
-0.25 0 24 25 36.16420027264326 0.3246749277461334
-0.25 0 25 26 41.06521108349352 0.3075162177699531
-0.25 0 26 27 44.80704830615161 0.2915744376419486
-0.25 0 27 28 47.60244558844261 0.2767367949751728
-0.25 0 28 29 49.62413508340308 0.2629034374508281
-0.25 0 29 30 51.01294896394779 0.2499857105544022
-0.25 0 30 31 51.8841370336836 0.2379046774350143
-0.25 0 31 32 52.33232674097269 0.2265898612688184
-0.25 0 32 33 52.43544192262402 0.2159781709112589
-0.25 0 33 34 52.25781708186128 0.2060129824944335
-0.25 0 34 35 51.8526858870876 0.1966433514439462
-0.25 0 35 36 51.2641797984756 0.1878233342642695
-0.25 0 36 37 50.52894087271488 0.1795114030471498
-0.25 0 37 38 49.67742905516479 0.171669939455646
-0.25 0 38 39 48.73498622929986 0.1642647943772606
-0.25 0 39 40 47.72270562789009 0.1572649061185041
-0.25 0 40 41 46.6581449052822 0.1506419656730694
-0.25 0 41 42 45.55591283250988 0.144370125253709
-0.25 0 42 43 44.42815371129001 0.1384257413146276
-0.25 0 43 44 43.28494844950785 0.1327871498685667
-0.25 0 44 45 42.13464760353429 0.1274344672985581
-0.25 0 45 46 40.98290586756485 0.122716615880249
-0.25 0 46 47 39.83773639876705 0.1200060150301526
-0.25 0 47 48 38.70253795382195 0.1195210705634608
-0.25 0 48 49 37.58109483063907 0.1211810946678927
-0.25 0 49 50 36.4762602110743 0.1236498176392373
0 0.25 0 1 6612.42317035396 3.618313953464727
0 0.25 1 2 -876.5319174038382 3.093517606506778
0 0.25 2 3 -5511.204297186354 1.564687577436051
0 0.25 3 4 -4549.58885480204 1.540242000751205
0 0.25 4 5 -3386.783155943925 1.387414419062414
0 0.25 5 6 -2488.745904732365 1.235228352509819
0 0.25 6 7 -1838.191002070577 1.116899452644287
0 0.25 7 8 -1369.514343340589 1.034245845053229
0 0.25 8 9 -1028.620190579764 0.9542696305465475
0 0.25 9 10 -777.289123188747 0.8804254624031737
0 0.25 10 11 -589.3275771277972 0.8127935198941607
0 0.25 11 12 -447.018548580169 0.7518715721009879
0 0.25 12 13 -338.0362959534514 0.6969650399443367
0 0.25 13 14 -253.7636208468921 0.6474652938029594
0 0.25 14 15 -188.0639329467183 0.6027682591936946
0 0.25 15 16 -136.4981169231901 0.5623162635122889
0 0.25 16 17 -95.80731690113635 0.5256114112228701
0 0.25 17 18 -63.56640904154051 0.4922164485794916
0 0.25 18 19 -37.94818835806313 0.461750430836095
0 0.25 19 20 -17.5603672357297 0.4338825752234594
0 0.25 20 21 -1.331186339893065 0.4083258447753067
0 0.25 21 22 11.57201897306118 0.3848309309481471
0 0.25 22 23 21.80157557163761 0.3631808867751796
0 0.25 23 24 29.87240094272477 0.3431864631860918
0 0.25 24 25 36.19373336871115 0.3246821141762107
0 0.25 25 26 41.0928382661325 0.3075226017021254
0 0.25 26 27 44.83289671216153 0.2915801195882617
0 0.25 27 28 47.62662856879194 0.2767418614246084
0 0.25 28 29 49.64675598079759 0.2629079634152173
0 0.25 29 30 51.03410358456119 0.2499897606268447
0 0.25 30 31 51.90391522444531 0.2379083079242878
0 0.25 31 32 52.35081336734834 0.2265931209404597
0 0.25 32 33 52.4527174565518 0.2159811023482129
0 0.25 33 34 52.27395794474887 0.2060156228289793
0 0.25 34 35 51.86776464676797 0.1966457331962278
0 0.25 35 36 51.27826528562366 0.1878254858033604
0 0.25 36 37 50.54209825999715 0.179513349548043
0 0.25 37 38 49.68971992303096 0.1716717026925063
0 0.25 38 39 48.7464686385261 0.1642663939151932
0 0.25 39 40 47.73343419869389 0.1572663588985251
0 0.25 40 41 46.66817091569828 0.1506432869249519
0 0.25 41 42 45.5652843272091 0.1443713282037632
0 0.25 42 43 44.43691562613498 0.138426837967185
0 0.25 43 44 43.29314274446432 0.1327881506442171
0 0.25 44 45 42.14231340491148 0.1274353815288929
0 0.25 45 46 40.99007957483514 0.1227174640030363
0 0.25 46 47 39.84445194155887 0.1200068594298493
0 0.25 47 48 38.70882682324827 0.1195219723439603
0 0.25 48 49 37.58698627926606 0.1211821026175959
0 0.25 49 50 36.48178136421555 0.1236509351332988
0.25 0.5 0 1 6523.887898437192 3.395264945149937
0.25 0.5 1 2 -956.6571460436462 2.414395939912178
0.25 0.5 2 3 -5510.698048510825 1.546265499400466
0.25 0.5 3 4 -4537.799541854147 1.530763641486224
0.25 0.5 4 5 -3374.700319242588 1.434224628014375
0.25 0.5 5 6 -2478.468723176097 1.349335578965736
0.25 0.5 6 7 -1829.896765783912 1.24257731700553
0.25 0.5 7 8 -1362.943706007389 1.1371559168159
0.25 0.5 8 9 -1023.453375873629 1.040091784959113
0.25 0.5 9 10 -773.2412090379139 0.9530488943273527
0.25 0.5 10 11 -586.1649305999917 0.8750132711998715
0.25 0.5 11 12 -444.557158962733 0.8057144669386729
0.25 0.5 12 13 -336.1315297987953 0.7439599492039213
0.25 0.5 13 14 -252.3021237287735 0.6887855458373545
0.25 0.5 14 15 -186.9566094054587 0.6393306908851891
0.25 0.5 15 16 -135.6746211300303 0.5948485720668022
0.25 0.5 16 17 -95.2118202599479 0.5546991350083306
0.25 0.5 17 18 -63.15437122614708 0.5183364737648896
0.25 0.5 18 19 -37.68389419353434 0.4852953597512843
0.25 0.5 19 20 -17.41504162360093 0.4551787573279099
0.25 0.5 20 21 -1.281544366245043 0.4276469267166719
0.25 0.5 21 22 11.54489369818862 0.4024081819699454
0.25 0.5 22 23 21.71310398411879 0.3792111662785515
0.25 0.5 23 24 29.7351923121555 0.3578384406618591
0.25 0.5 24 25 36.018124103579 0.338101175509273
0.25 0.5 25 26 40.88731897852449 0.3198347564510245
0.25 0.5 26 27 44.60445262834241 0.3028951411227696
0.25 0.5 27 28 47.38101232405472 0.2871558309784779
0.25 0.5 28 29 49.38870734360137 0.2725053461724624
0.25 0.5 29 30 50.76752728131748 0.2588451135968408
0.25 0.5 30 31 51.63202550739322 0.2460876920407937
0.25 0.5 31 32 52.07625204170131 0.2341552775883894
0.25 0.5 32 33 52.1776506225018 0.2229784382466133
0.25 0.5 33 34 52.0001555878107 0.2124950392465808
0.25 0.5 34 35 51.59666634269234 0.2026493276215607
0.25 0.5 35 36 51.01103461808401 0.1933911485492791
0.25 0.5 36 37 50.2796680231105 0.1846752730224828
0.25 0.5 37 38 49.43282977471068 0.1764608185350808
0.25 0.5 38 39 48.49569654267236 0.1687107489659286
0.25 0.5 39 40 47.48922274468816 0.1613914408623109
0.25 0.5 40 41 46.43084939299933 0.154472305828728
0.25 0.5 41 42 45.33508727896981 0.1479254624274724
0.25 0.5 42 43 44.21399846631977 0.1417254483937381
0.25 0.5 43 44 43.07759492618374 0.1358489686786035
0.25 0.5 44 45 41.93416953600791 0.1302746738773869
0.25 0.5 45 46 40.78933568023416 0.125337932059666
0.25 0.5 46 47 39.65105286575425 0.1223658253204649
0.25 0.5 47 48 38.52269363993202 0.1215753958629473
0.25 0.5 48 49 37.40801516155599 0.1228985195849181
0.25 0.5 49 50 36.30984882296175 0.1250442707238471
0.5 0.75 0 1 6351.950337173233 3.294659293595632
0.5 0.75 1 2 -1107.339503786526 2.785579800985113
0.5 0.75 2 3 -5502.945742876935 1.56728777584933
0.5 0.75 3 4 -4508.04735028623 1.533344739887321
0.5 0.75 4 5 -3344.62942899738 1.377528017083614
0.5 0.75 5 6 -2452.305536969584 1.224266905578319
0.5 0.75 6 7 -1808.049131040079 1.091088728158818
0.5 0.75 7 8 -1344.916536607003 0.9777640190964065
0.5 0.75 8 9 -1008.60618725187 0.8961187607547696
0.5 0.75 9 10 -760.9887552713221 0.8269368094165921
0.5 0.75 10 11 -576.0168584241014 0.7635001912445034
0.5 0.75 11 12 -436.1203180174684 0.7063893610227319
0.5 0.75 12 13 -329.0910096063342 0.6549057133705121
0.5 0.75 13 14 -246.4065279211195 0.6084767393566007
0.5 0.75 14 15 -182.00462807232 0.566537076476327
0.5 0.75 15 16 -131.504263321443 0.5285659849410924
0.5 0.75 16 17 -91.69200212547639 0.4940990357415006
0.5 0.75 17 18 -60.17840454847919 0.4627285317418973
0.5 0.75 18 19 -35.16445205548757 0.4340992903882832
0.5 0.75 19 20 -15.28025523441511 0.4079028407827792
0.5 0.75 20 21 0.5280377060562387 0.3838714211055957
0.5 0.75 21 22 13.07868817678786 0.3617723718115113
0.5 0.75 22 23 23.01237141518618 0.341403144061347
0.5 0.75 23 24 30.83452742334748 0.3225869665752082
0.5 0.75 24 25 36.9466454754504 0.30516913542675
0.5 0.75 25 26 41.66962434348136 0.2890138601736775
0.5 0.75 26 27 45.26139033098559 0.274001592631967
0.5 0.75 27 28 47.93030768927167 0.2600267670562463
0.5 0.75 28 29 49.84547384545408 0.2469958877861103
0.5 0.75 29 30 51.14468571927227 0.2348259081266996
0.5 0.75 30 31 51.94064931735579 0.2234428543257813
0.5 0.75 31 32 52.32585298707511 0.2127806538921995
0.5 0.75 32 33 52.37641612362131 0.2027801359384419
0.5 0.75 33 34 52.15514663684655 0.1933881752690766
0.5 0.75 34 35 51.71398315297631 0.1845569576434215
0.5 0.75 35 36 51.09595574613274 0.1762433482253358
0.5 0.75 36 37 50.33676759591157 0.1684083446563102
0.5 0.75 37 38 49.46607657390069 0.1610166049344212
0.5 0.75 38 39 48.50853800117562 0.154036036962694
0.5 0.75 39 40 47.48465635392677 0.1474374408460132
0.5 0.75 40 41 46.41148356845207 0.1411941975565667
0.5 0.75 41 42 45.30319337287443 0.1352819950337685
0.5 0.75 42 43 44.17155532323289 0.1296785892231472
0.5 0.75 43 44 43.02632713706282 0.124363592754548
0.5 0.75 44 45 41.87558035641791 0.1193182896182909
0.5 0.75 45 46 40.72474703965815 0.1149039885168928
0.5 0.75 46 47 39.58159547994029 0.1125348144806921
0.5 0.75 47 48 38.44936262200986 0.1124257756944496
0.5 0.75 48 49 37.33167693891679 0.1144738225207699
0.5 0.75 49 50 36.23125652140772 0.1172980675491567
0.75 1 0 1 6097.101075778691 2.288323754355816
0.75 1 1 2 -1335.980454178343 2.057935299342477
0.75 1 2 3 -5496.957742479859 1.560037523629411
0.75 1 3 4 -4468.345745068273 1.517013741236289
0.75 1 4 5 -3303.217700074775 1.361162192724048
0.75 1 5 6 -2415.599346410107 1.210471863567304
0.75 1 6 7 -1776.880428284573 1.080310273905561
0.75 1 7 8 -1318.761943369844 0.9698609834848118
0.75 1 8 9 -986.6857905430033 0.875683568378242
0.75 1 9 10 -742.5640265194779 0.794532225367425
0.75 1 10 11 -560.4596145118858 0.7247606443661327
0.75 1 11 12 -422.9194151162683 0.6637141965366907
0.75 1 12 13 -317.8330831755409 0.6100762579156985
0.75 1 13 14 -236.7585354806893 0.5626414409340559
0.75 1 14 15 -173.6975940055879 0.5204465541028583
0.75 1 15 16 -124.3199880059665 0.4827141564982337
0.75 1 16 17 -85.45253822303039 0.4488105985395136
0.75 1 17 18 -54.73782420056182 0.4182146904752396
0.75 1 18 19 -30.4024241955442 0.3904940954594439
0.75 1 19 20 -11.09702590174243 0.3652873621836523
0.75 1 20 21 4.215584846825095 0.3422901027847913
0.75 1 21 22 16.34013996694284 0.3212442612227915
0.75 1 22 23 25.90625163147354 0.3019296933738879
0.75 1 23 24 33.41026559335319 0.2841575093493153
0.75 1 24 25 39.24615767231762 0.2677647609998884
0.75 1 25 26 43.72858963380338 0.2526101731392872
0.75 1 26 27 47.11028707626815 0.2385706851807517
0.75 1 27 28 49.595259239082 0.2255386322144141
0.75 1 28 29 51.34894207375214 0.2134194315080551
0.75 1 29 30 52.50604242839654 0.2021296719675946
0.75 1 30 31 53.17664909584596 0.1915955276164583
0.75 1 31 32 53.45102615153223 0.1817514329465626
0.75 1 32 33 53.4033965452852 0.1725389705169215
0.75 1 33 34 53.09494627273682 0.1639059335279547
0.75 1 34 35 52.57622276840317 0.1558055303174594
0.75 1 35 36 51.88905947926366 0.1481957085338357
0.75 1 36 37 51.06812756403775 0.1410385766937275
0.75 1 37 38 50.1421925654958 0.1342999083002643
0.75 1 38 39 49.13513637685259 0.1279487148062858
0.75 1 39 40 48.06679153636827 0.1219568762206175
0.75 1 40 41 46.95362490748471 0.1162988212557167
0.75 1 41 42 45.8092996876988 0.1109512489121723
0.75 1 42 43 44.64513902806368 0.1058928851147328
0.75 1 43 44 43.47050954084716 0.101104270745239
0.75 1 44 45 42.29313946096198 0.09656757446230858
0.75 1 45 46 41.1181757568321 0.093067806732582
0.75 1 46 47 39.95309185391062 0.09353984641523992
0.75 1 47 48 38.80090630005748 0.09809345852877187
0.75 1 48 49 37.6650398019103 0.1060002585508854
0.75 1 49 50 36.54802805048038 0.1143661727568521
1 1.25 0 1 5773.160633904774 1.563232047886113
1 1.25 1 2 -1629.938624543711 0.7468877786054909
1 1.25 2 3 -5497.308596213585 2.088429653586887
1 1.25 3 4 -4428.673182249191 1.984443435257895
1 1.25 4 5 -3262.271365318508 1.747175613573507
1 1.25 5 6 -2380.40233522851 1.526915773620322
1 1.25 6 7 -1747.987781501325 1.341372416059847
1 1.25 7 8 -1295.334488680028 1.187487579979175
1 1.25 8 9 -967.7173511955884 1.058790284636004
1 1.25 9 10 -727.1669090083301 0.9513437145618225
1 1.25 10 11 -547.9106375345082 0.8594260297630643
1 1.25 11 12 -412.6521403569791 0.7807119826456825
1 1.25 12 13 -309.4008689180012 0.7125490338179498
1 1.25 13 14 -229.8097901370818 0.6530427459001639
1 1.25 14 15 -167.9541859816377 0.6007156417725438
1 1.25 15 16 -119.5605683344165 0.5544019604703183
1 1.25 16 17 -81.49984447000998 0.513171259864946
1 1.25 17 18 -51.4490373777985 0.4762727663628192
1 1.25 18 19 -27.6618201133881 0.4430944870166265
1 1.25 19 20 -8.81034173627927 0.4131328452426757
1 1.25 20 21 6.125499560567732 0.3859698722453387
1 1.25 21 22 17.93670551332184 0.3612558798268813
1 1.25 22 23 27.24180754532256 0.3386961514613969
1 1.25 23 24 34.52816059196596 0.318040614217752
1 1.25 24 25 40.18240910716543 0.2990757446655549
1 1.25 25 26 44.51320925714072 0.2816181682690558
1 1.25 26 27 47.76834630040707 0.2655095531133441
1 1.25 27 28 50.14774964276 0.2506125050964883
1 1.25 28 29 51.81347395031764 0.2368072417621479
1 1.25 29 30 52.89741446861797 0.2239888798089952
1 1.25 30 31 53.50731496250842 0.2120652063442263
1 1.25 31 32 53.7314781288328 0.200954838262266
1 1.25 32 33 53.64248217553654 0.190585692220799
1 1.25 33 34 53.30013058921912 0.1808937051847317
1 1.25 34 35 52.75380617928835 0.1718217609500607
1 1.25 35 36 52.04435935225808 0.1633187830314181
1 1.25 36 37 51.20562999247056 0.155338965662943
1 1.25 37 38 50.26567955174028 0.147841118789289
1 1.25 38 39 49.24779268303882 0.1407881084261547
1 1.25 39 40 48.1712946678748 0.1341463750191654
1 1.25 40 41 47.05222105613717 0.1278855194469641
1 1.25 41 42 45.90386796468164 0.1219779445633296
1 1.25 42 43 44.73724589397852 0.1163985440966756
1 1.25 43 44 43.56145501685421 0.1111244317680175
1 1.25 44 45 42.38399642726779 0.1061347052744112
1 1.25 45 46 41.20984804161202 0.1017893005625898
1 1.25 46 47 40.04627275473746 0.09950921081062331
1 1.25 47 48 38.89617309483032 0.09951482079990916
1 1.25 48 49 37.76285015028998 0.101692227181606
1 1.25 49 50 36.64874424964515 0.1088466673231262
1.25 1.5 0 1 5401.908331419173 3.120465342958594
1.25 1.5 1 2 -1936.578955251887 3.725639049145038
1.25 1.5 2 3 -5460.628271466079 1.69098780001393
1.25 1.5 3 4 -4350.851235252971 1.625096069069723
1.25 1.5 4 5 -3188.820183363833 1.45028794206759
1.25 1.5 5 6 -2318.740202103193 1.280001075909834
1.25 1.5 6 7 -1697.820976883403 1.131939797955301
1.25 1.5 7 8 -1254.832553308951 1.006231773877665
1.25 1.5 8 9 -935.0093746418802 0.9006215678776527
1.25 1.5 9 10 -700.6731111588929 0.809541479634308
1.25 1.5 10 11 -526.3636346419335 0.7325510566308154
1.25 1.5 11 12 -395.0670083950408 0.6658341944108432
1.25 1.5 12 13 -295.0052135170999 0.6078208434807933
1.25 1.5 13 14 -217.9974935082018 0.5570152757663651
1.25 1.5 14 15 -158.2466505082273 0.5122302238721026
1.25 1.5 15 16 -111.5772138884145 0.4725164254406189
1.25 1.5 16 17 -74.93586859912466 0.4371084445454296
1.25 1.5 17 18 -46.05864888557244 0.4053836330569524
1.25 1.5 18 19 -23.24553857465412 0.3768311158113138
1.25 1.5 19 20 -5.205309779097888 0.3510282657570239
1.25 1.5 20 21 9.052964172694601 0.3276227372856625
1.25 1.5 21 22 20.2968822387827 0.3063186415438188
1.25 1.5 22 23 29.12608236049402 0.2868658111328253
1.25 1.5 23 24 36.01257538886887 0.2690513973633039
1.25 1.5 24 25 41.33047556024417 0.2535262980576257
1.25 1.5 25 26 45.37815455613043 0.2406565037106365
1.25 1.5 26 27 48.39491666776098 0.2286730170160951
1.25 1.5 27 28 50.57366713782812 0.2174968155943723
1.25 1.5 28 29 52.07061957797521 0.2070574564124138
1.25 1.5 29 30 53.01279384510076 0.1972920105253881
1.25 1.5 30 31 53.50385019420105 0.1881441389374751
1.25 1.5 31 32 53.62866001966086 0.1795632928156999
1.25 1.5 32 33 53.45690959004565 0.1715040199852744
1.25 1.5 33 34 53.04595820384128 0.1639253635023468
1.25 1.5 34 35 52.44311751669562 0.1567903398758795
1.25 1.5 35 36 51.6874786144852 0.1500654851627953
1.25 1.5 36 37 50.8113835640591 0.1437204596657356
1.25 1.5 37 38 49.84161595307495 0.1377277026087244
1.25 1.5 38 39 48.80036810062296 0.1320621306739846
1.25 1.5 39 40 47.70602986784928 0.1267008733979817
1.25 1.5 40 41 46.57383443147967 0.1216230414871778
1.25 1.5 41 42 45.41638861960649 0.1168095217249091
1.25 1.5 42 43 44.24410997630469 0.1122427978850277
1.25 1.5 43 44 43.06558796088626 0.1079067907235506
1.25 1.5 44 45 41.88788330942941 0.1037867178117478
1.25 1.5 45 46 40.71562210401419 0.1002142271886988
1.25 1.5 46 47 39.55568139623171 0.09846924469709871
1.25 1.5 47 48 38.41070832113374 0.09873112234526016
1.25 1.5 48 49 37.28375894508432 0.1009018992680839
1.25 1.5 49 50 36.17705868156827 0.1037299791934177
1.5 1.75 0 1 4962.866495921628 0.9849584186393033
1.5 1.75 1 2 -2319.889011684115 0.8567316443172538
1.5 1.75 2 3 -5437.309302800042 1.762912185717472
1.5 1.75 3 4 -4270.786044509459 1.699408120601649
1.5 1.75 4 5 -3107.059372505531 1.512456968302364
1.5 1.75 5 6 -2246.205150577685 1.32576955054375
1.5 1.75 6 7 -1635.877649774759 1.162879627745491
1.5 1.75 7 8 -1202.498036487415 1.025447074865573
1.5 1.75 8 9 -890.8471191138301 0.9099475851476203
1.5 1.75 9 10 -663.2931050073489 0.8141387766854966
1.5 1.75 10 11 -494.6025392590609 0.7314738666846253
1.5 1.75 11 12 -367.9513197108297 0.6612811755306225
1.5 1.75 12 13 -271.7457125108606 0.6007564895673912
1.5 1.75 13 14 -197.9536636345449 0.5481504499989012
1.5 1.75 14 15 -140.8977316142293 0.5020913796056012
1.5 1.75 15 16 -96.4981413457665 0.4614957461539765
1.5 1.75 16 17 -61.77798643735741 0.425499771527485
1.5 1.75 17 18 -34.53447322594616 0.3934082107797378
1.5 1.75 18 19 -13.11677381080904 0.3646561400405532
1.5 1.75 19 20 3.72658358249555 0.3387803524527163
1.5 1.75 20 21 16.95421830831424 0.3153977927500699
1.5 1.75 21 22 27.30733223058292 0.2941891623398159
1.5 1.75 22 23 35.36388067542543 0.274886333469086
1.5 1.75 23 24 41.57797344533981 0.2572626006393524
1.5 1.75 24 25 46.30887381944171 0.2411250588698828
1.5 1.75 25 26 49.8425759491023 0.2263085923471214
1.5 1.75 26 27 52.40802284369636 0.2126710932876708
1.5 1.75 27 28 54.18941022929334 0.2000896293395094
1.5 1.75 28 29 55.33560178848234 0.1884573477288941
1.5 1.75 29 30 55.96739158901596 0.177680957172186
1.5 1.75 30 31 56.18314754064136 0.1676786658108178
1.5 1.75 31 32 56.06322694072014 0.158378482280109
1.5 1.75 32 33 55.67345332700614 0.149716807476516
1.5 1.75 33 34 55.06787044474981 0.1416372607932959
1.5 1.75 34 35 54.29093566412138 0.1340896969509099
1.5 1.75 35 36 53.37927593732502 0.1270293777482824
1.5 1.75 36 37 52.36310025528593 0.1204162719396485
1.5 1.75 37 38 51.2673409092157 0.1142144602175407
1.5 1.75 38 39 50.11257946311633 0.108391627331456
1.5 1.75 39 40 48.91580094739811 0.102918627739998
1.5 1.75 40 41 47.69101047327882 0.09776911099284459
1.5 1.75 41 42 46.44973894106386 0.09291919997479217
1.5 1.75 42 43 45.20145923677876 0.0883472111454697
1.5 1.75 43 44 43.95392970472545 0.08403341223877817
1.5 1.75 44 45 42.71347840619012 0.0799598107992959
1.5 1.75 45 46 41.48411222305418 0.07682529294900502
1.5 1.75 46 47 40.27209059958122 0.07724322423490709
1.5 1.75 47 48 39.07958025610591 0.08130233093119574
1.5 1.75 48 49 37.90918626517703 0.08834832607563087
1.5 1.75 49 50 36.76274520019984 0.09579362064934917
1.75 2 0 1 4500.503296159957 1.068560014519497
1.75 2 1 2 -2707.805056262336 2.842756324596171
1.75 2 2 3 -5407.876133722181 2.80779196432389
1.75 2 3 4 -4197.131328233963 2.285280422286162
1.75 2 4 5 -3040.049745032451 1.873433247880229
1.75 2 5 6 -2192.13875151294 1.568030043334456
1.75 2 6 7 -1593.45206971252 1.337360881370714
1.75 2 7 8 -1169.36903336563 1.158204503497275
1.75 2 8 9 -864.8875521987457 1.016256234480688
1.75 2 9 10 -642.8160231192514 0.8999595546509603
1.75 2 10 11 -478.4387299743457 0.8042255871567194
1.75 2 11 12 -355.1291801193042 0.7236020735559802
1.75 2 12 13 -261.5518974919014 0.6549391774975719
1.75 2 13 14 -189.8418154745341 0.595818313690697
1.75 2 14 15 -134.445246956717 0.54443231398979
1.75 2 15 16 -91.37504237152621 0.4994036636882537
1.75 2 16 17 -57.72438721304638 0.4596636915684017
1.75 2 17 18 -31.34410775976539 0.42437031907224
1.75 2 18 19 -10.62481712191834 0.3928507994895685
1.75 2 19 20 5.652626118393982 0.3645610316587922
1.75 2 20 21 18.42140378574163 0.3390561066027617
1.75 2 21 22 28.40255059794617 0.3159686227536339
1.75 2 22 23 36.15792399854547 0.2949924734601428
1.75 2 23 24 42.12870578948821 0.2758705560728225
1.75 2 24 25 46.66372046009064 0.2583853350093686
1.75 2 25 26 50.04049233857006 0.2423515125668787
1.75 2 26 27 52.4810623363694 0.2276102747915484
1.75 2 27 28 54.16397978173256 0.2140247317398018
1.75 2 28 29 55.23347317663433 0.201476269804521
1.75 2 29 30 55.80651974384512 0.1898616107727843
1.75 2 30 31 55.97833575523578 0.1790904216088944
1.75 2 31 32 55.82666981084282 0.1690833584396725
1.75 2 32 33 55.41518155137334 0.1597704548529016
1.75 2 33 34 54.79611647222384 0.1510897856609942
1.75 2 34 35 54.01243521737842 0.1429863529797544
1.75 2 35 36 53.09951737447767 0.1354111516753305
1.75 2 36 37 52.08653134103332 0.1283203829357689
1.75 2 37 38 50.99754068568279 0.1216747869127979
1.75 2 38 39 49.85240143141425 0.1154390763174253
1.75 2 39 40 48.66749259066552 0.1095814521538321
1.75 2 40 41 47.45631321593191 0.1040731877384551
1.75 2 41 42 46.22997188862234 0.09888827186513187
1.75 2 42 43 44.99758943002348 0.09400309920180736
1.75 2 43 44 43.76663114192525 0.08939620260598276
1.75 2 44 45 42.54318168417231 0.08504801980449364
1.75 2 45 46 41.33108691699965 0.08133590884261448
1.75 2 46 47 40.13636094128725 0.08144024028991256
1.75 2 47 48 38.96107451398024 0.0851552827701532
1.75 2 48 49 37.80772100606586 0.09172291335192219
1.75 2 49 50 36.67803857111412 0.09865279836913843
2 2.25 0 1 4000.546537249727 1.03382688689911
2 2.25 1 2 -3105.56375178226 0.8454569286240455
2 2.25 2 3 -5348.166878994318 1.649632214493486
2 2.25 3 4 -4077.858229181924 1.528904824425543
2 2.25 4 5 -2922.519754999757 1.349657378565655
2 2.25 5 6 -2088.425432806479 1.190730640468462
2 2.25 6 7 -1504.799163029417 1.057193843417848
2 2.25 7 8 -1094.303438225201 0.9447794763741469
2 2.25 8 9 -801.3981529134835 0.8499595635477579
2 2.25 9 10 -588.9930600569814 0.7685460035580428
2 2.25 10 11 -432.6426157659807 0.6983872177122236
2 2.25 11 12 -315.9961678954223 0.6373648293128961
2 2.25 12 13 -227.9670896986804 0.5839050763918294
2 2.25 13 14 -160.8964934307073 0.5367655254647488
2 2.25 14 15 -109.3980287188326 0.4949544788310503
2 2.25 15 16 -69.6190376887896 0.457672118486114
2 2.25 16 17 -38.76055911277444 0.4242671181970112
2 2.25 17 18 -14.76005331643705 0.3942043106219646
2 2.25 18 19 3.922021758283108 0.3670403172530261
2 2.25 19 20 18.44823495983337 0.3424049807430014
2 2.25 20 21 29.70571112154164 0.3199870664059998
2 2.25 21 22 38.37779216961246 0.2995231507941868
2 2.25 22 23 44.99532760979469 0.2807889009736499
2 2.25 23 24 49.97386170150548 0.2635921769672684
2 2.25 24 25 53.64091865926207 0.2477675294560773
2 2.25 25 26 56.25624384007517 0.233171779174688
2 2.25 26 27 58.0269726766187 0.2196804380516671
2 2.25 27 28 59.11910546088825 0.2071847946774649
2 2.25 28 29 59.66626324157869 0.1955895232236119
2 2.25 29 30 59.77642278863902 0.1848107114559336
2 2.25 30 31 59.53713573900211 0.1747742252208208
2 2.25 31 32 59.01960102329645 0.1654143433094234
2 2.25 32 33 58.28186289649824 0.1566726137650863
2 2.25 33 34 57.37133728023559 0.1484968901462781
2 2.25 34 35 56.3268185472773 0.1408405154495018
2 2.25 35 36 55.1800818235406 0.1336616296177576
2 2.25 36 37 53.95716845010372 0.1269225773252149
2 2.25 37 38 52.67942189898127 0.1205894010484705
2 2.25 38 39 51.36432605085048 0.1146314053996724
2 2.25 39 40 50.02618614619468 0.1090207807613117
2 2.25 40 41 48.67668402776366 0.103732277329272
2 2.25 41 42 47.32533227905475 0.09874292223213312
2 2.25 42 43 45.97984694381338 0.09403177290333756
2 2.25 43 44 44.64645425908321 0.08957970142801322
2 2.25 44 45 43.33014377271559 0.08536920589678222
2 2.25 45 46 42.03382085533954 0.08203825092428103
2 2.25 46 47 40.76258512436652 0.08197056287380054
2 2.25 47 48 39.51777166511584 0.08523076846209467
2 2.25 48 49 38.3011933753107 0.09120232643855861
2 2.25 49 50 37.11398723570869 0.09752201867479672
2.25 2.5 0 1 3476.044415331022 1.64864134848696
2.25 2.5 1 2 -3501.270927830481 0.9543780664694155
2.25 2.5 2 3 -5255.873656616707 1.690909060695927
2.25 2.5 3 4 -3936.488261433604 1.558531891615415
2.25 2.5 4 5 -2795.110051318407 1.388353999158623
2.25 2.5 5 6 -1983.396491480657 1.248797328370993
2.25 2.5 6 7 -1420.116096824986 1.118483447167681
2.25 2.5 7 8 -1026.233649025751 1.003581419904414
2.25 2.5 8 9 -746.5010974189854 0.9041159639173721
2.25 2.5 9 10 -544.4803108976776 0.8176331430994607
2.25 2.5 10 11 -396.3478792427632 0.7426461781857713
2.25 2.5 11 12 -286.2478994253358 0.677224282401539
2.25 2.5 12 13 -203.4734109298372 0.6198461375243072
2.25 2.5 13 14 -140.6522735481012 0.5692526601628718
2.25 2.5 14 15 -92.61472629027958 0.5244097776561635
2.25 2.5 15 16 -55.6726716133478 0.4844685060550392
2.25 2.5 16 17 -27.15321812968409 0.4487296047661051
2.25 2.5 17 18 -5.091291394360724 0.416614360300499
2.25 2.5 18 19 11.9766088242377 0.3876411150886524
2.25 2.5 19 20 25.15320136037894 0.3614066241913433
2.25 2.5 20 21 35.2781153333616 0.337571295453856
2.25 2.5 21 22 42.99671164498795 0.3158474909205888
2.25 2.5 22 23 48.80925223981467 0.2959902229344569
2.25 2.5 23 24 53.10648744803427 0.2777897221067571
2.25 2.5 24 25 56.19572324027547 0.2610654677224296
2.25 2.5 25 26 58.32012688464658 0.2456613664645854
2.25 2.5 26 27 59.67317118876599 0.2314418371239183
2.25 2.5 27 28 60.40954347210277 0.2182886116783481
2.25 2.5 28 29 60.65345642523005 0.2060981082345912
2.25 2.5 29 30 60.50503062896672 0.1947792613704315
2.25 2.5 30 31 60.04523279179557 0.1842517208300477
2.25 2.5 31 32 59.33972295525615 0.1744443490200565
2.25 2.5 32 33 58.44187094698401 0.1652939609263269
2.25 2.5 33 34 57.39513557646103 0.1567442630732386
2.25 2.5 34 35 56.23495159757147 0.148744956062182
2.25 2.5 35 36 54.99023399446509 0.141250971921863
2.25 2.5 36 37 53.68458292943899 0.134221823915148
2.25 2.5 37 38 52.33725324894601 0.1276210494175757
2.25 2.5 38 39 50.96393778367968 0.1214157321903094
2.25 2.5 39 40 49.57740262218033 0.1155760891018278
2.25 2.5 40 41 48.18800426858394 0.1100751134920032
2.25 2.5 41 42 46.80411193557322 0.1048882656638809
2.25 2.5 42 43 45.43245354079605 0.09999320268408324
2.25 2.5 43 44 44.07839995974376 0.09536954336588611
2.25 2.5 44 45 42.74619917352578 0.0909986619919223
2.25 2.5 45 46 41.43815649663929 0.0871867921247739
2.25 2.5 46 47 40.15872810779751 0.0851286199736494
2.25 2.5 47 48 38.90880596318866 0.08495853346166739
2.25 2.5 48 49 37.68977894671795 0.08651791051892649
2.25 2.5 49 50 36.50241524409628 0.09198802838588456
2.5 2.75 0 1 2896.49553713248 2.173694958022487
2.5 2.75 1 2 -3936.170592059234 1.10346424782317
2.5 2.75 2 3 -5165.820265767694 2.759888316694189
2.5 2.75 3 4 -3789.293323077208 2.644844421675328
2.5 2.75 4 5 -2657.636518359972 2.322825687235608
2.5 2.75 5 6 -1866.24647580534 2.018893238445404
2.5 2.75 6 7 -1322.660139527267 1.761939192948884
2.5 2.75 7 8 -945.5530678824593 1.549009273762233
2.5 2.75 8 9 -679.5775672358041 1.371859273703241
2.5 2.75 9 10 -488.7197761340155 1.223693854155831
2.5 2.75 10 11 -349.6443731676047 1.098390723973871
2.5 2.75 11 12 -246.9215074138513 0.9914742109341143
2.5 2.75 12 13 -170.1895105549772 0.8994445968431747
2.5 2.75 13 14 -112.3480704817716 0.8195914314321315
2.5 2.75 14 15 -68.43955972587855 0.7497975983683101
2.5 2.75 15 16 -34.94140562757116 0.6883928149775431
2.5 2.75 16 17 -9.310382548226244 0.6340457055270949
2.5 2.75 17 18 10.31641333865332 0.5856843504674369
2.5 2.75 18 19 25.32143962334396 0.5424374713607317
2.5 2.75 19 20 36.74268891624149 0.5035905240345243
2.5 2.75 20 21 45.36774478783343 0.4685526053833264
2.5 2.75 21 22 51.79984576626759 0.4368312633255445
2.5 2.75 22 23 56.50495125026521 0.4080131329242658
2.5 2.75 23 24 59.84571380426758 0.3817489105622601
2.5 2.75 24 25 62.10629757133847 0.3577415876107806
2.5 2.75 25 26 63.51071143501224 0.3357371575880091
2.5 2.75 26 27 64.23649072141791 0.3155172164321239
2.5 2.75 27 28 64.42500427188679 0.2968930252328729
2.5 2.75 28 29 64.18928718114802 0.2797007117325247
2.5 2.75 29 30 63.62004122819576 0.2637973653731232
2.5 2.75 30 31 62.79026602537402 0.2490578395446984
2.5 2.75 31 32 61.75885808311028 0.2353721162634431
2.5 2.75 32 33 60.57342573583423 0.2226431227438162
2.5 2.75 33 34 59.27250387689929 0.2107849117226989
2.5 2.75 34 35 57.8873061024816 0.1997211378550694
2.5 2.75 35 36 56.44311799826534 0.1893837753713241
2.5 2.75 36 37 54.96041032892975 0.1797120340882112
2.5 2.75 37 38 53.45573239445963 0.1706514388692651
2.5 2.75 38 39 51.94243190079624 0.1621530449708973
2.5 2.75 39 40 50.43123721465935 0.1541727662872962
2.5 2.75 40 41 48.93073005046833 0.1466707982724477
2.5 2.75 41 42 47.44773034933948 0.1396111203770242
2.5 2.75 42 43 45.98761069220782 0.1329610654673006
2.5 2.75 43 44 44.55455381893847 0.1266909464612792
2.5 2.75 44 45 43.15176408086867 0.1207737306437196
2.5 2.75 45 46 41.78067010929948 0.1154074293922124
2.5 2.75 46 47 40.44483652797319 0.1114096946001649
2.5 2.75 47 48 39.14448238950436 0.1088950367479516
2.5 2.75 48 49 37.88036462828873 0.1078039311575837
2.5 2.75 49 50 36.65269005605614 0.1073209969568804
2.75 3 0 1 2260.772895229258 1.656780048850093
2.75 3 1 2 -4362.262106840833 4.424540231135738
2.75 3 2 3 -5020.319596771207 5.927144098909331
2.75 3 3 4 -3590.594374859354 5.057350040409916
2.75 3 4 5 -2478.247479416134 4.202622735274508
2.75 3 5 6 -1716.265305356468 3.523515114337028
2.75 3 6 7 -1199.725785348862 2.993936937989797
2.75 3 7 8 -845.0825882205581 2.576535021746961
2.75 3 8 9 -597.2168417456246 2.241929689741114
2.75 3 9 10 -420.8579406472177 1.969583749516614
2.75 3 10 11 -293.4120536694834 1.744511081843604
2.75 3 11 12 -200.0672784396866 1.556106263537386
2.75 3 12 13 -130.9482861670315 1.396586042114651
2.75 3 13 14 -79.33001580746281 1.260159285165967
2.75 3 14 15 -40.54310758933138 1.142443887534784
2.75 3 15 16 -11.28700379854763 1.040071684450249
2.75 3 16 17 10.80953689171974 0.9504165290128209
2.75 3 17 18 27.47522323273733 0.871403980173752
2.75 3 18 19 39.98699125430687 0.8013758857453372
2.75 3 19 20 49.29921420333415 0.7389924921755023
2.75 3 20 21 56.13271369418453 0.6831606258785247
2.75 3 21 22 61.03704349739564 0.632980271163896
2.75 3 22 23 64.43470248150584 0.587704322441522
2.75 3 23 24 66.65293701127098 0.5467079003727953
2.75 3 24 25 67.94689589867619 0.509464703209929
2.75 3 25 26 68.51667838642754 0.4755285932020253
2.75 3 26 27 68.5200154291411 0.4445191244604544
2.75 3 27 28 68.08179238189814 0.4161100681504796
2.75 3 28 29 67.3012625213068 0.3900202395317355
2.75 3 29 30 66.25755547595429 0.3660061094287184
2.75 3 30 31 65.01391506322699 0.3438558100699974
2.75 3 31 32 63.62098212050603 0.3233842397023428
2.75 3 32 33 62.1193537852601 0.3044290396447912
2.75 3 33 34 60.54159050756112 0.2868472683605896
2.75 3 34 35 58.91379858920891 0.2705126368841568
2.75 3 35 36 57.25688435621009 0.2553131986548969
2.75 3 36 37 55.58755274872925 0.2411494092913042
2.75 3 37 38 53.91910588174295 0.2279324900327886
2.75 3 38 39 52.26208419689013 0.2155830405445584
2.75 3 39 40 50.62478310654035 0.2040298583457268
2.75 3 40 41 49.01367079540648 0.1932089305590139
2.75 3 41 42 47.43372704143758 0.183062568846133
2.75 3 42 43 45.88871884115116 0.1735386646560416
2.75 3 43 44 44.38142517094724 0.1645900466278665
2.75 3 44 45 42.91382068916198 0.1561739230024152
2.75 3 45 46 41.48630502811756 0.1484077531069647
2.75 3 46 47 40.10139207148654 0.1418514083123397
2.75 3 47 48 38.75851664577672 0.1365859769123343
2.75 3 48 49 37.45769997119342 0.1325839284657309
2.75 3 49 50 36.19849454612586 0.1292705024663039
3 3.25 0 1 1571.986074335613 1.189938239505888
3 3.25 1 2 -4711.847470391009 9.236688453826037
3 3.25 2 3 -4769.990820683972 9.65019957991386
3 3.25 3 4 -3310.844089030916 7.844626347491998
3 3.25 4 5 -2239.508424211615 6.363135581301578
3 3.25 5 6 -1523.153013470088 5.251297546154277
3 3.25 6 7 -1045.30546795156 4.410098948332456
3 3.25 7 8 -721.4684683986238 3.759975239527058
3 3.25 8 9 -497.7449735822966 3.24641283216471
3 3.25 9 10 -340.304801566034 2.833000254569079
3 3.25 10 11 -227.7680915611809 2.494519098641911
3 3.25 11 12 -146.2653161031117 2.213388875512047
3 3.25 12 13 -86.63080371815659 1.976966903664999
3 3.25 13 14 -42.67078912932698 1.775977755393805
3 3.25 14 15 -10.11482958239117 1.60348238580853
3 3.25 15 16 14.03599692742932 1.45419795729242
3 3.25 16 17 31.92284410555408 1.324038978013875
3 3.25 17 18 45.09726533803769 1.209801175396459
3 3.25 18 19 54.69852482342105 1.108939424998125
3 3.25 19 20 61.57304767230175 1.019408936492981
3 3.25 20 21 66.35629551334659 0.9395498043714101
3 3.25 21 22 69.52978742951689 0.868001816910459
3 3.25 22 23 71.46139503163613 0.8036407252128916
3 3.25 23 24 72.43420093466182 0.7455299636655466
3 3.25 24 25 72.66742135641653 0.6928836497053809
3 3.25 25 26 72.33174645231088 0.6450379245987791
3 3.25 26 27 71.56070439459683 0.6014285345875582
3 3.25 27 28 70.45916000230551 0.5615731330625234
3 3.25 28 29 69.10972617392423 0.5250571906503761
3 3.25 29 30 67.57763969180041 0.4915226887571287
3 3.25 30 31 65.9144968044028 0.4606589795892874
3 3.25 31 32 64.16113484271301 0.4321953465787191
3 3.25 32 33 62.3498691383042 0.4058949096251238
3 3.25 33 34 60.50623960925242 0.381549601652996
3 3.25 34 35 58.65038182715568 0.3589760047024961
3 3.25 35 36 56.79810863322069 0.338011879789255
3 3.25 36 37 54.96176727968782 0.3185132600965507
3 3.25 37 38 53.15092153965759 0.3003520049736176
3 3.25 38 39 51.37289658996767 0.2834137315087243
3 3.25 39 40 49.6332157639709 0.2675960585933889
3 3.25 40 41 47.9359518005582 0.2528071097092634
3 3.25 41 42 46.28401003698684 0.2389642317570944
3 3.25 42 43 44.67935736949485 0.2259928942850516
3 3.25 43 44 43.12320775447725 0.2138257406826736
3 3.25 44 45 41.61617276830191 0.2024017676889139
3 3.25 45 46 40.15752967376142 0.191773388581889
3 3.25 46 47 38.74861467238071 0.1823017731813124
3 3.25 47 48 37.38802204843506 0.1740243269493153
3 3.25 48 49 36.074977988287 0.1669113524912435
3 3.25 49 50 34.80833044597448 0.1605560321772239
3.25 3.5 0 1 856.9051755381176 0.4327273958035669
3.25 3.5 1 2 -4875.050745386409 18.54493124348858
3.25 3.5 2 3 -4352.064488565957 14.75208112033792
3.25 3.5 3 4 -2915.670823730623 11.14563140081241
3.25 3.5 4 5 -1922.775162128632 8.692123020438347
3.25 3.5 5 6 -1277.198089191529 6.98489819860347
3.25 3.5 6 7 -854.8977873239846 5.748403812070197
3.25 3.5 7 8 -573.3141020769824 4.820659985953012
3.25 3.5 8 9 -381.6394926891323 4.103918529920914
3.25 3.5 9 10 -248.6709962808814 3.536944050752449
3.25 3.5 10 11 -154.9977088271194 3.079454372840133
3.25 3.5 11 12 -88.1860977658705 2.704175282269188
3.25 3.5 12 13 -40.10741068207767 2.391994203624897
3.25 3.5 13 14 -5.320732986734811 2.129166270942699
3.25 3.5 14 15 19.89264823899407 1.905576723366433
3.25 3.5 15 16 38.12278723198608 1.713631465705896
3.25 3.5 16 17 51.2043144805624 1.547527742073436
3.25 3.5 17 18 60.45637039528037 1.402762152817289
3.25 3.5 18 19 66.84009230758852 1.275791075846054
3.25 3.5 19 20 71.06400353744812 1.163791432838581
3.25 3.5 20 21 73.65580348452204 1.064489025451166
3.25 3.5 21 22 75.01207155028783 0.9760333022935263
3.25 3.5 22 23 75.43319389561924 0.8969046203336265
3.25 3.5 23 24 75.14824066468282 0.8258446284039161
3.25 3.5 24 25 74.33290559944044 0.7618033546078795
3.25 3.5 25 26 73.12258966929716 0.7038985296544786
3.25 3.5 26 27 71.62204233088011 0.651383987465186
3.25 3.5 27 28 69.91253369487674 0.6036248794283939
3.25 3.5 28 29 68.05723649880366 0.5600780585823592
3.25 3.5 29 30 66.10529699016479 0.5202764264200864
3.25 3.5 30 31 64.09493674557086 0.4838163447101086
3.25 3.5 31 32 62.0558320183622 0.4503474395614299
3.25 3.5 32 33 60.01095015843421 0.4195642870556646
3.25 3.5 33 34 57.97797500775718 0.3911995905651066
3.25 3.5 34 35 55.97041898705862 0.3650185488660329
3.25 3.5 35 36 53.99849482651652 0.3408141813170816
3.25 3.5 36 37 52.06980179792328 0.3184034269988924
3.25 3.5 37 38 50.1898680180345 0.2976238736870315
3.25 3.5 38 39 48.36258048187867 0.2783310018751554
3.25 3.5 39 40 46.5905270891887 0.2603958528746432
3.25 3.5 40 41 44.87526945215583 0.2437030467993959
3.25 3.5 41 42 43.21756091719283 0.2281490919221029
3.25 3.5 42 43 41.6175211710686 0.213640936491317
3.25 3.5 43 44 40.07477627606559 0.2000947243603522
3.25 3.5 44 45 38.58857107301641 0.1874347213072657
3.25 3.5 45 46 37.15709862627645 0.1756932030603327
3.25 3.5 46 47 35.78048506361587 0.1651989767867168
3.25 3.5 47 48 34.45654433789353 0.1559872532160724
3.25 3.5 48 49 33.18374763988251 0.1480323097407919
3.25 3.5 49 50 31.96028345977975 0.1409493711760124
3.5 3.75 0 1 190.2822655303495 1.610157929942963
3.5 3.75 1 2 -4685.994029586631 24.6470487562745
3.5 3.75 2 3 -3700.587895649946 16.25105883418415
3.5 3.75 3 4 -2379.068194079413 11.48243421822619
3.5 3.75 4 5 -1519.977411125644 8.608990134623918
3.5 3.75 5 6 -978.7103553359257 6.727149671016155
3.5 3.75 6 7 -632.746396332969 5.415695419627227
3.5 3.75 7 8 -406.6223675432948 4.45858664510444
3.5 3.75 8 9 -255.5655946428337 3.734889959996281
3.5 3.75 9 10 -152.7220724755985 3.172363133223718
3.5 3.75 10 11 -81.68123222540066 2.725163674402463
3.5 3.75 11 12 -32.08485046721853 2.363049444145517
3.5 3.75 12 13 2.752985015813238 2.065277977789202
3.5 3.75 13 14 27.25598956304941 1.817192544936809
3.5 3.75 14 15 44.41518929912411 1.60816707676662
3.5 3.75 15 16 56.2923836734152 1.430325901552857
3.5 3.75 16 17 64.33331942632287 1.277719040292568
3.5 3.75 17 18 69.56709141834619 1.145775350570624
3.5 3.75 18 19 72.73589069661 1.030930610259241
3.5 3.75 19 20 74.38113399006454 0.9303688653674929
3.5 3.75 20 21 74.90169039361115 0.8418389441680296
3.5 3.75 21 22 74.59390268732585 0.763521964131077
3.5 3.75 22 23 73.6795126542192 0.6939341212440382
3.5 3.75 23 24 72.3254144329141 0.6318543294810672
3.5 3.75 24 25 70.65780205025027 0.5762696468045658
3.5 3.75 25 26 68.77241719243762 0.5263336202485143
3.5 3.75 26 27 66.74204903028226 0.4813341407384505
3.5 3.75 27 28 64.62207468880518 0.4406683855756152
3.5 3.75 28 29 62.45458744182693 0.4038231024652827
3.5 3.75 29 30 60.27149666037633 0.3703589627599509
3.5 3.75 30 31 58.09687223270873 0.3398980441905316
3.5 3.75 31 32 55.9487290623513 0.3121137421330661
3.5 3.75 32 33 53.84039332851731 0.2867225824615435
3.5 3.75 33 34 51.78155406241896 0.2634775337021641
3.5 3.75 34 35 49.77907636046899 0.2421625115627365
3.5 3.75 35 36 47.83763290857951 0.222587837319981
3.5 3.75 36 37 45.96019621967662 0.2045864652915398
3.5 3.75 37 38 44.14842353726152 0.1880108334547547
3.5 3.75 38 39 42.40295860958813 0.172730222993405
3.5 3.75 39 40 40.72366878041356 0.158628535399857
3.5 3.75 40 41 39.109831604655 0.1456024143912865
3.5 3.75 41 42 37.56028183150528 0.1335596546348055
3.5 3.75 42 43 36.0735272493813 0.1224178503821109
3.5 3.75 43 44 34.64783996607241 0.1121032463477287
3.5 3.75 44 45 33.28132823506698 0.1025497609562595
3.5 3.75 45 46 31.97136083468421 0.09384651431795114
3.5 3.75 46 47 30.71700131306417 0.08653679530177394
3.5 3.75 47 48 29.51552975998456 0.08074997454633695
3.5 3.75 48 49 28.36486461838243 0.07650422071492649
3.5 3.75 49 50 27.26273313240229 0.07325520176633706
3.75 4 0 1 -321.5628269555662 1.823163123753657
3.75 4 1 2 -4017.31049410094 28.0190805862598
3.75 4 2 3 -2802.392015492908 12.96251670432828
3.75 4 3 4 -1711.192224874181 7.553095816805635
3.75 4 4 5 -1046.969731722999 4.909030845778863
3.75 4 5 6 -644.2201742400237 3.400953396564141
3.75 4 6 7 -394.3454503462006 2.455451464531374
3.75 4 7 8 -235.325856507259 1.823514173447302
3.75 4 8 9 -131.828127771523 1.381433219990324
3.75 4 9 10 -63.2424447552944 1.061486734487779
3.75 4 10 11 -17.2430596955212 0.8241528110483387
3.75 4 11 12 13.80569334628012 0.6449477476835231
3.75 4 12 13 34.75227781681053 0.5081328317090796
3.75 4 13 14 48.75639224620431 0.4033041217335175
3.75 4 14 15 57.92384483223407 0.3234557792196067
3.75 4 15 16 63.68595385322271 0.2827768267656002
3.75 4 16 17 67.03238115790168 0.2603677680821384
3.75 4 17 18 68.65759195307038 0.2403112608473483
3.75 4 18 19 69.05509728953456 0.2222863811278433
3.75 4 19 20 68.57936236078115 0.2060256870304069
3.75 4 20 21 67.48724223560208 0.1913048962341498
3.75 4 21 22 65.96618742851223 0.1779347793298281
3.75 4 22 23 64.15373829633137 0.1669350866523744
3.75 4 23 24 62.15118506512601 0.170620029687942
3.75 4 24 25 60.03325907492444 0.1744698388985124
3.75 4 25 26 57.85508572480256 0.1781015196602258
3.75 4 26 27 55.65722352233797 0.1813154528869939
3.75 4 27 28 53.46934948892113 0.1840220090780929
3.75 4 28 29 51.31297678418849 0.1861955791309928
3.75 4 29 30 49.20347347513794 0.1878466038985111
3.75 4 30 31 47.15157207590823 0.1890048049351999
3.75 4 31 32 45.16450490507194 0.1897092325197066
3.75 4 32 33 43.24686238363483 0.190002429996842
3.75 4 33 34 41.40124475134579 0.1899270789561329
3.75 4 34 35 39.62875876555849 0.1895241389790564
3.75 4 35 36 37.9293973911055 0.1888318860255635
3.75 4 36 37 36.30233070153201 0.1878854875333864
3.75 4 37 38 34.74612909448969 0.1867168938079185
3.75 4 38 39 33.25893467708229 0.1853549106488528
3.75 4 39 40 31.83859280538586 0.1838253707908646
3.75 4 40 41 30.48275293256717 0.1821513539830429
3.75 4 41 42 29.18894568611721 0.1803534253659511
3.75 4 42 43 27.95464154277416 0.1784498742957626
3.75 4 43 44 26.77729522720324 0.1764569434300991
3.75 4 44 45 25.65437899283938 0.1743890428647362
3.75 4 45 46 24.58293872979525 0.1723146041624697
3.75 4 46 47 23.56134502914902 0.1704397108713817
3.75 4 47 48 22.58678448114905 0.168779123740508
3.75 4 48 49 21.65699986428944 0.1673136151428675
3.75 4 49 50 20.7696183415848 0.1658758499466204
4 5 0 1 -1005.277869877144 2.833144720973417
4 5 1 2 -4421.959772246 7.263247864795965
4 5 2 3 -2545.234070134834 5.416163470541036
4 5 3 4 -1395.875741672783 4.078996674182486
4 5 4 5 -769.1653599565075 3.050104347726019
4 5 5 6 -416.4750220787791 2.297134270791247
4 5 6 7 -211.4836280892473 1.789202046679431
4 5 7 8 -89.12506745089331 1.445496367993965
4 5 8 9 -14.68789858309697 1.203984073280665
4 5 9 10 31.00484440708181 1.025460777075665
4 5 10 11 58.8992529588113 0.8888947239470623
4 5 11 12 75.56409686171241 0.7826040423081755
4 5 12 13 85.01618309799005 0.6974386118058871
4 5 13 14 89.76507480031501 0.6269796626820597
4 5 14 15 91.42019118695094 0.5682678146711793
4 5 15 16 91.04367195078959 0.5191875587692844
4 5 16 17 89.34694001370082 0.4774119141225958
4 5 17 18 86.80846727443651 0.4409883606688235
4 5 18 19 83.75159806021969 0.408766436641281
4 5 19 20 80.39684416882761 0.3801461446036615
4 5 20 21 76.89577833328991 0.3546785206576889
4 5 21 22 73.35261136626687 0.3319016075735213
4 5 22 23 69.83832298665902 0.3113698175840816
4 5 23 24 66.40038722239137 0.292716203264517
4 5 24 25 63.06968434882418 0.2756696487478102
4 5 25 26 59.86543453927732 0.2600329018928239
4 5 26 27 56.79868650647853 0.245651734654342
4 5 27 28 53.8747662777931 0.2323938366670007
4 5 28 29 51.09499932672919 0.2201400453235143
4 5 29 30 48.45793360959358 0.2087829727388062
4 5 30 31 45.96021863945307 0.1982278322375287
4 5 31 32 43.59724280232086 0.1883926894892285
4 5 32 33 41.363596605616 0.1792075071300206
4 5 33 34 39.25340826922499 0.1706123992542268
4 5 34 35 37.26058487148137 0.1625556978588015
4 5 35 36 35.37898357005373 0.1549922422720926
4 5 36 37 33.60253126183981 0.1478820540909272
4 5 37 38 31.92530644244355 0.1411893863013945
4 5 38 39 30.34159349505642 0.1348820623443673
4 5 39 40 28.84591695654859 0.1289310075592741
4 5 40 41 27.43306133964072 0.1233098959512032
4 5 41 42 26.09808054206126 0.117994862204226
4 5 42 43 24.83629982964997 0.1129642503840737
4 5 43 44 23.64331260085667 0.1081983869132523
4 5 44 45 22.51497351054149 0.1036793726062503
4 5 45 46 21.44693409032991 0.09978696418417554
4 5 46 47 20.43606989718403 0.09794000324672804
4 5 47 48 19.47854643605566 0.0981228059321015
4 5 48 49 18.57120417983156 0.09990667652350116
4 5 49 50 17.71064633268285 0.1020637329776197
-5 5 0 50 -529638.1915610851 92.44221440379008
